0.013455
0.036443
0.026716
0.031437
0.034203
0.038109
0.033190
0.033406
0.034423
0.033391
0.028298
0.033267
0.029883
0.028786
0.034359
0.019999
0.034020
0.031659
0.032506
0.031151
0.032166
0.027343
0.033226
0.027070
0.032684
0.029566
0.032819
0.033136
0.030221
0.033764
0.023444
0.031878
0.033564
0.034910
0.027113
0.032879
0.033351
0.033737
0.027379
0.032415
0.023650
0.032244
0.034914
0.025559
0.030703
0.028618
0.033739
0.022163
0.033761
0.033053
0.031472
0.033148
0.033247
0.032944
0.033397
0.034753
0.032421
0.028152
0.031730
0.027082
0.033012
0.031030
0.026142
0.034601
0.032878
0.033070
0.020185
0.018327
0.031804
0.026313
0.025860
0.032861
0.034275
0.033240
0.028443
0.032979
0.021747
0.035083
0.025281
0.030710
0.031619
0.031690
0.033104
0.033797
0.033973
0.033664
0.033351
0.033272
0.033149
0.018468
0.034050
0.035140
0.032908
0.034649
0.026570
0.019620
0.037153
0.033306
0.021827
0.032706
0.018424
0.020000
0.033284
0.033403
0.027764
0.017112
0.033930
0.031374
0.032681
0.028370
0.031755
0.036080
0.032494
0.031988
0.033202
0.031593
0.027992
0.033859
0.032539
0.030235
0.032517
0.017090
0.017444
0.017198
0.017308
0.020273
0.031444
0.034433
0.027374
0.033164
0.029359
0.028819
0.033774
0.034451
0.032916
0.033038
0.034662
0.031530
0.032259
0.025855
0.033401
0.034076
0.029433
0.034074
0.017139
0.034563
0.033404
0.034456
0.028240
0.035866
0.028635
0.023394
0.033940
0.034496
0.033600
0.034652
0.018688
0.020048
0.033054
0.033454
0.021261
0.035856
0.034103
0.034071
0.030167
0.026377
0.034984
0.030712
0.033304
0.031657
0.032832
0.033840
0.020282
0.022763
0.034627
0.033438
0.029517
0.032687
0.033713
0.017558
0.036602
0.029875
0.031975
0.034914
0.033515
0.032505
0.032048
0.029639
0.032386
0.027992
0.032610
0.027977
0.017350
0.017878
0.020182
0.034177
0.034035
0.034516
0.033436
0.024786
0.034188
0.021812
0.032226
0.020473
0.032200
0.031647
0.032877
0.028273
0.033717
0.024848
0.033238
0.033026
0.033650
0.033240
0.033373
0.032770
0.034489
0.032454
0.032568
0.026934
0.033288
0.034225
0.033911
0.034185
0.028937
0.033363
0.032976
0.033480
0.033662
0.029112
0.029423
0.018359
0.017041
0.034235
0.027387
0.032089
0.033947
0.032789
0.034655
0.032943
0.029176
0.033705
0.034168
0.034373
0.025306
0.020314
0.032554
0.032394
0.035233
0.030415
0.032929
0.021913
0.017352
0.033748
0.017190
0.022033
0.033561
0.024831
0.026640
0.034489
0.033891
0.023356
0.034539
0.028399
0.028340
0.037400
0.019359
0.035330
0.032694
0.033650
0.033875
0.017874
0.034129
0.020795
0.016919
0.017145
0.018520
0.032491
0.032678
0.024344
0.030663
0.028368
0.031488
0.033651
0.033161
0.032797
0.033605
0.032898
0.029974
0.025987
0.033579
0.034675
0.026017
0.034257
0.035491
0.034200
0.018315
0.019826
0.033787
0.034586
0.031600
0.033002
0.032930
0.033296
0.021477
0.033122
0.034162
0.029028
0.034018
0.026496
0.032716
0.035861
0.033010
0.031513
0.016546
0.022079
0.033054
0.017127
0.034565
0.033211
0.027894
0.037106
0.030600
0.034751
0.033350
0.034793
0.032503
0.030474
0.027154
0.033931
0.032936
0.037334
0.032694
0.024953
0.032855
0.033096
0.032353
0.016620
0.016294
0.019164
0.025380
0.023117
0.032846
0.034076
0.019754
0.028264
0.032261
0.034174
0.017812
0.034355
0.034855
0.035607
0.034730
0.034155
0.025759
0.034494
0.033239
0.034989
0.036270
0.018037
0.029980
0.029756
0.032429
0.023018
0.033910
0.027589
0.032202
0.033870
0.028806
0.033553
0.034793
0.034753
0.035244
0.033475
0.034202
0.019895
0.033667
0.034044
0.018441
0.016848
0.016568
0.032605
0.033058
0.033254
0.032716
0.023942
0.017559
0.017159
0.032797
0.032740
0.026132
0.030084
0.032862
0.035248
0.032166
0.027835
0.031919
0.021581
0.032539
0.030806
0.032352
0.033258
0.034092
0.031006
0.033570
0.018720
0.019114
0.017369
0.033732
0.020891
0.033981
0.032049
0.031155
0.032616
0.032670
0.033739
0.033782
0.034235
0.033567
0.034342
0.035249
0.034185
0.019273
0.016591
0.016486
0.016055
0.020063
0.017670
0.036424
0.033595
0.032807
0.021892
0.025212
0.034732
0.033254
0.033637
0.033238
0.032207
0.033870
0.032695
0.034291
0.033327
0.035205
0.020785
0.034602
0.024808
0.032140
0.034671
0.032724
0.034767
0.017831
0.036037
0.032578
0.034426
0.021998
0.029454
0.037337
0.034414
0.028655
0.035368
0.018714
0.018030
0.031852
0.033824
0.033468
0.025702
0.034153
0.035526
0.028419
0.025916
0.027498
0.035088
0.034428
0.029817
0.033102
0.030607
0.036413
0.026109
0.033442
0.033422
0.031789
0.033065
0.033309
0.029325
0.030163
0.034421
0.032960
0.031730
0.033230
0.034194
0.020233
0.030093
0.033115
0.033139
0.032023
0.033968
0.032538
0.033961
0.034447
0.035217
0.036751
0.024027
0.026287
0.033142
0.031568
0.020946
0.032643
0.033416
0.026240
0.033822
0.032482
0.033113
0.026294
0.032678
0.024132
0.034341
0.032814
0.032327
0.033508
0.033951
0.034512
0.034489
0.033719
0.033144
0.022529
0.025759
0.035071
0.033318
0.032464
0.023557
0.033446
0.025764
0.031810
0.032036
0.032393
0.032441
0.033774
0.033200
0.033749
0.025051
0.034607
0.032557
0.035731
0.035150
0.031991
0.022637
0.018556
0.034017
0.032358
0.031816
0.024266
0.033746
0.034217
0.032680
0.026307
0.035027
0.027001
0.032013
0.031862
0.032427
0.033548
0.031332
0.033689
0.020909
0.032076
0.030424
0.033034
0.030267
0.025443
0.033319
0.033942
0.033354
0.033730
0.031494
0.031608
0.033625
0.032240
0.017883
0.030404
0.032795
0.033324
0.026287
0.034811
0.033155
0.031236
0.031472
0.028501
0.033850
0.032019
0.033254
0.031496
0.032449
0.029723
0.025569
0.034771
0.033396
0.033192
0.034513
0.032145
0.031824
0.032849
0.033528
0.021473
0.033849
0.032940
0.032586
0.035644
0.035277
0.032877
0.022630
0.026693
0.032094
0.035012
0.032983
0.032510
0.033372
0.034095
0.032642
0.023984
0.033358
0.025398
0.038138
0.020911
0.032367
0.020678
0.031919
0.033367
0.032873
0.032775
0.031901
0.032927
0.033382
0.032392
0.032742
0.029432
0.031535
0.028059
0.017395
0.032546
0.020048
0.016403
0.024104
0.032983
0.033159
0.031986
0.032129
0.033444
0.017403
0.017296
0.033453
0.031737
0.032087
0.032698
0.027161
0.032118
0.036753
0.029680
0.032117
0.025982
0.033696
0.032483
0.032030
0.025786
0.029150
0.025607
0.032935
0.035364
0.029944
0.034471
0.021963
0.016474
0.033114
0.017505
0.033814
0.024121
0.031370
0.020845
0.032485
0.033475
0.034096
0.026463
0.033407
0.033077
0.028939
0.024966
0.032688
0.036518
0.032905
0.016119
0.016089
0.016350
0.030535
0.035796
0.021606
0.035042
0.021443
0.033163
0.034079
0.025125
0.033345
0.033550
0.034863
0.033242
0.032445
0.031076
0.016711
0.024588
0.030764
0.033078
0.021249
0.035290
0.028668
0.033359
0.033383
0.032913
0.019265
0.034249
0.026864
0.032269
0.034010
0.033097
0.031838
0.030551
0.032502
0.020719
0.031500
0.033049
0.034024
0.032588
0.032730
0.031678
0.032609
0.032713
0.033518
0.016462
0.033774
0.032229
0.019423
0.034282
0.033158
0.031730
0.035154
0.028020
0.024498
0.033461
0.034521
0.021570
0.033435
0.032243
0.033185
0.033417
0.017674
0.033921
0.026056
0.032240
0.023712
0.034675
0.032610
0.031927
0.029843
0.031871
0.015812
0.027724
0.025843
0.033306
0.017354
0.022642
0.017198
0.032777
0.032489
0.029119
0.034052
0.030298
0.034071
0.032665
0.025445
0.033141
0.030979
0.032943
0.021336
0.032589
0.024584
0.032617
0.033550
0.029387
0.032084
0.030414
0.028553
0.033355
0.032819
0.032414
0.031071
0.021390
0.017672
0.016984
0.016674
0.016780
0.016511
0.018810
0.016798
0.029242
0.020221
0.033240
0.018733
0.033567
0.027946
0.033227
0.025022
0.032779
0.026890
0.030989
0.027272
0.032251
0.033437
0.033476
0.026191
0.034905
0.023198
0.025307
0.023005
0.029872
0.032402
0.031550
0.032133
0.033317
0.032319
0.029652
0.033292
0.023088
0.019378
0.017950
0.028767
0.031972
0.033245
0.020887
0.030240
0.033664
0.020600
0.031668
0.033615
0.033420
0.017165
0.019539
0.032417
0.033158
0.016833
0.024761
0.034706
0.024710
0.028644
0.033761
0.029860
0.033051
0.033210
0.016370
0.031197
0.034644
0.033102
0.033555
0.033485
0.033281
0.028905
0.033422
0.025104
0.033276
0.034037
0.022240
0.030596
0.026266
0.034606
0.029519
0.033498
0.018984
0.027012
0.034701
0.032401
0.023681
0.032893
0.034599
0.034387
0.032541
0.016591
0.034153
0.030674
0.032238
0.024907
0.032368
0.021950
0.034381
0.033226
0.033198
0.033695
0.031834
0.032707
0.031972
0.032241
0.019342
0.033610
0.031895
0.023440
0.034453
0.032732
0.035359
0.037435
0.033095
0.020432
0.032978
0.033037
0.031941
0.017600
0.016289
0.016400
0.033794
0.017025
0.017871
0.016713
0.031718
0.032331
0.025351
0.033298
0.019348
0.016749
0.016731
0.017520
0.032798
0.023220
0.033134
0.032751
0.032520
0.034705
0.034184
0.033588
0.027594
0.033223
0.019564
0.029266
0.034401
0.028552
0.033618
0.020154
0.016525
0.034594
0.018415
0.034334
0.031883
0.024325
0.034377
0.034203
0.032224
0.033227
0.020548
0.033135
0.032944
0.033713
0.033963
0.034165
0.034914
0.035602
0.025811
0.034154
0.033659
0.034740
0.023744
0.032586
0.022425
0.018547
0.034030
0.032118
0.034084
0.033584
0.035489
0.032879
0.035634
0.034184
0.031183
0.030582
0.029653
0.034087
0.032830
0.034749
0.034791
0.033036
0.034745
0.034636
0.032770
0.019885
0.034296
0.032390
0.033085
0.029407
0.032882
0.033778
0.026195
0.032706
0.033267
0.030637
0.032191
0.020599
0.031430
0.032906
0.033345
0.033417
0.018354
0.032796
0.032925
0.021966
0.037257
0.025198
0.019884
0.034596
0.032802
0.031961
0.029223
0.033829
0.033142
0.032722
0.025629
0.033161
0.023757
0.033893
0.033539
0.028588
0.033546
0.031696
0.031866
0.033282
0.030134
0.032978
0.034084
0.024233
0.016623
0.017963
0.034309
0.030700
0.037397
0.029290
0.021585
0.032462
0.020937
0.032768
0.032664
0.032246
0.033834
0.032811
0.026249
0.031747
0.030785
0.033488
0.034714
0.034512
0.034959
0.033499
0.019774
0.033992
0.026443
0.033201
0.032747
0.025825
0.035781
0.031194
0.034480
0.032491
0.033014
0.029611
0.034414
0.029490
0.033831
0.032181
0.034672
0.032520
0.032923
0.030414
0.034609
0.034526
0.031709
0.031540
0.034293
0.034498
0.035381
0.033097
0.035569
0.034281
0.029055
0.035552
0.022977
0.033056
0.034140
0.033376
0.033742
0.018711
0.034781
0.025884
0.034140
0.035843
0.030864
0.034191
0.032938
0.033654
0.018595
0.033382
0.033332
0.031987
0.033939
0.033316
0.028967
0.032218
0.031916
0.033636
0.023090
0.024800
0.031738
0.027251
0.033348
0.033182
0.035344
0.033420
0.018051
0.034268
0.033539
0.033074
0.031513
0.033063
0.031538
0.031652
0.032737
0.032716
0.034334
0.021056
0.033334
0.032292
0.033612
0.033527
0.031334
0.032588
0.033126
0.033796
0.021893
0.033273
0.034387
0.032326
0.017598
0.033613
0.032727
0.033837
0.034066
0.025481
0.031415
0.028636
0.033432
0.033982
0.025807
0.032666
0.032497
0.021557
0.016648
0.022668
0.028162
0.023325
0.027959
0.032610
0.034397
0.034659
0.033769
0.033500
0.033954
0.036028
0.033134
0.020015
0.018638
0.037235
0.031081
0.031870
0.033822
0.037044
0.033108
0.033198
0.027719
0.023465
0.033034
0.032389
0.032978
0.033516
0.033098
0.018386
0.034923
0.034869
0.033165
0.029973
0.031785
0.033755
0.021767
0.033921
0.033663
0.021464
0.016752
0.024997
0.032406
0.031627
0.033224
0.026202
0.032285
0.032484
0.028355
0.032222
0.032637
0.033392
0.032144
0.021530
0.034141
0.034277
0.032560
0.034363
0.031762
0.031520
0.033081
0.031613
0.033157
0.022117
0.033306
0.020014
0.033082
0.033065
0.030083
0.034848
0.023926
0.030672
0.032751
0.033126
0.025278
0.032459
0.034461
0.034040
0.034665
0.032901
0.026073
0.031428
0.036001
0.026518
0.032378
0.032084
0.025161
0.034492
0.032362
0.031924
0.032722
0.034247
0.034595
0.033459
0.032723
0.036291
0.033987
0.032627
0.017484
0.020518
0.032739
0.033965
0.032571
0.033007
0.032646
0.033278
0.028991
0.028049
0.032053
0.017585
0.033118
0.032263
0.032785
0.017632
0.029529
0.033482
0.033663
0.036050
0.032169
0.020985
0.034026
0.032766
0.033082
0.034837
0.033617
0.033730
0.034543
0.027087
0.032264
0.034706
0.033298
0.035043
0.016849
0.029128
0.033188
0.034344
0.034827
0.034074
0.034114
0.036719
0.032940
0.033203
0.033021
0.033641
0.033507
0.029755
0.030278
0.032136
0.034229
0.034277
0.032124
0.033067
0.033474
0.032990
0.033357
0.032727
0.029118
0.033271
0.033958
0.034107
0.033537
0.033151
0.033645
0.032817
0.028939
0.032958
0.020155
0.034432
0.033903
0.032418
0.033793
0.034708
0.022588
0.020168
0.025612
0.032195
0.023290
0.032231
0.033867
0.020636
0.028711
0.035430
0.033835
0.018657
0.024706
0.033535
0.033932
0.035071
0.030467
0.033649
0.033583
0.032725
0.032235
0.034205
0.021662
0.033814
0.031729
0.025659
0.031749
0.033827
0.032529
0.032696
0.032120
0.033611
0.032808
0.030287
0.032793
0.033861
0.032694
0.031892
0.032847
0.034097
0.032520
0.026861
0.030159
0.033640
0.033790
0.027123
0.033407
0.030669
0.026732
0.018720
0.025212
0.031816
0.032153
0.017462
0.029993
0.027463
0.033596
0.036974
0.029985
0.032010
0.031713
0.029618
0.029742
0.031997
0.035458
0.035445
0.034231
0.033502
0.032807
0.033703
0.026558
0.034003
0.031550
0.034361
0.025825
0.027534
0.032927
0.034572
0.034412
0.033755
0.032727
0.031594
0.032762
0.025484
0.034356
0.030863
0.033948
0.021017
0.033768
0.034256
0.035606
0.032431
0.032517
0.034432
0.020813
0.020388
0.034141
0.032810
0.033221
0.022337
0.032175
0.028957
0.026411
0.035348
0.033289
0.030753
0.031628
0.031410
0.031996
0.031150
0.033500
0.033788
0.033251
0.033415
0.031738
0.034350
0.033164
0.036009
0.026728
0.033231
0.034142
0.034586
0.034868
0.021038
0.030749
0.025860
0.018800
0.020472
0.016797
0.032754
0.032003
0.032537
0.032226
0.029336
0.031946
0.033788
0.035184
0.030297
0.033765
0.028737
0.033545
0.034572
0.028465
0.032010
0.034190
0.021586
0.033235
0.034091
0.034456
0.030310
0.031197
0.033180
0.026908
0.036025
0.036561
0.035434
0.030686
0.033820
0.028877
0.018998
0.018589
0.017188
0.034707
0.036202
0.034130
0.018184
0.036088
0.034880
0.034275
0.033527
0.034977
0.033348
0.029625
0.034713
0.033495
0.024154
0.020419
0.033960
0.033172
0.033415
0.032835
0.019944
0.024736
0.031900
0.019252
0.020645
0.021567
0.019004
0.031874
0.019875
0.034419
0.033345
0.033659
0.026849
0.023162
0.033462
0.017486
0.017440
0.034662
0.033504
0.035079
0.025606
0.030991
0.032412
0.032517
0.032156
0.019603
0.019635
0.017534
0.017449
0.018906
0.032798
0.027874
0.034604
0.034083
0.030884
0.033729
0.021510
0.020957
0.034042
0.033238
0.021204
0.034446
0.034261
0.033396
0.034149
0.018595
0.032828
0.019561
0.027939
0.032908
0.030704
0.029737
0.033284
0.035256
0.035286
0.025859
0.034436
0.030308
0.033230
0.034695
0.034885
0.036657
0.034695
0.032977
0.032992
0.033780
0.033445
0.033845
0.024508
0.030070
0.034168
0.021326
0.029126
0.034321
0.033511
0.025357
0.032921
0.034214
0.034871
0.034786
0.032781
0.032356
0.034491
0.032583
0.031869
0.019127
0.017000
0.032708
0.033995
0.024408
0.028980
0.034877
0.034565
0.032364
0.033435
0.024730
0.033551
0.033616
0.035692
0.033168
0.033976
0.026702
0.033450
0.032570
0.033936
0.025746
0.033348
0.032131
0.035230
0.027246
0.032606
0.030597
0.023038
0.028929
0.034283
0.026025
0.033179
0.025635
0.032299
0.032892
0.031864
0.017735
0.033398
0.033444
0.036295
0.022146
0.034139
0.025571
0.029773
0.016806
0.016750
0.033952
0.033778
0.024638
0.032231
0.033107
0.032677
0.033325
0.032897
0.018991
0.030741
0.034257
0.021747
0.018395
0.023458
0.022586
0.033417
0.031757
0.017371
0.033407
0.034855
0.034382
0.033645
0.019324
0.018946
0.028382
0.029881
0.033190
0.032339
0.033945
0.032612
0.031951
0.028990
0.022454
0.033337
0.033492
0.017517
0.031962
0.032867
0.030368
0.034578
0.020826
0.033867
0.032802
0.033608
0.020405
0.033861
0.035132
0.033923
0.023931
0.028180
0.026548
0.034106
0.019476
0.033612
0.029037
0.033229
0.033817
0.033325
0.032889
0.022623
0.035003
0.033504
0.033327
0.033648
0.033973
0.033923
0.032512
0.021909
0.030210
0.034816
0.032969
0.033468
0.033986
0.034135
0.033800
0.020124
0.022888
0.033308
0.029639
0.032827
0.033218
0.016277
0.019677
0.016797
0.026937
0.034784
0.034365
0.031724
0.028283
0.033081
0.027652
0.018491
0.034659
0.033129
0.034706
0.035093
0.033596
0.018776
0.017176
0.033788
0.033949
0.032436
0.030615
0.021546
0.030322
0.032848
0.029701
0.033575
0.032221
0.021418
0.033020
0.032391
0.032035
0.026347
0.033511
0.023214
0.033285
0.017452
0.021311
0.031935
0.034351
0.024261
0.028939
0.034341
0.037714
0.027615
0.034689
0.018034
0.033072
0.034112
0.030148
0.032315
0.020687
0.026243
0.035133
0.033369
0.036665
0.035661
0.033572
0.034274
0.034145
0.033790
0.024364
0.032673
0.034018
0.033538
0.038415
0.017006
0.027006
0.034615
0.036269
0.035054
0.037016
0.033052
0.034612
0.025728
0.025341
0.036183
0.034192
0.036171
0.026129
0.033784
0.030420
0.029587
0.033641
0.034588
0.032739
0.034735
0.022046
0.016464
0.030486
0.029430
0.034003
0.032927
0.034908
0.034841
0.033236
0.035815
0.033955
0.033473
0.027957
0.033706
0.020860
0.032870
0.017132
0.031987
0.032624
0.031823
0.034278
0.033768
0.033896
0.036390
0.032993
0.024922
0.033776
0.028828
0.019431
0.033748
0.033063
0.033114
0.026683
0.033456
0.018161
0.018916
0.032626
0.033206
0.032745
0.032743
0.033208
0.037687
0.034388
0.025311
0.020646
0.033823
0.035596
0.032450
0.028015
0.030345
0.032201
0.033021
0.034983
0.034703
0.032800
0.017920
0.019180
0.025692
0.032019
0.031487
0.032346
0.033769
0.033984
0.029126
0.033342
0.032533
0.034040
0.032050
0.027495
0.033631
0.029598
0.017271
0.017829
0.033043
0.025214
0.032277
0.033987
0.033786
0.022818
0.034299
0.024554
0.032117
0.033201
0.016401
0.032962
0.033188
0.032253
0.021233
0.016612
0.032845
0.022334
0.032977
0.029397
0.033818
0.035172
0.034035
0.032057
0.032525
0.032112
0.032686
0.033574
0.033494
0.032288
0.034851
0.035391
0.032823
0.032623
0.033925
0.032777
0.028503
0.030280
0.031100
0.032904
0.033599
0.021899
0.030851
0.033219
0.033069
0.034150
0.033173
0.035946
0.027131
0.032310
0.033646
0.034413
0.033190
0.027005
0.034038
0.030549
0.032537
0.032197
0.029282
0.027739
0.033648
0.033734
0.034749
0.032640
0.032889
0.031842
0.034378
0.020475
0.032555
0.031509
0.033630
0.035123
0.032981
0.033909
0.031375
0.029791
0.031663
0.031332
0.032051
0.028337
0.032154
0.032191
0.033951
0.031518
0.032750
0.019068
0.032137
0.032587
0.033833
0.033037
0.028310
0.032373
0.032386
0.034824
0.030695
0.032331
0.029181
0.024805
0.030039
0.033008
0.020108
0.029854
