0.002249
0.016929
0.037873
0.029583
0.024775
0.044666
0.034870
0.040713
0.029786
0.019313
0.026216
0.018444
0.041719
0.030962
0.041335
0.041830
0.052313
0.030742
0.036042
0.033359
0.038021
0.030135
0.043059
0.030544
0.032301
0.046816
0.032114
0.027038
0.036916
0.026132
0.030558
0.018017
0.031118
0.039129
0.031037
0.033261
0.030572
0.033750
0.034730
0.030582
0.018348
0.021675
0.019390
0.016526
0.017628
0.015323
0.019429
0.020486
0.020060
0.022198
0.031251
0.024808
0.031585
0.032717
0.031986
0.030238
0.036464
0.032692
0.017705
0.033413
0.035375
0.033437
0.033305
0.025345
0.017102
0.017039
0.016937
0.018553
0.019858
0.019188
0.018023
0.016263
0.017946
0.015614
0.018034
0.034363
0.033792
0.031997
0.032909
0.030972
0.033494
0.033012
0.035440
0.035723
0.035592
0.018728
0.032131
0.021141
0.030984
0.016603
0.016232
0.016938
0.016290
0.026105
0.033097
0.037714
0.035120
0.018861
0.016889
0.016934
0.019142
0.018903
0.017142
0.015975
0.024607
0.017489
0.023877
0.030635
0.028598
0.032150
0.036241
0.027425
0.031225
0.042769
0.032335
0.031778
0.028066
0.036116
0.032008
0.030091
0.031718
0.039825
0.024745
0.031196
0.034287
0.029287
0.032655
0.029475
0.026857
0.033178
0.033803
0.033778
0.033112
0.044946
0.037175
0.026083
0.038935
0.020091
0.015841
0.031629
0.032219
0.033052
0.031612
0.034445
0.024039
0.027443
0.030972
0.036212
0.026538
0.032384
0.037754
0.033823
0.022471
0.032030
0.033366
0.030619
0.033919
0.034020
0.018563
0.020241
0.019737
0.017221
0.031063
0.034627
0.018896
0.024631
0.017712
0.019724
0.021873
0.019609
0.017521
0.019331
0.017973
0.017766
0.017180
0.018364
0.016940
0.017750
0.034219
0.026977
0.033964
0.034368
0.033370
0.042442
0.034758
0.017501
0.022122
0.023394
0.018463
0.017555
0.018131
0.016603
0.016275
0.015956
0.016756
0.021756
0.018463
0.028483
0.020095
0.017712
0.017334
0.017557
0.019352
0.020884
0.034035
0.052343
0.026310
0.032829
0.027579
0.036763
0.035355
0.037202
0.034626
0.029374
0.019970
0.020575
0.021179
0.020926
0.019804
0.019199
0.027350
0.021517
0.022408
0.021556
0.034711
0.039819
0.024211
0.037484
0.032159
0.036379
0.036042
0.023455
0.036420
0.030511
0.038058
0.024336
0.040281
0.023347
0.026520
0.021927
0.034088
0.044375
0.039281
0.034614
0.038132
0.030201
0.022737
0.023767
0.020458
0.020744
0.028685
0.024115
0.034755
0.021218
0.022317
0.021909
0.033552
0.027284
0.021461
0.023206
0.039703
0.030662
0.037926
0.038455
0.040239
0.037826
0.034253
0.034009
0.036018
0.049194
0.039771
0.036101
0.044215
0.025934
0.027526
0.021263
0.035551
0.031209
0.024156
0.023742
0.032991
0.020024
0.021032
0.036429
