0.001126
0.018085
0.017937
0.026189
0.018659
0.015574
0.016842
0.016235
0.014211
0.018791
0.021947
0.021167
0.015440
0.015936
0.017304
0.014685
0.023492
0.015456
0.018387
0.016781
0.016926
0.018419
0.016315
0.019670
0.021553
0.017845
0.019323
0.016658
0.016126
0.014781
0.017970
0.019919
0.016804
0.016399
0.017699
0.018961
0.017765
0.018210
0.017458
0.019522
0.015256
0.016522
0.019263
0.018972
0.018553
0.020590
0.015844
0.022702
0.017515
0.016261
0.016367
0.022262
0.016894
0.016902
0.014833
0.014987
0.023020
0.018058
0.016292
0.016583
0.023234
0.016043
0.016549
0.022182
0.017570
0.015921
0.015805
0.016387
0.029858
0.017576
0.018702
0.018485
0.015438
0.021190
0.017579
0.016072
0.015870
0.014797
0.032068
0.015194
0.015347
0.015380
0.018968
0.016456
0.016204
0.015551
0.015330
0.016303
0.023332
0.016766
0.017441
0.023349
0.020523
0.015724
0.022738
0.015241
0.015429
0.024794
0.019889
0.021042
0.015684
0.017147
0.018923
0.017202
0.019864
0.015771
0.017265
0.018209
0.016713
0.014739
0.024381
0.017590
0.015443
0.018232
0.016070
0.015760
0.024562
0.017671
0.015832
0.016363
0.021224
0.020110
0.019147
0.015418
0.015850
0.021082
0.015651
0.017957
0.016703
0.015518
0.017660
0.017760
0.015699
0.017648
0.015597
0.016076
0.016595
0.020524
0.015164
0.018124
0.016149
0.016308
0.024514
0.015827
0.015322
0.017671
0.019594
0.015862
0.017008
0.014717
0.019845
0.023335
0.015407
0.019032
0.017726
0.015802
0.017235
0.031002
0.017869
0.015685
0.020076
0.018538
0.017160
0.020215
0.015959
0.016077
0.016396
0.026723
0.014800
0.014698
0.014922
0.019525
0.014953
0.015014
0.014333
0.015367
0.015820
0.018446
0.016041
0.014902
0.019883
0.016265
0.016437
0.016962
0.015714
0.016096
0.016372
0.020043
0.017694
0.016045
0.015670
0.017793
0.016927
0.017920
0.015257
0.014973
0.018245
0.016856
0.016377
0.018622
0.016605
0.016855
0.015955
0.017016
0.016359
0.017249
0.016499
0.015685
0.017111
0.018705
0.015815
0.019524
0.015555
0.016328
0.017621
0.017709
0.022738
0.015448
0.015138
0.023549
0.015116
0.014766
0.028429
0.016413
0.017091
0.017494
0.015674
0.015946
0.016045
0.015756
0.015653
0.016711
0.022715
0.016596
0.018005
0.022007
0.017254
0.017724
0.018134
0.016989
0.019870
0.018716
0.032917
0.020418
0.015330
0.015574
0.015152
0.016688
0.018803
0.017211
0.016755
0.017087
0.014685
0.014637
0.016351
0.016806
0.017795
0.018129
0.016109
0.016066
0.021629
0.016673
0.016194
0.017276
0.019670
0.016137
0.014593
0.015364
0.014435
0.019225
0.015111
0.015313
0.016291
0.016037
0.016766
0.018591
0.020416
0.014894
0.017648
0.015301
0.014707
0.018413
0.016656
0.018661
0.015372
0.015875
0.015803
0.017376
0.017134
0.016172
0.024858
0.016696
0.015468
0.022991
0.014877
0.015398
0.015181
0.017017
0.015625
0.017221
0.015476
0.016972
0.019753
0.015614
0.017033
0.016102
0.018401
0.016401
0.016032
0.015338
0.027608
0.017622
0.018414
0.023348
0.014332
0.019323
0.016166
0.015138
0.035587
0.016793
0.016264
0.019777
0.015390
0.015879
0.029796
0.018207
0.017822
0.016680
0.015218
0.019201
0.017367
0.016385
0.014633
0.021159
0.018906
0.016971
0.016262
0.019279
0.022302
0.016338
0.017850
0.015891
0.015064
0.017583
0.017466
0.019929
0.014279
0.015996
0.025095
0.015948
0.014918
0.018587
0.015388
0.019181
0.016791
0.016425
0.014561
0.016967
0.017222
0.016306
0.016974
0.015281
0.014609
0.020644
0.017622
0.017094
0.018192
0.015244
0.016639
0.016064
0.019230
0.016892
0.014507
0.018918
0.015278
0.016062
0.020744
0.017653
0.016139
0.019511
0.020657
0.019083
0.016773
0.022486
0.017071
0.015200
0.022097
0.016140
0.014485
0.016273
0.017670
0.017325
0.019144
0.015295
0.015119
0.024550
0.022954
0.015234
0.018135
0.019723
0.015641
0.034906
0.022954
0.018378
0.015637
0.014588
0.015664
0.015213
0.015918
0.017087
0.016255
0.016828
0.015148
0.023517
0.019933
0.017987
0.018515
0.016856
0.017354
0.017526
0.015406
0.015064
0.022655
0.036733
0.016313
0.016793
0.015955
0.016039
0.019972
0.017413
0.016510
0.015435
0.016798
0.020335
0.015345
0.016094
0.017232
0.014999
0.015672
0.017365
0.015363
0.014484
0.018203
0.015701
0.014252
0.015020
0.014538
0.023271
0.016039
0.016645
0.016973
0.018176
0.015503
0.015681
0.016716
0.017295
0.016636
0.019985
0.017831
0.016200
0.039807
0.020982
0.017220
0.016762
0.016887
0.018793
0.014314
0.030597
0.017808
0.019403
0.022920
0.014532
0.014802
0.015860
0.020746
0.014785
0.014747
0.015366
0.021691
0.020994
0.018215
0.019269
0.019161
0.017888
0.018528
0.020151
0.020283
0.020281
0.021315
0.016840
0.017049
0.019730
0.019045
0.017028
0.017814
0.016145
0.015246
0.018083
0.018069
0.016705
0.017890
0.017296
0.016149
0.018134
0.015881
0.022905
0.015934
0.016293
0.019199
0.017008
0.015378
0.027388
0.019675
0.016913
0.018009
0.016761
0.015796
0.037286
0.016793
0.016084
0.016691
0.015893
0.016531
0.017389
0.015073
0.017511
0.014999
0.014325
0.019424
0.016638
0.016718
0.017204
0.015818
0.023610
0.016456
0.015598
0.022890
0.015536
0.017309
0.019802
0.015996
0.016985
0.024512
0.020062
0.014762
0.024978
0.015102
0.017514
0.043890
0.016876
0.016631
0.016719
0.016621
0.016551
0.021171
0.014817
0.019407
0.015520
0.015542
0.017095
0.015713
0.015440
0.017381
0.015400
0.014804
0.023972
