0.001190
0.023775
0.021698
0.017864
0.016222
0.015896
0.016073
0.017130
0.023719
0.025267
0.021314
0.018588
0.018418
0.017294
0.017119
0.017241
0.016063
0.016479
0.020032
0.019082
0.024841
0.026176
0.023911
0.017825
0.016020
0.018822
0.020734
0.017967
0.016028
0.016028
0.015363
0.017003
0.020384
0.018969
0.024889
0.018518
0.020396
0.019008
0.017579
0.025407
0.020361
0.020518
0.017359
0.019118
0.018290
0.018162
0.018370
0.019289
0.017370
0.015153
0.015602
0.019387
0.014894
0.017531
0.016033
0.015044
0.016135
0.017603
0.016196
0.016868
0.015320
0.015403
0.015403
0.014982
0.015612
0.018196
0.015134
0.019386
0.017357
0.019359
0.020756
0.021555
0.020366
0.025821
0.023570
0.040708
0.023172
0.019578
0.023842
0.026659
0.016575
0.016570
0.015993
0.016578
0.019569
0.027445
0.016239
0.016099
0.015358
0.015108
0.014628
0.015323
0.014895
0.014698
0.020898
0.022129
0.037023
0.041541
0.024331
0.029833
0.019620
0.021899
0.018220
0.017606
0.019935
0.019751
0.021264
0.017645
0.015951
0.018446
0.018577
0.015317
0.017318
0.015631
0.017592
0.015723
0.015440
0.029104
0.026817
0.018895
0.020863
0.022677
0.019840
0.019396
0.017962
0.016715
0.021832
0.029125
0.021594
0.016989
0.015106
0.015513
0.015187
0.016188
0.016253
0.016757
0.015738
0.024813
0.016355
0.015778
0.016410
0.015798
0.015574
0.015940
0.020487
0.019797
0.020216
0.016821
0.021414
0.017066
0.018484
0.018723
0.017278
0.020838
0.043808
0.019403
0.030645
0.019876
0.016955
0.016327
0.016685
0.016482
0.016798
0.016086
0.015775
0.017213
0.022891
0.017542
0.019167
0.017062
0.016263
0.016428
0.018528
0.017540
0.016701
0.016436
0.016357
0.016826
0.019978
0.016272
0.028309
0.019690
0.019449
0.023484
0.044427
0.019329
0.025280
0.019029
0.020856
0.017493
0.018755
0.018499
0.017331
0.029390
0.018381
0.017097
0.016636
0.015925
0.016148
0.016154
0.016740
0.016934
0.016783
0.020060
0.021031
0.018345
0.018871
0.027179
0.026833
0.019722
0.018583
0.018399
0.021457
0.020259
0.019821
0.021238
0.018550
0.020262
0.024451
0.024732
0.016482
0.015774
0.015700
0.018797
0.017069
0.017511
0.015903
0.014988
0.030564
0.022705
0.037830
0.022538
0.019933
0.022685
0.017804
0.019749
0.021136
0.023955
0.024098
0.032268
0.018431
0.018823
0.015593
0.015912
0.015160
0.015402
0.015804
0.014835
0.015870
0.016418
0.019733
0.017869
0.015604
0.015507
0.016472
0.016770
0.017759
0.018054
0.017673
0.017289
0.020630
0.021195
0.026175
0.022256
0.019624
0.018383
0.017760
0.016627
0.017345
0.017913
0.019471
0.022833
0.024519
0.016470
0.015744
0.016271
0.015100
0.016307
0.015061
0.015369
0.015796
0.016775
0.026640
0.027578
0.015015
0.015049
0.015159
0.015130
0.016795
0.017489
0.018233
0.018050
0.024171
0.033043
0.028275
0.024573
0.019134
0.018601
0.018917
0.018826
0.018300
0.019420
0.016469
0.018459
0.019544
0.015702
0.015043
0.017700
0.016670
0.016394
0.015199
0.015543
0.016861
0.015307
0.022316
0.023348
0.025525
0.021021
0.019592
0.018214
0.018968
0.020282
0.019744
0.017727
0.020147
0.038045
0.023895
0.024136
0.017268
0.017016
0.016052
0.016330
0.020442
0.015786
0.015722
0.016522
0.018635
0.017206
0.022931
0.023008
0.016964
0.019170
0.019584
0.017802
0.017570
0.023701
0.019138
0.020960
0.037158
0.017333
0.023073
0.018592
0.018328
0.016694
0.016152
0.016127
0.016221
0.018103
0.015407
0.019758
0.017215
0.015025
0.015290
0.015104
0.015023
0.021082
0.020206
0.016943
0.022107
0.024037
0.022491
0.029124
0.018583
0.017964
0.018881
0.017762
0.017495
0.016587
0.023853
0.017789
0.019306
0.015653
0.015455
0.015732
0.015103
0.015538
0.015641
0.015939
0.015028
0.015659
0.016444
0.016542
0.015504
0.016167
0.015670
0.015968
0.019066
0.018572
0.015664
0.015464
0.021392
0.022703
0.020063
0.018125
0.018121
0.020011
0.041692
0.048755
0.017816
0.026263
0.016113
0.017543
0.017682
0.017581
0.017027
0.018389
