507,287,37,92
504,289,37,89
502,288,37,91
501,288,38,91
500,288,39,90
499,287,38,92
499,286,37,92
498,286,40,92
498,287,39,92
496,287,39,92
495,288,39,91
494,287,40,91
493,289,38,91
490,288,41,92
489,287,42,92
485,287,44,93
485,287,42,93
483,286,43,94
478,286,45,92
478,286,45,92
477,287,43,92
476,285,42,94
475,286,42,93
473,286,42,94
470,287,43,94
471,285,42,96
467,284,41,97
467,285,40,94
464,286,38,94
462,287,46,94
460,284,40,97
457,286,44,96
457,285,42,97
455,285,43,95
454,284,42,96
451,285,44,98
452,287,42,95
448,287,40,96
447,287,39,96
447,286,38,96
446,287,39,94
441,286,41,97
442,286,44,96
439,286,43,97
437,285,43,97
435,285,45,98
434,284,42,97
431,286,40,95
429,285,42,97
428,284,42,98
430,285,44,97
424,285,42,97
423,285,44,97
418,282,42,100
412,282,45,100
407,282,46,100
405,282,47,100
303,284,42,98
295,285,42,97
285,285,49,97
280,284,55,97
277,283,57,98
275,284,57,98
277,282,55,98
279,283,53,99
281,282,49,99
280,282,47,99
280,283,45,100
279,283,45,100
280,282,40,101
278,282,41,102
277,283,42,102
275,283,46,101
272,282,48,101
265,283,54,101
265,281,57,103
265,281,52,103
264,282,48,103
265,284,44,101
262,286,43,101
264,285,39,105
264,284,37,104
262,285,36,105
260,288,35,102
265,288,33,104
261,290,32,101
258,294,35,98
240,292,51,97
235,289,57,99
235,288,57,102
236,293,57,101
241,294,53,103
243,294,52,104
245,290,51,106
246,288,47,107
249,284,46,109
250,284,45,108
253,281,40,107
252,282,40,107
250,282,40,105
249,281,42,104
252,280,42,105
248,279,46,106
245,281,45,105
245,281,47,105
250,281,47,107
252,281,48,107
254,280,42,108
255,281,38,107
254,281,34,107
252,283,33,108
252,284,33,109
250,284,34,109
253,285,35,106
233,286,53,100
228,283,62,100
233,281,63,97
237,285,60,95
245,294,59,90
258,301,56,89
272,269,54,126
289,281,58,113
301,286,47,106
306,292,49,101
300,285,41,110
296,288,40,109
291,287,41,110
293,286,48,109
291,288,56,109
291,290,60,109
296,297,58,109
299,303,57,112
295,311,52,109
292,313,49,111
290,313,46,113
290,309,47,115
293,306,46,115
294,306,45,112
290,305,49,112
280,306,55,113
269,308,62,113
259,311,66,113
252,314,69,113
249,316,69,112
252,316,65,115
253,315,62,115
254,316,61,115
256,313,57,116
258,313,53,117
260,315,49,118
259,314,45,119
257,315,47,117
252,317,53,119
242,318,60,117
237,321,67,115
233,321,71,116
234,325,70,115
242,328,63,116
246,326,61,118
248,326,59,119
250,326,54,120
254,327,47,118
254,326,49,119
254,324,48,119
250,323,50,120
244,324,57,118
358,306,56,136
351,316,63,125
352,319,66,122
351,323,65,120
356,322,65,122
361,322,59,123
362,320,58,124
361,321,56,123
360,322,51,123
358,322,50,123
356,320,51,122
352,319,53,125
350,319,54,124
345,321,58,122
335,322,63,120
327,323,71,118
326,324,72,120
328,325,68,120
331,322,65,122
331,320,63,125
330,319,60,125
331,317,55,126
329,317,52,126
328,316,55,126
325,317,51,125
315,315,58,128
309,314,64,127
302,315,70,126
293,315,78,126
289,314,82,127
291,314,77,126
292,315,75,129
295,314,71,129
294,313,65,131
295,312,62,129
296,312,58,130
295,312,56,130
294,313,59,130
291,313,56,130
287,312,54,129
281,312,61,129
272,312,70,127
272,312,70,128
274,313,69,128
279,312,67,130
283,312,64,131
284,312,62,130
287,312,57,130
289,311,50,132
287,309,55,134
287,309,52,133
288,311,54,133
281,308,64,135
275,310,70,132
267,309,78,132
263,310,85,132
263,311,90,131
153,312,85,130
164,313,77,129
169,311,73,131
172,309,71,133
173,309,67,132
174,308,62,132
174,308,54,132
173,309,51,131
169,308,58,132
163,309,59,131
151,309,76,130
139,308,92,131
128,311,105,129
247,304,87,135
253,304,80,135
254,307,79,137
255,304,73,140
256,306,71,138
257,303,65,140
259,303,55,140
259,303,54,139
259,303,54,139
251,301,63,140
242,302,72,140
235,301,82,139
225,302,95,138
232,304,92,137
229,303,96,138
241,304,85,140
244,302,81,141
242,302,84,141
244,302,78,143
244,301,71,143
243,300,64,143
244,300,60,143
240,302,60,141
235,302,63,142
222,304,72,140
209,302,86,142
201,303,96,141
199,305,95,140
105,309,88,138
106,309,80,139
109,311,69,138
113,311,63,138
113,311,54,138
113,311,55,135
110,309,61,137
214,301,53,142
205,301,60,144
190,302,75,145
175,301,95,145
84,309,93,137
85,307,90,139
88,308,93,140
86,311,91,139
87,310,99,140
195,304,82,145
199,302,76,148
204,302,69,146
210,302,62,148
214,302,61,146
215,302,59,146
119,309,68,138
120,310,75,137
123,309,79,138
127,310,83,136
136,309,81,138
140,312,86,137
233,303,86,145
237,302,86,145
244,296,78,150
253,293,69,153
259,293,63,151
258,293,63,148
269,296,59,145
262,294,66,147
261,293,73,147
256,290,84,148
255,288,89,149
257,286,92,148
247,285,104,149
264,281,90,151
267,282,91,149
261,277,96,152
284,280,72,149
282,281,69,149
200,288,60,142
282,284,72,148
280,281,74,152
272,283,88,149
281,283,95,152
280,288,95,146
300,285,96,148
318,282,90,151
327,282,92,149
339,279,88,150
336,278,87,151
337,280,77,150
343,280,62,150
339,281,61,147
335,281,62,150
332,282,65,150
327,280,68,151
316,280,78,150
319,277,73,154
316,278,75,153
302,278,87,153
295,282,91,150
292,281,92,152
287,282,93,151
287,281,87,153
280,284,82,150
292,283,61,153
290,286,55,153
287,284,53,154
275,285,62,153
264,284,70,153
196,290,67,144
186,290,77,144
183,290,78,144
180,289,86,146
190,287,79,149
189,289,83,151
197,287,77,152
262,283,76,155
264,281,68,157
263,282,62,154
199,286,56,149
262,281,63,155
251,281,73,155
245,283,78,154
239,283,84,155
220,283,94,156
230,282,88,159
217,286,96,156
226,286,87,157
223,287,85,160
225,287,79,159
223,289,79,158
221,289,73,160
212,291,68,158
225,290,60,158
224,294,65,155
222,293,76,155
228,289,76,159
221,292,91,157
228,294,93,155
232,295,98,155
251,298,92,154
266,294,91,156
288,294,81,154
296,290,79,159
302,288,74,160
311,288,62,157
317,286,57,157
317,285,58,159
318,286,62,157
319,285,68,157
331,284,68,157
342,283,68,157
349,286,72,153
299,286,76,150
308,288,72,152
309,287,65,153
318,285,63,152
331,282,60,152
362,280,60,155
357,278,68,157
355,274,77,160
347,274,82,158
353,271,71,163
345,274,80,159
331,275,87,157
344,273,76,157
294,279,75,147
305,277,63,154
308,278,60,155
317,277,57,153
324,276,56,152
361,270,74,157
361,270,69,159
340,275,61,154
364,270,61,160
361,269,66,159
368,268,66,160
370,269,72,158
359,271,80,152
340,271,71,149
336,272,66,149
349,269,65,154
389,268,71,159
378,270,61,156
374,271,71,154
370,271,65,156
365,271,65,156
361,271,72,155
356,272,72,157
349,273,82,156
326,271,86,157
319,273,97,156
326,273,88,155
301,273,99,158
299,281,97,154
303,281,77,154
313,279,79,158
307,278,80,161
299,278,74,161
289,282,71,161
283,285,61,158
282,290,62,158
279,295,65,156
271,298,85,155
280,298,80,158
275,301,88,157
279,305,94,158
290,308,80,160
294,311,71,157
291,311,71,159
286,312,72,160
287,314,67,159
277,315,58,159
276,315,62,161
270,314,66,162
263,312,74,162
253,311,86,160
245,309,97,160
240,313,102,156
242,314,105,160
245,319,105,161
247,322,98,160
248,321,92,162
250,317,89,165
248,318,74,164
245,319,65,165
245,323,59,163
248,322,60,164
241,322,68,163
225,323,85,162
219,323,95,163
214,323,104,162
214,323,108,163
220,324,108,163
238,327,93,164
242,328,88,163
248,322,82,164
253,323,73,163
259,323,64,162
258,316,58,164
255,320,62,161
252,320,68,162
241,320,82,162
229,321,99,164
223,327,122,158
224,327,121,160
230,328,117,162
250,332,104,161
264,326,97,165
270,326,95,169
280,329,85,164
288,328,69,166
300,327,61,162
305,328,65,163
309,327,68,163
304,326,80,162
302,327,95,161
305,328,105,161
310,328,108,161
325,331,108,160
338,328,98,162
347,327,92,164
351,327,92,164
355,328,82,164
360,331,64,163
361,333,56,161
357,332,60,163
356,333,62,162
342,332,76,162
326,331,90,160
316,330,104,159
315,331,108,155
311,330,116,154
323,331,107,155
322,328,108,158
329,329,98,158
332,329,92,159
335,327,80,160
338,328,76,154
340,326,61,158
338,327,68,156
333,325,76,156
326,326,83,155
317,326,96,153
322,327,94,152
330,326,89,152
322,325,100,155
330,325,93,154
328,324,92,154
331,324,76,152
331,321,71,153
331,320,67,151
326,316,67,156
317,319,65,151
302,319,75,154
292,320,79,152
300,321,70,151
269,323,104,148
279,324,92,147
266,323,97,151
276,326,96,152
280,326,83,150
279,326,81,151
276,323,75,154
280,323,65,154
299,322,61,151
287,323,57,151
296,325,61,148
311,325,55,144
303,324,61,145
311,324,61,145
313,323,60,142
316,323,60,142
316,321,65,144
315,319,57,145
317,319,66,146
317,319,60,145
322,319,56,144
316,319,54,142
281,317,59,145
266,317,68,149
315,320,56,142
304,321,61,140
298,319,71,145
288,322,75,140
231,324,89,145
297,328,67,144
296,331,74,142
296,333,73,143
243,332,70,148
243,331,70,144
241,329,70,148
244,326,58,148
242,322,55,150
297,324,52,140
240,323,69,144
232,320,75,148
284,319,71,145
282,324,73,141
276,324,80,145
280,320,74,146
277,321,74,143
280,315,71,149
280,322,62,141
278,322,59,141
276,321,53,141
270,321,53,138
264,315,57,142
256,315,62,140
262,315,54,138
256,313,61,140
256,311,60,140
247,306,74,143
245,301,81,143
185,300,89,144
252,295,80,143
253,295,69,140
261,292,65,141
204,290,68,141
210,281,65,147
220,279,66,147
221,278,58,148
223,278,60,144
215,274,74,138
208,269,81,138
211,263,81,139
221,260,78,140
304,263,71,135
331,264,67,135
347,263,63,135
352,263,59,134
354,262,57,135
353,258,55,135
353,255,50,133
355,255,53,131
348,251,62,133
272,251,76,138
338,251,78,133
339,243,79,140
349,247,80,132
365,243,80,135
380,248,78,129
395,249,68,131
395,251,71,132
332,248,65,140
340,252,59,137
421,247,54,135
353,246,48,138
425,247,48,131
429,239,50,131
428,238,54,130
423,238,61,130
420,236,66,131
417,238,67,130
403,238,65,130
322,232,70,139
388,228,65,130
384,224,59,129
304,212,50,138
304,202,47,142
381,208,45,128
389,209,43,124
382,208,53,128
367,212,68,128
286,215,79,130
360,210,81,136
312,219,82,129
334,225,80,129
362,230,76,134
387,234,75,137
457,242,71,133
395,244,65,133
460,241,69,132
462,239,57,133
460,240,53,130
380,235,57,135
376,230,56,132
441,232,56,128
437,236,63,129
361,236,68,134
366,241,65,129
374,241,62,134
371,248,66,130
438,253,68,128
442,256,59,132
524,253,62,148
445,249,60,145
374,265,53,129
442,255,49,140
355,273,59,129
346,267,68,136
336,274,78,128
418,274,70,125
338,273,83,128
421,270,77,128
516,270,78,142
504,265,90,144
436,268,73,132
439,269,70,130
447,271,66,127
458,272,58,128
390,273,51,128
468,269,51,128
476,270,48,127
497,277,48,124
507,278,48,127
512,281,55,122
519,279,55,124
438,282,65,123
445,280,61,128
517,283,58,123
510,286,56,124
507,284,56,128
507,281,53,128
430,278,51,128
424,279,47,126
410,280,55,122
393,280,62,121
383,273,69,127
375,276,77,126
375,282,83,121
496,273,89,142
394,283,80,119
398,282,75,124
396,280,74,125
395,281,74,125
396,282,69,122
396,283,60,121
400,286,48,119
400,287,47,121
400,290,48,120
398,290,50,120
399,290,54,117
484,286,55,123
484,284,57,130
485,283,63,128
490,280,63,134
491,279,63,135
485,275,63,133
482,273,62,134
486,271,61,134
400,275,57,124
401,277,51,119
400,276,50,120
479,272,61,132
466,270,71,134
461,271,76,132
510,269,65,133
498,272,71,131
445,273,75,130
435,272,77,131
432,276,73,127
423,272,80,130
335,274,71,121
334,272,66,123
335,279,62,117
334,277,62,121
334,276,59,122
331,279,53,118
332,279,49,118
330,280,45,117
336,280,43,116
336,280,47,117
331,281,49,115
333,282,50,116
335,283,52,114
338,283,53,115
340,284,52,115
343,286,51,115
344,284,52,117
344,285,48,115
343,284,47,118
339,287,53,117
339,288,50,116
338,290,53,115
337,285,53,121
336,289,61,119
405,289,66,122
406,288,68,124
343,287,65,121
348,287,62,121
414,285,69,125
355,289,56,116
358,289,57,115
361,286,56,117
362,286,53,117
365,287,55,115
363,286,54,115
372,286,56,114
365,284,59,115
376,285,47,114
429,286,56,118
426,285,58,120
428,285,56,121
371,286,57,114
372,286,53,113
367,286,53,114
368,287,48,112
373,289,53,112
369,287,43,114
369,290,41,111
370,287,40,114
407,289,61,117
405,291,64,118
414,292,69,115
406,294,65,116
364,286,58,122
370,294,58,113
359,298,57,111
374,296,58,113
394,295,58,117
392,294,57,117
362,300,52,110
363,298,45,111
402,297,50,115
358,300,44,109
395,299,50,113
388,299,54,113
388,299,62,114
384,300,62,113
425,297,58,117
350,302,45,109
352,302,44,107
355,301,42,108
359,303,45,104
437,298,45,113
361,299,43,108
367,295,44,113
372,297,44,113
438,297,49,113
428,295,52,114
360,300,45,107
379,300,50,110
375,298,54,112
370,300,55,110
364,297,45,113
356,296,39,111
376,300,51,108
376,297,55,113
412,294,53,117
417,297,50,114
409,295,49,116
356,301,41,108
358,302,41,108
359,305,47,107
358,304,50,110
358,305,49,107
348,304,52,108
350,303,54,107
340,301,51,109
340,301,46,107
331,302,51,105
335,301,47,108
389,297,42,111
384,298,48,111
341,299,45,108
390,295,45,113
398,296,52,109
387,295,55,110
410,296,53,108
408,296,48,109
421,291,52,113
349,298,58,104
346,295,56,107
347,295,59,106
351,289,53,108
369,292,48,106
421,289,46,110
395,291,49,105
423,288,41,108
351,288,46,104
343,286,46,104
379,282,47,106
373,279,58,105
379,278,48,106
368,278,52,105
368,284,48,103
331,291,50,100
370,289,42,106
369,293,44,105
368,297,37,103
363,299,38,104
360,302,51,104
416,295,48,113
409,302,50,107
406,308,48,102
405,309,45,104
337,312,50,101
311,318,53,98
333,317,47,102
301,322,50,100
295,325,54,101
289,327,53,101
286,329,51,102
282,330,51,102
281,332,50,102
277,335,46,100
271,336,49,99
313,333,44,101
266,340,46,96
267,339,49,99
263,340,52,98
266,338,53,98
266,335,54,99
273,334,52,99
271,335,45,97
277,332,51,98
286,331,45,97
291,330,47,97
287,331,45,97
291,328,52,97
291,327,54,95
287,326,61,95
299,321,61,96
295,321,60,94
340,314,48,99
413,305,47,107
421,303,41,108
415,303,42,106
363,307,45,99
373,310,44,96
373,312,41,94
398,312,45,96
387,318,41,95
392,316,38,99
393,316,39,98
392,314,40,100
339,318,40,96
340,318,42,94
387,314,39,96
388,313,41,98
344,312,44,95
352,307,45,97
354,304,46,95
355,300,47,95
404,295,38,100
408,293,37,98
410,289,39,99
408,286,41,98
413,281,39,98
424,279,41,99
374,281,40,94
382,281,45,93
433,277,38,100
459,278,40,96
465,275,41,94
497,274,42,97
506,272,35,97
458,274,38,94
470,276,38,95
484,279,42,94
529,280,38,96
537,282,35,94
543,283,34,93
506,287,37,94
554,284,34,95
557,285,33,95
556,285,32,95
557,285,30,95
504,286,36,94
546,284,37,96
545,282,40,97
537,280,40,98
534,281,38,97
536,281,38,95
529,281,39,96
526,281,41,97
523,285,41,96
520,286,42,97
515,288,40,97
511,289,39,96
499,291,38,94
486,291,37,96
486,295,37,94
426,297,38,94
421,299,35,93
417,299,40,94
416,299,40,94
415,298,44,94
454,294,37,96
454,292,36,97
407,290,37,94
407,287,35,93
404,281,37,94
452,275,35,96
404,274,35,94
405,272,37,94
452,269,34,96
453,268,33,95
456,268,30,95
502,265,34,97
451,267,35,94
452,267,30,94
450,267,31,94
450,268,31,94
401,269,36,94
446,268,35,95
443,270,35,93
436,271,38,94
428,271,34,95
429,272,37,95
424,273,39,96
427,276,35,95
427,279,34,95
427,281,35,95
421,282,36,93
419,281,38,96
415,281,38,96
413,280,41,96
410,280,39,98
408,282,38,97
405,283,39,97
403,283,39,97
402,287,35,94
