0.004169
0.033980
0.028275
0.032786
0.033359
0.031681
0.032658
0.023462
0.030842
0.021922
0.023635
0.032455
0.032949
0.015414
0.021270
0.032914
0.031375
0.033111
0.022809
0.032224
0.031756
0.031050
0.019302
0.028443
0.031421
0.030659
0.027904
0.031014
0.016846
0.019302
0.032247
0.034851
0.033677
0.032816
0.016194
0.015740
0.015038
0.017089
0.033889
0.033370
0.027843
0.032884
0.016063
0.015319
0.030797
0.017129
0.014815
0.015763
0.015573
0.020551
0.015229
0.015500
0.017119
0.018792
0.018741
0.033145
0.031636
0.027467
0.031240
0.019787
0.033113
0.033039
0.031249
0.032250
0.030226
0.032304
0.024158
0.030676
0.032994
0.033087
0.031065
0.027389
0.034099
0.035484
0.024779
0.033028
0.033054
0.028238
0.031829
0.032661
0.032448
0.032464
0.032665
0.031620
0.032747
0.032021
0.029058
0.029500
0.032032
0.024014
0.024266
0.032133
0.031710
0.025597
0.031463
0.032850
0.031654
0.024250
0.031037
0.031495
0.031908
0.025678
0.031207
0.031375
0.031568
0.016124
0.015170
0.031826
0.032624
0.031562
0.031829
0.023882
0.030986
0.032553
0.025044
0.032481
0.033507
0.032480
0.027535
0.016499
0.031920
0.031432
0.034058
0.016692
0.032905
0.028936
0.032257
0.031832
0.031222
0.029958
0.016327
0.034503
0.031641
0.031719
0.017889
0.030920
0.032071
0.025302
0.033262
0.034181
0.032551
0.022631
0.030137
0.033959
0.026521
0.032998
0.032076
0.032267
0.031197
0.031044
0.030594
0.032184
0.031475
0.033604
0.031946
0.026128
0.031319
0.031570
0.031801
0.026930
0.032366
0.032459
0.026640
0.014879
0.015103
0.017420
0.020050
0.030765
0.035450
0.031751
0.030592
0.028934
0.015356
0.015365
0.015176
0.016600
0.028204
0.032505
0.031335
0.030998
0.032075
0.031749
0.030963
0.030975
0.026539
0.031205
0.031366
0.032824
0.030802
0.030729
0.018035
0.032838
0.031647
0.028908
0.032532
0.018486
0.030328
0.032969
0.022392
0.032637
0.024509
0.031977
0.031122
0.031622
0.030763
0.024857
0.033010
0.031595
0.016805
0.016458
0.018303
0.032267
0.032409
0.019314
0.031472
0.031909
0.031266
0.031605
0.032136
0.028874
0.030922
0.030866
0.031395
0.031286
0.032207
0.031553
0.030448
0.023936
0.031314
0.028672
0.032172
0.031158
0.026965
0.033122
0.032570
0.022733
0.036471
0.030813
0.034052
0.033526
0.032508
0.031891
0.031815
0.032505
0.032654
0.028444
0.031488
0.030526
0.029636
0.026964
0.034125
0.027092
0.031437
0.031874
0.032026
0.032825
0.028471
0.020470
0.032569
0.015764
0.018561
0.016304
0.018682
0.015200
0.015451
0.015779
0.016245
0.020712
0.033977
0.031611
0.026228
0.032391
0.019264
0.032762
0.031463
0.024050
0.032775
0.031333
0.032372
0.019815
0.031049
0.032372
0.032248
0.033040
0.018733
0.031538
0.030633
0.031986
0.029947
0.015762
0.016505
0.032944
0.031433
0.030532
0.027186
0.032464
0.025932
0.032373
0.020524
0.031156
0.032348
0.031308
0.030228
0.030847
0.031981
0.014909
0.025200
0.028126
0.031807
0.026265
0.032920
0.031238
0.031876
0.032991
0.019523
0.033274
0.027378
0.031393
0.024942
0.032694
0.019286
0.016933
0.015849
0.022795
0.032361
0.016154
0.018232
0.015667
0.014927
0.019681
0.030354
0.032585
0.031412
0.034875
0.025609
0.032348
0.021944
0.028606
0.024024
0.031274
0.023600
0.025407
0.030985
0.024320
0.033051
0.027405
0.015893
0.015225
0.033112
0.030910
0.026740
0.034735
0.027418
0.032215
0.031146
0.023614
0.031655
0.033222
0.024633
0.032762
0.031721
0.025301
0.033051
0.030187
0.024341
0.032222
0.024683
0.029136
0.030949
0.032618
0.032331
0.034534
0.026719
0.030713
0.034277
0.033890
0.033974
0.020391
0.031897
0.033267
0.032295
0.033320
0.031745
0.033000
0.032224
0.020017
0.033762
0.034678
0.018794
0.034040
0.031909
0.022030
0.034026
0.024430
0.033198
0.031643
0.019667
0.016400
0.016481
0.015966
0.015926
0.016344
0.028882
0.031917
0.032280
0.032162
0.033802
0.032642
0.034051
0.034095
0.029908
0.032738
0.034393
0.030974
0.033102
0.031062
0.031807
0.025635
0.030371
0.033128
0.034315
0.033289
0.034704
0.033056
0.034907
0.032836
0.025868
0.032104
0.021751
0.019668
0.025045
0.031874
0.032620
0.027190
0.025453
0.016751
0.018839
0.026681
0.030864
0.032269
0.031593
0.030946
0.022843
0.031679
0.031010
0.021369
0.027521
0.033320
0.025549
0.031321
0.032807
0.019535
0.034333
0.032076
0.031782
0.032322
0.032279
0.020519
0.032783
0.031735
0.031731
0.025117
0.019203
0.015119
0.029397
0.031703
0.024908
0.032747
0.017143
0.031268
0.030120
0.025922
0.032118
0.032162
0.031564
0.014274
0.014969
0.014914
0.033085
0.033259
0.031494
0.032309
0.032505
0.015751
0.030591
0.033545
0.036118
0.022451
0.030676
0.031703
0.031483
0.015862
0.015795
0.017770
0.015726
0.015375
0.032598
0.036545
0.032170
0.031447
0.031736
0.030627
0.033699
0.031367
0.023293
0.032403
0.032475
0.026999
0.030378
0.019424
0.032274
0.030728
0.026421
0.031597
0.033223
0.022328
0.033045
0.018627
0.018088
0.016489
0.022680
