0.004318
0.023060
0.033204
0.035066
0.026963
0.033197
0.029496
0.031501
0.035631
0.030807
0.027908
0.034450
0.033535
0.032389
0.028226
0.026198
0.033676
0.039320
0.034770
0.018215
0.032884
0.035409
0.030555
0.033298
0.035685
0.035256
0.033724
0.030781
0.036370
0.033987
0.033607
0.034373
0.036589
0.032271
0.032215
0.033678
0.035093
0.033525
0.033583
0.033970
0.032416
0.033644
0.028736
0.032908
0.025483
0.029963
0.034482
0.032667
0.031324
0.034048
0.027900
0.033086
0.033443
0.030207
0.033728
0.025540
0.034145
0.035324
0.033978
0.036233
0.034512
0.023846
0.035099
0.016790
0.032706
0.036004
0.034353
0.033050
0.032113
0.034971
0.037648
0.034292
0.035306
0.035049
0.033031
0.032866
0.034465
0.026415
0.033817
0.033032
0.033946
0.035393
0.034356
0.032636
0.035038
0.032904
0.027156
0.033058
0.021141
0.019947
0.031888
0.030000
0.034174
0.032673
0.028214
0.033246
0.018535
0.035128
0.032596
0.018788
0.019475
0.021370
0.028909
0.034144
0.031701
0.033577
0.023230
0.032240
0.033582
0.032621
0.033678
0.034252
0.017968
0.027332
0.033748
0.032499
0.033525
0.018739
0.034437
0.016824
0.027755
0.033324
0.033349
0.032054
0.032587
0.023654
0.024835
0.023254
0.032791
0.034698
0.029892
0.028993
0.025191
0.034187
0.029922
0.034252
0.030714
0.033114
0.033928
0.032637
0.033437
0.024222
0.028779
0.023392
0.030688
0.020484
0.032654
0.016902
0.019561
0.019527
0.033023
0.037111
0.033985
0.033060
0.033228
0.033685
0.033091
0.027241
0.027450
0.024590
0.033305
0.019546
0.016732
0.032372
0.026754
0.024096
0.035835
0.018104
0.023860
0.033480
0.019743
0.016894
0.021882
0.032504
0.036827
0.029871
0.033541
0.033829
0.025470
0.034517
0.033072
0.034178
0.034050
0.033981
0.025234
0.029806
0.034783
0.019862
0.034230
0.032135
0.031930
0.031209
0.026689
0.035541
0.034926
0.016726
0.022159
0.030834
0.033272
0.031408
0.021182
0.017562
0.033483
0.025182
0.029661
0.020926
0.033056
0.020021
0.032777
0.019888
0.034193
0.033970
0.034696
0.034677
0.026915
0.024618
0.017525
0.033948
0.032978
0.025791
0.033250
0.028458
0.024595
0.029442
0.020442
0.020705
0.032307
0.036630
0.033978
0.034675
0.022579
0.034693
0.027280
0.020996
0.021237
0.019370
0.032971
0.032367
0.020533
0.032279
0.021392
0.021167
0.034993
0.018844
0.031446
0.021225
0.036697
0.026564
0.028980
0.021422
0.017721
0.033213
0.025707
0.032147
0.032269
0.024065
0.033742
0.025644
0.031651
0.033059
0.018147
0.017283
0.016181
0.034728
0.020258
0.032772
0.036608
0.017536
0.018882
0.016929
0.033325
0.034693
0.032144
0.034349
0.020973
0.017892
0.016324
0.032454
0.017889
0.036360
0.033399
0.025565
0.017393
0.022265
0.021451
0.016331
0.017217
0.034508
0.033495
0.032140
0.017836
0.020651
0.017854
0.018229
0.026288
0.026287
0.025535
0.019610
0.017090
0.020589
0.016818
0.032037
0.033986
0.033535
0.033081
0.032725
0.032762
0.021074
0.021209
0.034516
0.035009
0.017420
0.019542
0.033172
0.027872
0.029119
0.016944
0.033229
0.019089
0.033199
0.026206
0.031940
0.033139
0.025877
0.019140
0.034478
0.032647
0.038713
0.034054
0.035138
0.034042
0.032397
0.024979
0.033269
0.033849
0.029790
0.031571
0.028204
0.032946
0.030294
0.031882
0.033934
0.025409
0.017030
0.028009
0.032546
0.034413
0.032699
0.032372
0.034287
0.017913
0.031168
0.035932
0.035508
0.034401
0.033182
0.033548
0.017761
0.032315
0.032815
0.034546
0.032269
0.033085
0.032578
0.034005
0.032973
0.020574
0.033180
0.032755
0.033528
0.034255
0.021025
0.033762
0.034188
0.027127
0.033574
0.033148
0.033653
0.032177
0.032301
0.020208
0.033883
0.034195
0.033375
0.026917
0.034321
0.032906
0.037574
0.023671
0.034658
0.018579
0.033641
0.033400
0.017289
0.032433
0.033014
0.034367
0.033536
0.033599
0.020637
0.034385
0.022240
0.021653
0.026013
0.024642
0.032798
0.031995
0.033096
0.033155
0.035481
0.017124
0.033163
0.035408
0.032063
0.033428
0.032918
0.032530
0.032486
0.035166
0.035006
0.034032
0.033652
0.029244
0.033643
0.033824
0.033115
0.033302
0.034349
0.020018
0.031885
0.036627
0.033480
0.031931
0.034011
0.032429
0.027762
0.027633
0.034367
0.033161
0.032382
0.032974
0.034021
0.032931
0.023969
0.027766
0.033430
0.032988
0.033074
0.032913
0.033282
0.032868
0.033965
0.033701
0.032762
0.034134
0.034704
0.033743
0.025435
0.033711
0.033515
0.034621
0.019092
0.032596
0.033269
0.028810
0.036264
0.019590
0.023515
0.032915
0.034112
0.022394
0.028701
0.027273
0.019756
0.031537
0.020524
0.034109
0.032542
0.034579
0.024592
0.025278
0.031513
0.033735
0.033232
0.032215
0.024273
0.030953
0.028349
0.016947
0.020938
0.034292
0.033379
0.032102
0.032872
0.032261
0.032409
0.034386
0.025955
0.028019
0.022084
0.019387
0.033577
0.018526
0.017029
0.027915
0.032214
0.032917
0.016377
0.034327
0.034155
0.032534
0.032914
0.032504
0.020799
0.032470
0.033567
0.032285
0.031030
0.017679
0.031848
0.031441
0.033446
0.027646
0.033695
0.031636
0.030210
0.031162
0.019593
0.016423
0.028661
0.032855
0.034956
0.033371
0.033553
0.034688
0.016846
0.032970
0.032493
0.019710
0.033035
0.033318
0.033054
0.034244
0.031098
0.033025
0.034831
0.032444
0.033487
0.035154
0.033125
0.032737
0.017116
0.037639
0.022995
0.036315
0.025781
0.027067
0.036447
0.031219
0.028701
0.033141
0.037371
0.032068
0.033645
0.024415
0.030961
0.029241
0.033390
0.033473
0.017798
0.020801
0.027834
0.023523
0.033110
0.026091
0.021845
0.033532
0.035421
0.033000
0.029956
0.028774
0.034131
0.033952
0.020798
0.032165
0.033472
0.029558
0.033727
0.032770
0.033419
0.019096
0.032775
0.019790
0.032706
0.032634
0.023193
0.033732
0.033778
0.029782
0.028100
0.035870
0.034840
0.033940
0.017552
0.032274
0.033153
0.034637
0.017666
0.032860
0.033803
0.018632
0.027582
0.022184
0.036433
0.032977
0.034154
0.035606
0.038819
0.032676
0.035388
0.027725
0.032114
0.033453
0.032140
0.034615
0.027365
0.034658
0.020473
0.029452
0.017729
0.019717
0.033624
0.029300
0.035518
0.026127
0.018129
0.019948
0.017040
0.034535
0.032197
0.033876
0.031897
0.018219
0.019130
0.016599
0.032434
0.033849
0.031748
0.033137
0.027402
0.020372
0.034737
0.033221
0.034578
0.031920
0.032540
0.032301
0.015987
0.033189
0.033203
0.029988
0.034115
0.026398
0.034165
0.031449
0.033980
0.033384
0.021582
0.036006
0.034838
0.031406
0.022390
0.027163
0.034055
0.026994
0.033721
0.019719
0.035425
0.033770
0.034352
0.033881
0.034294
0.026498
0.033837
0.031470
0.030618
0.033778
0.034354
0.019463
0.033971
0.022406
0.032752
0.033865
0.022310
0.026712
0.035078
0.031168
0.035285
0.016585
0.017514
0.028318
0.033314
0.017150
0.017675
0.017036
0.034861
0.030387
0.024838
0.022305
0.025746
0.033557
0.035596
0.031109
0.033309
0.028581
0.028469
0.034087
0.032537
0.021398
0.025726
0.034210
0.031740
0.034608
0.034083
0.023008
0.032807
0.030540
0.034219
0.033986
0.033983
0.032664
0.034941
0.031120
0.034208
0.036290
0.033017
0.032401
0.032152
0.033483
0.032195
0.020359
0.031542
0.033700
0.023733
0.033080
0.032217
0.032092
0.031172
0.033955
0.031428
0.020085
0.033983
0.032890
0.017218
0.034602
0.028333
0.033177
0.034534
0.034488
0.030306
0.032845
0.017337
0.016501
0.032641
0.026764
0.033054
0.021727
0.017242
0.029599
0.031826
0.034331
0.033672
0.034457
0.027364
0.033209
0.028740
0.032691
0.033229
0.031861
0.028467
0.032279
0.033388
0.021553
0.032401
0.031274
0.033062
0.032738
0.035598
0.033316
0.034063
0.033672
0.017627
0.024155
0.033543
0.031888
0.024154
0.034279
0.020531
0.019722
0.033552
0.026419
0.034923
0.033293
0.034234
0.032019
0.025410
0.031889
0.030513
0.034815
0.025558
0.033143
0.035542
0.033670
0.019483
0.020765
0.036066
0.033633
0.032465
0.035648
0.028455
0.032545
0.033743
0.035336
0.037283
0.024674
0.019899
0.031863
0.034311
0.016999
0.026645
0.034245
0.033247
0.032119
0.033856
0.028314
0.033255
0.026132
0.024787
0.033044
0.032925
0.031050
0.033645
0.036035
0.018641
0.033580
0.017777
0.032135
0.021648
0.032629
0.025546
0.033473
0.032914
0.026666
0.033444
0.033288
0.032997
0.033597
0.033027
0.033632
0.032490
0.034682
0.027861
0.034480
0.032773
0.033466
0.028260
0.032614
0.034222
0.033270
0.033306
0.032424
0.034243
0.034514
0.030416
0.032202
0.021000
0.024426
0.033289
0.034831
0.034920
0.036547
0.035990
0.033577
0.032734
0.032952
0.026234
0.034637
0.017791
0.030125
0.025290
0.032582
0.032127
0.024869
0.036356
0.032315
0.026171
0.035534
0.031933
0.032976
0.034898
0.035474
0.033308
0.030509
0.033959
0.032258
0.027681
0.019763
0.030852
0.033003
0.016079
0.034545
0.028240
0.029717
0.033925
0.030586
0.035693
0.034174
0.031665
0.033855
0.036215
0.029255
0.030517
0.034784
0.016161
0.036168
0.028299
0.034464
0.032490
0.027770
0.026577
0.036195
0.028826
0.032057
0.033426
0.027278
0.019360
0.032625
0.035796
0.034974
0.035164
0.032743
0.020708
0.034060
0.033994
0.034345
0.033626
0.035558
0.027057
0.034070
0.019886
0.034318
0.022620
0.031845
0.016545
0.032399
0.022667
0.026638
0.033688
0.029521
0.033161
0.029558
0.029978
0.035192
0.034288
0.017635
0.032499
0.034015
0.034865
0.034516
0.033406
0.032942
0.020286
0.034470
0.033023
0.033733
0.032662
0.032569
0.033418
0.033741
0.033149
0.030635
0.029981
0.030061
0.033408
0.029381
0.034076
0.033755
0.033023
0.018897
0.034804
0.022536
0.017405
0.032934
0.034212
0.020746
0.033983
0.035953
0.034674
0.034560
0.036033
0.017659
0.036971
0.034980
0.034413
0.036475
0.034342
0.021424
0.032258
0.029349
0.034019
0.034134
0.033536
0.032820
0.021520
0.035375
0.035761
0.033102
0.033577
0.023213
0.030946
0.036817
0.028237
0.024422
0.033890
0.033491
0.027770
0.033728
0.018011
0.034799
0.034298
0.033655
0.033625
0.033506
0.033535
0.034916
0.026046
0.032482
0.021781
0.033553
0.033169
0.028527
0.034296
0.027232
0.025325
0.035431
0.033245
0.033772
0.033458
0.018323
0.033884
0.032225
0.029199
0.031531
0.033324
0.036605
0.029467
0.026118
0.033863
0.026633
0.034370
0.033088
0.032900
0.033183
0.034230
0.033854
0.021686
0.025647
0.033583
0.034718
0.034776
0.034879
0.018260
0.028580
0.034180
0.034732
0.034170
0.019446
0.034210
0.027488
0.029573
0.018866
0.034698
0.033831
0.032422
0.035371
0.036974
0.034003
0.033830
0.030156
0.032899
0.027438
0.034377
0.034046
0.031594
0.034181
0.034186
0.035350
0.040399
0.033331
0.029850
0.025290
0.034863
0.033116
0.033542
0.033168
0.034421
0.029480
0.034334
0.028613
0.031481
0.032540
0.021147
0.034399
0.034136
0.032290
0.033194
0.026035
0.034400
0.032263
0.035030
0.033298
0.018597
0.018547
0.035554
0.033078
0.036725
0.034092
0.033880
0.034726
0.034303
0.025632
0.025797
0.032378
0.028079
0.025314
0.031681
0.030171
0.033176
0.033813
0.033396
0.033283
0.027718
0.033783
0.034883
0.032826
0.029504
0.023471
0.026459
0.032431
0.030675
0.033886
0.026141
0.033645
0.035518
0.034331
0.032477
0.023802
0.031802
0.035184
0.030457
0.029366
0.032770
0.031551
0.031887
0.034973
0.033132
0.029359
0.025957
0.033251
0.029293
0.033419
0.036992
0.028872
0.032874
0.032787
0.032493
0.033704
0.032589
0.034212
0.034499
0.030319
0.032007
0.027055
0.034731
0.032804
0.033281
0.021005
0.024369
0.034717
0.036170
0.034504
0.032456
0.020823
0.035165
0.033513
0.034158
0.032902
0.038819
0.033431
0.030755
0.033853
0.030899
0.033175
0.035098
0.034894
0.034230
0.034276
0.033552
0.025903
0.017637
0.026301
0.021924
0.035852
0.025126
0.033900
0.029817
0.034123
0.033525
0.033568
0.033294
0.020199
0.033994
0.033018
0.021096
0.018141
0.018533
0.034300
0.033728
0.033430
0.031239
0.029827
0.034637
0.035418
0.025170
0.023036
0.032673
0.028296
0.020488
0.036044
0.035255
0.032376
0.023912
0.032356
0.034542
0.034197
0.035299
0.033183
0.031948
0.032393
0.034564
0.033153
0.017480
0.032508
0.032833
0.034221
0.033097
0.018039
0.033764
0.034392
0.035048
0.031585
0.034937
0.031678
0.033890
0.033415
0.028728
0.032631
0.020947
0.026258
0.033821
0.037911
0.032657
0.034047
0.033817
0.036152
0.033535
0.030801
0.032800
0.034194
0.035196
0.034453
0.034254
0.032260
0.033770
0.031290
0.034287
0.035154
0.037246
0.025856
0.036993
0.034700
0.032339
0.036304
0.018824
0.019261
0.018493
0.034635
0.032900
0.017814
0.023921
0.038792
0.019770
0.027762
0.029323
0.033493
0.030418
0.033006
0.032918
0.018993
0.033430
0.018234
0.035209
0.033736
0.035196
0.029344
0.032480
0.033314
0.029690
0.033511
0.034556
0.034544
0.025623
0.035546
0.036779
0.023577
0.034993
0.022754
0.019214
0.034316
0.035174
0.022638
0.032675
0.033322
0.035725
0.034463
0.038058
0.035892
0.033245
0.026894
0.038199
0.033771
0.033569
0.033812
0.032804
0.034635
0.034290
0.017677
0.035197
0.033522
0.032044
0.032977
0.019218
0.029462
0.038337
0.034597
0.033632
0.027355
0.025433
0.021276
0.033863
0.032404
0.031619
0.033130
0.020118
0.034153
0.038009
0.018742
0.019844
0.033379
0.034010
0.017895
0.031494
0.030780
0.031621
0.035982
0.024247
0.020164
0.020390
0.023375
0.033977
0.022836
0.032854
0.034596
0.036545
0.034449
0.035375
0.034876
0.031736
0.035196
0.035862
0.034370
0.037092
0.034695
0.028643
0.020067
0.018968
0.017870
0.017993
0.033849
0.023070
0.025798
0.016981
0.035633
0.035531
0.037903
0.035054
0.021305
0.034599
0.032776
0.034705
0.035676
0.033364
0.030594
0.034716
0.035519
0.035574
0.025428
0.017540
0.030618
0.032483
0.033825
0.025584
0.035619
0.033824
0.035144
0.034920
0.033988
0.035355
0.020025
0.029032
0.020241
0.032089
0.032580
0.033814
0.034225
0.036515
0.033065
0.034918
0.034146
0.026050
0.019799
0.016901
0.036304
0.036419
0.036356
0.036128
0.024100
0.033429
0.032249
0.037665
0.034039
0.017244
0.018108
0.034929
0.034388
0.035150
0.028629
0.035005
0.022046
0.024995
0.034858
0.034608
0.034278
0.035957
0.037857
0.035005
0.034724
0.036617
0.019532
0.034693
0.023021
0.034453
0.034415
0.020549
0.035360
