0.014009
0.018138
0.027716
0.019718
0.019073
0.018930
0.018058
0.019278
0.019542
0.018815
0.017539
0.018657
0.018908
0.017449
0.019868
0.019561
0.024028
0.019223
0.018989
0.023911
0.025317
0.022713
0.019127
0.019624
0.019616
0.024651
0.021854
0.019379
0.019640
0.019167
0.017862
0.019238
0.019747
0.017468
0.017211
0.024340
0.019279
0.018591
0.020370
0.017959
0.023529
0.019450
0.020423
0.018353
0.025779
0.018904
0.019724
0.021623
0.018174
0.018300
0.017782
0.017936
0.020617
0.022892
0.017916
0.023378
0.018467
0.019467
0.021799
0.030740
0.020495
0.021502
0.024690
0.017021
0.021608
0.016711
0.021147
0.016978
0.017686
0.019320
0.019173
0.017130
0.017485
0.016835
0.019408
0.016570
0.028132
0.018869
0.020395
0.019094
0.018526
0.030169
0.018214
0.017951
0.018518
0.016981
0.016849
0.017432
0.017822
0.016557
0.019097
0.017150
0.017766
0.017273
0.017648
0.017025
0.021816
0.024387
0.017396
0.016939
0.018548
0.017379
0.020875
0.019416
0.018542
0.017015
0.018558
0.017687
0.019127
0.016964
0.017440
0.016684
0.017296
0.019821
0.018190
0.016005
0.017031
0.016454
0.018196
0.016909
0.015987
0.017516
0.020944
0.017886
0.017208
0.027354
0.017601
0.017252
0.019742
0.020758
0.027964
0.016439
0.023332
0.018400
0.016357
0.017458
0.017498
0.016660
0.022044
0.017876
0.022604
0.018139
0.020328
0.020269
0.018898
0.017787
0.016070
0.017823
0.020899
0.019010
0.019977
0.020884
0.019851
0.017709
0.028660
0.018624
0.021890
0.019940
0.018558
0.020353
0.018567
0.019153
0.022162
0.018197
0.016859
0.025876
0.018068
0.018851
0.018080
0.018572
0.017584
0.018371
0.021569
0.031667
0.020527
0.019494
0.020108
0.019264
0.019256
0.021171
0.024340
0.018771
0.031350
0.020524
0.022085
0.033445
0.018553
0.030667
0.020295
0.023457
0.025064
0.017358
