0.001942
0.031615
0.027199
0.032251
0.024050
0.028291
0.033355
0.030810
0.034241
0.032939
0.020888
0.032874
0.031656
0.031069
0.031030
0.032016
0.028680
0.020725
0.033489
0.034151
0.032204
0.027322
0.033402
0.028576
0.027928
0.032638
0.032247
0.032220
0.023962
0.030469
0.030940
0.037476
0.031273
0.033832
0.023617
0.030613
0.032264
0.027642
0.032727
0.031537
0.032038
0.030997
0.032207
0.022096
0.031482
0.023872
0.031693
0.035301
0.028940
0.034092
0.031994
0.015506
0.025401
0.031751
0.031639
0.027347
0.032535
0.029881
0.033524
0.029604
0.031882
0.034111
0.020752
0.031766
0.032174
0.023657
0.031710
0.031412
0.032998
0.030973
0.029306
0.032197
0.034173
0.024230
0.020857
0.016263
0.019353
0.027255
0.032799
0.032692
0.025519
0.032209
0.030372
0.031553
0.033787
0.025645
