0.014937
0.025750
0.034501
0.034023
0.030932
0.015931
0.020741
0.015634
0.018878
0.036311
0.032159
0.033124
0.018495
0.020729
0.015197
0.016225
0.026228
0.033102
0.030061
0.023559
0.031655
0.032217
0.019646
0.015135
0.019315
0.018691
0.017385
0.017118
0.016819
0.016115
0.016041
0.016565
0.019587
0.018717
0.033140
0.031567
0.033942
0.029646
0.032615
0.028120
0.031573
0.027122
0.030590
0.031774
0.032137
0.021789
0.018818
0.032470
0.026281
0.031238
0.028049
0.032259
0.033202
0.032160
0.032220
0.028124
0.014806
0.020133
0.016953
0.031560
0.031345
0.030345
0.034040
0.029858
0.024752
0.016301
0.020736
0.015921
0.016151
0.035629
0.033583
0.033492
0.032544
0.033016
0.034780
0.033214
0.032216
0.035998
0.018790
0.019326
0.016797
0.017042
0.021118
0.017561
0.028442
0.032231
0.032215
0.030590
0.033857
0.034772
0.023835
0.034506
0.032682
0.033550
0.031692
0.017057
0.018843
0.016207
0.017945
0.015615
0.017480
0.025223
0.037129
0.034121
0.026367
0.022618
0.030974
0.024466
0.031264
0.031719
0.036890
0.034222
0.032782
0.035830
0.033257
0.032061
0.028018
0.032583
0.015958
0.017114
0.031833
0.032846
0.024209
0.034972
0.032734
0.029924
0.032483
0.019926
0.016720
0.017350
0.020397
0.016710
0.015799
0.018133
0.016315
0.016144
0.016555
0.019784
0.016660
0.015911
0.015671
0.021607
0.017606
0.016522
0.016320
0.019419
0.018833
0.017609
0.018626
0.017703
0.027475
0.032727
0.031816
0.031972
0.031170
0.032393
0.024776
0.032190
0.017796
0.017230
0.022252
0.045763
0.037403
0.045738
0.035750
0.039571
0.034475
0.033688
0.033618
0.038607
0.049422
0.034355
0.035660
0.040731
0.037841
0.022872
0.046000
0.029533
0.040073
0.020602
0.031796
0.035509
0.022328
0.033348
0.035537
0.047417
0.033142
0.041515
0.027126
0.045154
0.031690
0.031428
0.035397
0.024953
0.039900
0.039013
0.022104
0.019299
0.015433
0.036118
0.024009
0.031230
0.034271
0.022967
0.019954
0.019354
0.020051
0.016520
0.017553
0.017750
0.016171
0.018627
0.018002
0.026735
0.034836
0.032634
0.032362
0.031636
0.027975
0.032237
0.026640
0.021121
0.016807
0.023660
0.042534
0.035483
0.017879
0.015895
0.016074
0.017738
0.019515
0.044799
0.032420
0.027183
0.034413
0.023817
0.035218
0.032642
0.037785
0.032474
0.035082
0.025765
0.019524
0.018405
0.015161
0.019446
0.017314
0.016398
0.022013
0.015358
0.019431
0.015864
0.019791
0.021103
0.015071
0.014832
0.016876
0.015055
0.017023
0.017646
0.015708
0.016273
0.017121
0.016958
0.015983
0.016511
0.018360
0.032346
0.031628
0.025948
0.030711
0.042290
0.021818
0.031735
0.030927
0.032572
0.031459
0.032823
0.030916
0.032542
0.024204
0.016534
0.015289
0.016689
0.016504
0.026173
0.031670
0.032007
0.031528
0.031052
0.016160
0.015547
0.026304
0.016721
0.014508
0.019078
0.015716
0.014672
0.017011
0.017304
0.031857
0.021464
0.023010
0.018326
0.017570
0.020704
0.015277
0.015248
0.023393
0.035469
0.033262
0.015346
0.022460
0.018279
0.017286
0.017533
0.019243
0.014895
0.017651
0.020714
0.015878
0.016823
0.018365
0.015207
0.029546
0.028728
0.030933
0.033195
0.024313
0.032580
0.033726
0.032908
0.032263
0.020046
0.015911
0.015450
0.020484
0.026656
0.031910
0.031484
0.036705
0.032636
0.031897
0.031724
0.020451
0.017442
0.017448
0.015534
0.015944
0.019267
0.016370
0.017697
0.015304
0.015955
0.018898
0.017743
0.021867
0.033001
0.031192
0.017097
0.033201
0.033836
0.031898
0.031728
0.032168
0.030379
0.026904
0.017096
0.015417
0.016616
0.016152
0.018705
0.030840
0.020633
0.017297
0.017981
0.017448
0.015970
0.021598
0.018482
0.033788
0.031270
0.032013
0.032013
0.044647
0.049592
0.040145
0.033535
0.032719
0.035414
0.020788
0.020612
0.033985
0.017334
0.015709
0.016613
0.025485
0.033919
0.016379
0.021686
0.017429
0.030420
0.020799
0.019506
0.018127
0.016678
0.015343
0.015009
0.023961
0.017314
0.031752
0.033130
0.031739
0.031217
0.027062
0.022400
0.031717
0.031661
0.018480
0.016995
0.018933
0.018015
0.021770
0.028334
0.032532
0.030243
0.037535
0.030319
0.030712
0.034297
0.032460
0.029886
0.032107
0.031546
0.035292
0.033438
0.015584
0.014718
0.014951
0.029748
0.030384
0.016771
0.015618
0.017572
0.026952
0.035852
0.031451
0.033763
0.030457
0.018996
0.035444
0.028511
0.032515
0.031569
0.033662
0.017111
0.034431
0.027554
0.030871
0.033087
0.030426
0.033509
0.018578
0.034279
0.026115
0.025962
0.016339
0.015505
0.018071
0.034002
0.030827
0.031731
0.019464
0.031282
0.032833
0.018622
0.017577
0.024759
0.030817
0.031884
0.031482
0.032001
0.017159
0.016072
0.016183
0.026932
0.028254
0.032058
