345,188,31,74
341,187,34,74
335,189,35,71
329,190,34,73
323,188,34,75
316,186,31,82
309,186,31,83
301,188,31,82
297,187,32,83
291,189,30,84
286,191,30,79
280,195,31,75
274,196,29,74
264,188,29,76
261,184,34,85
253,195,33,79
254,200,29,73
242,201,34,77
241,207,35,76
202,203,62,81
212,177,65,101
203,198,57,84
213,199,55,86
263,205,48,71
253,218,31,70
280,199,38,83
309,192,44,89
328,191,64,94
343,185,47,93
380,189,41,85
418,194,41,89
500,187,45,84
495,189,47,85
499,198,40,81
505,201,37,78
481,194,52,84
496,196,43,82
497,203,39,73
503,203,32,72
505,201,34,75
478,189,56,87
493,193,43,81
461,203,46,81
497,192,42,85
476,199,52,81
461,189,56,100
431,186,46,93
495,192,41,81
507,204,33,67
506,204,36,70
479,192,54,84
502,189,46,83
511,193,35,78
508,201,34,70
494,200,43,81
480,202,48,84
507,201,38,86
435,210,38,76
481,209,46,73
518,205,41,78
546,195,48,90
550,184,39,91
550,204,42,74
462,205,64,76
441,205,78,61
418,214,49,81
450,219,44,89
472,216,47,76
484,217,79,83
420,265,51,104
427,263,57,95
419,235,76,104
423,266,86,90
430,261,77,85
388,233,94,112
401,268,103,95
377,257,131,95
388,255,96,96
377,265,125,106
308,243,114,85
294,217,110,98
324,214,96,87
345,218,60,91
326,219,60,87
328,219,70,92
318,221,80,97
348,231,83,81
399,246,50,99
405,250,49,100
410,249,68,97
397,234,98,102
376,239,131,82
401,256,70,92
408,257,48,101
404,264,40,87
406,243,43,91
394,254,48,85
402,239,46,86
410,262,41,83
405,259,36,86
394,243,47,97
335,221,62,93
351,225,60,85
355,225,71,92
334,232,65,91
307,225,53,86
322,218,69,83
377,215,99,85
403,202,126,93
435,185,120,101
319,219,52,95
405,231,54,81
384,263,46,74
380,261,65,65
415,230,41,87
390,257,36,81
378,215,32,77
369,217,31,73
354,212,28,67
344,217,28,72
310,211,30,61
312,219,28,73
301,220,27,55
300,204,28,71
282,195,29,57
258,221,28,73
249,227,38,84
227,223,35,86
219,220,30,82
206,224,34,82
194,227,36,81
169,223,40,89
163,229,42,83
147,222,40,91
133,229,46,84
125,221,36,92
107,234,41,80
91,246,45,66
139,246,42,72
186,216,47,99
246,215,39,99
290,233,41,84
344,251,32,65
394,254,28,63
452,227,25,69
501,234,28,75
524,230,35,87
522,229,32,80
498,239,35,87
488,241,32,82
482,234,34,80
466,236,31,81
471,226,39,74
437,245,38,82
467,226,44,89
399,257,47,67
396,244,31,81
377,237,35,80
367,237,36,81
349,242,37,78
338,238,41,81
334,240,36,77
312,242,37,76
304,247,32,73
286,244,37,73
280,237,38,83
266,245,33,75
254,258,38,63
243,263,33,56
225,240,43,82
224,261,41,62
221,247,34,74
216,251,30,70
199,241,40,78
194,244,38,78
188,237,40,83
181,248,39,73
216,250,50,72
249,245,44,78
283,253,34,70
305,249,36,70
326,242,39,77
326,250,36,67
322,253,35,65
304,208,40,78
296,206,46,112
295,242,42,77
298,242,37,77
281,229,41,87
289,237,43,83
338,238,33,80
370,235,30,83
398,230,43,87
438,240,39,77
464,236,37,82
456,245,37,72
444,243,39,76
441,248,36,72
438,241,34,79
427,239,37,79
415,239,45,80
411,241,44,80
409,241,37,79
404,240,37,80
391,241,37,78
386,243,37,77
383,242,33,78
374,240,34,80
361,237,40,82
355,241,41,79
353,239,39,81
348,242,41,80
342,246,38,74
334,242,38,77
332,244,33,77
367,242,31,77
394,240,34,78
420,241,39,78
449,239,39,78
480,241,40,80
485,238,38,79
475,240,38,77
467,239,35,78
462,238,31,81
456,238,31,80
453,239,30,79
445,240,36,78
443,239,36,79
466,240,38,79
496,237,36,81
516,238,38,78
546,240,37,77
576,239,32,76
597,241,30,75
608,239,22,78
608,242,21,74
606,240,23,75
602,240,28,75
595,239,33,75
588,238,35,73
584,239,31,75
578,236,29,76
571,234,29,77
560,236,38,74
558,235,38,77
552,234,35,75
545,235,36,76
538,237,37,74
536,237,34,74
533,236,28,75
526,236,28,75
514,236,34,74
509,237,37,74
506,236,32,69
501,236,32,75
492,238,34,74
487,239,32,72
483,236,28,74
478,237,28,75
468,238,31,74
463,237,34,73
458,237,34,74
453,237,34,76
447,238,33,74
440,239,33,70
434,238,34,72
433,237,27,73
424,236,29,74
413,237,37,72
405,236,41,73
404,235,36,72
403,235,33,74
397,237,32,72
390,238,33,71
386,236,30,72
379,236,28,73
371,236,34,71
365,236,36,70
362,235,32,73
357,234,31,74
349,235,30,71
343,237,32,70
340,235,29,71
337,235,26,71
330,235,28,73
317,236,37,70
314,234,36,73
308,234,32,72
303,234,29,73
299,236,31,71
296,236,31,71
293,233,28,72
284,233,30,72
275,234,35,69
272,233,34,71
270,231,31,71
267,232,28,72
260,233,29,69
257,233,29,70
252,230,28,72
244,231,30,71
237,233,34,68
235,232,34,69
232,231,30,69
228,230,30,70
225,232,29,68
220,231,29,69
221,230,28,69
216,229,28,69
209,231,32,69
207,230,32,67
205,229,31,69
203,229,30,70
200,229,30,68
197,228,30,66
195,228,28,68
194,227,27,69
186,227,29,68
184,227,30,66
216,227,30,66
249,225,31,67
280,222,29,69
307,225,29,65
302,224,27,65
298,223,25,66
294,223,25,66
287,223,28,66
283,223,30,65
281,223,30,64
277,221,27,67
273,222,27,65
270,223,28,64
266,221,27,66
264,220,26,67
259,221,28,65
254,222,29,62
253,220,28,64
250,219,26,65
246,219,27,64
244,220,27,63
242,219,26,63
239,218,26,64
236,217,25,64
233,217,27,62
230,218,28,63
228,216,26,64
225,215,26,64
224,217,26,62
222,216,26,63
220,215,25,62
217,215,24,62
215,215,25,62
214,214,26,62
212,213,26,63
210,212,26,62
209,213,25,62
208,213,25,61
207,212,24,61
205,211,25,62
203,211,24,62
200,211,25,61
199,210,25,61
199,209,25,61
197,209,25,61
196,209,25,59
195,209,25,60
194,208,25,60
194,206,24,60
195,207,24,59
193,207,24,59
193,206,24,60
191,205,24,59
191,205,25,59
191,206,25,59
191,205,25,58
192,204,25,59
191,203,26,60
191,203,26,59
193,204,25,59
193,203,25,59
193,202,23,59
193,202,24,57
193,202,24,54
195,201,24,57
196,201,23,58
197,201,24,58
198,201,25,57
199,200,24,57
199,199,23,58
201,201,23,56
203,200,23,56
204,200,24,56
205,198,24,56
205,199,25,57
207,199,25,57
206,198,24,56
208,197,23,57
209,197,23,57
209,198,23,56
210,198,23,56
211,197,24,57
211,195,25,58
212,196,26,56
211,196,25,57
212,195,23,57
210,195,23,57
209,195,23,56
211,195,23,55
210,195,22,55
210,195,23,56
210,194,25,56
209,196,25,52
209,194,23,55
208,194,21,55
207,193,22,55
207,195,22,53
207,194,22,54
208,193,21,54
207,193,22,55
207,192,22,55
207,193,23,53
207,193,23,54
205,194,22,54
204,193,22,52
203,192,22,51
204,193,22,52
204,192,23,54
203,192,23,53
203,189,23,51
224,178,25,46
200,192,23,53
199,190,21,52
198,189,21,51
197,191,21,52
197,191,20,52
197,192,21,52
196,190,22,54
194,190,23,54
193,182,25,56
190,185,24,55
189,185,23,57
188,187,22,52
186,187,21,55
184,174,26,66
184,183,22,58
184,177,25,60
181,185,25,52
179,188,24,52
181,174,25,56
175,187,24,53
173,186,24,53
171,186,22,52
172,186,21,52
172,185,24,52
172,184,25,51
165,185,28,50
161,187,26,49
158,184,25,53
157,176,23,60
156,185,23,51
177,184,22,50
152,187,21,50
149,186,20,50
147,186,20,51
145,186,21,48
143,185,22,51
140,184,22,52
138,184,22,51
135,142,20,44
133,104,20,40
130,86,19,49
128,86,20,49
125,86,21,51
122,86,24,49
120,86,24,49
118,84,22,51
114,81,22,53
112,82,19,53
111,83,20,51
108,81,20,53
105,82,21,53
105,79,20,56
102,75,22,61
99,74,24,59
97,73,22,55
96,70,22,64
94,68,23,64
93,71,24,62
