0.003305
0.026774
0.021174
0.037280
0.047638
0.034386
0.044068
0.039851
0.018940
0.034870
0.036353
0.019929
0.015794
0.019498
0.029321
0.017392
0.021950
0.041344
0.037167
0.032788
0.021886
0.018286
0.029634
0.034119
0.042621
0.033823
0.032884
0.020494
0.017243
0.016573
0.016398
0.024351
0.016475
0.015548
0.020203
0.034759
0.031436
0.031579
0.033426
0.020092
0.033890
0.030975
0.026953
0.035051
0.031604
0.021790
0.032242
0.031108
0.028672
0.021629
0.018787
0.015022
0.031761
0.032256
0.032267
0.031780
0.024489
0.027278
0.030513
0.014709
0.016893
0.020457
0.019300
0.024167
0.020004
0.020216
0.017845
0.018734
0.017030
0.021567
0.015949
0.019194
0.019540
0.019778
0.020987
0.036174
0.032301
0.015081
0.037927
0.032232
0.034010
0.034737
0.032441
0.031304
0.020425
0.018895
0.017966
0.020864
0.020151
0.015796
0.015730
0.023055
0.025053
0.032918
0.024328
0.019966
0.030322
0.031707
0.032896
0.034295
0.032363
0.024506
0.019321
0.019188
0.032690
0.018396
0.032815
0.023976
0.046423
0.032765
0.032013
0.031448
0.031163
0.032106
0.015671
0.032820
0.042833
0.037464
0.033385
0.031746
0.025980
0.029479
0.028489
0.031537
0.022822
0.014809
0.018900
0.020752
0.026766
0.027810
0.033299
0.033650
0.032498
0.024975
0.018963
0.015415
0.015177
0.036912
0.036400
0.018816
0.019813
0.036868
0.030671
0.034499
0.029515
0.019174
0.017513
0.015770
0.018449
0.016364
0.035867
0.033287
0.029645
0.031549
0.036884
0.033280
0.025510
0.031717
0.028046
0.023591
0.034421
0.031278
0.021883
0.031191
0.018986
0.024206
0.033025
0.037425
0.032112
0.025549
0.035514
0.031440
