305,238,48,105
313,238,50,100
317,237,54,98
321,235,54,100
325,232,54,101
329,227,53,105
334,229,51,104
334,228,56,101
339,231,54,101
336,227,59,103
337,240,61,91
338,241,61,89
335,235,62,95
332,223,61,106
335,232,58,101
330,223,59,106
335,231,54,106
331,224,56,106
334,231,54,109
331,228,56,102
333,228,57,111
331,226,54,104
331,228,59,111
329,225,58,105
331,230,58,109
329,226,55,105
330,231,58,109
329,228,55,104
326,231,58,106
326,228,55,103
324,233,57,106
321,229,56,103
321,232,58,107
319,229,59,104
316,230,65,111
304,213,73,118
301,217,73,123
292,233,92,108
301,246,80,112
309,256,76,124
305,259,80,130
305,275,85,125
308,288,82,126
306,301,85,126
300,304,86,134
301,309,87,137
296,308,90,144
297,309,91,145
295,303,95,152
289,301,100,155
282,297,103,157
281,297,101,154
278,295,101,154
278,309,103,134
278,315,103,118
273,314,101,115
268,309,101,113
268,297,97,123
268,296,96,120
269,293,82,120
267,283,81,127
268,282,81,124
270,279,83,121
269,276,85,122
271,275,86,123
273,273,88,122
274,276,88,119
277,276,85,118
278,275,83,119
278,270,84,122
277,269,82,122
274,266,87,129
271,267,81,125
269,251,77,143
269,262,76,131
264,242,83,140
264,260,80,122
265,241,82,129
267,251,78,117
266,251,81,112
269,233,82,129
274,212,83,119
278,239,74,115
271,188,81,85
274,177,83,80
277,186,84,74
311,254,64,94
317,241,64,103
317,231,66,111
312,211,75,131
311,216,80,128
306,207,87,136
300,205,90,135
296,170,88,123
297,187,93,125
300,204,87,128
303,197,86,129
308,185,79,131
314,183,76,136
314,174,80,138
323,174,76,141
322,169,81,135
325,167,83,133
335,178,76,129
339,189,79,119
337,192,79,117
340,187,76,116
336,179,78,125
328,175,77,121
322,179,84,116
321,172,79,124
321,169,74,130
321,171,70,128
320,176,68,124
319,173,69,129
321,179,70,124
317,184,74,123
315,181,79,122
320,186,75,115
318,187,78,119
318,185,79,122
318,188,84,120
302,172,91,137
307,186,84,126
302,182,80,129
306,183,81,124
301,182,80,127
314,185,83,122
313,179,74,128
339,185,70,117
328,182,70,118
336,189,62,108
338,187,62,109
339,190,62,106
340,194,60,102
335,186,65,107
333,191,61,104
328,193,64,102
320,186,67,111
317,186,63,113
315,187,67,114
310,188,70,112
310,191,71,112
307,189,74,118
316,191,72,116
338,187,71,120
393,192,93,118
361,188,111,130
358,191,130,113
356,193,130,115
356,193,125,114
385,181,109,122
377,193,114,126
396,188,105,127
400,187,109,116
399,187,105,128
403,183,105,122
403,182,107,130
401,188,109,126
406,188,107,117
408,181,103,122
418,195,92,120
419,195,94,114
425,190,96,117
430,182,97,102
420,193,102,118
331,172,95,118
341,164,87,116
351,174,91,102
357,170,81,100
361,171,81,103
359,166,82,110
367,162,86,122
348,160,80,119
351,166,78,113
362,159,80,128
341,158,82,133
329,153,83,138
339,136,88,152
460,185,91,123
458,183,93,115
456,186,97,121
460,181,92,115
449,199,95,110
468,186,89,97
463,192,85,99
455,195,89,115
457,189,97,122
448,191,102,124
443,182,105,122
455,203,91,113
456,200,92,116
455,197,97,114
465,189,86,121
464,181,92,112
462,199,80,127
468,198,87,121
474,221,81,104
479,207,81,91
487,223,77,103
490,218,79,112
495,213,83,118
502,210,81,116
508,203,77,120
510,206,82,108
505,198,87,107
502,198,95,104
502,197,94,104
510,197,86,105
516,192,76,110
514,190,75,112
511,190,76,114
503,188,81,117
496,189,83,118
493,187,82,120
490,183,80,124
489,181,76,126
490,184,72,126
485,183,77,129
474,180,85,131
479,168,81,138
480,186,83,124
482,175,79,131
468,115,111,83
487,190,73,113
482,186,78,112
478,178,82,116
474,175,86,115
478,177,81,110
477,174,76,109
476,173,74,106
471,169,75,104
470,167,73,105
468,167,75,101
463,157,77,103
466,153,74,107
463,152,71,99
461,146,71,100
460,147,71,95
451,138,77,96
444,127,80,89
448,119,82,94
451,118,80,98
435,119,85,91
447,115,80,98
436,117,80,90
438,139,80,85
385,120,102,105
349,218,80,111
352,222,72,107
359,219,71,105
356,224,70,106
362,212,66,102
365,209,60,103
369,208,59,99
370,213,59,93
374,209,56,97
374,219,57,90
375,210,52,96
374,220,57,88
376,211,53,96
375,217,53,93
373,214,54,96
371,222,55,88
372,216,52,94
370,219,50,92
369,223,49,90
367,223,48,90
366,222,49,92
365,221,48,94
365,220,49,96
364,221,47,94
363,226,50,91
361,228,52,89
360,226,52,92
359,229,52,92
359,224,52,95
358,226,53,94
359,226,54,94
359,227,54,93
360,226,56,92
363,227,57,91
366,225,55,93
368,224,58,91
371,222,58,93
375,224,57,94
379,226,53,95
385,225,49,99
388,223,48,97
391,227,48,89
393,227,47,89
395,227,47,94
395,227,49,96
395,227,51,95
392,229,53,93
390,233,54,84
387,231,56,82
383,228,56,86
374,225,64,92
364,223,60,96
353,228,59,90
350,228,58,91
344,221,66,88
331,244,70,79
330,236,69,87
324,241,75,81
317,243,74,77
314,236,72,90
317,220,70,97
314,224,75,100
316,225,77,101
316,224,78,97
315,229,72,96
321,221,77,107
325,224,76,101
334,227,73,98
343,234,68,90
351,236,62,93
363,231,56,90
375,229,48,89
376,219,51,93
387,232,45,98
392,232,45,91
395,230,45,93
398,234,46,95
400,234,48,102
399,231,50,99
400,233,50,96
398,234,50,90
399,235,52,90
393,236,54,87
388,239,49,101
383,232,49,94
382,233,48,90
375,235,51,87
374,234,51,91
369,234,56,90
366,238,58,90
363,243,63,85
365,242,62,88
361,251,63,81
366,242,57,88
364,241,60,85
366,249,55,79
370,247,49,79
371,248,50,83
374,249,48,78
377,251,48,78
379,251,47,76
382,251,46,77
382,249,48,78
385,251,46,77
384,249,50,81
387,251,46,77
388,254,43,77
385,256,45,74
379,257,46,78
375,261,48,74
370,259,46,77
364,258,46,78
360,257,46,78
354,256,52,80
349,256,53,79
343,255,54,77
338,252,58,81
332,249,59,82
325,252,69,80
322,250,67,85
321,247,72,88
324,247,64,87
321,252,62,86
325,254,60,84
333,260,56,88
326,257,61,85
338,263,49,87
343,266,43,75
345,268,41,73
346,270,41,72
349,270,40,70
347,272,46,70
345,274,49,75
345,269,48,66
349,271,44,70
345,273,46,77
337,272,55,76
336,278,62,86
336,274,63,95
333,275,59,93
328,273,63,92
327,275,62,88
326,273,59,89
326,274,54,87
325,275,55,88
324,276,53,86
321,275,55,88
320,275,55,91
317,271,58,93
316,277,57,88
316,270,55,98
317,278,54,90
318,276,51,91
316,277,52,90
313,278,55,90
312,277,56,94
312,282,58,90
313,282,57,89
314,283,56,86
318,282,53,87
320,277,52,93
318,281,49,89
321,282,50,88
321,279,50,91
321,279,51,91
319,277,53,94
320,280,53,91
321,284,53,87
322,283,52,87
323,281,51,90
322,279,52,90
323,276,51,91
323,276,51,89
323,275,51,89
320,277,53,88
319,277,54,87
315,275,58,91
314,278,58,88
311,279,58,87
307,278,57,91
307,276,54,93
307,277,50,93
305,282,51,89
303,284,52,89
302,285,52,89
301,286,52,89
301,289,52,89
302,290,51,88
302,292,50,87
301,294,51,85
302,295,51,86
303,299,51,84
306,299,50,84
308,301,48,85
310,301,47,83
311,303,49,87
311,304,49,84
311,303,48,85
311,302,49,83
311,302,49,86
313,300,49,82
313,298,48,81
314,296,47,79
315,294,45,81
315,293,45,80
314,292,47,80
314,290,47,80
315,290,45,81
314,289,46,83
313,289,48,83
313,288,47,84
313,288,48,84
314,288,46,83
314,288,46,85
313,287,47,86
312,286,49,87
312,285,51,89
312,286,50,90
310,285,50,93
307,292,53,92
306,302,48,86
301,321,54,65
305,301,48,85
299,316,56,71
304,323,52,64
306,332,55,62
312,313,51,84
315,320,52,83
316,342,54,64
320,325,48,78
320,326,51,78
318,325,53,78
318,324,54,81
320,323,51,79
321,322,51,80
322,320,50,82
321,318,51,82
323,320,52,79
322,319,50,81
322,320,49,79
316,319,52,79
312,322,55,78
310,329,57,76
307,330,55,77
301,332,53,80
298,324,56,62
292,334,54,79
284,332,57,79
278,334,54,81
280,335,62,80
276,333,55,83
269,335,61,82
261,336,64,78
261,336,68,79
266,333,70,78
274,333,70,77
289,326,62,81
309,325,51,80
323,326,50,79
343,319,50,83
360,316,52,84
372,312,59,86
408,309,59,84
455,312,62,75
428,308,76,77
432,304,71,82
440,304,71,79
440,309,86,79
444,304,92,84
434,306,102,86
458,303,87,84
458,303,91,84
447,302,91,87
414,302,109,94
413,313,106,92
412,309,90,94
414,322,78,87
404,323,80,85
389,336,94,74
427,328,72,76
445,322,60,72
455,320,57,71
463,319,65,69
472,316,66,71
484,317,68,66
492,315,67,68
504,318,65,66
508,315,68,69
508,313,74,72
510,310,80,74
513,310,81,73
513,311,83,71
512,311,86,71
510,310,90,71
505,310,91,72
503,310,85,74
500,315,78,73
495,316,75,80
491,321,69,81
482,325,64,79
472,332,63,78
463,336,63,76
459,343,56,75
447,340,60,79
427,345,65,82
402,364,78,67
403,355,81,76
404,354,77,77
405,355,75,78
410,354,73,76
412,362,68,72
408,365,70,76
404,367,68,82
395,369,78,82
382,371,67,84
416,373,76,101
482,433,83,97
469,429,96,89
463,428,99,89
470,413,88,105
483,420,79,103
494,394,60,83
508,431,55,88
504,431,53,88
505,434,55,84
503,434,54,84
504,435,54,84
504,435,54,84
505,435,53,83
505,435,54,83
505,436,53,83
504,435,54,84
504,435,55,84
504,435,55,84
501,435,57,84
567,392,78,67
558,391,84,69
549,389,83,71
545,389,80,73
540,389,75,73
532,389,74,77
520,386,74,78
505,432,73,85
501,418,83,93
489,386,71,85
483,384,70,101
486,417,76,104
463,425,99,90
463,430,102,89
451,422,110,96
425,352,83,124
423,369,87,129
408,349,104,131
428,339,75,131
436,268,76,138
450,191,93,94
463,190,79,75
473,194,59,66
473,196,54,56
472,196,53,62
470,194,53,60
470,194,53,61
469,194,55,63
469,193,55,60
469,192,54,62
471,192,54,59
471,191,56,58
474,190,56,59
477,195,57,53
475,197,62,51
487,199,57,51
492,200,59,51
495,197,58,56
501,197,56,50
507,197,50,47
506,197,49,44
507,199,48,44
509,198,47,44
506,202,49,44
499,205,53,48
492,228,40,87
484,236,51,82
482,243,58,94
471,192,59,84
466,198,60,87
463,197,57,79
459,190,57,65
457,191,54,55
453,190,55,55
451,191,56,57
451,181,61,57
447,182,64,59
447,180,65,57
450,178,68,56
444,184,81,57
415,188,94,74
397,287,59,105
408,359,83,77
407,363,90,70
424,349,77,88
424,358,88,78
399,338,97,101
415,326,91,109
409,316,93,119
379,334,75,94
430,357,70,80
433,363,60,73
428,371,56,67
422,366,58,73
430,371,48,77
422,367,54,76
413,351,64,94
402,347,77,98
405,355,78,85
394,354,82,89
404,370,65,83
403,367,53,83
398,363,61,81
392,342,66,100
381,323,73,99
391,344,60,91
394,333,59,108
390,335,60,106
391,344,64,86
397,360,61,83
397,358,75,74
390,332,81,103
412,337,71,94
419,349,71,85
423,362,73,65
413,364,78,66
363,366,60,84
360,364,61,84
355,360,65,92
361,343,68,97
437,351,96,75
455,352,82,76
461,356,82,72
468,357,77,72
472,358,74,72
476,359,71,72
478,359,70,73
481,360,65,73
480,356,65,77
481,359,63,72
472,355,67,74
464,354,72,70
460,352,73,68
455,350,71,69
452,348,66,67
449,344,62,70
437,334,61,81
429,339,62,80
422,336,63,82
413,340,66,76
405,342,71,74
400,345,71,73
386,344,75,71
376,343,73,76
352,340,88,74
348,334,85,85
350,332,80,87
359,328,69,93
368,326,58,91
375,325,57,88
377,327,63,84
383,328,64,84
379,331,63,82
382,334,72,75
384,333,69,74
390,326,66,79
394,320,60,89
389,320,66,86
413,329,60,78
426,329,56,77
436,329,56,75
450,330,56,71
464,331,59,67
469,325,64,73
477,320,74,73
497,318,71,71
502,315,76,74
511,311,79,73
515,308,83,75
519,306,86,74
524,305,92,72
528,303,93,72
528,304,97,70
529,303,97,70
529,303,97,70
529,303,95,70
525,305,92,70
519,304,90,76
514,306,84,78
511,312,78,79
505,318,73,79
496,319,71,80
487,315,65,87
475,291,63,109
468,334,63,75
462,334,55,76
451,339,56,68
421,324,68,79
421,304,66,101
417,284,71,118
416,314,73,93
411,308,77,96
408,320,77,91
406,328,69,80
405,329,69,78
406,332,68,76
429,261,71,61
419,267,69,61
410,286,68,72
408,307,61,98
393,300,79,97
383,314,91,81
366,320,89,79
349,329,73,69
336,333,57,70
318,333,47,78
307,336,44,76
295,339,45,68
283,337,43,66
271,334,44,64
263,329,45,65
256,322,43,67
249,320,48,66
243,318,52,68
239,322,54,64
241,313,52,66
234,318,61,64
236,317,57,63
236,312,60,69
244,323,45,60
250,323,43,64
255,322,44,65
261,333,48,60
269,332,44,64
281,335,41,63
290,336,43,65
301,329,44,71
309,327,45,72
322,321,44,72
330,311,47,75
342,304,48,75
353,299,47,75
361,289,51,76
366,287,56,75
366,286,77,82
367,283,79,82
376,281,82,83
460,311,74,69
464,313,71,66
468,314,66,65
472,313,64,64
470,315,64,64
469,316,62,63
470,321,60,62
456,323,67,65
453,318,66,68
444,317,67,71
452,313,60,73
451,311,58,74
452,311,55,74
453,310,54,72
451,306,49,75
450,303,51,77
440,305,56,83
442,300,55,84
442,300,52,83
436,296,60,87
440,294,63,87
448,289,59,80
454,294,56,80
460,294,52,81
463,303,57,74
470,309,56,72
469,320,59,65
475,320,58,70
473,324,63,67
476,323,65,70
479,323,68,74
481,321,72,74
486,326,71,70
496,323,61,72
505,325,52,68
508,327,48,63
509,326,47,61
511,323,47,62
513,322,46,61
514,317,45,63
518,316,42,61
517,315,41,62
507,315,47,62
421,297,65,60
418,304,67,66
417,309,73,71
417,318,71,67
413,323,72,68
480,325,62,67
472,328,62,64
471,328,59,65
466,321,59,71
463,323,55,68
459,320,56,71
455,317,55,70
457,310,50,74
454,311,48,70
453,313,47,64
453,310,44,65
451,307,43,66
453,301,42,63
452,307,44,66
453,300,46,71
450,301,54,66
448,305,58,68
447,308,63,63
452,308,64,66
453,316,69,65
459,320,66,63
473,317,55,68
478,324,51,60
482,326,47,60
487,329,46,61
489,329,46,60
494,327,46,63
499,326,43,65
503,321,42,67
509,319,38,66
513,315,35,68
517,313,34,67
519,310,34,67
522,310,33,68
523,310,33,66
523,310,34,67
523,309,34,67
521,310,37,62
518,309,39,63
514,315,42,57
508,313,45,58
502,319,47,54
496,320,46,53
489,320,47,54
475,320,56,56
468,320,57,58
463,319,56,60
458,317,53,62
453,314,53,67
449,307,52,70
443,305,53,66
440,306,52,73
439,293,49,74
439,289,48,81
439,287,49,86
436,292,52,83
437,294,54,82
438,294,54,69
440,304,54,63
441,309,55,61
449,316,57,60
454,324,57,59
461,323,62,60
463,326,65,58
467,327,68,57
478,325,61,63
488,323,56,66
488,317,59,65
495,312,56,71
498,306,55,73
503,303,54,73
507,295,52,76
510,290,49,74
512,290,49,71
513,289,49,69
513,291,49,67
512,291,50,67
511,290,52,67
512,287,53,68
508,282,49,73
505,286,49,68
500,291,50,64
497,295,48,58
490,296,55,60
485,304,59,53
474,299,58,64
467,304,59,66
463,299,57,72
458,296,58,73
446,313,61,67
444,303,64,63
441,294,66,69
434,300,72,64
431,299,75,62
432,301,74,63
428,296,72,63
428,299,68,61
428,301,67,58
443,297,63,72
444,268,75,93
467,204,58,86
462,207,64,77
462,197,80,90
494,173,107,70
478,173,115,74
432,167,108,100
347,179,91,73
355,183,88,56
371,188,81,57
377,186,88,50
399,178,128,59
486,188,84,80
464,193,86,77
476,196,97,76
469,196,101,78
444,200,93,77
432,221,93,69
453,229,85,68
471,231,61,71
481,234,61,67
484,238,69,62
484,241,69,55
494,245,66,57
497,247,65,60
491,247,70,60
504,245,69,67
511,246,71,72
498,249,82,65
508,247,78,69
511,248,78,70
497,246,83,66
503,244,82,73
506,235,80,76
491,240,82,66
491,237,77,70
487,228,70,76
484,198,66,99
457,196,81,111
483,185,94,94
476,188,87,83
467,185,78,81
477,182,91,82
467,192,102,94
415,198,98,110
461,216,75,92
471,231,63,79
476,229,64,87
474,230,74,83
471,233,76,82
468,228,68,81
467,225,67,78
472,227,63,79
466,219,64,84
478,213,64,87
482,208,67,90
482,215,65,81
484,211,66,78
484,214,58,82
479,213,63,79
478,215,60,81
482,211,62,86
476,215,66,78
481,212,62,85
480,213,63,80
481,214,61,79
480,207,59,74
480,205,65,80
476,191,67,87
484,192,88,98
464,179,72,84
469,181,104,67
459,181,85,71
466,182,109,57
439,198,101,89
462,175,105,69
370,209,63,103
393,210,72,91
381,206,68,81
379,205,58,69
379,208,53,55
380,210,52,50
378,215,54,45
387,217,52,45
389,215,50,43
389,219,52,43
391,219,52,44
394,217,51,46
393,215,53,46
392,216,53,48
393,216,52,49
397,218,52,46
399,219,53,50
398,215,50,54
397,216,52,52
402,219,45,55
403,221,41,55
401,220,46,55
398,216,48,57
396,202,48,60
393,201,48,61
394,201,47,62
393,188,48,70
394,195,50,66
390,198,50,62
386,195,50,57
378,189,52,53
370,182,59,56
365,186,65,53
362,191,69,49
372,197,62,47
374,195,54,51
384,195,56,54
386,195,57,55
390,194,59,54
392,191,59,57
397,192,66,58
487,201,55,63
488,205,62,62
485,199,62,58
484,193,62,57
483,193,59,56
482,191,58,56
481,183,50,55
466,173,57,55
430,169,85,56
428,151,86,68
429,148,85,74
428,146,90,76
425,136,89,72
412,141,94,73
384,131,87,80
417,136,79,74
405,132,78,78
414,138,73,79
414,135,72,84
412,136,76,85
411,137,75,85
413,135,72,82
413,135,71,80
412,134,75,82
411,132,72,83
406,130,75,81
408,136,74,76
410,133,71,79
408,133,72,79
405,135,72,75
413,133,68,78
419,137,63,79
422,140,57,75
420,143,60,67
423,147,60,75
428,147,60,74
426,146,65,74
427,144,62,75
434,145,58,74
434,144,57,72
435,147,61,69
440,149,58,72
440,146,56,73
440,150,58,72
442,149,56,71
442,151,57,71
442,151,56,68
447,153,55,70
444,149,59,70
448,149,59,73
445,148,58,71
450,139,58,61
453,136,63,57
437,135,71,59
444,136,81,56
440,135,84,62
431,133,85,63
436,136,83,72
440,142,71,67
446,138,70,68
443,137,63,72
444,137,59,70
443,134,58,72
446,134,57,72
444,133,57,66
441,133,61,63
442,144,66,63
441,140,63,65
443,134,58,67
442,133,60,63
439,135,63,57
443,138,69,58
424,116,54,70
428,124,60,73
424,119,66,68
423,121,67,68
426,121,65,70
423,120,67,70
424,122,67,72
426,122,73,72
427,133,76,72
418,122,69,72
425,128,79,69
426,129,76,81
418,128,76,77
419,121,69,69
422,126,75,73
426,134,78,76
417,122,72,70
427,130,80,72
421,120,71,74
421,128,77,71
421,130,80,81
415,121,69,75
424,130,79,75
419,124,85,82
419,132,91,80
414,127,86,80
417,132,88,83
415,129,85,84
415,124,77,75
421,129,81,84
411,127,77,76
417,124,81,81
416,131,87,77
411,125,76,79
413,121,81,81
427,135,82,83
419,128,77,73
418,130,79,77
414,122,73,74
423,129,74,78
416,120,68,73
425,127,74,71
422,129,77,81
415,119,68,76
423,129,78,73
421,127,78,80
413,130,87,80
411,131,80,84
421,125,72,70
431,139,75,76
422,137,80,74
421,131,81,77
418,130,76,84
426,128,72,85
420,128,70,84
427,126,66,83
423,125,63,79
427,125,64,81
423,127,65,81
421,129,69,81
425,133,70,78
422,134,74,73
424,119,72,79
426,125,75,76
404,130,73,76
434,132,90,73
418,129,105,74
426,126,101,77
425,128,97,75
424,133,91,71
428,135,98,70
449,136,92,70
464,135,88,71
464,134,88,70
470,136,87,73
468,137,96,75
464,137,100,75
478,139,89,77
501,146,80,87
478,130,92,74
478,129,89,80
481,127,84,78
479,122,81,80
470,121,84,74
463,132,71,76
465,112,86,75
476,128,70,81
471,132,80,74
470,146,91,68
500,167,82,78
498,164,84,69
505,165,79,71
509,167,77,67
510,166,72,71
513,167,68,70
506,168,74,71
516,167,64,75
508,169,70,75
492,165,82,78
471,168,81,83
472,165,81,84
471,150,75,91
467,154,65,89
468,154,57,94
461,152,60,88
460,152,56,95
459,154,54,92
451,141,61,82
461,131,75,77
476,115,69,80
433,129,78,71
422,143,72,71
420,140,73,75
415,139,74,78
408,133,80,82
409,120,91,94
454,101,73,99
435,113,78,100
385,147,101,102
435,98,81,99
426,101,83,100
401,131,85,107
371,160,96,106
314,241,98,125
343,194,93,122
313,221,93,135
340,183,87,105
332,188,87,83
332,190,88,77
326,189,88,74
321,189,94,79
316,190,96,83
300,207,84,118
304,191,87,104
288,220,87,87
286,202,102,92
282,206,104,94
296,203,97,93
302,205,89,112
318,189,105,111
301,234,110,128
329,176,98,108
320,187,99,123
354,131,125,107
317,184,96,173
321,157,102,149
332,143,107,112
325,150,110,80
353,142,103,69
368,143,91,63
366,136,82,60
360,124,78,58
363,107,71,66
377,104,71,67
412,111,109,79
447,137,75,99
436,121,86,90
444,136,75,93
442,156,74,90
443,145,94,79
510,166,95,69
447,167,134,78
457,175,132,80
433,154,88,108
441,173,85,113
448,185,88,150
468,206,98,138
473,169,106,91
476,158,95,82
479,145,90,80
454,128,79,79
418,159,54,82
419,157,56,81
412,161,57,86
406,152,66,68
393,151,68,64
391,140,73,58
400,139,69,63
381,147,71,86
348,178,73,70
357,136,92,70
386,144,75,68
383,127,74,72
395,164,76,68
399,168,59,78
398,172,55,81
392,156,68,65
405,172,55,68
421,149,78,61
412,150,70,78
436,160,77,70
438,166,71,72
441,155,74,60
386,168,69,63
393,168,59,66
401,165,55,68
403,155,57,70
409,180,47,83
416,173,46,83
415,173,46,77
417,172,44,81
413,170,49,70
402,177,53,63
393,175,56,72
373,178,64,66
359,186,71,59
367,177,56,56
361,159,56,60
368,148,53,61
368,158,62,62
384,165,64,65
398,180,87,81
406,183,90,74
394,188,82,71
393,211,89,56
395,210,76,55
400,208,75,56
401,213,73,51
426,196,65,62
432,196,60,69
449,172,57,72
436,196,58,62
440,168,67,56
441,152,83,72
437,161,94,92
456,128,76,84
475,135,70,63
488,135,53,60
497,141,51,58
444,175,71,56
430,177,78,51
437,172,90,54
523,178,68,62
512,184,70,54
512,192,72,51
510,192,78,52
499,193,79,54
493,194,82,56
482,193,97,58
480,183,101,65
472,190,93,60
457,186,116,59
458,186,111,60
455,185,116,58
443,191,119,60
470,175,120,66
437,180,92,63
436,188,95,56
435,186,93,57
437,185,91,56
432,184,84,56
440,177,79,58
442,176,75,59
422,175,85,59
438,165,81,60
439,161,82,56
438,154,80,60
443,147,74,66
439,145,71,67
436,143,69,67
433,142,71,66
430,140,78,67
426,139,85,69
419,141,89,72
433,132,94,67
416,134,109,72
423,134,106,76
424,133,108,78
424,134,99,74
399,148,76,74
427,132,94,68
430,132,95,70
418,136,87,78
430,129,99,72
405,143,87,77
386,159,76,68
393,161,75,66
373,172,71,56
373,159,77,61
379,155,82,63
455,136,85,64
468,133,89,65
469,136,88,63
470,136,87,66
468,147,71,72
481,146,69,70
478,166,66,60
494,175,75,60
481,180,65,66
475,183,81,65
473,185,86,69
444,201,85,76
427,226,106,72
418,233,110,72
458,245,80,87
446,259,87,65
351,247,75,62
344,257,67,80
331,258,76,87
329,255,69,100
334,270,68,110
331,250,65,85
339,242,57,58
349,249,47,55
370,240,41,63
381,230,51,52
392,223,53,59
402,216,53,71
418,207,55,63
428,203,57,55
437,204,64,56
437,200,73,53
444,197,67,55
450,195,68,60
446,177,58,75
446,176,72,80
458,171,71,67
460,174,66,66
449,166,61,66
446,165,65,53
449,168,81,50
446,170,87,48
439,170,73,51
421,172,76,47
424,174,56,53
426,171,55,48
417,173,59,50
415,174,56,48
425,177,64,48
412,179,75,46
424,181,75,52
424,198,81,67
419,279,66,73
415,285,73,85
407,272,85,95
430,268,82,88
433,266,84,90
434,281,86,77
461,300,64,67
477,292,53,80
484,306,55,74
488,313,51,72
501,324,46,60
510,330,40,62
509,331,44,67
514,331,40,69
517,337,40,68
520,335,39,72
521,340,40,72
519,336,44,79
512,325,47,90
518,333,50,88
504,427,52,83
507,428,50,81
507,428,50,80
506,428,51,80
505,428,51,80
506,428,50,80
507,427,49,80
505,428,51,79
507,428,50,80
506,428,50,80
506,428,50,80
508,427,49,80
506,427,50,79
506,427,51,80
506,427,50,81
507,427,50,80
506,428,51,79
507,427,50,81
506,427,50,80
508,427,49,80
507,427,50,80
507,427,50,81
507,427,51,80
506,427,50,81
508,427,49,80
507,427,50,80
507,427,50,79
508,427,50,78
507,427,50,79
507,428,50,78
507,427,49,79
506,427,50,79
508,426,49,79
505,427,51,78
507,428,50,78
507,427,50,79
504,428,53,79
506,428,52,80
506,427,51,81
506,427,52,81
506,427,52,80
506,427,52,81
505,426,52,81
506,427,52,80
506,427,52,80
505,426,51,81
506,427,52,80
506,426,51,81
506,428,51,79
509,427,47,79
506,426,50,78
506,427,50,78
506,427,51,79
505,427,52,78
487,427,67,77
465,423,89,81
497,424,63,86
493,425,65,83
485,424,71,83
461,421,93,84
483,425,79,84
442,418,118,86
447,424,125,85
478,427,90,83
444,419,122,87
472,426,93,85
475,423,84,87
491,424,67,86
491,424,67,85
493,424,64,85
499,425,58,84
505,427,52,83
507,428,49,80
506,428,49,78
508,428,48,79
505,429,51,77
508,428,49,79
507,428,50,78
508,428,49,79
507,429,50,78
508,428,48,79
508,428,49,79
508,428,49,79
508,428,49,79
506,428,50,79
506,429,51,79
506,428,51,80
506,427,51,80
505,427,53,81
506,428,52,81
506,429,52,81
507,428,50,81
508,427,48,80
506,428,51,79
505,428,52,79
506,428,51,80
505,428,52,80
504,428,52,81
504,428,53,81
504,428,53,81
502,428,55,80
503,428,54,81
502,428,55,80
502,428,55,81
502,428,54,81
504,428,53,81
504,428,52,80
504,428,53,80
503,429,54,81
504,427,53,82
503,428,53,81
502,429,55,81
503,427,54,82
503,429,54,82
503,427,55,83
502,428,55,82
502,429,55,82
501,427,56,84
499,428,58,83
498,429,60,82
496,428,61,82
494,428,63,82
494,427,63,85
491,427,65,84
482,427,76,83
495,428,62,83
497,428,61,83
496,428,62,83
489,427,70,83
492,426,66,86
485,426,77,86
494,425,66,86
483,427,80,86
488,426,72,87
483,427,80,86
480,427,82,87
472,426,87,85
473,426,87,82
499,427,57,84
500,428,57,82
503,429,54,82
505,430,53,81
501,429,56,81
503,429,54,82
504,429,53,82
505,430,53,81
503,428,54,82
507,429,51,82
505,429,53,81
506,429,52,82
505,429,53,82
506,430,52,81
505,429,53,82
504,430,54,81
505,429,54,82
502,429,56,82
502,429,57,82
504,429,54,82
506,431,52,81
504,429,53,82
507,430,51,80
505,430,52,80
505,430,52,80
505,430,51,80
505,430,51,79
507,431,50,78
504,429,52,79
505,430,51,80
505,430,51,80
506,430,51,80
506,431,51,79
504,430,53,80
506,430,50,80
504,430,53,80
505,430,53,80
505,430,52,80
505,430,52,80
505,430,53,81
503,430,56,81
503,430,55,81
505,431,54,81
503,430,55,81
503,430,56,81
504,430,55,81
501,430,57,81
504,430,54,82
502,430,57,81
505,431,53,81
502,430,56,81
506,431,52,81
501,430,57,81
506,430,52,82
504,431,55,81
500,430,59,81
504,430,55,82
503,431,56,80
501,431,58,80
501,430,57,81
501,431,58,81
500,431,58,81
503,430,56,82
502,430,57,80
503,430,56,81
501,431,58,81
501,430,57,81
500,430,58,81
502,430,56,82
501,430,57,81
502,431,56,81
499,431,60,81
501,430,58,83
501,430,58,82
502,430,57,82
501,431,59,81
504,431,56,81
498,431,62,81
500,430,59,83
502,430,57,82
502,431,57,81
500,430,59,81
504,431,55,81
498,431,61,81
497,430,62,83
490,430,71,84
501,428,60,87
492,430,70,84
498,428,63,86
490,429,72,84
503,428,57,87
497,430,63,83
488,430,74,84
502,428,57,89
495,430,65,84
489,430,72,85
498,428,61,87
484,430,78,84
500,426,60,90
497,429,63,84
486,430,75,85
469,359,152,140
396,269,278,280
310,120,523,455
154,0,805,576
0,0,960,576
0,0,960,576
0,0,960,576
0,0,960,576
0,0,960,576
0,0,960,576
0,0,960,576
0,0,960,576
236,36,723,444
201,180,620,395
327,127,425,448
268,145,455,350
206,143,484,364
279,130,447,350
264,164,455,334
277,117,425,360
176,179,506,396
127,219,609,356
160,96,636,479
201,510,758,65
285,144,369,243
197,210,318,296
165,186,447,324
148,141,676,411
61,191,885,384
92,77,815,498
0,354,960,221
53,115,839,460
0,533,960,42
276,277,340,298
128,172,543,403
0,395,861,180
71,325,692,250
0,274,760,301
0,272,821,303
24,228,935,347
0,272,960,303
0,329,960,246
17,241,880,334
0,375,960,200
28,271,871,304
57,287,902,288
117,102,842,473
0,386,960,189
10,194,834,381
0,57,960,518
0,0,960,576
0,221,960,354
0,0,960,576
0,71,960,504
0,0,960,576
0,21,960,554
0,0,960,576
0,0,960,576
0,25,960,550
0,0,960,576
0,0,960,576
0,0,960,576
0,0,960,576
0,0,960,576
0,0,960,576
0,0,960,576
0,0,960,576
0,0,960,576
0,0,960,576
0,0,960,576
0,0,960,576
0,0,960,576
0,0,960,576
0,0,960,576
0,0,960,576
0,0,960,576
0,0,960,576
0,0,960,576
0,0,960,576
0,0,960,576
0,0,960,576
0,0,960,576
0,0,960,576
0,0,960,576
0,0,960,576
0,0,960,576
0,0,960,576
0,0,960,576
0,0,960,576
0,0,960,576
0,0,960,576
0,0,960,576
0,0,960,576
0,0,960,576
0,0,960,576
0,0,960,576
0,0,960,576
0,0,960,576
0,0,960,576
0,0,960,576
0,0,960,576
0,0,960,576
0,0,960,576
0,0,960,576
0,0,960,576
0,0,960,576
0,0,960,576
0,0,960,576
0,0,960,576
0,0,960,576
0,0,960,576
0,0,960,576
0,0,960,576
0,0,960,576
0,0,960,576
0,0,960,576
0,0,960,576
0,0,960,576
0,0,960,576
0,0,960,576
0,0,960,576
0,0,960,576
0,0,960,576
0,0,960,576
0,0,960,576
0,0,960,576
0,0,960,576
0,0,960,576
0,0,960,576
0,0,960,576
0,0,960,576
0,0,960,576
0,0,960,576
0,0,960,576
0,0,960,576
0,0,960,576
0,0,960,576
0,0,960,576
0,0,960,576
0,0,960,576
0,0,960,576
0,0,960,576
0,0,960,576
0,0,960,576
0,0,960,576
0,0,960,576
0,0,960,576
0,0,960,576
0,0,960,576
0,0,960,576
0,0,960,576
0,0,960,576
0,0,960,576
0,0,960,576
0,0,960,576
0,0,960,576
0,0,960,576
0,0,960,576
0,0,960,576
0,0,960,576
0,0,960,576
0,0,960,576
0,0,960,576
0,0,960,576
0,0,960,576
0,0,960,576
0,0,960,576
0,0,960,576
0,0,960,576
0,0,960,576
0,0,960,576
0,0,960,576
0,0,960,576
0,0,960,576
0,0,960,576
0,0,960,576
0,0,960,576
0,0,960,576
0,0,960,576
0,0,960,576
0,0,960,576
0,0,960,576
0,0,960,576
0,0,960,576
0,0,960,576
0,0,960,576
0,0,960,576
0,0,960,576
0,0,960,576
0,0,960,576
0,0,960,576
0,0,960,576
0,0,960,576
0,0,960,576
0,0,960,576
0,0,960,576
0,0,960,576
0,0,960,576
0,0,960,576
0,0,960,576
0,0,960,576
0,0,960,576
0,0,960,576
0,0,960,576
0,0,960,576
0,0,960,576
0,0,960,576
0,0,960,576
0,0,960,576
0,0,960,576
0,0,960,576
0,0,960,576
0,0,960,576
0,0,960,576
0,0,960,576
0,0,960,576
0,0,960,576
0,0,960,576
0,0,960,576
0,0,960,576
0,0,960,576
0,0,960,576
0,0,960,576
0,0,960,576
0,0,960,576
0,0,960,576
0,0,960,576
0,0,960,576
0,0,960,576
0,0,960,576
0,0,960,576
0,0,960,576
0,0,960,576
0,0,960,576
0,0,960,576
0,0,960,576
0,0,960,576
0,0,960,576
0,0,960,576
0,0,960,576
0,0,960,576
0,0,960,576
0,0,960,576
0,0,960,576
0,0,960,576
0,0,960,576
0,0,960,576
0,0,960,576
0,0,960,576
0,0,960,576
0,0,960,576
0,0,960,576
0,0,960,576
0,0,960,576
0,0,960,576
0,0,960,576
0,0,960,576
0,0,960,576
0,0,960,576
0,0,960,576
0,0,960,576
0,0,960,576
0,0,960,576
0,0,960,576
0,0,960,576
0,0,960,576
0,0,960,576
0,0,960,576
0,0,960,576
0,0,960,576
0,0,960,576
0,0,960,576
0,0,960,576
0,0,960,576
0,0,960,576
0,0,960,576
0,0,960,576
0,0,960,576
0,0,960,576
0,0,960,576
0,0,960,576
0,0,960,576
0,0,960,576
0,0,960,576
0,0,960,576
0,0,960,576
0,0,960,576
0,0,960,576
0,0,960,576
0,0,960,576
0,0,960,576
0,0,960,576
0,0,960,576
0,0,960,576
0,0,960,576
0,0,960,576
0,0,960,576
0,0,960,576
0,0,960,576
0,0,960,576
0,0,960,576
0,0,960,576
0,0,960,576
0,0,960,576
0,0,960,576
0,0,960,576
0,0,960,576
0,0,960,576
0,0,960,576
0,0,960,576
0,0,960,576
0,0,960,576
0,0,960,576
0,0,960,576
0,0,960,576
0,0,960,576
0,0,960,576
0,0,960,576
0,0,960,576
0,0,960,576
0,0,960,576
0,0,960,576
0,0,960,576
0,0,960,576
0,0,960,576
0,0,960,576
0,0,960,576
0,0,960,576
0,0,960,576
0,0,960,576
0,0,960,576
0,0,960,576
0,0,960,576
0,0,960,576
0,0,960,576
0,0,960,576
0,0,960,576
0,0,960,576
0,0,960,576
0,0,960,576
0,0,960,576
0,0,960,576
0,0,960,576
0,0,960,576
0,0,960,576
0,0,960,576
0,0,960,576
0,0,960,576
0,0,960,576
0,0,960,576
0,0,960,576
0,0,960,576
0,0,960,576
0,0,960,576
0,0,960,576
0,0,960,576
0,0,960,576
0,0,960,576
0,0,960,576
0,0,960,576
0,0,960,576
0,0,960,576
0,0,960,576
0,0,960,576
0,0,960,576
0,0,960,576
0,0,960,576
0,0,960,576
0,0,960,576
0,0,960,576
0,0,960,576
0,0,960,576
0,0,960,576
0,0,960,576
0,0,960,576
0,0,960,576
0,0,960,576
0,0,960,576
0,0,960,576
0,0,960,576
0,0,960,576
0,0,960,576
0,0,960,576
0,0,960,576
0,0,960,576
0,0,960,576
0,0,960,576
0,0,960,576
0,0,960,576
0,0,960,576
0,0,960,576
0,0,960,576
0,0,960,576
0,0,960,576
0,0,960,576
0,0,960,576
0,0,960,576
0,0,960,576
0,0,960,576
0,0,960,576
0,0,960,576
0,0,960,576
0,0,960,576
0,0,960,576
0,0,960,576
0,0,960,576
0,0,960,576
0,0,960,576
0,0,960,576
0,0,960,576
0,0,960,576
0,0,960,576
0,0,960,576
0,0,960,576
0,0,960,576
0,0,960,576
0,0,960,576
0,0,960,576
0,0,960,576
0,0,960,576
0,0,960,576
0,0,960,576
0,0,960,576
0,0,960,576
0,0,960,576
0,0,960,576
0,0,960,576
0,0,960,576
0,0,960,576
0,0,960,576
0,0,960,576
0,0,960,576
0,0,960,576
0,0,960,576
0,0,960,576
0,0,960,576
0,0,960,576
0,0,960,576
0,0,960,576
0,0,960,576
0,0,960,576
0,0,960,576
0,0,960,576
0,0,960,576
0,0,960,576
0,0,960,576
0,0,960,576
0,0,960,576
0,0,960,576
0,0,960,576
0,0,960,576
0,0,960,576
0,0,960,576
0,0,960,576
0,0,960,576
0,0,960,576
0,0,960,576
0,0,960,576
0,0,960,576
0,0,960,576
0,0,960,576
0,0,960,576
0,0,960,576
0,0,960,576
0,0,960,576
0,0,960,576
0,0,960,576
0,0,960,576
0,0,960,576
0,0,960,576
0,0,960,576
0,0,960,576
0,0,960,576
0,0,960,576
0,0,960,576
0,0,960,576
0,0,960,576
0,0,960,576
0,0,960,576
0,0,960,576
0,0,960,576
0,0,960,576
0,0,960,576
0,0,960,576
0,0,960,576
0,0,960,576
0,0,960,576
0,0,960,576
0,0,960,576
0,0,960,576
0,0,960,576
0,0,960,576
0,0,960,576
0,0,960,576
0,0,960,576
0,0,960,576
0,0,960,576
0,0,960,576
0,0,960,576
0,0,960,576
0,0,960,576
0,0,960,576
0,0,960,576
0,0,960,576
0,0,960,576
0,0,960,576
0,0,960,576
0,0,960,576
0,0,960,576
0,0,960,576
0,0,960,576
0,0,960,576
0,0,960,576
0,0,960,576
0,0,960,576
0,0,960,576
0,0,960,576
0,0,960,576
0,0,960,576
0,0,960,576
0,0,960,576
0,0,960,576
0,0,960,576
0,0,960,576
0,0,960,576
0,0,960,576
0,0,960,576
0,0,960,576
0,0,960,576
0,0,960,576
0,0,960,576
0,0,960,576
0,0,960,576
0,0,960,576
0,0,960,576
0,0,960,576
0,0,960,576
0,0,960,576
0,0,960,576
0,0,960,576
0,0,960,576
0,0,960,576
0,0,960,576
0,0,960,576
0,0,960,576
0,0,960,576
0,0,960,576
0,0,960,576
0,0,960,576
0,0,960,576
0,0,960,576
0,0,960,576
0,0,960,576
0,0,960,576
0,0,960,576
0,0,960,576
0,0,960,576
0,0,960,576
0,0,960,576
0,0,960,576
0,0,960,576
0,0,960,576
0,0,960,576
0,0,960,576
0,0,960,576
0,0,960,576
0,0,960,576
0,0,960,576
0,0,960,576
0,0,960,576
0,0,960,576
0,0,960,576
0,0,960,576
0,0,960,576
0,0,960,576
0,0,960,576
0,0,960,576
0,0,960,576
0,0,960,576
0,0,960,576
0,0,960,576
0,0,960,576
0,0,960,576
0,0,960,576
0,0,960,576
0,0,960,576
0,0,960,576
0,0,960,576
0,0,960,576
0,0,960,576
0,0,960,576
0,0,960,576
0,0,960,576
0,0,960,576
0,0,960,576
0,0,960,576
0,0,960,576
0,0,960,576
0,0,960,576
0,0,960,576
0,0,960,576
0,0,960,576
0,0,960,576
0,0,960,576
0,0,960,576
0,0,960,576
0,0,960,576
0,0,960,576
0,0,960,576
0,0,960,576
0,0,960,576
0,0,960,576
0,0,960,576
0,0,960,576
0,0,960,576
0,0,960,576
0,0,960,576
0,0,960,576
0,0,960,576
0,0,960,576
0,0,960,576
0,0,960,576
0,0,960,576
0,0,960,576
0,0,960,576
0,0,960,576
0,0,960,576
0,0,960,576
0,0,960,576
0,0,960,576
0,0,960,576
0,0,960,576
0,0,960,576
0,0,960,576
0,0,960,576
0,0,960,576
0,0,960,576
0,0,960,576
0,0,960,576
0,0,960,576
0,0,960,576
0,0,960,576
0,0,960,576
0,0,960,576
0,0,960,576
0,0,960,576
0,0,960,576
0,0,960,576
0,0,960,576
0,0,960,576
0,0,960,576
0,0,960,576
0,0,960,576
0,0,960,576
0,0,960,576
0,0,960,576
0,0,960,576
0,0,960,576
0,0,960,576
0,0,960,576
0,0,960,576
0,0,960,576
0,0,960,576
0,0,960,576
0,0,960,576
0,0,960,576
0,0,960,576
0,0,960,576
0,0,960,576
0,0,960,576
0,0,960,576
0,0,960,576
0,0,960,576
0,0,960,576
0,0,960,576
0,0,960,576
0,0,960,576
0,0,960,576
0,0,960,576
0,0,960,576
0,0,960,576
0,0,960,576
0,0,960,576
0,0,960,576
0,0,960,576
0,0,960,576
0,0,960,576
0,0,960,576
0,0,960,576
0,0,960,576
0,0,960,576
0,0,960,576
0,0,960,576
0,0,960,576
0,0,960,576
0,0,960,576
0,0,960,576
0,0,960,576
0,0,960,576
0,0,960,576
0,0,960,576
0,0,960,576
0,0,960,576
0,0,960,576
0,0,960,576
0,0,960,576
0,0,960,576
0,0,960,576
0,0,960,576
0,0,960,576
0,0,960,576
0,0,960,576
0,0,960,576
0,0,960,576
0,0,960,576
0,0,960,576
0,0,960,576
0,0,960,576
0,0,960,576
0,0,960,576
0,0,960,576
0,0,960,576
0,0,960,576
0,0,960,576
0,0,960,576
0,0,960,576
0,0,960,576
0,0,960,576
0,0,960,576
0,0,960,576
0,0,960,576
0,0,960,576
0,0,960,576
0,0,960,576
0,0,960,576
0,0,960,576
0,0,960,576
0,0,960,576
0,0,960,576
0,0,960,576
0,0,960,576
0,0,960,576
0,0,960,576
0,0,960,576
0,0,960,576
0,0,960,576
0,0,960,576
0,0,960,576
0,0,960,576
0,0,960,576
0,0,960,576
0,0,960,576
0,0,960,576
0,0,960,576
0,0,960,576
0,0,960,576
0,0,960,576
0,0,960,576
0,0,960,576
0,0,960,576
0,0,960,576
0,0,960,576
0,0,960,576
0,0,960,576
0,0,960,576
0,0,960,576
0,0,960,576
0,0,960,576
0,0,960,576
0,0,960,576
0,0,960,576
0,0,960,576
0,0,960,576
0,0,960,576
0,0,960,576
0,0,960,576
0,0,960,576
0,0,960,576
0,0,960,576
0,0,960,576
0,0,960,576
0,0,960,576
0,0,960,576
0,0,960,576
0,0,960,576
0,0,960,576
0,0,960,576
0,0,960,576
0,0,960,576
0,0,960,576
0,0,960,576
0,0,960,576
0,0,960,576
0,0,960,576
0,0,960,576
0,0,960,576
0,0,960,576
0,0,960,576
0,0,960,576
0,0,960,576
0,0,960,576
0,0,960,576
0,0,960,576
0,0,960,576
0,0,960,576
0,0,960,576
0,0,960,576
0,0,960,576
0,0,960,576
0,0,960,576
0,0,960,576
0,0,960,576
0,0,960,576
0,0,960,576
0,0,960,576
0,0,960,576
0,0,960,576
0,0,960,576
0,0,960,576
0,0,960,576
0,0,960,576
0,0,960,576
0,0,960,576
0,0,960,576
0,0,960,576
0,0,960,576
0,0,960,576
0,0,960,576
0,0,960,576
0,0,960,576
0,0,960,576
0,0,960,576
0,0,960,576
0,0,960,576
0,0,960,576
0,0,960,576
0,0,960,576
0,0,960,576
0,0,960,576
0,0,960,576
0,0,960,576
0,0,960,576
0,0,960,576
0,0,960,576
0,0,960,576
0,0,960,576
0,0,960,576
0,0,960,576
0,0,960,576
0,0,960,576
0,0,960,576
0,0,960,576
0,0,960,576
0,0,960,576
0,0,960,576
0,0,960,576
0,0,960,576
0,0,960,576
0,0,960,576
0,0,960,576
0,0,960,576
0,0,960,576
0,0,960,576
0,0,960,576
0,0,960,576
0,0,960,576
0,0,960,576
0,0,960,576
0,0,960,576
0,0,960,576
0,0,960,576
0,0,960,576
0,0,960,576
0,0,960,576
0,0,960,576
0,0,960,576
0,0,960,576
0,0,960,576
0,0,960,576
0,0,960,576
0,0,960,576
0,0,960,576
0,0,960,576
0,0,960,576
0,0,960,576
0,0,960,576
0,0,960,576
0,0,960,576
0,0,960,576
0,0,960,576
0,0,960,576
0,0,960,576
0,0,960,576
0,0,960,576
0,0,960,576
0,0,960,576
0,0,960,576
0,0,960,576
0,0,960,576
0,0,960,576
0,0,960,576
0,0,960,576
0,0,960,576
0,0,960,576
0,0,960,576
0,0,960,576
0,0,960,576
0,0,960,576
0,0,960,576
0,0,960,576
0,0,960,576
0,0,960,576
0,0,960,576
0,0,960,576
0,0,960,576
0,0,960,576
0,0,960,576
0,0,960,576
0,0,960,576
0,0,960,576
0,0,960,576
0,0,960,576
0,0,960,576
0,0,960,576
0,0,960,576
0,0,960,576
0,0,960,576
0,0,960,576
0,0,960,576
0,0,960,576
0,0,960,576
0,0,960,576
0,0,960,576
0,0,960,576
0,0,960,576
0,0,960,576
0,0,960,576
0,0,960,576
0,0,960,576
0,0,960,576
0,0,960,576
0,0,960,576
0,0,960,576
0,0,960,576
0,0,960,576
0,0,960,576
0,0,960,576
0,0,960,576
0,0,960,576
0,0,960,576
0,0,960,576
0,0,960,576
0,0,960,576
0,0,960,576
0,0,960,576
0,0,960,576
0,0,960,576
0,0,960,576
0,0,960,576
0,0,960,576
0,0,960,576
0,0,960,576
0,0,960,576
0,0,960,576
0,0,960,576
0,0,960,576
0,0,960,576
0,0,960,576
0,0,960,576
0,0,960,576
0,0,960,576
0,0,960,576
0,0,960,576
0,0,960,576
0,0,960,576
0,0,960,576
0,0,960,576
0,0,960,576
0,0,960,576
0,0,960,576
0,0,960,576
0,0,960,576
0,0,960,576
0,0,960,576
0,0,960,576
0,0,960,576
0,0,960,576
0,0,960,576
0,0,960,576
0,0,960,576
0,0,960,576
0,0,960,576
0,0,960,576
0,0,960,576
0,0,960,576
0,0,960,576
0,0,960,576
0,0,960,576
0,0,960,576
0,0,960,576
0,0,960,576
0,0,960,576
0,0,960,576
0,0,960,576
0,0,960,576
0,0,960,576
0,0,960,576
0,0,960,576
0,0,960,576
0,0,960,576
0,0,960,576
0,0,960,576
0,0,960,576
0,0,960,576
0,0,960,576
0,0,960,576
0,0,960,576
0,0,960,576
0,0,960,576
0,0,960,576
0,0,960,576
0,0,960,576
0,0,960,576
0,0,960,576
0,0,960,576
0,0,960,576
0,0,960,576
0,0,960,576
0,0,960,576
0,0,960,576
0,0,960,576
0,0,960,576
0,0,960,576
0,0,960,576
0,0,960,576
0,0,960,576
0,0,960,576
0,0,960,576
0,0,960,576
0,0,960,576
0,0,960,576
0,0,960,576
0,0,960,576
0,0,960,576
0,0,960,576
0,0,960,576
0,0,960,576
0,0,960,576
0,0,960,576
0,0,960,576
0,0,960,576
0,0,960,576
0,0,960,576
0,0,960,576
0,0,960,576
0,0,960,576
0,0,960,576
0,0,960,576
0,0,960,576
0,0,960,576
0,0,960,576
0,0,960,576
0,0,960,576
0,0,960,576
0,0,960,576
0,0,960,576
0,0,960,576
0,0,960,576
0,0,960,576
0,0,960,576
0,0,960,576
0,0,960,576
0,0,960,576
0,0,960,576
0,0,960,576
0,0,960,576
0,0,960,576
0,0,960,576
0,0,960,576
0,0,960,576
0,0,960,576
0,0,960,576
0,0,960,576
0,0,960,576
0,0,960,576
0,0,960,576
0,0,960,576
0,0,960,576
0,0,960,576
0,0,960,576
0,0,960,576
0,0,960,576
0,0,960,576
0,0,960,576
0,0,960,576
0,0,960,576
0,0,960,576
0,0,960,576
0,0,960,576
0,0,960,576
0,0,960,576
0,0,960,576
0,0,960,576
0,0,960,576
0,0,960,576
0,0,960,576
0,0,960,576
0,0,960,576
0,0,960,576
0,0,960,576
0,0,960,576
0,0,960,576
0,0,960,576
0,0,960,576
0,0,960,576
0,0,960,576
0,0,960,576
0,0,960,576
0,0,960,576
0,0,960,576
0,0,960,576
0,0,960,576
0,0,960,576
0,0,960,576
0,0,960,576
0,0,960,576
0,0,960,576
0,0,960,576
0,0,960,576
0,0,960,576
0,0,960,576
0,0,960,576
0,0,960,576
0,10,960,565
0,130,960,445
32,238,927,337
0,9,842,566
0,26,945,549
0,4,960,571
0,58,939,517
0,19,960,556
0,27,960,548
0,13,960,562
0,23,960,552
262,21,493,554
334,57,253,393
349,10,213,465
343,5,211,470
351,11,201,480
351,9,215,486
348,6,213,488
355,6,212,490
355,11,211,486
352,15,214,482
360,22,209,476
363,25,197,468
367,28,201,467
362,28,206,467
359,29,205,462
365,30,206,468
362,26,198,467
360,28,210,470
357,25,215,477
357,24,209,475
355,23,212,476
343,22,220,477
357,17,208,483
342,17,213,475
348,14,201,476
342,16,218,479
345,12,229,494
347,9,205,477
351,10,220,487
345,7,225,491
348,10,228,489
350,10,229,485
346,10,236,488
348,12,234,481
339,13,238,479
344,12,235,480
344,11,233,482
341,11,238,483
336,7,236,487
319,4,234,489
335,19,199,464
362,12,193,476
328,13,228,483
332,15,205,474
337,11,211,472
352,10,203,482
329,16,224,481
347,13,214,481
316,17,238,482
326,13,240,483
309,15,240,478
323,18,255,481
332,16,217,471
347,16,219,477
343,18,224,489
341,19,213,472
351,14,206,479
331,16,229,476
335,18,226,483
343,18,208,477
344,18,205,476
360,18,189,474
359,23,200,473
356,22,209,471
356,20,207,473
357,21,199,470
359,20,201,474
360,22,197,470
361,23,198,471
357,22,201,470
359,21,189,468
359,23,203,474
355,22,203,471
357,21,187,467
362,20,193,478
356,23,190,468
357,23,196,477
357,22,191,463
356,23,195,469
356,23,188,465
359,24,198,471
358,22,192,465
359,23,190,461
360,24,191,458
360,23,195,459
362,21,198,463
362,22,194,459
365,23,194,461
365,22,198,464
365,22,190,461
366,22,196,463
365,21,193,464
366,21,196,465
365,22,195,465
366,22,195,465
367,24,194,465
366,24,195,463
365,25,197,464
364,24,198,466
363,24,196,467
361,25,190,464
359,27,186,457
362,27,185,458
359,29,189,458
358,30,184,454
360,31,185,454
359,31,177,453
360,32,189,456
356,33,182,451
358,34,182,451
357,36,183,453
357,35,180,454
357,37,177,448
358,38,174,441
361,40,173,441
360,40,171,439
360,41,169,437
359,42,171,435
359,42,170,434
360,43,170,434
360,44,172,431
361,43,178,434
359,41,184,440
360,39,174,435
361,40,189,442
359,38,183,439
360,41,194,444
360,37,186,439
363,39,199,445
362,38,199,449
360,38,198,448
361,38,190,439
363,39,194,440
366,40,202,449
374,37,181,446
375,43,180,438
375,42,177,437
377,43,178,432
378,43,193,438
380,46,196,447
381,46,193,450
384,48,189,449
386,50,193,448
385,48,183,442
386,51,183,440
384,53,182,437
385,53,185,432
384,54,186,439
387,54,190,440
388,55,193,445
383,54,183,438
392,55,190,440
394,55,184,440
399,55,176,434
402,59,177,423
407,59,176,420
408,58,178,422
407,57,179,424
408,59,176,418
409,58,173,421
408,59,169,414
406,60,168,412
403,61,169,418
403,64,171,411
399,63,185,421
385,62,197,426
398,55,181,434
392,58,188,426
387,57,188,428
403,57,178,430
390,60,186,420
398,59,184,427
387,59,191,425
404,57,184,431
387,60,196,424
403,57,179,425
384,62,194,418
404,59,182,431
386,60,201,428
400,58,177,423
388,60,178,411
411,62,162,419
410,66,167,415
398,65,174,409
397,61,173,414
398,61,170,417
397,61,171,416
398,60,165,411
399,62,162,414
402,65,155,405
400,68,157,404
409,69,148,394
404,79,157,387
405,80,171,350
404,69,152,390
403,77,160,395
409,83,163,375
402,77,162,400
403,77,165,385
399,70,164,406
404,68,159,407
404,68,158,406
403,70,157,405
406,72,157,401
401,77,161,394
408,77,160,392
400,85,164,387
406,77,172,397
400,76,168,396
404,73,161,405
407,75,166,404
401,79,168,391
403,74,167,405
401,77,163,397
407,74,169,407
399,74,175,399
402,79,166,400
401,76,168,402
403,74,167,405
400,74,170,405
401,71,164,408
402,72,165,407
401,73,170,406
399,71,168,409
401,70,165,411
403,71,167,409
401,71,172,410
398,71,174,409
400,70,173,409
400,69,168,406
405,68,161,403
404,68,159,408
407,69,157,402
401,72,159,400
407,71,156,402
401,71,160,402
408,69,158,405
400,69,165,406
406,67,161,399
401,66,159,401
405,65,154,402
405,70,155,400
409,74,147,385
406,102,139,354
404,114,129,322
408,143,126,293
413,148,145,216
417,136,122,143
432,160,95,97
447,149,70,86
431,154,76,74
438,151,64,72
442,150,63,70
444,151,66,68
443,153,68,66
433,151,66,66
432,148,67,64
431,152,63,65
437,151,63,61
437,151,63,65
444,149,67,67
444,155,67,66
447,153,72,67
441,148,74,65
439,143,86,61
437,146,85,62
431,143,87,59
412,145,90,71
425,151,77,76
402,150,77,82
407,158,80,84
429,152,89,88
410,179,69,79
417,154,80,92
408,157,80,88
415,166,70,91
404,169,73,90
404,172,82,76
412,159,80,94
404,179,72,86
397,188,77,74
393,192,76,70
395,187,75,79
403,185,72,78
409,189,60,81
428,168,66,87
423,166,65,88
427,167,65,82
437,167,66,82
441,155,88,78
455,155,75,80
456,153,71,73
451,164,81,72
452,231,61,88
451,243,60,97
446,272,69,95
368,233,84,105
330,269,111,90
400,238,142,121
349,232,146,127
354,175,189,218
387,82,138,351
381,91,149,362
396,89,144,368
403,116,144,344
396,122,143,339
391,92,145,365
408,121,135,327
405,126,151,338
393,85,153,388
395,80,155,390
394,82,155,394
398,79,160,397
400,79,157,397
403,77,153,399
406,79,157,396
408,77,150,403
410,80,157,399
411,78,145,401
411,81,164,397
410,76,151,401
415,87,160,389
409,78,158,408
410,78,162,401
408,75,156,403
417,83,157,394
411,88,157,390
419,95,160,388
413,93,155,370
419,97,155,378
419,98,156,372
418,95,157,373
420,94,156,377
421,99,156,371
418,109,157,359
419,124,162,336
411,89,167,384
416,96,167,385
413,105,166,362
416,110,166,365
420,106,157,275
477,135,110,185
475,176,104,192
511,140,91,117
482,190,83,115
492,147,82,112
502,126,82,73
500,128,73,65
494,140,69,72
501,182,78,71
480,188,93,75
490,265,59,94
488,269,61,91
485,259,59,98
482,250,63,102
443,213,90,91
460,203,85,109
459,215,79,93
467,206,61,86
468,210,57,80
466,209,52,79
464,206,49,92
464,219,46,79
461,209,44,75
460,213,40,77
457,219,37,68
457,221,36,63
459,219,35,64
458,217,38,66
452,208,48,76
454,216,53,70
438,194,64,75
438,185,66,76
421,182,83,68
424,145,78,90
439,146,79,99
432,121,93,98
437,124,91,107
441,110,93,93
443,114,87,93
429,129,83,95
428,123,85,92
441,122,79,98
440,121,81,99
430,128,73,95
436,134,79,91
441,138,78,89
442,138,87,91
434,141,79,87
449,125,84,89
460,121,75,108
461,118,72,107
467,119,67,114
464,116,71,79
465,121,72,102
460,118,76,108
463,124,73,119
457,117,81,94
464,115,75,73
470,114,72,67
469,117,69,67
469,120,71,75
474,119,71,86
472,118,69,69
481,120,64,80
484,116,61,61
473,119,67,62
493,112,55,57
485,114,60,63
465,123,71,72
463,136,63,112
454,139,73,104
451,136,75,106
469,116,73,109
457,125,70,99
451,124,81,97
448,129,80,92
455,125,75,103
430,160,79,80
434,156,82,79
442,150,84,84
440,164,79,85
439,158,78,79
432,170,83,78
440,151,81,74
435,166,76,69
465,202,57,87
465,204,64,81
458,200,73,78
463,195,78,82
459,192,82,78
435,152,81,76
454,161,78,81
434,164,77,65
469,196,55,81
456,196,59,86
456,188,59,99
445,170,70,78
442,190,71,95
440,194,79,97
437,194,81,107
437,194,80,104
435,205,72,101
435,204,64,108
435,212,69,133
434,253,67,104
437,273,67,92
443,267,75,91
455,262,70,90
468,288,68,77
479,289,59,71
494,286,52,80
505,288,60,69
516,234,56,113
517,228,62,123
519,211,69,142
529,219,66,140
544,204,59,156
538,208,73,155
538,194,81,160
535,198,89,162
539,203,91,159
535,196,94,168
537,187,101,174
535,185,101,172
540,173,93,146
543,186,90,137
543,192,87,100
554,181,78,113
573,240,59,140
572,249,61,128
567,234,60,148
560,256,63,125
555,245,65,139
544,224,71,160
533,208,79,179
519,120,78,100
520,142,69,115
516,126,74,98
510,129,79,82
513,124,78,81
498,134,86,73
482,138,100,87
519,151,66,153
508,148,77,165
500,175,79,171
475,275,80,135
480,280,71,135
484,279,71,138
486,286,66,132
495,287,61,136
498,287,61,140
500,280,65,152
501,272,70,157
502,251,75,182
497,168,85,176
492,166,87,184
460,175,101,187
495,156,90,192
462,207,110,176
490,155,93,166
427,190,132,149
334,221,123,144
330,201,157,163
350,171,213,176
467,122,119,181
511,200,89,192
500,162,89,162
514,220,75,165
510,221,71,162
504,208,69,169
498,192,69,182
490,194,73,179
484,186,72,183
479,216,68,163
477,145,68,130
469,211,65,163
464,183,71,101
462,222,62,161
452,195,75,102
458,202,63,102
460,199,56,80
463,204,50,70
465,203,46,67
465,204,43,66
466,205,42,66
466,201,43,69
466,203,43,70
468,203,44,69
472,205,43,67
476,207,42,68
475,208,44,69
479,209,43,69
483,213,42,71
484,214,44,68
487,217,42,68
489,217,43,67
493,219,44,69
496,217,45,72
499,216,47,76
496,213,52,78
503,212,51,82
505,212,51,89
509,216,54,91
510,220,52,82
513,219,49,74
514,218,47,72
516,218,46,76
514,216,49,78
516,217,49,77
514,218,51,78
512,215,53,79
513,215,52,81
514,216,52,79
516,215,48,81
515,216,51,81
515,216,52,82
507,215,60,86
512,199,52,99
509,208,57,92
504,208,63,98
492,194,71,112
495,203,64,98
502,221,58,95
505,269,52,122
503,277,50,116
505,281,47,115
505,288,46,112
504,294,45,110
502,292,48,116
501,295,49,116
498,299,51,118
497,301,51,116
494,301,52,118
490,302,53,120
486,302,54,121
481,302,54,124
478,299,52,125
471,297,54,127
467,319,55,105
448,278,76,132
437,150,97,93
429,132,90,87
435,142,82,80
434,140,76,77
436,145,68,74
435,142,68,74
428,141,74,73
427,139,69,73
423,143,71,68
414,143,81,64
421,136,90,75
432,156,109,67
451,156,79,69
442,165,92,65
438,171,99,74
426,167,95,101
444,274,74,123
458,305,67,104
467,284,58,118
462,286,64,118
467,289,60,109
472,285,56,114
475,308,52,87
460,310,59,81
454,309,65,78
438,311,75,75
380,302,67,72
376,317,67,60
383,323,63,55
386,326,64,54
391,327,66,54
406,316,78,68
455,285,70,98
435,275,89,104
459,281,76,100
454,289,78,85
436,296,86,78
404,293,81,67
405,297,63,62
411,296,68,60
412,290,77,62
421,287,86,70
415,284,94,71
421,280,91,80
418,261,88,89
454,269,67,101
447,248,72,122
443,209,65,120
436,223,69,88
434,228,66,78
437,224,69,78
439,219,74,81
441,210,75,87
437,202,85,74
439,201,81,87
442,202,80,78
442,209,80,91
447,202,81,80
451,207,75,83
453,214,73,82
449,218,74,114
451,302,71,87
459,315,60,72
459,307,60,75
461,295,58,83
456,202,49,94
456,201,52,111
459,273,56,94
457,283,59,69
452,284,61,59
457,293,57,52
457,300,57,49
458,297,58,47
457,301,58,42
458,308,54,45
458,310,54,53
454,309,63,55
453,307,75,58
454,296,85,63
481,206,60,121
469,205,70,154
465,231,87,120
444,272,106,85
478,222,76,132
459,261,95,98
450,257,100,104
487,242,73,117
490,235,67,131
487,237,72,132
489,244,72,126
496,249,67,122
500,246,64,127
498,248,66,128
501,274,64,105
506,266,59,112
501,281,65,101
509,281,56,98
509,278,56,101
508,305,55,74
512,305,49,75
509,308,50,72
508,302,51,72
510,296,48,77
508,295,48,73
507,293,51,74
505,289,53,74
500,293,55,71
497,285,56,74
494,280,54,74
491,277,49,84
488,284,46,73
485,283,41,72
483,288,40,66
476,292,41,62
472,294,41,65
468,297,42,61
464,299,44,61
461,301,46,63
461,301,46,67
457,303,46,66
454,304,47,67
449,303,52,71
441,289,57,84
443,300,57,76
435,228,58,73
435,221,54,84
437,220,56,88
438,229,56,84
440,238,60,71
438,235,61,86
438,224,60,105
441,225,62,96
441,227,59,99
445,228,59,95
444,232,62,101
446,229,63,104
449,230,60,103
450,233,61,94
451,230,63,80
450,224,61,83
458,219,56,88
460,215,61,86
465,212,59,89
470,209,55,87
473,207,53,82
475,207,55,81
479,205,51,84
484,204,47,82
490,202,47,83
497,201,46,83
500,201,51,81
500,203,54,86
504,220,67,79
513,218,61,90
513,225,66,91
515,235,69,95
519,243,71,92
521,253,75,94
517,269,77,120
525,272,75,122
532,279,69,120
521,287,80,120
533,289,77,119
529,287,86,126
530,264,91,156
540,250,89,173
544,263,92,163
551,274,86,152
556,277,82,147
479,322,82,95
539,347,76,103
482,335,78,78
510,333,75,102
504,345,75,93
577,304,70,145
510,394,104,111
482,401,134,97
456,399,150,105
469,387,148,118
512,367,118,109
531,350,103,118
507,336,122,131
448,322,82,102
439,330,83,74
442,325,77,82
452,324,86,103
430,319,85,89
432,324,86,81
437,316,82,86
431,319,83,86
423,315,91,82
419,319,91,83
424,319,89,78
427,318,86,81
425,310,83,85
420,317,87,82
430,308,80,81
460,309,95,90
538,296,77,146
531,280,85,154
525,265,87,158
526,272,81,146
522,276,78,135
513,266,79,132
501,287,82,130
499,237,79,145
487,236,88,113
481,239,83,101
465,228,90,95
470,215,86,102
456,168,82,111
452,185,92,97
444,153,92,117
440,168,94,106
438,178,90,101
436,158,87,106
428,176,95,90
418,195,96,87
441,163,81,102
442,190,78,79
427,177,86,77
436,172,82,92
430,173,78,106
417,176,99,99
438,222,85,150
433,166,94,102
451,189,76,109
455,203,71,88
456,209,73,78
447,208,79,91
456,202,77,96
461,210,78,86
463,215,75,87
472,204,74,96
479,232,76,94
477,208,84,94
491,222,76,97
495,224,81,98
496,211,79,90
497,200,81,98
508,214,77,102
512,205,75,90
515,212,77,100
517,207,78,97
525,224,77,142
521,230,81,142
411,245,90,99
424,253,85,103
415,237,93,91
409,237,90,93
438,261,102,109
428,298,72,117
392,227,87,92
393,221,77,94
391,226,84,98
379,226,89,95
379,224,84,98
374,230,82,94
373,254,91,78
375,260,80,70
367,278,84,79
377,235,86,102
380,253,102,123
388,225,99,102
420,252,102,117
392,264,106,116
378,219,123,114
380,218,111,103
396,219,97,97
430,290,65,112
400,227,84,103
410,299,74,91
397,305,79,93
388,311,74,90
383,313,71,90
386,316,59,119
384,315,63,108
390,293,77,124
366,226,93,99
362,224,101,100
365,224,103,98
371,227,97,89
390,233,95,84
384,231,80,89
459,227,103,87
400,250,143,94
365,257,109,103
367,270,108,94
379,260,119,106
366,274,124,103
371,257,127,115
372,255,111,121
375,289,111,100
377,269,104,105
373,277,104,96
380,298,89,86
399,304,74,124
391,287,101,116
443,245,123,102
381,224,95,141
452,237,120,112
502,221,84,178
502,260,85,138
510,241,79,160
504,227,89,173
504,232,91,170
498,233,100,168
481,228,119,117
484,247,114,137
490,234,114,122
500,205,106,124
496,205,109,121
500,206,101,123
495,224,110,145
497,202,118,131
546,292,69,131
552,300,67,123
553,314,65,109
556,318,58,99
557,318,58,100
555,320,57,92
553,323,57,88
552,329,57,84
548,330,56,88
544,328,55,89
540,325,53,92
533,321,56,96
527,321,55,97
523,320,55,97
519,319,54,98
512,322,57,96
506,322,61,98
504,319,59,100
499,322,63,99
499,316,61,102
497,319,61,99
495,316,60,99
493,316,59,101
492,316,55,101
486,319,57,103
486,314,56,104
486,313,54,103
482,311,56,103
481,311,55,105
480,312,56,102
481,310,57,101
481,309,60,101
479,304,64,104
479,302,66,105
475,299,72,106
464,300,80,115
458,299,88,109
441,294,101,118
447,282,107,133
414,244,111,170
437,151,141,128
414,179,129,137
436,171,116,138
444,171,116,144
459,147,134,125
470,118,128,130
485,142,121,107
506,155,100,97
511,158,103,93
505,154,107,99
499,149,106,109
498,158,110,121
500,138,113,127
499,154,115,126
496,141,114,124
479,170,116,146
480,147,129,121
462,166,102,147
471,178,117,152
511,269,123,175
481,262,149,181
471,262,149,167
478,186,134,140
468,192,132,125
463,206,145,118
468,207,143,119
486,216,128,122
486,228,126,115
485,231,130,105
482,233,131,96
490,238,122,102
494,245,116,102
495,256,115,104
488,261,122,107
489,266,121,111
491,273,118,111
499,281,108,107
499,282,108,105
493,284,111,107
491,282,106,106
490,283,102,111
487,283,99,113
485,288,95,115
483,293,92,116
478,295,91,120
477,292,86,123
469,290,87,81
470,297,81,68
467,301,82,62
460,307,86,60
454,308,91,61
448,314,78,64
437,319,78,71
353,269,91,75
240,248,114,107
238,241,135,116
232,237,158,117
230,240,156,116
233,244,153,119
253,246,150,124
239,262,145,142
244,248,157,129
250,264,137,122
223,261,116,116
241,264,140,119
301,256,165,109
404,255,129,97
407,254,124,89
394,242,131,91
380,237,132,97
407,242,126,93
412,243,124,88
439,244,102,84
394,252,130,85
428,251,103,89
445,253,110,76
457,262,104,71
468,265,96,68
470,272,98,64
472,276,89,62
477,278,81,61
480,278,84,59
486,275,82,58
492,270,77,60
495,263,85,65
499,257,90,65
504,251,89,67
500,247,97,70
501,241,97,72
478,240,113,78
462,237,133,87
469,233,136,96
461,231,132,100
467,227,137,100
447,223,125,104
452,226,137,96
446,218,143,94
430,214,152,100
465,223,130,104
470,228,126,105
463,230,129,98
442,225,139,107
465,223,104,117
417,229,123,96
411,222,91,102
437,239,96,105
426,232,69,103
447,229,68,106
445,234,70,102
467,243,69,113
454,251,85,128
449,268,94,133
461,267,98,115
469,279,90,124
463,279,101,104
478,288,89,98
475,286,92,94
481,289,90,92
482,292,90,89
483,293,92,88
483,289,100,91
472,289,105,94
475,286,113,99
488,277,103,107
486,269,103,112
480,265,107,113
470,256,117,119
463,256,123,118
458,252,128,121
446,243,138,121
438,241,137,119
427,236,138,110
432,228,126,111
441,217,121,120
444,209,102,106
443,195,96,111
382,209,67,152
377,114,70,148
368,183,85,105
378,181,72,123
384,164,81,114
384,103,91,141
439,151,86,124
381,153,111,136
343,149,114,155
188,97,129,122
230,110,113,127
262,121,124,122
399,163,117,121
345,170,120,119
324,178,129,104
314,172,135,111
294,141,124,133
301,138,113,143
298,167,133,120
315,169,112,130
322,169,108,119
296,178,129,110
341,170,116,124
319,162,127,135
330,173,112,136
322,177,125,126
309,187,133,114
331,170,116,129
372,175,84,128
369,178,81,112
298,196,87,85
309,196,81,77
303,197,77,75
314,180,83,82
338,154,100,108
372,164,90,117
367,174,89,141
333,191,119,112
336,156,131,134
350,176,118,135
358,150,124,137
356,118,114,163
360,123,128,160
355,115,121,158
367,123,132,139
365,125,133,147
364,126,134,138
366,147,139,124
