0.015528
0.019218
0.032226
0.033660
0.037311
0.031871
0.032657
0.033674
0.033658
0.027384
0.032165
0.033613
0.033961
0.025438
0.034221
0.033326
0.016558
0.019593
0.016358
0.027756
0.033424
0.032058
0.023258
0.029801
0.033242
0.031283
0.029356
0.032517
0.034443
0.023218
0.022130
0.034708
0.031951
0.034485
0.034166
0.034717
0.036487
0.020805
0.016264
0.033530
0.024549
0.029301
0.033677
0.034347
0.033144
0.033315
0.028525
0.017285
0.015834
0.034197
0.019705
0.034873
0.025555
0.031913
0.032262
0.029467
0.016838
0.020237
0.018946
0.033219
0.032795
0.033903
0.031722
0.022240
0.032223
0.031836
0.016438
0.032182
0.033396
0.016234
0.016394
0.033961
0.034170
0.016079
0.032104
0.017142
0.032971
0.032501
0.035151
0.034508
0.032151
0.021945
0.032869
0.033028
0.021153
0.020552
0.032780
0.016093
0.035147
0.016301
0.028648
0.027510
0.021663
0.033736
0.019285
0.027714
0.036238
0.032861
0.034467
0.033181
0.033665
0.026812
0.033562
0.032633
0.017885
0.032629
0.033778
0.033479
0.034150
0.033793
0.033368
0.032876
0.032142
0.031952
0.032079
0.032958
0.032012
0.032551
0.030779
0.033770
0.033261
0.033037
0.019651
0.030874
0.031683
0.033453
0.034574
0.032106
0.034195
0.026783
0.031865
0.032478
0.031064
0.033953
0.032921
0.032368
0.031722
0.031499
0.034750
0.031512
0.017322
0.017460
0.033947
0.025339
0.028786
0.033701
0.034150
0.032041
0.033756
0.020354
0.017370
0.027186
0.033653
0.031921
0.032061
0.033217
0.034609
0.030190
0.033484
0.034456
0.016926
0.034765
0.034265
0.020285
0.018945
0.016155
0.031512
0.028263
0.031410
0.030801
0.032715
0.033595
0.032192
0.032213
0.032684
0.032715
0.034196
0.032658
0.016585
0.032388
0.032036
0.033585
0.033876
0.032861
0.024252
0.029098
0.030957
0.032895
0.032776
0.034159
0.032754
0.027595
0.032254
0.034233
0.033680
0.017692
0.032720
0.033390
0.032465
0.032527
0.033687
0.025013
0.031333
0.032649
0.032647
0.020838
0.034457
0.017955
0.030101
0.034868
0.034173
0.034262
0.031816
0.033215
0.016729
0.033503
0.031062
0.019950
0.032742
0.033438
0.029722
0.032665
0.019370
0.019683
0.018742
0.019813
0.017091
0.033991
0.024216
0.031088
0.033164
0.032800
0.031999
0.031969
0.032577
0.031536
0.030977
0.032340
0.031226
0.034720
0.032008
0.034661
0.032388
0.030497
0.022659
0.031915
0.026791
0.032485
0.035666
0.034283
0.031941
0.033000
0.032274
0.034141
0.031121
0.030024
0.032029
0.034134
0.032446
0.032345
0.020142
0.031923
0.033152
0.022609
0.031121
0.017768
0.015583
0.030741
0.030744
0.031612
0.028314
0.032248
0.024053
0.034186
0.032786
0.017845
0.035090
0.031417
0.032744
0.032033
0.025363
0.029938
0.033329
0.031761
0.032935
0.027757
0.017846
0.033042
0.033445
0.032353
0.016086
0.015916
0.015383
0.032454
0.033307
0.029281
0.032845
0.031833
0.015567
0.020415
0.019484
0.017263
0.034946
0.031160
0.035011
0.027945
0.032623
0.018629
0.031901
0.034103
0.032450
0.033453
0.024549
0.034806
0.030139
0.016191
0.015913
0.015369
0.033260
0.024775
0.024223
0.034115
0.032647
0.026585
0.016652
0.016480
0.033790
0.030879
0.034750
0.035365
0.031882
0.033423
0.031597
0.017908
0.033409
0.032232
0.028397
0.032657
0.033740
0.034528
0.031627
0.026563
0.029706
0.022335
0.021940
0.032975
0.031934
0.019033
0.028565
0.032071
0.031791
0.016202
0.033803
0.014079
0.024853
0.030830
0.034493
0.037584
0.034054
0.032493
0.031470
0.030818
0.024397
0.033024
0.032117
0.032566
0.031939
0.032799
0.030759
0.031034
0.031389
0.032593
0.032988
0.031481
0.033278
0.029923
0.022089
0.031995
0.033076
0.032701
0.033407
0.032546
0.025112
0.031356
0.032158
0.030524
0.025930
0.030998
0.032963
0.032882
0.028233
0.032362
0.020427
0.027502
0.028758
0.024833
0.026049
0.031977
0.016792
0.037167
0.028313
0.025781
0.031887
0.030521
0.034724
0.020583
0.023607
0.022840
0.031372
0.034180
0.031233
0.032797
0.032777
0.031667
0.031387
0.027889
0.027230
0.032314
0.032412
0.033256
0.031401
0.033365
0.027200
0.031473
0.031073
0.033406
0.032503
0.030950
0.020114
0.032305
0.030140
0.027587
0.030230
0.015688
0.030049
0.030162
0.033222
0.027222
0.032482
0.031716
0.032609
0.032501
0.032024
0.031593
0.033067
0.033356
0.025101
0.029433
0.032637
0.030630
0.026985
0.037231
0.032745
0.031579
0.031751
0.015235
0.032294
0.020602
0.032710
0.032400
0.029521
0.032663
0.032439
0.028441
0.031807
0.029649
0.032433
0.032269
0.032634
0.018689
0.030909
0.032388
0.032486
0.024752
0.033328
0.032896
0.030928
0.031013
0.032378
0.032507
0.037052
0.032858
0.034796
0.031510
0.024904
0.026365
0.033526
0.031795
0.032877
0.019588
0.017509
0.023022
0.032866
0.018421
0.017906
0.030120
0.017380
0.017292
0.034310
0.032302
0.031659
0.031861
0.032095
0.039388
0.032618
0.031892
0.032442
0.033046
0.034748
0.029064
0.032090
0.033572
0.032559
0.015989
0.015710
0.033441
0.033059
0.030937
0.033525
0.021942
0.033567
0.032637
0.032894
0.033412
0.020880
0.030310
0.033478
0.033733
0.034615
0.031993
0.024785
0.035633
0.031049
0.026758
0.030563
0.031994
0.025436
0.014803
0.033192
0.031974
0.032710
0.032676
0.030862
0.032612
0.019100
0.021484
0.017845
0.017774
0.033158
0.034408
0.033555
0.032452
0.032195
0.031195
0.032031
0.022687
0.032529
0.033046
0.017673
0.033033
0.023398
0.031526
0.025117
0.018407
0.034854
0.031967
0.019566
0.034556
0.032190
0.033323
0.030666
0.023618
0.032890
0.031342
0.033433
0.033240
0.031895
0.032851
0.034522
0.025130
0.031738
0.032347
0.031097
0.019350
0.032482
0.031477
0.033336
0.033617
0.029880
0.032278
0.031864
0.033134
0.032301
0.026839
0.020608
0.037525
0.036679
0.033380
0.032342
0.035915
0.032459
0.034726
0.033087
0.033485
0.031427
0.033916
0.030750
0.027335
0.032419
0.020965
0.024902
0.031614
0.032663
0.024335
0.030383
0.026055
0.032147
0.031071
0.031141
0.032701
0.033062
0.031452
0.031520
0.031758
0.032396
0.032508
0.034198
0.031054
0.031481
0.023442
0.031768
0.032325
0.031952
0.016408
0.031620
0.028167
0.032686
0.032100
0.031192
0.030776
0.026772
0.031840
0.031895
0.027813
0.029233
0.030572
0.033220
0.035034
0.031462
0.026331
0.034065
0.020777
0.032186
0.032114
0.027685
0.035019
0.033638
0.033220
0.032729
0.033434
0.032543
0.023067
0.019936
0.015667
0.035640
0.032946
0.031838
0.029012
0.020912
0.034361
0.033834
0.032523
0.018189
0.020379
0.016118
0.016306
0.034739
0.035579
0.033996
0.032177
0.026364
0.032811
0.016393
0.032646
0.026744
0.028394
0.032795
0.033165
0.033756
0.032681
0.032755
0.032638
0.031401
0.025734
0.030437
0.023744
0.033543
0.016645
0.033731
0.015577
0.031848
0.032668
0.024097
0.032048
0.022180
0.022219
0.029677
0.032553
0.032070
0.032257
0.032484
0.034051
0.031639
0.032419
0.032898
0.033250
0.024781
0.037247
0.034799
0.031433
0.034017
0.022467
0.032616
0.032561
0.032432
0.021921
0.031051
0.031806
0.032205
0.034627
0.033204
0.033527
0.023886
0.030615
0.021966
0.031763
0.032527
0.022753
0.029427
0.034274
0.026628
0.034620
0.032555
0.016200
0.033359
0.031211
0.031823
0.017639
0.031199
0.030470
0.024298
0.032854
0.031417
0.033079
0.028230
0.032666
0.032824
0.018263
0.016380
0.021734
0.014708
0.031319
0.030420
0.031542
0.031289
0.033254
0.034880
0.032148
0.031192
0.026201
0.028018
0.023304
0.033392
0.032202
0.033855
0.016218
0.018621
0.026262
0.032776
0.023390
0.032036
0.033172
0.034962
0.033112
0.023397
0.021554
0.027281
0.033567
0.033347
0.034726
0.028476
0.033112
0.031056
0.028183
0.034153
0.032341
0.023076
0.034209
0.033467
0.033406
0.034640
0.016923
0.032545
0.032245
0.021044
0.032858
0.031333
0.025309
0.025478
0.031391
0.032928
0.033603
0.027925
0.032643
0.036001
0.028350
0.020698
0.028131
0.032471
0.031488
0.019753
0.033313
0.032384
0.033384
0.020001
0.022973
0.028307
0.028039
0.032151
0.031795
0.029804
0.031570
0.032147
0.031234
0.032849
0.024434
0.032139
0.031867
0.024201
0.033394
0.032312
0.029702
0.032451
0.031919
0.036443
0.032948
0.023939
0.034151
0.031868
0.032537
0.022921
0.026816
0.031671
0.032413
0.032772
0.032854
0.027214
0.031773
0.032012
0.028425
0.031445
0.031913
0.032341
0.022069
0.034850
0.028177
0.033307
0.031480
0.025360
0.032034
0.026677
0.031909
0.031118
0.016361
0.024320
0.030963
0.032039
0.032971
0.031167
0.035073
0.032836
0.030621
0.028548
0.031361
0.031025
0.019744
0.030185
0.033286
0.031346
0.017124
0.030905
0.024362
0.016200
0.031763
0.032598
0.029313
0.017063
0.033221
0.026147
0.032229
0.032516
0.022856
0.030690
0.023401
0.025396
0.033309
0.031881
0.024275
0.034236
0.018784
0.031204
0.020386
0.032624
0.024252
0.032066
0.024686
0.030988
0.033125
0.031821
0.033807
0.030585
0.032784
0.032049
0.021013
0.034724
0.032331
0.031606
0.018728
0.029166
0.033951
0.029711
0.026108
0.032035
0.033103
0.031757
0.032571
0.031323
0.027947
0.033749
0.033576
0.031412
0.021824
0.032435
0.028558
0.032103
0.024591
0.025530
0.028855
0.035642
0.031514
0.032335
0.032205
0.016796
0.028378
0.033355
0.032115
0.032779
0.024150
0.024000
0.017199
0.033274
0.032510
0.032606
0.030118
0.032467
0.031150
0.033404
0.032459
0.031615
0.031758
0.027628
0.031652
0.015468
0.034440
0.033091
0.022420
0.027457
0.033534
0.032907
0.022158
0.031722
0.033710
0.032307
0.031952
0.033469
0.016455
0.016999
0.034097
0.032830
0.033310
0.032495
0.029190
0.026839
0.017605
0.030092
0.019568
0.026757
0.032113
0.031111
0.019084
0.021942
0.032859
0.034213
0.033787
0.032057
0.032694
0.033340
0.016135
0.019135
0.032176
0.030359
0.032371
0.020010
0.019871
0.016162
0.032812
0.031298
0.031632
0.033671
0.032372
0.031956
0.027174
0.032410
0.016612
0.015737
0.032227
0.028244
0.027746
0.032271
0.019171
0.031068
0.033463
0.033868
0.033245
0.033923
0.018270
0.017690
0.020246
0.017142
0.017170
0.017778
0.031250
0.027079
0.033236
0.033860
0.031571
0.031702
0.031620
0.031394
0.032247
0.023400
0.031675
0.030744
0.031000
0.016205
0.015736
0.014979
0.017071
0.031568
0.034100
0.034416
0.026440
0.032390
0.028161
0.032427
0.031182
0.031338
0.020259
0.018800
0.034448
0.033135
0.027556
0.032034
0.022720
0.031272
0.022456
0.031678
0.026691
0.032619
0.033562
0.032179
0.031309
0.032282
0.034711
0.028427
0.018240
0.031710
0.026978
0.032140
0.029505
0.031719
0.031632
0.019319
0.015017
0.035065
0.025468
0.034797
0.016057
0.031578
0.026267
0.031549
0.032321
0.034787
0.033438
0.032143
0.024315
0.016359
0.017201
0.015657
0.015753
0.029251
0.031228
0.032531
0.031739
0.030859
0.032761
0.034545
0.032810
0.016701
0.027580
0.027877
0.032464
0.032812
0.025775
0.032342
0.025180
0.034962
0.020465
0.033238
0.029129
0.032463
0.020801
0.033098
0.020609
0.031635
0.033669
0.019100
0.033145
0.033741
0.033587
0.033443
0.031327
0.031951
0.029597
0.031216
0.034225
0.031342
0.031201
0.030814
0.032567
0.029384
0.032847
0.032338
0.022054
0.028689
0.032722
0.031767
0.032417
0.032564
0.033363
0.035321
0.018718
0.033907
0.034066
0.033392
0.031634
0.020149
0.034010
0.035604
0.032302
0.032192
0.018147
0.015585
0.031372
0.031753
0.033352
0.018601
0.017348
0.025382
0.028621
0.031151
0.034099
0.016878
0.018740
0.033993
0.024025
0.020362
0.033759
0.032171
0.019178
0.019516
0.029980
0.033248
0.029600
0.027740
0.032168
0.031011
0.018079
0.015206
0.015273
0.015315
0.019406
0.033149
0.033069
0.031615
0.020023
0.031431
0.025522
0.021176
0.033102
0.033525
0.026911
0.026435
0.033695
0.031176
0.016271
0.033886
0.021430
0.033018
0.032397
0.033154
0.031670
0.032044
0.031295
0.027427
0.032537
0.031774
0.032805
0.029437
0.031624
0.032711
0.033854
0.016005
0.031039
0.033788
0.033932
0.017700
0.032219
0.035455
0.032238
0.032433
0.031715
0.024114
0.032750
0.034173
0.033093
0.032739
0.031690
0.026120
0.033096
0.029088
0.032462
0.032660
0.034842
0.021183
0.031838
0.031761
0.023601
0.019489
0.032770
0.021253
0.034597
0.031841
0.020192
0.033026
0.034583
0.033557
0.034211
0.031352
0.016948
0.023339
0.031860
0.031613
0.032807
0.033046
0.032186
0.033843
0.035426
0.032681
0.032900
0.031437
0.018389
0.034947
0.026430
0.019320
0.016255
0.016273
0.015471
0.020215
0.031310
0.031398
0.032387
0.031372
0.032364
0.026715
0.032739
0.036128
0.032750
0.027514
0.033942
0.019690
0.021955
0.033623
0.033190
0.032318
0.031220
0.031744
0.032604
0.018319
0.031664
0.033021
0.019118
0.029903
0.033436
0.030392
0.024387
0.032222
0.031730
0.031200
0.027080
0.033149
0.032211
0.023565
0.032598
0.030883
0.030115
0.022164
0.031892
0.033374
0.031727
0.028604
0.032129
0.031989
0.031889
0.033839
0.033096
0.032062
0.032106
0.031545
0.031205
0.031324
0.031079
0.032706
0.030459
0.022249
0.032031
0.030846
0.031867
0.017524
0.017176
0.035118
0.032224
0.020490
0.034559
0.027562
0.029799
0.031564
0.034538
0.032857
0.032775
0.033035
0.031692
0.031922
0.017481
0.028402
0.032345
0.016506
0.031637
0.031247
0.032870
0.017463
0.023666
0.035947
0.023153
0.027724
0.030931
0.024175
0.032974
0.032899
0.035409
0.024008
0.032801
0.033021
0.031352
0.033631
0.031821
0.031682
0.033331
0.032203
0.033161
0.026878
0.032860
0.033303
0.032068
0.015927
0.033720
0.033154
0.027272
0.032145
0.034831
0.032820
0.028282
0.033951
0.033853
0.029285
0.032895
0.020502
0.018357
0.033001
0.033200
0.032512
0.031348
0.035356
0.032760
0.032813
0.031002
0.016277
0.015532
0.033002
0.032008
0.031014
0.032061
0.020434
0.033260
0.017878
0.032667
0.016610
0.031601
0.020742
0.025254
0.031540
0.031518
0.033267
0.029586
0.032426
0.033548
0.032430
0.033067
0.018643
0.016196
0.025647
0.031363
0.031127
0.031202
0.023671
0.034216
0.029027
0.029216
0.025433
0.023110
0.032510
0.032429
0.030824
0.021579
0.029796
0.031465
0.031159
0.020246
0.034030
0.031953
0.023166
0.032208
0.026869
0.033054
0.024602
0.031283
0.031050
0.030845
0.033218
0.015514
0.029865
0.020026
0.025987
0.033255
0.018036
0.029692
0.032374
0.035190
0.016218
0.018417
0.032254
0.031879
0.030914
0.031646
0.031651
0.034094
0.017897
0.016056
0.034226
0.032597
0.032886
0.032785
0.034061
0.033969
0.031463
0.032971
0.016514
0.025015
0.031302
0.031953
0.031113
0.020208
0.015524
0.020014
0.033417
0.019141
0.014931
0.016086
0.027868
0.030693
0.018527
0.023534
0.029262
0.029205
0.026391
0.030910
0.026553
0.032727
0.034718
0.023224
0.029346
0.032935
0.031101
0.032114
0.022576
0.030040
0.032764
0.032580
0.033975
0.023800
0.027606
0.031011
0.031327
0.032504
0.031550
0.032592
0.015306
0.031317
0.032722
0.015833
0.032140
0.033805
0.032912
0.033698
0.024191
0.033442
0.031524
0.032013
0.034496
0.032054
0.032384
0.031178
0.034071
0.033571
0.032978
0.031845
0.030218
0.017608
0.032284
0.029499
0.032325
0.025787
0.031904
0.031181
0.031495
0.031914
0.033269
0.015810
0.034395
0.033315
0.016068
0.033937
0.034361
0.023376
0.032233
0.033460
0.027404
0.031923
0.031016
0.016459
0.030766
0.033801
0.033329
0.031454
0.030831
0.032581
0.033528
0.034000
0.020667
0.016615
0.030920
0.033280
0.023622
0.032387
0.032092
0.031424
0.032466
0.026654
0.017670
0.033094
0.033173
0.033010
0.033035
0.032182
0.029121
0.025032
0.015840
0.015779
0.018136
0.017494
0.015198
0.033647
0.031781
0.032149
0.032735
0.033677
0.034738
0.030911
0.032923
0.026141
0.032378
0.032107
0.032796
0.026968
0.034042
0.032889
0.033991
0.020697
0.024066
0.019963
0.032448
0.015391
0.032324
0.033046
0.031385
0.027248
0.031557
0.031841
0.021316
0.028489
0.024928
0.032680
0.027295
0.032290
0.032587
0.032728
0.024630
0.031181
0.033560
0.032535
0.031080
0.032482
0.024410
0.030241
0.031780
0.026057
0.031831
0.032445
0.028129
0.031148
0.021945
0.016463
0.027578
0.032119
0.031765
0.032099
0.018291
0.031530
0.031869
0.032076
0.031353
0.032827
0.034519
0.032869
0.034833
0.029008
0.030257
0.032154
0.032565
0.032977
0.032723
0.033835
0.032240
0.034414
0.032861
0.032997
0.031604
0.034581
0.032243
0.031966
0.027809
0.019579
0.032869
0.032566
0.035562
0.033534
0.032424
0.017361
0.031446
0.030460
0.027592
0.032350
0.032800
0.029058
0.016269
0.031508
0.032366
0.034039
0.033884
0.031172
0.035152
0.033569
0.031068
0.032538
0.032113
0.018086
0.015995
0.015556
0.032865
0.034140
0.021334
0.031229
0.032571
0.032902
0.033551
0.032948
0.028291
0.018301
0.032667
0.020267
0.044695
0.048865
0.050979
0.034850
0.050602
0.050588
0.055141
0.052890
0.051918
0.052789
0.043068
0.039444
0.039093
0.039051
0.040685
0.038552
0.034757
0.037065
0.041928
0.039849
0.042776
0.017910
0.035649
0.027734
0.021140
0.025920
0.043614
0.045152
0.040213
0.041537
0.032347
0.034636
0.040406
0.037847
0.039726
0.039258
0.042087
0.045672
0.027946
0.041061
0.042488
0.040021
0.041589
0.036492
0.033501
0.037758
0.045957
0.036483
0.043322
0.047058
0.043477
0.043389
0.051239
0.051777
0.046169
0.052733
0.054512
0.051052
0.048421
0.052341
0.050950
0.054135
0.051435
0.051203
0.051318
0.052525
0.047609
0.050863
0.052920
0.050901
0.052206
0.051763
0.053585
0.051933
0.055478
0.052215
0.049640
0.050306
0.040595
0.050806
0.045955
0.038284
0.050041
0.052090
0.051900
0.052118
0.050915
0.051112
0.041195
0.052528
0.050235
0.047354
0.051790
0.052403
0.043497
0.051382
0.051870
0.051510
0.051199
0.057416
0.042919
0.050400
0.052114
0.041592
0.049604
0.052386
0.051888
0.051588
0.051811
0.049613
0.052932
0.046024
0.054013
0.044144
0.035699
0.053801
0.052723
0.051829
0.051040
0.051860
0.050222
0.050415
0.052055
0.051194
0.050414
0.037772
0.052409
0.051095
0.041307
0.051678
0.045823
0.051933
0.054125
0.055013
0.055318
0.038691
0.053740
0.052718
0.049872
0.046646
0.050925
0.053500
0.052343
0.038579
0.051436
0.052958
0.050447
0.053248
0.051956
0.049368
0.041893
0.053626
0.052306
0.053466
0.054437
0.046694
0.052130
0.054927
0.044574
0.050466
0.040075
0.051495
0.052611
0.050807
0.047642
0.054247
0.052677
0.047715
0.051120
0.051624
0.046284
0.053218
0.054927
0.053442
0.045164
0.052981
0.050959
0.044593
0.053509
0.035536
0.053837
0.051024
0.055748
0.052162
0.051462
0.050464
0.052599
0.050725
0.055735
0.040367
0.045475
0.050124
0.052818
0.046872
0.052589
0.050615
0.050653
0.050007
0.049076
0.052142
0.051736
0.042184
0.051217
0.051907
0.051690
0.053393
0.051800
0.053747
0.052239
0.036854
0.049553
0.050757
0.043895
0.050314
0.049355
0.044349
0.052348
0.051671
0.043529
0.042802
0.051731
0.052125
0.051438
0.051861
0.051573
0.051714
0.055638
0.051731
0.051143
0.052713
0.052609
0.053721
0.053746
0.053530
0.051540
0.043455
0.052758
0.051987
0.045164
0.052925
0.042791
0.050240
0.051959
0.040019
0.051475
0.050159
0.038094
0.052657
0.038961
0.050591
0.052591
0.053879
0.048612
0.050938
0.052305
0.041668
0.050108
0.050976
0.055197
0.050941
0.051808
0.051211
0.050372
0.050696
0.054684
0.053705
0.042443
0.052353
0.035474
0.051906
0.050035
0.049134
0.050787
0.046780
0.048469
0.035979
0.051323
0.053145
0.051079
0.052220
0.051381
0.052665
0.050068
0.050976
0.044101
0.047324
0.051764
0.050861
0.050473
0.051812
0.051000
0.050342
0.052932
0.051347
0.051472
0.047930
0.055274
0.050379
0.053205
0.050818
0.052314
0.052357
0.052920
0.053401
0.052862
0.040555
0.050034
0.051940
0.043649
0.051528
0.051533
0.050221
0.052068
0.049775
0.050023
0.051166
0.050151
0.050174
0.047005
0.050802
0.040688
0.050546
0.045317
0.040734
0.046297
0.044406
0.053132
0.053882
0.053778
0.044376
0.050719
0.053543
0.047860
0.051595
0.042665
0.039066
0.054056
0.043420
0.050710
0.054336
0.047519
0.051069
0.051328
0.049028
0.043357
0.054991
0.044057
0.051891
0.051520
0.050250
0.051083
0.050720
0.051728
0.054219
0.052061
0.051376
0.058356
0.043139
0.051169
0.052538
0.051291
0.051178
0.053227
0.052440
0.054642
0.053989
0.042938
0.037353
0.054039
0.051559
0.051925
0.048065
0.049301
0.053188
0.042103
0.049664
0.045201
0.052087
0.049986
0.046451
0.048310
0.045639
0.038453
0.049386
0.049834
0.051195
0.051157
0.053027
0.051074
0.051360
0.051640
0.044415
0.050327
0.051681
0.055336
0.052553
0.037838
0.054989
0.051779
0.053267
0.051001
0.049103
0.051917
0.037553
0.052380
0.051428
0.042047
0.058121
0.053040
0.051792
0.050633
0.051494
0.052129
0.051572
0.050686
0.051690
0.051403
0.050828
0.034747
0.051224
0.049968
0.052128
0.052182
0.051229
0.052695
0.055339
0.046229
0.051294
0.051293
0.038129
0.052067
0.041983
0.050350
0.050588
0.051839
0.041517
0.049712
0.051085
0.052156
0.052101
0.047827
0.051736
0.056028
0.051991
0.052642
0.054081
0.048010
0.050122
0.050828
0.041445
0.051412
0.053505
0.052034
0.038405
0.050902
0.039825
0.051549
0.045693
0.052025
0.053018
0.049968
0.043015
0.046750
0.050483
0.045306
0.051265
0.054629
0.051388
0.049701
0.050890
0.053328
0.049988
0.053019
0.051672
0.036056
0.048664
0.050274
0.047283
0.039424
0.050957
0.040331
0.053833
0.052931
0.040452
0.049838
0.042677
0.047942
0.049712
0.049907
0.039323
0.056757
0.049256
0.049396
0.050461
0.048896
0.052272
0.053011
0.036618
0.050373
0.050846
0.044449
0.052884
0.050551
0.045989
0.051528
0.052200
0.052931
0.055047
0.044290
0.052685
0.051998
0.046497
0.052795
0.052674
0.051782
0.051888
0.050863
0.051179
0.044683
0.052171
0.050118
0.052807
0.045506
0.047434
0.041452
0.046074
0.051280
0.040407
0.050982
0.052245
0.050529
0.052366
0.051172
0.051231
0.052129
0.038920
0.053763
0.050878
0.053319
0.053926
0.051095
0.041262
0.052549
0.050343
0.050425
0.049466
0.051435
0.046129
0.054168
0.050945
0.052245
0.038626
0.052490
0.053344
0.036031
0.039079
0.052605
0.035872
0.039511
0.041863
0.049005
0.050863
0.042199
0.047033
0.051742
0.036066
0.053082
0.051587
0.051475
0.046122
0.051100
0.042546
0.047350
0.052336
0.044391
0.051312
0.043529
0.050569
0.050807
0.050915
0.035235
0.051497
0.051871
0.038813
0.050604
0.052861
0.053108
0.050788
0.041605
0.052870
0.050290
0.039639
0.051367
0.051107
0.038655
0.046858
0.045882
0.042305
0.055644
0.049918
0.055436
0.054380
0.052391
0.050991
0.047194
0.052504
0.049925
0.042477
0.051116
0.051650
0.050467
0.047422
0.052259
0.051111
0.053020
0.054348
0.050272
0.054095
0.051658
0.051663
0.049836
0.045853
0.051611
0.045746
0.048315
0.050515
0.035844
0.050097
0.051004
0.052459
0.053528
0.043526
0.051841
0.045228
0.052090
0.049709
0.052607
0.052350
0.051921
0.045853
0.054444
0.054019
0.052660
0.048836
0.051944
0.037458
0.052842
0.051650
0.054571
0.051618
0.043876
0.051137
0.049294
0.053203
0.042943
0.039747
0.051826
0.051743
0.034456
0.049657
0.051913
0.045192
0.053608
0.050287
0.050106
0.033707
0.034420
0.055773
0.036462
0.046562
0.052054
0.044976
0.055015
0.035442
0.051951
0.052696
0.051181
0.037910
0.055549
0.041492
0.051735
0.052047
0.047392
0.049621
0.042928
0.052401
0.036076
0.051686
0.050769
0.035214
0.051012
0.052916
0.052582
0.045085
0.051754
0.039400
0.050524
0.034172
0.034320
0.035098
0.036643
0.048845
0.039527
0.053046
0.036381
0.034874
0.052565
0.049494
0.036840
0.051666
0.056915
0.051593
0.053681
0.043646
0.050541
0.051208
0.050732
0.053073
0.052544
0.051611
0.052291
0.040380
0.049220
0.039933
0.051247
0.051978
0.051132
0.051217
0.052042
0.045900
0.051679
0.036258
0.040459
0.037966
0.049391
0.048950
0.054285
0.042822
0.046349
0.052299
0.034638
0.037754
0.035362
0.053443
0.052281
0.046765
0.049338
0.057429
0.051977
0.050226
0.048196
0.057015
0.049289
0.053613
0.046201
0.050405
0.051386
0.051634
0.054986
0.052032
0.052425
0.053113
0.045104
0.054057
0.043077
0.052119
0.049479
0.034717
0.035354
0.055405
0.051657
0.043769
0.051039
0.047404
0.052490
0.051507
0.054737
0.051624
0.051312
0.037157
0.051188
0.052566
0.052298
0.051977
0.051090
0.052440
0.054124
0.054059
0.051046
0.039225
0.055283
0.034885
0.044409
0.051623
0.051805
0.051266
0.050434
0.049671
0.051961
0.052430
0.052727
0.051757
0.052150
0.040231
0.048411
0.048123
0.051114
0.050745
0.051788
0.054458
0.052884
0.052808
0.043058
0.038941
0.035243
0.035661
0.036516
0.047261
0.041079
0.045807
0.050803
0.050788
0.050445
0.052882
0.043819
0.050630
0.046960
0.051732
0.046017
0.043978
0.047157
0.049299
0.051493
0.052262
0.050332
0.041386
0.054436
0.053865
0.049286
0.053625
0.049615
0.037224
0.050929
0.045453
0.051095
0.034311
0.049362
0.049101
0.051010
0.054661
0.040789
0.055034
0.041152
0.051423
0.054958
0.050950
0.052229
0.052119
0.051742
0.050768
0.051741
0.052149
0.041415
0.048183
0.049366
0.051559
0.042594
0.048407
0.046531
0.052434
0.052643
0.052945
0.044695
0.044291
0.050391
0.035322
0.051057
0.050834
0.051953
0.054302
0.037120
0.061817
0.039233
0.046694
0.051895
0.049714
0.053111
0.052470
0.040812
0.052912
0.055564
0.049845
0.048201
0.051688
0.050366
0.039550
0.051838
0.048187
0.053274
0.052568
0.044283
0.051505
0.046710
0.055181
0.038604
0.050090
0.053069
0.051482
0.040076
0.042924
0.050644
0.049362
0.050136
0.050555
0.049900
0.038284
0.040186
0.039834
0.050413
0.050812
0.050912
0.052705
0.052986
0.053083
0.047256
0.051687
0.051120
0.040574
0.048820
0.049443
0.046825
0.050403
0.049180
0.050174
0.052348
0.052481
0.050906
0.051914
0.039914
0.051174
0.040351
0.050903
0.050317
0.043384
0.050870
0.050760
0.042417
0.050949
0.051229
0.046193
0.050402
0.052565
0.042774
0.051757
0.050827
0.050474
0.050828
0.050730
0.051059
0.050462
0.051925
0.051894
0.050651
0.045162
0.048759
0.051945
0.050913
0.042034
0.052460
0.041756
0.050151
0.043254
0.042375
0.035311
0.041092
0.037869
0.036689
0.036561
0.036721
0.037238
0.036387
0.037014
0.037225
0.040043
0.036516
0.036226
0.038025
0.037213
0.037364
0.039912
0.036742
0.036883
0.038996
0.037541
0.036996
0.041992
0.042452
0.038298
0.037461
0.039246
0.036528
0.037047
0.043238
0.037327
0.036911
0.037851
0.035539
0.038753
0.041005
0.039107
0.040901
0.042711
0.037697
0.038374
0.035804
0.044843
0.050393
0.039051
0.036395
0.037804
0.034701
0.038213
0.035457
0.034596
0.035964
0.036598
0.035195
0.034980
0.035399
0.035005
0.036014
0.036226
0.033477
0.038311
0.034854
0.035647
0.035376
0.034551
0.035928
0.038056
0.036128
0.035891
0.034864
0.038038
0.036545
0.041429
0.035537
0.040817
0.040489
0.036334
0.035115
0.035573
0.046078
0.051622
0.049868
0.054950
0.050525
0.052537
0.052638
0.052657
0.043939
0.051837
0.051877
0.038968
0.052619
0.052018
0.052244
0.050017
0.051987
0.052127
0.054894
0.052164
0.034707
0.035809
0.034529
0.035803
0.036453
0.048369
0.051975
0.043679
0.049809
0.045706
0.052393
0.038815
0.036274
0.035105
0.038371
0.051948
0.052360
0.035098
0.036210
0.035292
0.036049
0.034530
0.037297
0.037060
0.034148
0.038682
0.037019
0.036180
0.041632
0.056165
0.051126
0.050617
0.047672
0.050972
0.033538
0.035353
0.034892
0.036642
0.052396
0.049765
0.052186
0.045154
0.053336
0.053582
0.053229
0.048129
0.050823
0.040931
0.053912
0.039749
0.051579
0.051397
0.036885
0.051695
0.052886
0.050045
0.034762
0.047647
0.041043
0.051991
0.047886
0.026766
0.048170
0.050389
0.049726
0.050400
0.035359
0.048806
0.051369
0.054123
0.041190
0.021420
0.025441
0.038231
0.035435
0.035955
0.036211
0.035264
0.038539
0.022732
0.033729
0.031625
0.035376
0.038607
0.036180
0.019027
0.018735
0.021732
0.020882
0.037238
0.037291
0.036728
0.036281
0.036270
0.034938
0.023715
0.035059
0.038358
0.036494
0.036091
0.038854
0.038944
0.026454
0.039152
0.026095
0.038135
0.035634
0.022293
0.032931
0.021330
0.036142
0.035871
0.036835
0.030988
0.035565
0.035341
0.029168
0.035980
0.036142
0.030733
0.028932
0.034827
0.040112
0.037173
0.039300
0.036347
0.030707
0.023178
0.028995
0.039356
0.037290
0.039042
0.036829
0.035810
0.029696
0.037648
0.036557
0.036775
0.033222
0.037020
0.033783
0.036718
0.035812
0.038575
0.037642
0.034884
0.029610
0.036047
0.033842
0.025705
0.035961
0.035304
0.035842
0.020418
0.031833
0.034836
0.035636
0.025113
0.036911
0.029090
0.033091
0.019496
0.021300
0.021259
0.036741
0.035580
0.036564
0.021811
0.036170
0.036857
0.036973
0.036530
0.040522
0.037188
0.036983
0.036717
0.036617
0.035054
0.036180
0.033810
0.036244
0.037225
0.035640
0.034308
0.035529
0.025311
0.030823
0.035668
0.028677
0.029463
0.035657
0.034686
0.034946
0.035980
0.037065
0.034595
0.035645
0.036674
0.035862
0.036057
0.034941
0.036016
0.030333
0.034838
0.036282
0.027709
0.035854
0.035208
0.035212
0.029152
0.038023
0.028948
0.031876
0.033869
0.035177
0.035883
0.028923
0.036449
0.037298
0.030360
0.034820
0.036863
0.034170
0.035456
0.024901
0.033822
0.034561
0.033635
0.034980
0.033072
0.034287
0.034759
0.036711
0.026273
0.035009
0.023304
0.035880
0.028477
0.035763
0.034870
0.030587
0.019233
0.019383
0.035763
0.025673
0.031775
0.035565
0.034482
0.036952
0.036010
0.037188
0.020374
0.032748
0.022515
0.033260
0.035473
0.033353
0.035739
0.032377
0.034083
0.022187
0.036089
0.034020
0.034570
0.028586
0.035086
0.032591
0.036228
0.032631
0.027403
0.022812
0.031332
0.033863
0.034665
0.027431
0.035667
0.028183
0.035649
0.028591
0.021923
0.035726
0.024000
0.035792
0.028183
0.033960
0.020057
0.017845
0.035472
0.035323
0.035403
0.032501
0.036444
0.032527
0.034595
0.034828
0.035523
0.022554
0.035141
0.030428
0.029553
0.032260
0.033647
0.028186
0.018256
0.037117
0.030190
0.034962
0.024715
0.035463
0.034442
0.035779
0.028185
0.022437
0.034931
0.033517
0.020770
0.018331
0.033453
0.032585
0.033223
0.032083
0.031844
0.031775
0.017713
0.030987
0.033302
0.028104
0.015475
0.032140
0.030790
0.032909
0.032074
0.016140
0.032855
0.032650
0.034798
0.032957
0.031757
0.033477
0.032378
0.034910
0.033234
0.033689
0.031548
0.025593
0.032707
0.019324
0.033805
0.024704
0.036000
0.029859
0.031103
0.031672
0.031882
0.034562
0.031804
0.031981
0.032718
0.033146
0.034625
0.032848
0.031193
0.029311
0.025737
0.031886
0.033244
0.015873
0.031685
0.030075
0.031967
0.034214
0.033360
0.034640
0.025551
0.022538
0.034324
0.029687
0.032905
0.033499
0.033540
0.033111
0.035347
0.025382
0.036070
0.032761
0.036993
0.037919
0.025084
0.037310
0.034496
0.036965
0.029383
0.028107
0.023932
0.037617
0.027473
0.035443
0.035625
0.034499
0.034898
0.034050
0.028002
0.035668
0.032927
0.032712
0.018083
0.018664
0.018077
0.035653
0.034620
0.025927
0.032352
0.033188
0.034029
0.031060
0.032716
0.032937
0.024873
0.031045
0.033671
0.033247
0.030303
0.033110
0.031407
0.029306
0.038116
0.031888
0.032502
0.034352
0.032208
0.034120
0.031777
0.031658
0.034229
0.020039
0.033827
0.023584
0.033679
0.033396
0.026007
0.031081
0.031210
0.031312
0.030514
0.031826
0.027430
0.032025
0.031817
0.032856
0.034124
0.033392
0.033293
0.031172
0.032816
0.029434
0.031985
0.031505
0.021154
0.032736
0.034072
0.032368
0.022933
0.030952
0.033106
0.034113
0.032180
0.028991
0.034858
0.033650
0.031709
0.033291
0.028161
0.018083
0.033067
0.031764
0.030694
0.025026
0.029221
0.028434
0.032530
0.022989
0.032834
0.031824
0.033358
0.015985
0.027493
0.033976
0.031714
0.032429
0.032181
0.031342
0.033266
0.028329
0.033005
0.031285
0.032512
0.032828
0.028586
0.031194
0.032142
0.018589
0.020072
0.025824
0.034887
0.026896
0.029435
0.031131
0.030892
0.031390
0.031430
0.033637
0.032437
0.033197
0.032800
0.031219
0.031868
0.030965
0.021593
0.031778
0.017523
0.027908
0.025616
0.035532
0.032161
0.033796
0.031332
0.026646
0.031117
0.018031
0.019230
0.032132
0.032918
0.033807
0.024889
0.032915
0.033760
0.017030
0.032668
0.035327
0.032319
0.026974
0.029022
0.024032
0.032115
0.028856
0.032789
0.016968
0.034105
0.033288
0.030129
0.032410
0.023178
0.032992
0.033246
0.033257
0.031960
0.031470
0.017163
0.031259
0.034108
0.033995
0.033704
0.029741
0.021039
0.033162
0.028163
0.021285
0.026899
0.033141
0.032465
0.032941
0.028540
0.032673
0.034346
0.035411
0.032609
0.032045
0.033632
0.032949
0.031932
0.032070
0.028115
0.034495
0.032967
0.034110
0.034556
0.028687
0.033258
0.031832
0.025810
0.020751
0.027369
0.029307
0.020371
0.032080
0.019750
0.031303
0.032887
0.032444
0.015927
0.032104
0.023607
0.033185
0.032383
0.033707
0.031910
0.033085
0.032100
0.032483
0.032720
0.031504
0.017869
0.031437
0.031842
0.031405
0.031038
0.023777
0.031324
0.017631
0.029275
0.033015
0.021536
0.035570
0.033577
0.030997
0.036023
0.031283
0.020058
0.024256
0.032492
0.031055
0.032462
0.031669
0.031686
0.031520
0.031019
0.030146
0.031870
0.031067
0.031948
0.025986
0.031708
0.031085
0.032069
0.031019
0.022922
0.035224
0.029025
0.021699
0.027603
0.032068
0.029226
0.032248
0.032315
0.025750
0.031604
0.034125
0.032262
0.027183
0.031039
0.032796
0.033832
0.018689
0.032137
0.031168
0.031913
0.032881
0.032138
0.021438
0.034393
0.033284
0.030186
0.026243
0.032729
0.031591
0.032435
0.025237
0.024750
0.030980
0.015745
0.029471
0.031292
0.032887
0.020506
0.031633
0.026789
0.031141
0.031694
0.031882
0.031667
0.031307
0.032884
0.031992
0.023458
0.032493
0.025230
0.032064
0.031546
0.031070
0.031472
0.031760
0.032550
0.020291
0.016160
0.031506
0.021310
0.030775
0.033115
0.030233
0.028370
0.033654
0.032019
0.022630
0.032361
0.032847
0.033149
0.031655
0.020763
0.034037
0.023846
0.032472
0.024567
0.032378
0.033658
0.027955
0.023228
0.031163
0.031721
0.031879
0.032583
0.032066
0.031965
0.018012
0.023406
0.035516
0.033667
0.032112
0.020202
0.033368
0.035078
0.029423
0.032436
0.025733
0.028228
0.032935
0.032646
0.034174
0.030787
0.019322
0.032424
0.033046
0.032161
0.031884
0.032332
0.026151
0.032289
0.030826
0.024985
0.032454
0.031775
0.030966
0.024811
0.016547
0.033839
0.032991
0.027963
0.033552
0.031835
0.033011
0.032323
0.031167
0.032101
0.033511
0.031772
0.032048
0.025346
0.028869
0.027665
0.032093
0.032633
0.030865
0.027318
0.034846
0.031768
0.031766
0.032301
0.031936
0.032483
0.031277
0.032693
0.029721
0.031953
0.025590
0.030816
0.035245
0.031714
0.032747
0.028685
0.032852
0.032797
0.032772
0.032151
0.028108
0.032201
0.029114
0.035321
0.032227
0.031829
0.033057
0.032802
0.034061
0.033638
0.032378
0.031946
0.027165
0.034031
0.026441
0.036092
0.032773
0.023538
0.033093
0.034690
0.033830
0.032963
0.033701
0.033115
0.031554
0.026797
0.033269
0.023971
0.032984
0.033455
0.033477
0.016367
0.022709
0.033297
0.033420
0.033262
0.033947
0.026342
0.017141
0.032537
0.023321
0.028574
0.033342
0.032416
0.023596
0.032077
0.022767
0.024122
0.033482
0.024425
0.033302
0.036247
0.032851
0.019441
0.032699
0.032827
0.036574
0.020354
0.023818
0.034620
0.016799
0.022207
0.019489
0.023765
0.031971
0.018916
0.028163
0.032454
0.034634
0.020410
0.015864
0.032737
0.031873
0.020918
0.033764
0.031939
0.032438
0.030458
0.029119
0.023039
0.031308
0.032536
0.031933
0.032585
0.027512
0.028433
0.032462
0.033095
0.030918
0.038581
0.032090
0.033467
0.029600
0.027934
0.032505
0.021886
0.029686
0.032130
0.031870
0.018699
0.033087
0.033196
0.020337
0.017231
0.033402
0.025585
0.033444
0.033601
0.019205
0.019281
0.021763
0.032549
0.019624
0.016236
0.016026
0.021482
0.018331
0.034454
0.032470
0.030599
0.032209
0.035411
0.032324
0.032729
0.034000
0.016383
0.020818
0.032227
0.031982
0.027750
0.034416
0.024937
0.017472
0.029941
0.034275
0.023843
0.031621
0.029805
0.017324
0.016882
0.021137
0.031592
0.032364
0.032826
0.025141
0.032990
0.017122
0.033185
0.025512
0.017264
0.027456
0.033412
0.032068
0.032410
0.032638
0.032510
0.032456
0.017895
0.032341
0.032656
0.032538
0.033662
0.033444
0.032629
0.025762
0.035278
0.033725
0.032062
0.028375
0.032550
0.022016
0.032392
0.034630
0.031987
0.032020
0.027126
0.032888
0.032226
0.031136
0.025381
0.031031
0.020245
0.033098
0.033470
0.031721
0.033482
0.030485
0.031884
0.033135
0.034353
0.032155
0.032914
0.035177
0.032195
0.032874
0.016055
0.020816
0.024800
0.032415
0.033080
0.020147
0.032905
0.033808
0.026528
0.018116
0.033596
0.035300
0.032268
0.028054
0.033525
0.031998
0.027096
0.021703
0.033397
0.021738
0.033813
0.032678
0.026411
0.035756
0.033051
0.031420
0.024061
0.030718
0.025286
0.022854
0.034371
0.028771
0.033914
0.033791
0.018527
0.031636
0.029298
0.033611
0.033827
0.027708
0.033108
0.031856
0.032519
0.026470
0.034342
0.028765
0.029082
0.020327
0.033638
0.032989
0.033265
0.027810
0.032010
0.035075
0.031832
0.025934
0.030978
0.033525
0.031252
0.027759
0.031372
0.032037
0.031901
0.029566
0.031699
0.019028
0.032469
0.032975
0.033255
0.031734
0.031904
0.032987
0.033403
0.021953
0.032388
0.023474
0.029763
0.032754
0.032754
0.033330
0.019769
0.032078
0.032344
0.022318
0.032622
0.031133
0.032740
0.032326
0.032244
0.032634
0.032193
0.032285
0.032940
0.033273
0.032871
0.032970
0.034722
0.033268
0.032882
0.032343
0.032855
0.031890
0.033899
0.033233
0.033530
0.031376
0.030231
0.032850
0.035198
0.034008
0.032709
0.033320
0.032301
0.034062
0.032441
0.031795
0.019766
0.028103
0.033192
0.033279
0.032719
0.031113
0.034253
0.028140
0.032303
0.033062
0.034013
0.020003
0.017466
0.028100
0.028257
0.033448
0.030859
0.032620
0.034360
0.032799
0.033021
0.032669
0.031903
0.033151
0.033206
0.033306
0.034031
0.032931
0.025303
0.032570
0.022143
0.032278
0.034148
0.033575
0.027413
0.031554
0.024291
0.025387
0.034230
0.017341
0.030847
0.032612
0.028496
0.027148
0.033433
0.022580
0.032611
0.036833
0.033081
0.019449
0.033737
0.034802
0.032955
0.033491
0.032016
0.032325
0.032090
0.032091
0.031065
0.032112
0.033421
0.032351
0.031980
0.033492
0.032886
0.034507
0.033393
0.033883
0.033562
0.034420
0.026069
0.027591
0.033738
0.033809
0.035764
0.024703
