0.003651
0.033518
0.033026
0.032584
0.033061
0.024903
0.017381
0.031674
0.030511
0.033353
0.034001
0.032896
0.032772
0.032073
0.035561
0.021915
0.017546
0.016674
0.028299
0.031980
0.030382
0.033971
0.015402
0.015350
0.016017
0.016867
0.020045
0.015541
0.017225
0.016510
0.015769
0.019458
0.020022
0.016302
0.019220
0.015587
0.018935
0.016409
0.032533
0.032199
0.031143
0.035677
0.033618
0.019912
0.020873
0.016025
0.015344
0.016432
0.015793
0.032512
0.018964
0.033501
0.047776
0.039436
0.043003
0.018612
0.016198
0.034528
0.031082
0.031332
0.026810
0.030005
0.032470
0.032510
0.015194
0.020000
0.016852
0.015400
0.037996
0.028606
0.031389
0.033761
0.017275
0.017195
0.014813
0.033356
0.022547
0.022642
0.015127
0.022266
0.021829
0.017617
0.031928
0.016280
0.017212
0.016739
0.031095
0.015912
0.017807
0.030398
0.035019
0.035063
0.032547
0.036035
0.046917
0.035405
0.022945
0.043483
0.028795
0.045332
0.051385
0.034898
0.021745
0.034348
0.033941
0.032494
0.017518
0.016253
0.033853
0.033331
0.029196
0.032577
0.032059
0.032884
0.032655
0.024567
0.032892
0.031639
0.032914
0.032554
0.033328
0.019488
0.034621
0.033611
0.031326
0.041541
0.019467
0.017245
0.020149
0.018047
0.015104
0.015880
0.016174
0.017740
0.015787
0.034915
0.033295
0.032741
0.032483
0.031888
0.031013
0.018056
0.032727
0.032260
0.031298
0.030573
0.033310
0.032320
0.033252
0.034101
0.027236
0.033249
0.031439
0.028654
0.031960
0.018257
0.018448
0.015731
0.019410
0.023699
0.019120
0.015678
0.016483
0.016646
0.016125
0.019066
0.015778
0.016576
0.015771
0.016318
0.015665
0.016008
0.015602
0.031859
0.032486
0.033276
0.031232
0.031647
0.023502
0.030218
0.032566
