0.004718
0.015900
0.018714
0.020123
0.016917
0.017447
0.017076
0.015809
0.017716
0.015254
0.029086
0.023080
0.015809
0.015682
0.015679
0.024127
0.019879
0.017187
0.017771
0.017348
0.016157
0.016103
0.016828
0.015713
0.024078
0.018350
0.016175
0.023436
0.027360
0.015993
0.019608
0.016870
0.015877
0.016327
0.027740
0.021918
0.015969
0.017098
0.015415
0.025506
0.018490
0.017015
0.022830
0.016890
0.017594
0.018772
0.017240
0.015345
0.017876
0.024799
0.015273
0.017708
0.015397
0.014962
0.015322
0.015432
0.015354
0.024521
0.014766
0.016497
0.020227
0.015991
0.023176
0.019086
0.019279
0.018047
0.016095
0.015496
0.025484
0.017986
0.017343
0.017155
0.015857
0.019265
0.024841
0.016938
0.016095
0.017644
0.017452
0.022361
0.016702
0.015797
0.015809
0.022312
0.020754
0.017557
0.015808
0.014954
0.017205
0.015248
0.015696
0.014822
0.016749
0.016176
0.015496
0.015416
0.014647
0.016168
0.021642
0.018383
0.018668
0.020090
0.018920
0.018001
0.016193
0.016786
0.018324
0.017376
0.016780
0.017458
0.020306
0.017478
0.017161
0.022186
0.017500
0.014958
0.017513
0.015363
0.014650
0.016131
0.018943
0.015356
0.025092
0.019227
0.015357
0.016635
0.020056
0.021607
0.019556
0.025361
0.023412
0.031930
0.018389
0.017101
0.016464
0.016917
0.015891
0.018342
0.015798
0.014969
0.017425
0.014874
0.015374
0.018267
0.018589
0.017875
0.018646
0.016158
0.022264
0.018758
0.021602
0.019900
0.021560
0.021203
0.040502
0.016961
0.016097
0.025250
0.014853
0.015241
0.018312
0.014876
0.014800
0.014622
0.015844
0.014753
0.015591
0.032436
0.018771
0.017101
0.019045
0.019291
0.019049
0.023081
0.017104
0.023380
0.022058
0.020213
0.019154
0.016943
0.016844
0.015666
0.016243
0.016175
0.016671
0.017291
0.015746
0.016438
0.015368
0.022500
0.014950
0.014797
0.017240
0.016072
0.016587
0.024404
0.016608
0.016199
0.017207
0.026002
0.030058
0.037113
0.017704
0.015844
0.015471
0.015872
0.015815
0.015933
0.016383
0.015773
0.015460
0.016199
0.024484
0.016892
0.015125
0.015283
0.014697
0.015749
0.015903
0.017954
0.016621
0.016661
0.015759
0.021684
0.014617
0.014560
0.014845
0.014902
0.022755
0.015826
0.016032
0.018267
0.015805
0.020735
0.017581
0.015532
0.016773
0.030579
0.015244
0.016762
0.017066
0.017275
0.017942
0.017810
0.016656
0.015301
0.015075
0.021528
0.017925
0.016084
0.024236
0.019717
0.017250
0.017586
0.015776
0.014687
0.016940
0.018673
0.016156
0.016586
0.015635
0.017091
0.016958
0.015809
0.026928
0.020881
0.017010
0.020145
0.015440
0.018659
0.016587
0.019261
0.017837
0.015614
0.018823
0.015648
0.018981
0.022635
0.015205
0.015355
0.014612
0.022945
0.019204
0.014984
0.014713
0.015520
0.015097
0.017294
0.020144
0.016483
0.025283
0.018208
0.017161
0.016814
0.015866
0.015391
0.021473
0.015014
0.013794
0.028059
0.024178
0.016500
0.016531
0.015583
0.018113
0.018184
0.016709
0.016923
0.016971
0.025400
0.016963
0.018480
0.017444
0.015258
0.027292
0.021768
0.016278
0.020541
0.014982
0.024161
0.016691
0.017308
0.015614
0.015532
0.024408
0.018566
0.016394
0.016726
0.016120
0.023946
0.016537
0.017467
0.028366
0.016972
0.016077
0.019245
0.016616
0.017642
0.017906
0.017087
0.015574
0.015487
0.018591
0.015430
0.016735
0.020293
0.016426
0.017803
0.015744
0.014651
0.019187
0.015402
0.016933
0.016856
0.015761
0.028880
0.015624
0.021945
0.016934
0.015833
0.017761
0.016230
0.026496
0.015107
0.015991
0.015686
0.015227
0.016348
0.015892
0.014896
0.019386
0.016544
0.017452
0.014554
0.028507
0.016549
0.016213
0.014742
0.017291
0.016648
0.015092
0.032134
0.020152
0.015134
0.016199
0.016219
0.041024
0.016637
0.017006
0.028717
0.019238
0.018862
0.020392
0.016895
0.017005
0.021906
0.019717
0.017855
0.016612
0.016140
0.030290
0.016452
0.016434
0.026497
0.015862
0.016736
0.016747
0.016847
0.017115
0.018034
0.017092
0.016608
0.026137
0.016290
0.018594
0.016957
0.015700
0.015199
0.015851
0.014603
0.017239
0.017044
0.030123
0.016506
0.016223
0.018924
0.019205
0.024247
0.017254
0.016335
0.015928
0.015541
0.029965
0.015417
0.016751
0.015991
0.017726
0.022255
0.015332
0.018926
0.015613
0.016114
0.016132
0.015807
0.030080
0.014804
0.014944
0.016066
0.015735
0.026963
0.014866
0.027675
0.015341
0.016907
0.018904
0.015513
0.017188
0.015550
0.017211
0.015040
0.016166
0.016110
0.015939
0.015381
0.032868
0.016819
0.015005
0.018584
0.018202
0.016202
0.015895
0.015963
0.019208
0.015934
0.019868
0.015215
0.015990
0.018827
0.016305
0.019408
0.019645
0.027884
0.016881
0.015529
0.019806
0.015445
0.019869
0.016014
0.018815
0.017905
0.017688
0.026999
0.016480
0.020998
0.015588
0.016819
0.016466
0.017057
0.018084
0.014897
0.026586
0.017247
0.015824
0.017536
0.023044
0.018050
0.023206
0.016765
0.018052
0.015695
0.025410
0.018054
0.015724
0.016811
0.015113
0.029950
0.016912
0.016136
0.017421
0.016036
0.018809
0.015749
0.018950
0.017770
0.020051
0.020072
0.015858
0.014897
0.014903
0.015519
0.014744
0.015415
0.016677
0.014717
0.024472
0.014953
0.017783
0.018874
0.016917
0.015743
0.014999
0.016258
0.015021
0.016426
0.015996
0.020386
0.015676
0.015573
0.016855
0.015123
0.018826
0.014603
0.037613
0.017248
0.018042
0.016644
0.015659
0.021531
0.021333
0.019255
0.017982
0.016859
0.019539
0.017372
0.018965
0.020110
0.016635
0.024759
0.017660
0.016068
0.018463
0.020370
0.025843
0.016456
0.017076
0.016238
0.015154
0.016742
0.015146
0.018165
0.015458
0.026616
0.016837
0.019944
0.021808
0.021089
0.017940
0.021434
0.016584
