0.014182
0.034678
0.035081
0.036048
0.035060
0.037615
0.031359
0.033894
0.034209
0.034966
0.034853
0.035364
0.030113
0.033903
0.034046
0.035282
0.019166
0.034030
0.032220
0.032332
0.024238
0.033968
0.020439
0.033318
0.034094
0.032956
0.032354
0.034625
0.032529
0.023305
0.033144
0.030731
0.034289
0.033763
0.033652
0.033449
0.027792
0.033260
0.033367
0.017761
0.033292
0.030262
0.033464
0.034113
0.032694
0.033678
0.033318
0.021602
0.034306
0.034114
0.032658
0.034002
0.034041
0.027030
0.028082
0.033377
0.033417
0.033307
0.025960
0.033741
0.029784
0.032232
0.033496
0.032102
0.028899
0.033463
0.034610
0.030239
0.034004
0.030135
0.037142
0.032046
0.034494
0.032404
0.034746
0.030317
0.030731
0.033253
0.032442
0.034240
0.032605
0.035605
0.034838
0.034173
0.033277
0.017253
0.033072
0.023380
0.034102
0.033863
0.033482
0.031215
0.034330
0.024361
0.033498
0.032129
0.034572
0.030780
0.033122
0.035005
0.033204
0.023947
0.031847
0.032555
0.033554
0.032364
0.035618
0.033124
0.033480
0.031243
0.024227
0.032670
0.025513
0.032357
0.032809
0.026626
0.032344
0.033497
0.033806
0.030576
0.033758
0.027834
0.034961
0.034088
0.023176
0.026259
0.033394
0.033121
0.032079
0.034862
0.020557
0.018105
0.036665
0.033331
0.035220
0.024396
0.033482
0.020242
0.034751
0.023507
0.032953
0.029759
0.033313
0.019439
0.036075
0.035626
0.033528
0.032097
0.034971
0.034352
0.035757
0.031868
0.022940
0.034086
0.033011
0.028465
0.034330
0.033697
0.034091
0.035731
0.026460
0.034192
0.033384
0.030674
0.034627
0.033216
0.033794
0.025193
0.037953
0.028231
0.036714
0.033567
0.023994
0.030420
0.032847
0.033725
0.032871
0.034305
0.034802
0.030506
0.029063
0.034658
0.035217
0.033986
0.033625
0.032068
0.033428
0.034607
0.029835
0.034686
0.033080
0.033092
0.025383
0.017192
0.018461
0.019849
0.036760
0.021367
0.034407
0.033464
0.032687
0.025417
0.019001
0.026739
0.033196
0.034356
0.034955
0.018683
0.017391
0.033235
0.034658
0.034699
0.034050
0.029441
0.033040
0.033652
0.034003
0.032868
0.033052
0.033462
0.023385
0.034064
0.021689
0.033397
0.034045
0.036950
0.033782
0.035117
0.036080
0.027539
0.034142
0.027673
0.023836
0.035085
0.035210
0.035279
0.033741
0.034494
0.034157
0.033721
0.034265
0.031105
0.033416
0.033370
0.034147
0.021180
0.033864
0.028945
0.034185
0.029983
0.035881
0.028666
0.034248
0.037762
0.030068
0.033344
0.030975
0.034351
0.034322
0.029065
0.017462
0.025813
0.031091
0.033687
0.034124
0.028298
0.033422
0.033817
0.035836
0.033658
0.034966
0.026646
0.032468
0.037301
0.033359
0.033516
0.033417
0.025600
0.034472
0.033473
0.022761
0.018203
0.033204
0.027243
0.031375
0.034124
0.017974
0.033908
0.026953
0.033057
0.034503
0.022330
0.034603
0.034634
0.032861
0.022330
0.032126
0.031956
0.034456
0.030940
0.025259
0.034303
0.027167
0.034415
0.033900
0.024433
0.033024
0.032306
0.033543
0.034833
0.034438
0.033460
0.018748
0.032242
0.032247
0.033656
0.033878
0.033959
0.033686
0.033351
0.032340
0.024343
0.031754
0.036303
0.029688
0.034664
0.033265
0.033811
0.033995
0.034672
0.032358
0.034636
0.033617
0.031705
0.020679
0.033320
0.027643
0.031923
0.031512
0.031828
0.029394
0.033745
0.025402
0.033435
0.018505
0.034120
0.029050
0.034079
0.034250
0.035236
0.020591
0.036847
0.022063
0.033980
0.031353
0.036251
0.030241
0.034147
0.034209
0.037563
0.033708
0.034930
0.028843
0.034578
0.033205
0.032182
0.024609
0.035174
0.030157
0.034625
0.033467
0.034089
0.034158
0.033801
0.033299
0.030212
0.034098
0.034184
0.027621
0.033390
0.033730
0.033824
0.032733
0.034700
0.026174
0.034407
0.031995
0.027140
0.035506
0.036032
0.030380
0.024893
0.021305
0.034661
0.039966
0.029621
0.025077
0.034448
0.037491
0.027744
0.035398
0.036187
0.036289
0.035156
0.035706
0.035807
0.035367
0.035517
0.017672
0.034442
0.036111
0.024428
0.034643
0.035187
0.036422
0.026802
0.033952
0.035108
0.034994
0.034893
0.034116
0.035255
0.033118
0.033920
0.023842
0.034086
0.035154
0.032265
0.035526
0.033396
0.034134
0.024397
0.033942
0.035033
0.027870
0.030813
0.032278
0.021235
0.033136
0.035132
0.034005
0.035368
0.034658
0.034165
0.035168
0.035751
0.033604
0.025666
0.035456
0.022070
0.032884
0.033370
0.026353
0.036323
0.034199
0.033352
0.021943
0.032800
0.034732
0.032440
0.033390
0.033657
0.034904
0.035247
0.033936
0.019571
0.019044
0.028255
0.035218
0.035139
0.030340
0.029115
0.034029
0.034842
0.034039
0.036255
0.018341
0.033147
0.034904
0.036119
0.034378
0.033445
0.035393
0.023592
0.034167
0.034989
0.033399
0.025107
0.035281
0.034263
0.036474
0.034547
0.034538
0.022991
0.034120
0.034966
0.033518
0.036067
0.033381
0.035514
0.034274
0.031962
0.036267
0.028231
0.036681
0.035446
0.024750
0.033186
0.032610
0.028563
0.036192
0.033730
0.032344
0.034364
0.018307
0.017410
0.022169
0.018287
0.035166
0.023536
0.033024
0.028585
0.030712
0.034186
0.034792
0.028188
0.033414
0.031558
0.029821
0.033894
0.029993
0.025269
0.033129
0.034112
0.034235
0.029173
0.025994
0.032934
0.033120
0.031135
0.034336
0.033733
0.034200
0.032874
0.032689
0.033878
0.032977
0.032435
0.027839
0.034161
0.032588
0.034495
0.026945
0.036210
0.036626
0.035616
0.032338
0.027272
0.034247
0.034178
0.035394
0.035100
0.034517
0.034097
0.033376
0.028570
0.033173
0.031055
0.034176
0.024390
0.035558
0.034103
0.030850
0.029563
0.034535
0.033906
0.033965
0.019160
0.020689
0.032984
0.030339
0.032773
0.024982
0.033967
0.032683
0.033911
0.019135
0.033184
0.032921
0.034782
0.032950
0.035333
0.033626
0.024498
0.032464
0.034718
0.033629
0.024175
0.033911
0.034924
0.032784
0.037571
0.036632
0.030578
0.034646
0.033283
0.033535
0.039513
0.034926
0.032293
0.035398
0.033449
0.035599
0.020995
0.017476
0.036981
0.033010
0.034530
0.033281
0.030009
0.033205
0.033536
0.034560
0.028988
0.033957
0.034054
0.034323
0.023357
0.033375
0.032841
0.034733
0.023334
0.034647
0.034361
0.022989
0.033893
0.034319
0.034069
0.027364
0.027657
0.031854
0.033783
0.030185
0.028192
0.034181
0.034952
0.029486
0.034716
0.024656
0.034180
0.034450
0.034565
0.033818
0.022820
0.033398
0.033149
0.034163
0.025830
0.027354
0.032738
0.035711
0.029629
0.034086
0.033120
0.034310
0.018699
0.034307
0.035034
0.035317
0.036583
0.030542
0.034374
0.018658
0.034249
0.033312
0.033629
0.022589
0.032670
0.034269
0.035514
0.019938
0.031051
0.034973
0.023755
0.032746
0.033346
0.034217
0.022723
0.034539
0.025298
0.032218
0.032043
0.034363
0.031383
0.021940
0.034100
0.024755
0.035234
0.034312
0.033904
0.024338
0.024444
0.034199
0.034132
0.034009
0.033883
0.035202
0.033933
0.033204
0.026302
0.032684
0.034174
0.032683
0.033970
0.027064
0.035548
0.033586
0.029790
0.034986
0.032068
0.035565
0.025471
0.035413
0.034225
0.034362
0.025780
0.034299
0.023493
0.035135
0.033128
0.034287
0.036125
0.026172
0.032866
0.033844
0.019934
0.020173
0.032479
0.030668
0.034960
0.034040
0.032892
0.035460
0.033151
0.034799
0.035382
0.029352
0.034913
0.033760
0.033560
0.037072
0.022086
0.033393
0.034493
0.033940
0.034105
0.025160
0.035258
0.035523
0.034525
0.023962
0.033314
0.032336
0.024332
0.034397
0.025076
0.035153
0.033027
0.032674
0.027339
0.035412
0.033261
0.033652
0.034175
0.033792
0.022767
0.033167
0.030470
0.036399
0.021783
0.036578
0.036254
0.025235
0.032051
0.034226
0.034238
0.020951
0.033838
0.034201
0.025826
0.034423
0.034187
0.020975
0.033956
0.032983
0.034159
0.027126
0.033879
0.030558
0.017883
0.034538
0.033140
0.022207
0.033530
0.033897
0.021253
0.034530
0.025553
0.033422
0.033491
0.034236
0.034327
0.018228
0.034050
0.026943
0.033990
0.034125
0.034206
0.017579
0.033787
0.030119
0.034199
0.022955
0.032945
0.033602
0.026716
0.033874
0.033758
0.032118
0.025105
0.032063
0.031727
0.035290
0.033810
0.025591
0.035506
0.035973
0.033452
0.020093
0.033801
0.035314
0.032980
0.032469
0.025071
0.031974
0.033097
0.032748
0.033562
0.020673
0.034461
0.034001
0.033663
0.033676
0.034905
0.035156
0.035957
0.028995
0.036438
0.022756
0.034481
0.034435
0.031988
0.034103
0.027258
0.029746
0.032293
0.032841
0.022003
0.033373
0.037229
0.032046
0.027862
0.033488
0.032201
0.021391
0.033056
0.032239
0.033530
0.032861
0.034102
0.034168
0.034842
0.034224
0.022426
0.025496
0.036500
0.031827
0.033319
0.035198
0.031849
0.031961
0.032320
0.027279
0.033287
0.033398
0.023531
0.033026
0.033473
0.028339
0.029112
0.033044
0.034451
0.032607
0.017186
0.034200
0.030500
0.026601
0.026795
0.035610
0.022537
0.033364
0.030174
0.036320
0.032857
0.032539
0.029089
0.032069
0.033612
0.033909
0.034128
0.020167
0.033030
0.032009
0.033356
0.033171
0.034104
0.034077
0.024013
0.035321
0.034340
0.028428
0.034592
0.033892
0.034146
0.028793
0.032799
0.029103
0.035553
0.031642
0.033614
0.034488
0.027108
0.033208
0.034103
0.033692
0.034850
0.034476
0.035452
0.034658
0.034428
0.032621
0.034501
0.034123
0.034268
0.031571
0.031916
0.028522
0.033656
0.033351
0.033460
0.029714
0.024573
0.031756
0.030463
0.034023
0.032934
0.033768
0.029837
0.031406
0.034745
0.033499
0.034192
0.033438
0.032986
0.033983
0.023736
0.033834
0.033569
0.018558
0.036560
0.035694
0.034398
0.033253
0.033591
0.032230
0.033666
0.024818
0.033177
0.034780
0.033071
0.026594
0.033603
0.033298
0.033786
0.034228
0.019584
0.031579
0.034238
0.029604
0.033722
0.032921
0.027738
0.031901
0.028783
0.035928
0.033154
0.034552
0.034260
0.035285
0.027158
0.036471
0.037261
0.035073
0.022542
0.034190
0.023402
0.034158
0.028579
0.034210
0.034489
0.020614
0.033668
0.033891
0.034305
0.032082
0.033621
0.017189
0.032733
0.033195
0.029622
0.032808
0.033797
0.034727
0.028105
0.034019
0.033858
0.034070
0.030771
0.025082
0.031870
0.033704
0.034081
0.032503
0.029540
0.034556
0.029749
0.033918
0.029352
0.034228
0.033226
0.032674
0.032256
0.029861
0.032448
0.033597
0.033268
0.033711
0.035305
0.033424
0.030205
0.032846
0.029016
0.031865
0.034172
0.033530
0.034486
0.028165
0.031846
0.033092
0.033581
0.034639
0.034208
0.023459
0.033762
0.035679
0.034255
0.018180
0.033534
0.031927
0.038446
0.033191
0.028109
0.034577
0.034063
0.035969
0.028250
0.035455
0.023987
0.036062
0.033138
0.033113
0.029561
0.031246
0.034162
0.033993
0.019535
0.034079
0.030571
0.034711
0.034144
0.034172
0.025616
0.033827
0.033673
0.034103
0.025314
0.034158
0.032225
0.033733
0.033327
0.034098
0.036080
0.019977
0.034057
0.034414
0.034172
0.034095
0.033514
0.034129
0.020835
0.033177
0.028747
0.033417
0.037769
0.034018
0.032013
0.033360
0.022506
0.032814
0.033680
0.032730
0.024341
0.032660
0.029352
0.032134
0.033863
0.033459
0.032005
0.033369
0.033692
0.032368
0.034125
0.024907
0.033865
0.032077
0.019164
0.035648
0.034224
0.027619
0.031889
0.033921
0.023294
0.033453
0.035015
0.030485
0.030681
0.024951
0.032314
0.034798
0.029215
0.032475
0.034149
0.032962
0.033305
0.021801
0.034013
0.032601
0.035683
0.032007
0.028673
0.033101
0.034121
0.033670
0.029019
0.034582
0.021062
0.023474
0.033638
0.036020
0.034448
0.032060
0.019315
0.034240
0.033310
0.031997
0.035075
0.034041
0.033530
0.027745
0.030354
0.035076
0.025913
0.033052
0.033943
0.034089
0.030848
0.034119
0.033586
0.034748
0.020591
0.034586
0.033582
0.034054
0.032242
0.027772
0.032140
0.032174
0.032125
0.026101
0.032506
0.032896
0.031821
0.024566
0.032102
0.027759
0.032778
0.033870
0.019219
0.033434
0.030641
0.033526
0.024965
0.034332
0.032155
0.034751
0.025537
0.033524
0.034177
0.022634
0.032794
0.033009
0.031808
0.029015
0.024833
0.033849
0.034043
0.032769
0.020703
0.034164
0.034297
0.032665
0.026571
0.033756
0.034015
0.025277
0.020493
0.029062
0.026758
0.030650
0.033645
0.026173
0.032278
0.033067
0.033621
0.030936
0.024630
0.032275
0.035203
0.032187
0.033024
0.031770
0.027551
0.032285
0.027623
0.033152
0.033816
0.034147
0.037597
0.033241
0.032566
0.034289
0.032781
0.034210
0.020498
0.034805
0.032819
0.034014
0.033902
0.033428
0.028903
0.034691
0.031463
0.035388
0.033634
0.025389
0.033064
0.031486
0.023388
0.034111
0.033949
0.023698
0.034782
0.037405
0.022201
0.034738
0.030483
0.034139
0.034269
0.033379
0.034210
0.030418
0.027485
0.025043
0.033890
0.032184
0.034646
0.025381
0.037455
0.033511
0.034119
0.017704
0.035950
0.034215
0.025918
0.033522
0.033761
0.032720
0.031972
0.024529
0.032872
0.033843
0.020482
0.034116
0.034268
0.030493
0.033275
0.034646
0.026384
0.033747
0.021154
0.032608
0.032933
0.035499
0.021800
0.032526
0.035030
0.032665
0.033158
0.033973
0.034101
0.025986
0.032266
0.033007
0.030344
0.032079
0.033916
0.025388
0.033257
0.035492
0.033943
0.031597
0.035058
0.021337
0.017154
0.029527
0.030971
0.035013
0.029337
0.034348
0.033761
0.032696
0.027290
0.033801
0.032837
0.032994
0.032388
0.032502
0.033034
0.033622
0.033561
0.033722
0.025951
0.035415
0.030595
0.033559
0.026031
0.033112
0.032610
0.034036
0.032486
0.034059
0.033458
0.028730
0.032380
0.032667
0.033653
0.026043
0.028619
0.033640
0.032518
0.024579
0.032484
0.031220
0.035303
0.033959
0.030853
0.032453
0.024454
0.035682
0.036284
