0.014076
0.033607
0.035973
0.020801
0.019909
0.032029
0.032760
0.018744
0.031667
0.032356
0.017074
0.015924
0.030620
0.032046
0.035085
0.033023
0.018297
0.015310
0.034655
0.036151
0.033111
0.028445
0.018899
0.032171
0.024181
0.033151
0.017200
0.016381
0.033674
0.020314
0.029415
0.032052
0.032824
0.033556
0.031404
0.033520
0.033411
0.032476
0.032744
0.028602
0.032269
0.023108
0.031478
0.032367
0.031694
0.029752
0.016839
0.032271
0.034342
0.034826
0.019691
0.016254
0.031696
0.032800
0.032498
0.026658
0.026785
0.031941
0.035846
0.036806
0.029376
0.031558
0.036653
0.032818
0.030692
0.033478
0.030280
0.031619
0.032813
0.024007
0.032949
0.031457
0.032049
0.031333
0.031292
0.017100
0.030467
0.032416
0.031610
0.032108
0.033537
0.024704
0.025689
0.032259
0.033210
0.033515
0.027515
0.027150
0.031206
0.029042
0.021284
0.031442
0.024884
0.032632
0.032527
0.032350
0.032349
0.028568
0.031103
0.020222
0.036452
0.033162
0.036907
0.031160
0.025701
0.033162
0.018025
0.033386
0.027420
0.033004
0.034783
0.033365
0.032160
0.033511
0.031477
0.034622
0.027786
0.026301
0.032571
0.028319
0.032156
0.033496
0.032675
0.031787
0.034095
0.033291
0.033279
0.036570
0.022738
0.032620
0.032911
0.019941
0.033528
0.032046
0.034783
0.032522
0.032376
0.037209
0.032337
0.019385
0.033880
0.024704
0.025835
0.033221
0.031664
0.024036
0.034077
0.018906
0.015752
0.032053
0.032066
0.029706
0.032057
0.027272
0.031905
0.032744
0.020028
0.017622
0.016290
0.018921
0.031546
0.018613
0.033330
0.031822
0.020636
0.028163
0.032887
0.032905
0.032557
0.020776
0.032446
0.034012
0.026611
0.022527
0.026210
0.031122
0.027119
0.033362
0.032280
0.030859
0.021181
0.024009
0.029108
0.031758
0.035859
0.019431
0.034431
0.023886
0.034506
0.032087
0.029596
0.031049
0.033084
0.031524
0.026071
0.026000
0.033266
0.034934
0.031536
0.029470
0.031838
0.032973
0.018056
0.023276
0.032198
0.016845
0.017215
0.032052
0.031781
0.034718
0.032915
0.018588
0.028099
0.033354
0.032093
0.016255
0.033841
0.019397
0.033783
0.035930
0.028633
0.034327
0.032917
0.032501
0.030662
0.024596
0.031445
0.033934
0.020220
0.018982
0.016358
0.033103
0.032355
0.021742
0.032750
0.026735
0.031925
0.033083
0.025803
0.032795
0.026012
0.033919
0.031683
0.020611
0.029747
0.033867
0.035238
0.026475
0.032574
0.032300
0.019315
0.035330
0.036790
0.032964
0.019743
0.032109
0.033569
0.034588
0.034042
0.033720
0.029274
0.033779
