0.003355
0.033765
0.033349
0.033157
0.037045
0.033523
0.034304
0.036327
0.030623
0.033597
0.026233
0.033536
0.033948
0.034594
0.032971
0.029139
0.034605
0.035107
0.028884
0.021280
0.035867
0.032449
0.023020
0.034956
0.030758
0.029926
0.035836
0.036228
0.019900
0.035369
0.029977
0.035393
0.024923
0.026637
0.032818
0.027141
0.033714
0.029687
0.038755
0.034106
0.025315
0.033288
0.034938
0.034082
0.022284
0.033989
0.034021
0.035466
0.029580
0.029573
0.034126
0.034246
0.018977
0.035431
0.031973
0.036022
0.034334
0.035874
0.034776
0.034211
0.031116
0.034445
0.034391
0.033842
0.034847
0.034100
0.034485
0.023573
0.031522
0.036542
0.034314
0.025438
0.030935
0.031429
0.035714
0.032474
0.028858
0.035192
0.024843
0.035713
0.034292
0.034395
0.024575
0.028452
0.033301
0.033107
0.032012
0.033318
0.032176
0.028910
0.033263
0.033178
0.034777
0.023320
0.034000
0.033887
0.033518
0.034704
0.033106
0.034173
0.033349
0.033947
0.034882
0.033478
0.021935
0.030857
0.026674
0.034966
0.034840
0.034535
0.033666
0.033892
0.034752
0.034065
0.033933
0.033983
0.033393
0.034210
0.026626
0.033150
0.032583
0.033830
0.036112
0.038828
0.031135
0.030693
0.033700
0.032465
0.033828
0.030943
0.034933
0.024150
0.029690
0.034075
0.033442
0.029769
0.025020
0.033500
0.034331
0.031936
0.034772
0.031162
0.025074
0.035846
0.032514
0.035219
0.033147
0.022925
0.034238
0.023427
0.033059
0.034830
0.033593
0.032720
0.034819
0.033638
0.029477
0.032398
0.033556
0.032804
0.034705
0.032432
0.033824
0.035706
0.033215
0.032524
0.033492
0.033273
0.034045
0.034714
0.030495
0.023180
0.032394
0.031930
0.033750
0.031523
0.035099
0.032264
0.034480
0.031213
0.026870
0.033810
0.023977
0.030054
0.034997
0.032142
0.021970
0.035062
0.037162
0.030953
0.033971
0.029398
0.032812
0.033407
0.023523
0.033048
0.032374
0.030472
0.029353
0.033139
0.032643
0.032228
0.035141
0.032451
0.026565
0.024506
0.036099
0.032835
0.032614
0.018836
0.035955
0.033243
0.031287
0.031401
0.023612
0.025542
0.032949
0.032115
0.030281
0.032028
0.034122
0.032538
0.021204
0.026240
0.033808
0.024811
0.035155
0.032792
0.032757
0.032865
0.029014
0.035661
0.035903
0.033078
0.021037
0.032661
0.032748
0.033151
0.033525
0.020122
0.034297
0.033465
0.029123
0.027371
0.032607
0.032083
0.025196
0.032904
0.033503
0.034417
0.034750
0.023685
0.035293
0.030814
0.033850
0.033600
0.032475
0.026775
0.037322
0.031878
0.027530
0.031818
0.031975
0.031819
0.032109
0.021852
0.033014
0.032667
0.032741
0.029701
0.032603
0.031247
0.017058
0.032187
0.025415
0.033039
0.032586
0.031528
0.033991
0.025121
0.033319
0.032211
0.031906
0.032714
0.032682
0.032044
0.032415
0.031954
0.031515
0.024187
0.032057
0.031493
0.032303
0.032792
0.030383
0.031410
0.023977
0.031278
0.032432
0.027151
0.031344
0.030622
0.033980
0.024675
0.016792
0.015981
0.032756
0.029282
0.027876
0.034568
0.032340
0.023589
0.031160
0.030582
0.031344
0.021675
0.030779
0.033302
0.032349
0.033016
0.019249
0.033761
0.032841
0.031265
0.033195
0.032815
0.032159
0.034634
0.029496
0.032587
0.026788
0.032068
0.034758
0.026783
0.017158
0.017010
0.017180
0.016768
0.033511
0.031669
0.033639
0.032335
0.032519
0.027395
0.031895
0.020992
0.019697
0.015929
0.016349
0.017006
0.020247
0.023102
0.016171
0.034723
0.029592
0.031720
0.021487
0.033265
0.033893
0.032909
0.029631
0.032877
0.034222
0.032313
0.031177
0.028997
0.031386
0.032356
0.022351
0.032273
0.023503
0.034048
0.031679
0.031352
0.020446
0.033203
0.031734
0.033394
0.020693
0.032254
0.019741
0.031043
0.027547
0.030835
0.030211
0.031485
0.026395
0.034067
0.032398
0.033356
0.033715
0.020162
0.032181
0.032779
0.033348
0.032541
0.027669
0.033494
0.031297
0.027341
0.031984
0.031764
0.028867
0.032574
0.031867
0.032516
0.029696
0.027572
0.026345
0.032597
0.032159
0.022984
0.032243
0.033797
0.027797
0.034590
0.023984
0.031872
0.032224
0.034067
0.032608
0.021159
0.029258
0.032134
0.026495
0.033454
0.032708
0.034869
0.031310
0.032794
0.033982
0.032546
0.030089
0.031422
0.026751
0.034347
0.032698
0.023996
0.037654
0.034055
0.032619
0.019657
0.033366
0.033025
0.026393
0.017757
0.016546
0.016926
0.017313
0.033846
0.030569
0.032317
0.024418
0.017967
0.032300
0.034299
0.033304
0.024355
0.031975
0.032834
0.017066
0.033009
0.034790
0.021772
0.016245
0.015719
0.016210
0.026878
0.032162
0.033235
0.034019
0.032943
0.032151
0.032813
0.034332
0.019625
0.031931
0.032547
0.031167
0.033288
0.022624
0.034228
0.030349
0.026203
0.033017
0.031870
0.031723
0.016124
0.016000
0.018849
0.016379
0.022933
0.031733
0.033250
0.034198
0.020100
0.017309
0.016242
0.020253
0.016277
0.016727
0.017666
0.032758
0.032551
0.031485
0.017044
0.023342
0.033765
0.031994
0.033252
0.029343
0.025264
0.031823
0.032387
0.031373
0.032504
0.032029
0.023105
0.035638
0.033292
0.017626
0.016196
0.016095
0.017335
0.023456
0.032659
0.032863
0.033866
0.033578
0.025870
0.033160
0.032647
0.033756
0.021356
0.016757
0.034294
0.021523
0.033164
0.033852
0.033019
0.033931
0.033397
0.021523
0.030370
0.033353
0.033168
0.035699
0.035049
0.021004
0.023130
0.016769
0.018949
0.016723
0.017347
0.018073
0.017292
0.020427
0.020105
0.033620
0.034349
0.034303
0.026391
0.034075
0.032137
0.033920
0.020882
0.033391
0.033905
0.034290
0.033731
0.034887
0.019894
0.031125
0.034245
0.034977
0.034625
0.027111
0.034309
0.032735
0.034409
0.033631
0.020696
0.018554
0.020881
0.018459
0.018258
0.033651
0.030680
0.033048
0.033605
0.033885
0.032367
0.027951
0.031317
0.034683
0.036986
0.033449
0.033771
0.025170
0.035192
0.034882
0.034336
0.024510
0.035143
0.034316
0.034409
0.036648
0.034467
0.035403
0.028452
0.036257
0.036313
0.035579
0.035249
0.027141
0.031623
0.036787
0.019239
0.019319
0.020680
0.035691
0.033716
0.036557
0.033973
0.035769
0.027801
0.031265
0.034067
0.030772
0.035349
0.035267
0.029972
0.037342
0.035446
0.034241
0.028059
0.034583
0.036548
0.029006
0.033217
0.035183
0.034070
0.021855
0.033058
0.035136
0.033726
0.035226
0.034896
0.026602
0.034360
0.028803
0.035520
0.022699
0.034461
0.034468
0.028231
0.036130
0.034014
0.034229
0.028019
0.035791
0.035061
0.035079
0.037310
0.018502
0.035607
0.035891
0.033227
0.032989
0.030311
0.034823
0.033442
0.033794
0.020058
0.034029
0.035282
0.035563
0.034665
0.034102
0.025527
0.034819
0.032868
0.030042
0.029765
0.032259
0.032168
0.031064
0.034039
0.034146
0.034476
0.017887
0.033968
0.034546
0.021867
0.033097
0.032393
0.033877
0.033490
0.025750
0.032232
0.031582
0.031421
0.023323
0.032132
0.032033
0.032139
0.031943
0.033794
0.036072
0.036141
0.019160
0.032556
0.029607
0.034178
0.019592
0.017244
0.017437
0.017385
0.017084
0.017451
0.029619
0.032224
0.033800
0.028054
0.021608
0.032665
0.032037
0.034059
0.032777
0.033148
0.033657
0.034084
0.034366
0.032689
0.034389
0.026177
0.031697
0.026332
0.033469
0.033783
0.022322
0.032956
0.032868
0.032612
0.019257
0.032001
0.031558
0.032607
0.022384
0.032044
0.030437
0.032406
0.032405
0.032573
0.031688
0.023942
0.031884
0.033598
0.027825
0.031846
0.024269
0.034830
0.017811
0.016715
0.017301
0.017069
0.033517
0.032526
0.022053
0.019730
0.016054
0.017025
0.017408
0.034224
0.035179
0.031881
0.035070
0.023404
0.034428
0.030628
0.033135
0.029857
0.033730
0.033666
0.033367
0.021399
0.032203
0.031794
0.029934
0.017158
0.016419
0.024438
0.028089
0.033809
0.032767
0.032218
0.026901
0.032262
0.032200
0.031877
0.027411
0.033016
0.028595
0.031932
0.026812
0.032398
0.031214
0.025115
0.031350
0.028166
0.031671
0.025133
0.033601
0.026026
0.020777
0.018827
0.034257
0.034691
0.022270
0.033332
0.031985
0.024530
0.031790
0.031203
0.019661
0.022159
0.031625
0.033448
0.032089
0.033241
0.031038
0.023570
0.031576
0.032164
0.032156
0.031156
0.033754
0.033050
0.032705
0.018877
0.016111
0.017782
0.016005
0.036519
0.035557
0.034069
0.016235
0.016618
0.016830
0.018036
0.032862
0.030251
0.032062
0.022112
0.032459
0.032666
0.033002
0.015276
0.032840
0.031815
0.033700
0.032381
0.017215
0.033753
0.016402
0.016145
0.027993
0.032625
0.032059
0.030846
0.029531
0.031014
0.031084
0.021399
0.015705
0.016059
0.016119
0.017276
0.032818
0.032477
0.034122
0.033538
0.032286
0.031544
0.030057
0.031422
0.028532
0.036266
0.029014
0.020044
0.033693
0.033314
0.031466
0.020742
0.032203
0.031969
0.033511
0.031330
0.020873
0.032889
0.031017
0.023624
0.029653
0.023609
0.016062
0.015752
0.034943
0.021216
0.032389
0.033528
0.032678
0.030901
0.025765
0.030530
0.030824
0.026573
0.032142
0.031440
0.031776
0.026511
0.020477
0.031947
0.032008
0.031771
0.031823
0.032173
0.033092
0.027202
0.032120
0.031611
0.027811
0.031354
0.031016
0.035674
0.033222
0.032830
0.033232
0.031574
0.018882
0.025487
0.032849
0.033385
0.033134
0.021467
0.033169
0.032187
0.031853
0.033292
0.031734
0.031462
0.016804
0.017293
0.018233
0.016997
0.016346
0.016187
0.016782
0.033654
0.030356
0.033617
0.020196
0.031556
0.028334
0.031520
0.032877
0.018751
0.033576
0.032227
0.028828
0.033132
0.032876
0.032003
0.034158
0.015642
0.031726
0.027749
0.031894
0.033219
0.028047
0.031964
0.031739
0.032083
0.032602
0.033161
0.033155
0.022128
0.033182
0.027262
0.032278
0.032908
0.021208
0.032511
0.032795
0.032974
0.024713
0.032119
0.032395
0.032127
0.024052
0.033047
0.032050
0.031183
0.031327
0.032135
0.028835
0.032015
0.031908
0.032057
0.032113
0.031546
0.033281
0.033185
0.031611
0.032462
0.028533
0.024437
0.032011
0.029310
0.031191
0.032495
0.025948
0.032848
0.030505
0.031844
0.027010
0.033538
0.016313
0.032619
0.029382
0.031978
0.028310
0.031386
0.034014
0.020785
0.032009
0.033055
0.033680
0.033023
0.033117
0.031480
0.019568
0.031168
0.032466
0.031914
0.032037
0.034062
0.032513
0.032079
0.032145
0.032110
0.022105
0.032473
0.032453
0.027686
0.033051
0.032828
0.033243
0.019001
0.033044
0.032712
0.033031
0.032910
0.020276
0.033919
0.034150
0.032259
0.023883
0.031661
0.031477
0.034078
0.031797
0.026104
0.032053
0.033021
0.033481
0.025856
0.034937
0.030601
0.034687
0.033713
0.016938
0.030118
0.031462
0.031911
0.033334
0.031764
0.032187
0.032223
0.018745
0.032679
0.030522
0.031638
0.024106
0.034091
0.028577
0.032453
0.031979
0.032035
0.024148
0.031925
0.031815
0.031227
0.032125
0.033730
0.028469
0.033431
0.024283
0.032198
0.033893
0.033489
0.023136
0.030271
0.033787
0.025690
0.034425
0.031967
0.032117
0.032142
0.030163
0.035095
0.029877
0.032242
0.034472
0.034163
0.029027
0.025600
0.030442
0.033517
0.030140
0.034598
