0.015733
0.025630
0.033406
0.034693
0.030702
0.033624
0.033276
0.031929
0.033145
0.031989
0.036385
0.034210
0.033803
0.036928
0.016619
0.035044
0.022566
0.020681
0.016761
0.021076
0.032541
0.034709
0.032188
0.018906
0.017096
0.034665
0.033430
0.033639
0.032858
0.031855
0.033650
0.028215
0.032687
0.033430
0.034144
0.017041
0.025627
0.032919
0.034261
0.031618
0.033881
0.032496
0.017444
0.025933
0.032202
0.032283
0.033823
0.024385
0.024233
0.036928
0.033801
0.027134
0.033242
0.034495
0.026832
0.034521
0.030617
0.020793
0.031561
0.034995
0.032894
0.033763
0.031776
0.025497
0.033233
0.025889
0.025525
0.031690
0.020521
0.034958
0.026076
0.022974
0.032910
0.033032
0.028497
0.017612
0.018470
0.032687
0.033743
0.027905
0.034002
0.018395
0.033108
0.032779
0.025886
0.032900
0.033831
0.025620
0.030409
0.021349
0.031582
0.017037
0.033383
0.031333
0.025180
0.032712
0.030066
0.033407
0.032763
0.033367
0.033152
0.018847
0.031981
0.032410
0.032645
0.029001
0.033309
0.033191
0.033407
0.033957
0.023219
0.030811
0.033665
0.019731
0.034152
0.034533
0.032088
0.033776
0.034647
0.018118
0.017240
0.026032
0.033215
0.019135
0.024560
0.032860
0.034486
0.027424
0.032781
0.034343
0.033986
0.022863
0.034042
0.023741
0.017984
0.035509
0.032435
0.032059
0.020382
0.027748
0.032774
0.032078
0.028205
0.032086
0.032308
0.033323
0.026437
0.033938
0.032982
0.034947
0.036076
0.019962
0.016399
0.032961
0.029918
0.034894
0.019699
0.032397
0.018899
0.032723
0.033230
0.033332
0.033035
0.033608
0.034235
0.038531
0.034463
0.034577
0.017337
0.037103
0.033855
0.033135
0.035425
0.033587
0.034677
0.033044
0.033778
0.032256
0.020841
0.035991
0.030431
0.033946
0.033413
0.035005
0.033062
0.034829
0.035448
0.033670
0.034280
0.018366
0.020579
0.033515
0.031526
0.033053
0.029853
0.019394
0.032609
0.031873
0.026600
0.033789
0.033177
0.018079
0.017553
0.018369
0.034978
0.022254
0.025726
0.033567
0.033560
0.030216
0.034038
0.032215
0.034657
0.034530
0.031960
0.033896
0.032720
0.034230
0.033462
0.034419
0.020757
0.026241
0.033639
0.029008
0.031929
0.033303
0.032400
0.033056
0.034755
0.032811
0.030896
0.028489
0.027471
0.032571
0.025754
0.021594
0.032595
0.032644
0.032704
0.027606
0.032573
0.017946
0.019251
0.019750
0.020066
0.030937
0.028907
0.016981
0.032582
0.034873
0.034114
0.020658
0.016996
0.036262
0.033666
0.030331
0.025317
0.030610
0.035151
0.033625
0.033972
0.035465
0.034786
0.029151
0.022295
0.033659
0.033261
0.034099
0.023884
0.034474
0.034160
0.026561
0.033717
0.034883
0.018189
0.033423
0.022681
0.028589
0.031431
0.035593
0.037377
0.023267
0.034654
0.033057
0.034512
0.018450
0.033595
0.027197
0.017060
0.035311
0.023242
0.034664
0.017773
0.025946
0.033882
0.033271
0.033788
0.034575
0.034665
0.034618
0.032538
0.027151
0.017693
0.023714
0.034154
0.027966
0.035159
0.033437
0.019037
0.028217
0.033970
0.022453
0.019036
0.035010
0.034147
0.033287
0.026357
0.032990
0.019104
0.019334
0.016044
0.025440
0.032065
0.023806
0.034164
0.033509
0.032240
0.028581
0.031493
0.018903
0.028558
0.033472
0.028641
0.033696
0.032693
0.032351
0.032789
0.033559
0.034683
0.022561
0.024785
0.033085
0.032165
0.017015
0.032509
0.022998
0.032286
0.033933
0.034094
0.033229
0.029838
0.030060
0.035163
0.017997
0.034007
0.033011
0.032939
0.020561
0.036980
0.035382
0.023382
0.025364
0.029944
0.035194
0.035460
0.024537
0.034322
0.025105
0.031775
0.033390
0.033527
0.028560
0.032501
0.029695
0.028073
0.018335
0.016991
0.022283
0.016309
0.017886
0.019350
0.025543
0.033084
0.025853
0.033129
0.033279
0.032351
0.026537
0.034060
0.032996
0.032881
0.033106
0.031516
0.033551
0.021801
0.033116
0.026814
0.034841
0.033793
0.026248
0.035670
0.023460
0.036104
0.032436
0.029071
0.018890
0.017756
0.033275
0.033188
0.032869
0.033000
0.033486
0.032493
0.033285
0.016544
0.024513
0.033472
0.031883
0.028980
0.035728
0.016572
0.019435
0.032029
0.034412
0.030734
0.033977
0.033958
0.033523
0.018707
0.029048
0.033226
0.027020
0.018455
0.018540
0.031894
0.036198
0.035598
0.032526
0.032778
0.018243
0.031983
0.034160
0.023844
0.016461
0.030238
0.032105
0.033402
0.034453
0.018052
0.020181
0.021235
0.032522
0.030613
0.032608
0.016874
0.016188
0.019746
0.035846
0.017506
0.034373
0.033846
0.016452
0.028895
0.032798
0.033328
0.027084
0.032664
0.034833
0.033480
0.032700
0.035181
0.033192
0.031872
0.027570
0.026172
0.033976
0.016368
0.018712
0.019423
0.019906
0.035997
0.023880
0.022199
0.034027
0.032570
0.034924
0.031685
0.021184
0.033503
0.031424
0.025735
0.025310
0.032902
0.037524
0.026529
0.035736
0.032512
0.035415
0.033845
0.031780
0.031901
0.032741
0.029500
0.034805
0.020221
0.017547
0.017287
0.027259
0.034808
0.032365
0.026652
0.028934
0.032805
0.031762
0.031745
0.019498
0.019087
0.033755
0.034118
0.033784
0.033943
0.032681
0.033196
0.016669
0.017539
0.022722
0.033131
0.026772
0.033829
0.034504
0.034893
0.034267
0.034409
0.034575
0.034135
0.026678
0.032904
0.037691
0.033096
0.023214
0.034621
0.031208
0.028715
0.033090
0.030496
0.029869
0.028850
0.033176
0.018604
0.034242
0.018081
0.035035
0.018342
0.026144
0.033011
0.032437
0.031005
0.031469
0.028048
0.016338
0.033751
0.034077
0.034034
0.020078
