550,341,50,118
555,337,48,120
560,334,48,119
565,331,47,118
571,328,46,117
574,325,46,117
578,322,45,115
581,319,44,114
585,318,43,113
589,314,41,112
592,312,38,111
595,310,35,109
598,308,32,107
600,306,30,105
601,303,28,106
603,302,27,102
603,299,27,107
605,298,25,101
606,297,24,101
606,296,23,98
609,290,21,94
610,288,20,99
608,290,21,94
604,290,23,92
606,287,22,103
600,279,29,91
599,246,29,105
599,276,30,87
585,279,34,95
594,255,33,93
598,248,31,81
601,262,27,70
599,268,28,67
598,256,31,74
597,258,32,69
598,263,31,81
594,319,35,69
596,321,33,70
591,311,38,94
599,237,31,89
595,255,33,75
601,207,29,109
594,261,35,79
595,256,35,82
598,244,32,82
593,262,33,71
599,251,31,78
598,251,32,69
600,253,30,62
602,254,26,61
604,246,25,62
604,258,25,55
607,249,23,66
602,264,26,56
605,259,25,65
602,257,26,58
606,247,24,68
603,260,25,56
605,254,25,58
606,249,23,59
611,203,19,49
609,195,21,32
616,200,14,37
614,196,16,33
615,198,15,33
615,198,14,30
615,197,15,32
614,197,16,34
616,198,14,31
617,199,13,30
614,198,15,27
616,199,14,30
616,198,14,29
615,200,15,32
617,228,12,33
617,227,13,55
614,224,15,62
613,223,17,64
611,222,19,64
610,221,19,64
609,219,21,64
608,218,22,63
609,218,21,63
607,218,23,62
606,216,23,63
605,215,24,63
604,215,25,63
604,212,25,64
603,212,27,64
600,211,27,65
600,210,28,63
597,210,27,62
596,210,26,60
594,208,26,62
593,208,25,61
591,209,25,61
591,208,24,61
589,206,25,60
587,207,26,60
584,206,26,59
582,206,25,60
581,204,24,59
579,204,24,59
577,204,24,57
577,203,24,58
574,202,24,57
573,201,25,59
571,201,24,59
569,200,24,56
567,201,25,57
565,201,23,53
563,201,23,55
560,200,22,53
558,199,22,54
555,199,22,52
552,199,22,53
549,199,23,52
546,198,23,52
544,198,22,53
542,198,22,50
539,197,22,52
536,196,22,52
532,196,22,53
529,195,22,51
526,194,23,51
523,194,23,52
519,193,23,52
517,194,21,50
514,194,21,49
512,194,20,48
509,194,21,49
506,193,20,48
504,193,20,49
502,191,20,50
499,192,20,48
497,192,21,48
494,192,21,47
493,191,21,49
492,191,20,48
490,191,21,48
489,190,21,47
487,189,21,48
486,188,21,47
484,190,21,47
484,188,20,46
484,188,20,45
483,187,20,46
484,186,20,46
482,186,21,47
482,185,21,45
481,184,21,46
480,181,21,45
480,185,21,43
480,183,20,45
480,181,21,45
478,183,22,44
478,181,22,47
477,182,21,45
476,181,20,40
476,181,19,41
475,182,21,42
475,180,21,44
475,180,20,42
473,181,20,40
476,178,19,36
474,179,18,38
473,180,18,40
473,178,18,36
472,179,17,38
471,179,17,39
471,179,17,41
470,179,17,37
470,178,16,35
469,177,16,36
468,177,17,38
467,176,18,38
467,175,19,40
466,175,18,38
466,175,19,40
467,175,19,40
460,174,22,44
466,174,19,43
466,174,20,43
467,173,19,41
466,173,19,43
466,173,19,42
465,173,18,42
465,172,18,40
465,172,18,41
465,171,18,41
465,172,18,40
464,171,17,41
463,170,18,42
463,170,18,42
462,171,17,40
463,170,16,40
461,169,16,40
460,169,17,41
459,170,18,40
458,169,18,38
457,170,18,38
456,168,18,39
454,171,17,38
454,169,16,37
452,168,17,39
451,170,16,37
452,168,16,37
449,169,17,37
446,168,17,37
444,167,18,37
444,166,18,38
443,167,17,38
441,166,17,40
440,166,17,39
440,165,17,39
438,166,16,38
437,166,17,38
437,166,16,38
436,164,17,39
435,165,16,38
434,164,17,38
432,164,16,37
431,164,17,38
430,163,18,40
429,162,18,40
428,163,17,39
427,161,17,39
426,161,17,40
424,161,18,40
423,161,17,40
422,161,18,40
419,162,19,40
419,162,18,39
417,162,18,38
415,160,17,41
413,163,17,36
412,161,17,38
410,162,17,37
409,161,16,38
408,160,18,38
407,161,17,36
406,158,18,39
404,159,17,40
403,160,16,39
401,161,17,39
400,159,16,37
398,160,16,37
396,159,17,39
394,160,17,37
393,159,17,36
392,162,17,35
390,160,17,35
389,160,16,35
388,160,17,37
387,160,16,34
385,160,16,34
383,159,17,35
382,159,17,37
383,159,17,35
383,161,16,34
382,160,15,32
381,159,16,34
380,159,16,33
381,159,17,35
380,159,16,33
379,157,17,35
379,158,16,33
378,159,16,33
377,156,17,35
377,159,17,32
377,156,16,34
377,158,15,33
376,156,16,35
377,157,16,34
376,155,16,35
375,156,16,34
375,156,16,34
376,157,15,33
375,156,16,33
375,157,16,32
377,156,15,32
375,156,16,33
376,157,15,32
376,155,15,33
375,156,15,33
374,156,16,34
374,155,15,33
375,156,15,31
375,155,15,33
375,155,15,33
375,155,15,33
374,155,15,34
375,155,15,32
375,155,15,33
374,153,15,32
374,155,15,31
373,154,14,30
373,154,15,32
372,153,15,31
374,154,14,32
372,154,15,32
373,153,13,30
373,153,14,31
372,154,15,32
371,154,14,30
370,154,14,30
369,153,15,33
370,153,14,30
369,153,15,31
369,153,14,31
367,153,14,30
367,153,15,31
366,151,15,30
366,153,14,29
365,152,15,29
364,151,14,29
364,152,15,30
364,151,15,30
364,151,14,30
363,151,14,29
361,150,15,29
361,151,15,29
360,151,15,30
358,150,15,30
358,151,15,30
358,151,14,29
357,150,15,30
357,150,15,30
357,150,14,30
356,150,14,29
356,150,14,29
355,149,14,30
355,150,14,29
354,149,14,29
354,149,14,30
354,149,14,29
354,149,15,29
354,149,14,28
354,148,15,30
354,148,14,29
354,149,14,29
354,149,14,29
353,148,14,29
353,147,14,29
353,148,14,28
352,148,15,30
351,148,14,29
351,147,15,31
350,148,14,28
349,147,14,29
349,147,14,30
349,146,15,30
349,147,15,29
