0.002162
0.033519
0.017955
0.032426
0.032248
0.033050
0.026987
0.027075
0.032288
0.015172
0.018775
0.031403
0.030902
0.019990
0.016310
0.015888
0.015035
0.031184
0.032993
0.032815
0.034518
0.034949
0.016204
0.029199
0.016662
0.031448
0.032080
0.030851
0.033612
0.026675
0.030004
0.032240
0.032209
0.032235
0.019609
0.019514
0.014975
0.017662
0.018667
0.017697
0.017919
0.015468
0.033793
0.021317
0.032244
0.033300
0.029508
0.030832
0.029190
0.030040
0.030756
0.032951
0.031581
0.033106
0.019449
0.025238
0.015800
0.032909
0.031918
0.026829
0.033276
0.032369
0.026958
0.029176
0.024115
0.032167
0.031281
0.017770
0.014934
0.020309
0.032076
0.024846
0.030906
0.027850
0.032164
0.032468
0.032383
0.031492
0.019948
0.023980
0.033400
0.032861
0.029150
0.019095
0.033627
0.019383
0.032425
0.029764
0.018524
0.015352
0.030837
0.026671
0.019182
0.032169
0.031931
0.021164
0.019173
0.032817
0.031877
0.032080
0.021947
0.032255
0.017861
0.032335
0.027838
0.015973
0.017236
0.032828
0.015248
0.016140
0.031605
0.020758
0.030800
0.033561
0.027176
0.030394
0.029393
0.030803
0.032325
0.032739
0.032351
0.021862
0.031986
0.024628
0.033804
0.024422
0.032451
0.033509
0.018742
0.016841
0.035865
0.033993
0.031117
0.032139
0.024873
0.032581
0.019327
0.032304
0.033498
0.035668
0.031724
0.019281
0.015199
0.015074
0.029610
0.033852
0.026525
0.032522
0.032489
0.034176
0.032312
0.031172
0.028553
0.031710
0.027259
0.017649
0.017088
0.017799
0.033054
0.024108
0.032940
0.020744
0.031542
0.033163
0.021931
0.031494
0.034528
0.020350
0.033700
0.031311
0.015510
0.032579
0.031334
0.022159
0.031474
0.029969
0.033418
0.031266
0.019827
0.029639
0.031778
0.018596
0.030949
0.031327
0.031651
0.032071
0.030852
0.031972
0.015980
0.018712
0.031968
0.034706
0.031902
0.030832
0.033812
0.033448
0.015952
0.034640
0.031140
0.028913
0.031880
0.018559
0.033179
0.031541
0.017173
0.017632
0.032755
0.027219
0.031093
0.018686
0.015826
0.016452
0.016531
0.015979
0.015555
0.015172
0.015254
0.018015
0.019800
0.018761
0.014827
0.015511
0.019275
0.016694
0.034716
0.033854
0.032615
0.029054
0.015841
0.031822
0.032492
0.032671
0.032905
0.022870
0.033831
0.022382
0.028383
0.031843
0.030364
0.034915
0.031846
0.033295
0.033110
0.032133
0.031317
0.027308
0.032872
0.033112
0.015494
0.028168
0.032262
0.027539
0.031196
0.032531
0.028574
0.016002
0.030632
0.031344
0.027090
0.028626
0.032883
0.030872
0.031087
0.031925
0.033614
0.031445
0.031588
0.023257
0.031896
0.031711
0.031928
0.028414
0.032096
0.033315
0.018110
0.015484
0.016030
0.014987
0.031428
0.032283
0.020178
0.019737
0.030656
0.015568
0.018879
0.019245
0.019135
0.031649
0.018022
0.017679
0.018732
0.016148
0.014596
0.023601
0.030897
0.031411
0.025327
0.020941
0.032154
0.021842
0.015588
0.014933
0.032085
0.028913
0.025596
0.031925
0.034964
0.022802
0.022613
0.034794
0.032399
0.017883
0.031472
0.033304
0.016715
0.032883
0.030567
0.033820
0.033251
0.025782
0.031564
0.027496
0.018582
0.033119
0.025334
0.032409
0.036293
0.030114
0.032132
0.031396
0.032031
0.031521
0.022041
0.033351
0.016871
0.015528
0.032386
0.030926
0.015441
0.018548
0.031726
0.032605
0.033031
0.018214
0.015521
0.034071
0.032393
0.032323
0.031141
0.020089
0.031558
0.031965
0.025609
0.032939
0.030362
0.018334
0.018315
0.034955
0.030272
0.031887
0.032609
0.030375
0.029414
0.024756
0.016340
0.034461
0.031763
0.031825
0.023773
0.031394
0.026459
0.032867
0.016098
0.015792
0.031867
0.022355
0.017407
0.014776
0.016100
0.014948
0.028316
0.018616
0.014763
0.016407
0.032933
0.015298
0.031618
0.023792
0.017471
0.031672
0.017524
0.032990
0.030269
0.031423
0.020348
0.017864
0.027634
0.018898
0.015288
0.017908
0.016274
0.031133
0.032055
0.026933
0.019740
0.017839
0.019710
0.017988
0.020086
0.031591
0.033439
0.030982
0.032377
0.030025
0.022794
0.026046
0.018610
0.019315
0.016217
0.014998
0.020166
0.020275
0.035382
0.032216
0.017561
0.019550
0.015454
0.031154
0.030430
0.032787
0.031539
0.031964
0.034215
0.026469
0.030092
0.032812
0.033620
0.018551
0.034838
0.030942
0.024400
0.030128
0.027483
0.032235
0.032228
0.029604
0.032421
0.022289
0.031414
0.016733
0.018812
0.032151
0.020139
0.032142
0.028591
0.015375
0.017454
0.015563
0.019913
0.016470
0.018081
0.015533
0.029551
0.027662
0.016197
0.016375
0.020285
0.033469
0.032357
0.031518
0.037038
0.031283
0.031709
0.018857
0.017230
0.016557
0.030936
0.032420
0.016526
0.035361
0.034052
0.029691
0.030774
0.018351
0.016396
0.019044
0.015630
0.032758
0.031390
0.032814
0.032572
0.031801
0.019837
0.020389
0.016756
0.017871
0.034058
0.032360
0.028184
0.031596
0.032629
0.015842
0.028138
0.032512
0.020736
0.032689
