0.013963
0.031687
0.022213
0.017009
0.031294
0.032944
0.033489
0.032789
0.033338
0.026312
0.031274
0.019489
0.024685
0.031507
0.032362
0.018938
0.019845
0.031680
0.020173
0.015514
0.015381
0.014789
0.029313
0.032220
0.033457
0.031485
0.032360
0.032384
0.031785
0.032129
0.034279
0.028206
0.021141
0.015218
0.035954
0.031512
0.018216
0.015214
0.018209
0.019124
0.018213
0.015226
0.014328
0.018449
0.014662
0.032208
0.027266
0.023297
0.030359
0.029820
0.031958
0.033544
0.029541
0.031513
0.032093
0.032428
0.015049
0.014858
0.015188
0.016018
0.034152
0.021726
0.031815
0.033050
0.034321
0.031946
0.025055
0.031713
0.031389
0.031429
0.030509
0.028296
0.026969
0.032176
0.031246
0.016342
0.031389
0.030517
0.032867
0.016424
0.032103
0.031860
0.022313
0.030846
0.029444
0.031724
0.030514
0.030514
0.018299
0.029340
0.031698
0.031441
0.031586
0.028088
0.031418
0.028473
0.030782
0.033674
0.032190
0.034104
0.033276
0.032620
0.031764
0.032097
0.031643
0.018195
0.014884
0.015803
0.014830
0.015445
0.014610
0.016394
0.014979
0.032150
0.027812
0.035036
0.033575
0.026971
0.031200
0.032160
0.032236
0.032674
0.032438
0.025580
0.028711
0.028031
0.032946
0.031754
0.033307
0.019050
0.030623
0.031208
0.027425
0.033288
0.016936
0.033525
0.032642
0.033047
0.035175
0.024257
0.031100
0.027579
0.030326
0.032331
0.030570
0.032195
0.029854
0.020570
0.030484
0.032043
0.032652
0.033090
0.019387
0.031858
0.032091
0.031929
0.016999
0.032627
0.027395
0.018632
0.031875
0.032173
0.031721
0.033341
0.034323
0.017232
0.016254
0.029891
0.031608
0.032203
0.024762
0.031599
0.021508
0.032619
0.032030
0.032041
0.019145
0.024364
0.034844
0.032076
0.032121
0.032438
0.032610
0.015449
0.031582
0.031579
0.032404
0.023544
0.032617
0.019466
0.014486
0.032223
0.031772
0.014632
0.015403
0.030588
0.033290
0.020741
0.032132
0.031395
0.031004
0.024436
0.014783
0.016995
0.031953
0.035643
0.028524
0.032186
0.034178
0.031877
0.030760
0.032767
0.028938
0.033389
0.021826
0.019598
0.024957
0.032950
0.033600
0.021713
0.033515
0.032928
0.034258
0.027206
0.032032
0.020354
0.032005
0.032435
0.033414
0.030580
0.018833
0.016955
0.016333
0.017856
0.015086
0.026870
0.031734
0.033783
0.032487
0.018965
0.032501
0.028348
0.034681
0.025639
0.032348
0.032329
0.023789
0.037051
0.032871
0.017532
0.024318
0.033803
0.034457
0.029448
0.023841
0.033742
0.020302
0.022403
0.032089
0.029542
0.027907
0.032956
0.032928
0.034250
0.026590
0.031928
0.020380
0.028693
0.031826
0.027399
0.036137
0.030989
0.032097
0.033255
0.033810
0.032160
0.023848
0.031265
0.026144
0.030976
0.023755
0.032264
0.032229
0.032574
0.031965
0.033353
0.018928
0.015276
0.033086
0.028344
0.020758
0.032403
0.033559
0.018481
0.032667
0.031998
0.031151
0.031495
0.030361
0.035331
0.026090
0.031014
0.020010
0.034094
0.019269
0.020495
0.031518
0.017515
0.015865
0.031166
0.025090
0.032898
0.022884
0.031896
0.028432
0.032062
0.032695
0.029860
0.029120
0.032205
0.026980
0.030910
0.022648
0.030078
0.030807
0.030036
0.031308
0.018042
0.032248
0.031720
0.030915
0.021575
0.031450
0.033071
0.019059
0.030996
0.031233
0.030884
0.033519
0.030665
0.031051
0.020140
0.029196
0.031562
0.032398
0.032298
0.030294
0.030864
0.019696
0.016549
0.024108
0.026461
0.032184
0.026639
0.034582
0.032756
0.022932
0.031707
0.015454
0.028911
0.031887
0.020770
0.030855
0.031965
0.022844
0.032265
0.018680
0.018030
0.033663
0.020186
0.033629
0.023966
0.032173
0.031101
0.020368
0.014633
0.015607
0.034141
0.019681
0.030554
0.033677
0.032543
0.032732
0.032914
0.031716
0.025147
0.034844
0.026468
0.031933
0.028758
0.033406
0.019994
0.032377
0.033832
0.024783
0.026233
0.033113
0.029175
0.032297
0.032761
0.032271
0.028553
0.031664
0.032824
0.033898
0.026365
0.031379
0.028235
0.030934
0.026618
0.031157
0.032070
0.017944
0.015369
0.033286
0.034441
0.032120
0.032486
0.020736
0.033872
0.032860
0.031962
0.030797
0.031178
0.022496
0.016443
0.015957
0.032429
0.031802
0.032558
0.031661
0.032949
0.032960
0.019215
0.016035
0.018802
0.015976
0.022614
0.032439
0.024631
0.015542
0.015788
0.015540
0.016824
0.016100
0.026837
0.027809
0.031329
0.028304
0.032491
0.028934
0.031913
0.033300
0.033450
0.031321
0.015228
0.016273
0.016361
0.019294
0.019941
0.020153
0.016484
0.017478
0.034297
0.030170
0.024541
0.032583
0.028943
0.023040
0.029405
0.029900
0.031864
0.030713
0.032379
0.031994
0.027879
0.032010
0.032375
0.033395
0.027149
0.026057
0.032048
0.017196
0.017430
0.025730
0.031175
0.031854
0.031513
0.032806
0.031275
0.015932
0.031479
0.026119
0.029385
0.032689
0.033193
0.019841
0.034867
0.032393
0.029776
0.033817
0.032214
0.031782
0.031954
0.032816
0.033338
0.021718
0.021695
0.016918
0.032966
0.033817
0.036280
0.031720
0.035133
0.022839
0.032406
0.033499
0.018467
0.015390
0.015471
0.015460
0.032939
0.032059
0.032854
0.031351
0.034209
0.021442
0.032911
0.032116
0.026762
0.020875
0.030981
0.017174
0.032280
0.026389
0.015187
0.015863
0.018854
0.032805
0.027072
0.029796
0.023707
0.017767
0.016574
0.015026
0.030836
0.032356
0.015320
0.033652
0.025332
0.033406
0.033275
0.019090
0.033978
0.032675
0.035798
0.026198
0.032861
0.035622
0.029568
0.027174
0.021217
0.035713
0.032443
0.034339
0.034173
0.032858
0.033092
0.032319
0.032717
0.023854
0.033094
0.032413
0.032870
0.033581
0.030098
0.033544
0.024747
0.019667
0.030168
0.033888
0.033389
0.033228
0.020154
0.036487
0.030146
0.017060
0.017132
0.016977
0.015909
0.016827
0.018057
0.027903
0.031723
0.028332
0.033313
0.033019
0.032996
0.032566
0.019602
0.032913
0.031917
0.020555
0.016189
0.019080
0.034525
0.035525
0.033477
0.032205
0.019031
0.018790
0.016776
0.016083
0.017614
0.016305
0.016083
0.018044
0.027006
0.030667
0.022950
0.030567
0.017914
0.035188
0.017694
0.036535
0.033994
0.033214
0.020162
0.031686
0.035089
0.036665
0.033653
0.035099
0.034381
0.031399
0.033158
0.019921
0.034571
0.033942
0.019169
0.018658
0.033244
0.031401
0.033165
0.034721
0.035254
0.033443
0.032500
0.036704
0.035160
0.031110
0.033095
0.033360
0.033800
0.034182
0.027697
0.029522
0.029217
0.032969
0.025296
0.031357
0.033211
0.033103
0.020248
0.016502
0.033492
0.032984
0.033508
0.027313
0.032296
0.017840
0.018896
0.017396
0.016698
0.020663
0.019508
0.016171
0.020011
0.020229
0.020658
0.035526
0.032860
0.029717
0.032823
0.034247
0.034042
0.033148
0.033752
0.017287
0.035203
0.017467
0.033266
0.034131
0.034373
0.034086
0.018189
0.019698
0.023188
0.036119
0.018971
0.017537
0.020336
0.018395
0.017436
0.035697
0.021919
0.017853
0.017845
0.017952
0.021024
0.034609
0.024470
0.033336
0.033275
0.034417
0.033823
0.023038
0.033786
0.034261
0.032237
0.035882
0.033057
0.033584
0.033537
0.034330
0.034706
0.028101
0.032281
0.031847
0.021528
0.032312
0.018765
0.016563
0.017338
0.016441
0.016650
0.017884
0.030026
0.033464
0.033722
0.032130
0.027930
0.032218
0.030493
0.032587
0.033097
0.033508
0.026225
0.034293
0.033844
0.024602
