0.005991
0.016598
0.016940
0.018760
0.017250
0.015876
0.026465
0.016571
0.028183
0.018332
0.022811
0.018539
0.019012
0.023301
0.026843
0.019556
0.018637
0.022227
0.018436
0.021529
0.018931
0.023118
0.016885
0.016729
0.019590
0.017896
0.019152
0.017896
0.017701
0.016973
0.016277
0.020222
0.023357
0.016675
0.027609
0.029308
0.019829
0.021106
0.017738
0.019305
0.018350
0.018835
0.019052
0.021265
0.018413
0.016207
0.019398
0.016716
0.017232
0.016767
0.016082
0.017900
0.017194
0.018395
0.017885
0.017301
0.018761
0.021277
0.018762
0.030226
0.019267
0.023783
0.021682
0.016760
0.021851
0.022201
0.020173
0.019556
0.020485
0.021193
0.031731
0.023863
0.024956
0.019232
0.016232
0.017342
0.016701
0.016913
0.020869
0.019097
0.017937
0.018110
0.017195
0.017432
0.016621
0.018830
0.015393
0.017646
0.020331
0.017053
0.018165
0.017373
0.016997
0.016152
0.017690
0.020453
0.017581
0.028570
0.026802
0.018446
0.021309
0.019205
0.020215
0.020873
0.028551
0.019079
0.028108
0.028924
0.026000
0.018954
0.017056
0.017611
0.017447
0.016620
0.017913
0.018253
0.020367
0.016474
0.018042
0.016981
0.016379
0.037292
0.027347
0.022486
0.023244
0.025176
0.022727
0.019809
0.021092
0.023263
0.018514
0.027069
0.020997
0.023841
0.016888
0.015473
0.016278
0.017441
0.017579
0.015407
0.019990
0.015275
0.015396
0.016255
0.015566
0.016487
0.015676
0.021029
0.016651
0.019309
0.023476
0.023083
0.018566
0.019989
0.017279
0.029605
0.033104
0.041162
0.024832
0.022400
0.019829
0.018477
0.018045
0.019001
0.017399
0.020331
0.016394
0.016682
0.021838
0.018333
0.016741
0.017257
0.020448
0.023650
0.019275
0.021989
0.019011
0.033809
0.030760
0.024051
0.021756
0.024433
0.024065
0.017683
0.018035
0.016430
0.017793
0.015847
0.019454
0.023668
0.017887
0.017704
0.018816
0.015812
0.017436
0.018286
0.020350
0.016808
0.020555
0.015711
0.017167
0.017328
0.018251
0.017036
0.018309
0.016994
0.016700
0.015541
0.016189
0.016708
0.027168
0.020021
0.023978
0.019181
0.047737
0.047626
0.055837
0.034770
0.023374
0.021363
0.021656
0.021893
0.020561
0.018044
0.020541
0.020222
0.024826
0.023057
0.016218
0.016483
0.016575
0.017400
0.022547
0.016730
0.015890
0.020758
0.018810
0.017990
0.017322
0.019506
0.039462
0.022851
0.019532
0.026381
0.019008
0.022643
0.019757
0.019247
0.018055
0.019347
0.021788
0.019032
0.019038
0.019887
0.017741
0.016753
0.024784
0.019123
0.037858
0.035340
0.020089
0.026675
0.022976
0.019659
0.025063
0.024689
0.020533
0.018294
0.018649
0.017085
0.016580
0.015456
0.015695
0.020417
0.017852
0.015891
0.020580
0.020191
0.024757
0.024929
0.021123
0.032217
0.020280
0.022702
0.021999
0.051052
0.018170
0.019248
0.016308
0.019477
0.016364
0.016632
0.019298
0.024815
0.025695
0.018436
0.019839
0.039068
0.019961
0.017690
0.017938
0.015390
0.018321
0.020086
0.018112
0.045865
0.031743
0.019146
0.017458
0.025308
0.018151
0.018730
0.017878
0.018297
0.022035
0.028730
0.022053
0.019202
0.019848
0.018612
0.022670
0.020019
0.021673
0.017545
0.023481
0.020328
0.018534
0.017769
0.016532
0.016273
0.017148
0.018156
0.017068
0.017467
0.018126
0.016948
0.021146
0.018563
0.020443
0.019156
0.030151
0.022579
0.018400
0.019011
0.017321
0.017757
0.021061
0.020272
0.018881
0.017388
0.016582
0.016744
0.016839
