0.013667
0.034457
0.033072
0.017408
0.017481
0.021284
0.034114
0.033598
0.032584
0.030173
0.021419
0.032839
0.015678
0.033829
0.033942
0.021036
0.032978
0.036291
0.034120
0.020491
0.030979
0.033630
0.024368
0.031253
0.036423
0.054115
0.050031
0.055861
0.033577
0.035017
0.033896
0.039903
0.036429
0.033563
0.033936
0.042450
0.033040
0.034048
0.047850
0.051201
0.049012
0.050637
0.039971
0.042131
0.051003
0.052138
0.056916
0.048687
0.036130
0.050228
0.049764
0.049382
0.038422
0.047222
0.045122
0.041732
0.038680
0.049571
0.035871
0.042170
0.045547
0.050193
0.035405
0.038801
0.038957
0.039873
0.054749
0.048988
0.050788
0.057841
0.049070
0.052749
0.055414
0.050170
0.047759
0.035729
0.044583
0.032470
0.037235
0.037426
0.048547
0.037258
0.062707
0.060585
0.039108
0.057029
0.043402
0.052646
0.053270
0.066142
0.065727
0.052352
0.055292
0.035728
0.036680
0.049921
0.049352
0.043536
0.064810
0.054030
0.051813
0.037891
0.034155
0.035353
0.051281
0.046373
0.037957
0.032674
0.033592
0.034050
0.041703
0.049073
0.048559
0.049449
0.034400
0.034058
0.033381
0.037703
0.037970
0.035115
0.048484
0.037345
0.035925
0.034294
0.047881
0.033057
0.051668
0.038739
0.048657
0.037213
0.036808
0.035193
0.055096
0.049382
0.052172
0.047734
0.045469
0.044654
0.031495
0.039838
0.049203
0.041982
0.037766
0.052194
0.051457
0.040681
0.048524
0.049830
0.049183
0.050298
0.051440
0.052270
0.036189
0.038496
0.035798
0.041541
0.038269
0.031325
0.034588
0.034226
0.037995
0.040377
0.038116
0.030719
0.037966
0.037864
0.035260
0.033784
0.032843
0.050874
0.047704
0.048343
0.039380
0.035642
0.037061
0.049129
0.033150
0.032669
0.032444
0.036054
0.033745
0.034702
0.037925
0.033200
0.033822
0.032375
0.019665
0.020483
0.034975
0.031457
0.026256
0.020020
0.023937
0.023283
0.020765
0.021629
0.022425
0.029445
0.021553
0.037254
0.024387
0.036982
0.027819
0.032858
0.036763
0.031808
0.036773
0.028550
0.038384
0.037820
0.024959
0.037123
0.037788
0.037845
0.034740
0.021286
0.022045
0.021665
0.020842
0.021007
0.032261
0.036604
0.022014
0.042511
0.038993
0.046703
0.030638
0.039895
0.035682
0.030630
0.023736
0.023287
0.030349
0.041269
0.029956
0.047984
0.028239
0.026068
0.041922
0.039568
0.042587
0.041410
0.039498
0.042590
0.030824
0.025219
0.033419
0.048781
0.022192
0.037640
0.021595
0.031336
0.021705
0.022015
0.037449
0.040303
0.037595
0.036360
0.040006
0.042368
0.041194
0.025350
0.033611
0.026521
0.029984
0.040243
0.041242
0.044336
0.040548
0.022516
0.039850
0.041098
0.025103
0.025567
0.041526
0.041195
0.039077
0.040641
0.036725
0.031262
0.038962
0.037858
0.030124
0.038421
0.021703
0.022572
0.022312
0.023707
0.037957
0.020637
0.036121
0.021599
0.022413
0.041872
0.025576
0.038295
0.036943
0.020342
0.022023
0.021534
0.027625
0.021178
0.021658
0.020997
0.026095
0.022513
0.023882
0.022779
0.023275
0.021366
0.021870
0.025273
0.023145
0.021207
0.024103
0.021825
0.021659
0.024111
0.039023
0.039064
0.038630
0.037536
0.036847
0.038766
0.021774
0.022223
0.021508
0.024976
0.022472
0.031244
0.022215
0.021179
0.021953
0.021299
0.023940
0.022905
0.021401
0.021511
0.039163
0.038320
0.030848
0.025501
0.036892
0.027234
0.037133
0.038022
0.025496
0.038467
0.039109
0.024920
0.021965
0.023308
0.021640
0.022927
0.041696
0.039497
0.026140
0.026086
0.035760
0.037276
0.027380
0.029265
0.041219
0.040177
0.036707
0.044854
0.040634
0.036915
0.026552
0.025725
0.039243
0.036770
0.036829
0.044102
0.036893
0.038409
0.034512
0.044531
0.048760
0.051228
0.052048
0.029724
0.049226
0.036685
0.021496
0.028955
0.026691
0.033405
0.032155
0.032740
0.049952
0.039326
0.036446
0.035618
0.021719
0.021585
0.033203
0.027612
0.035522
0.037314
0.037958
0.021284
0.038851
0.022514
0.025992
0.043034
0.024901
0.025822
0.025669
0.036587
0.041279
0.024262
0.025517
0.024061
0.023075
0.022303
0.038736
0.034087
0.044151
0.037032
0.032116
0.036916
0.022246
0.021215
0.021297
0.021274
0.021372
0.040261
0.046370
0.025594
0.037326
0.040532
0.036935
0.037617
0.037065
0.031599
0.031332
0.031605
0.033152
0.036686
0.016828
0.018069
0.018885
0.026659
0.033933
0.017268
0.033913
0.033575
0.030038
0.026445
0.016262
0.028383
0.033190
0.020236
0.016011
0.032376
0.032227
0.048146
0.018435
0.020135
0.035239
0.033160
0.033614
0.035332
0.019347
0.016886
0.016815
0.017035
0.016492
0.034017
0.031667
0.032651
0.034412
0.019845
0.027581
0.037850
0.033450
0.024482
0.016356
0.030629
0.030431
0.033238
0.033782
0.025558
0.033304
0.024060
0.032406
0.032746
0.023750
0.032984
0.019477
0.017509
0.020204
0.017026
0.016706
0.016378
0.023129
0.033066
0.033664
0.032645
0.032284
0.033854
0.032763
0.035751
0.016846
0.032215
0.016834
0.033299
0.033485
0.030589
0.034090
0.033574
0.032052
0.020961
0.016964
0.026497
0.026433
0.030084
0.038417
0.017031
0.016276
0.032948
0.018389
0.021704
0.020004
0.021740
0.017366
0.020345
0.018764
0.018220
0.018079
0.020796
0.022776
0.017115
0.017378
0.030460
0.016892
0.030598
0.019247
0.028969
0.019289
0.017439
0.020155
0.022703
0.044857
0.025550
0.036908
0.046726
0.019810
0.037289
0.017760
0.016675
0.025751
0.040525
0.050189
0.050744
0.033757
0.035284
0.033650
0.030293
0.029230
0.021785
0.032977
0.036169
0.031946
0.026090
0.024813
0.033721
0.016809
0.032574
0.033043
0.031186
0.033088
0.019901
0.016748
0.017239
0.033268
0.028628
0.025433
0.033374
0.018159
0.033498
0.027579
0.023107
0.018514
0.018718
0.017776
0.019442
0.020466
0.034077
0.033058
0.017960
0.022211
0.032410
0.033826
0.033674
0.034265
0.035356
0.028329
0.032735
0.034372
0.024795
0.034684
0.035646
0.018883
0.020334
0.024897
0.017970
0.033039
0.018173
0.022028
0.032993
0.020608
0.016908
0.020175
0.023093
0.035140
0.033718
0.034682
0.027501
0.031700
0.034140
0.019875
0.026743
0.034805
0.035648
0.021332
0.018833
0.017282
0.020155
0.034662
0.035073
0.022984
0.028525
0.018732
0.033961
0.034130
0.018501
0.019513
0.017269
0.016724
0.034761
0.021138
0.017508
0.035222
0.033703
0.018596
0.017730
0.017156
0.017621
0.017135
0.017323
0.035134
0.032154
0.030962
0.033140
0.034449
0.018101
0.034326
0.038789
0.035900
0.033485
0.042003
0.034504
0.034863
0.045415
0.047635
0.034194
0.019330
0.046692
0.018968
0.015772
0.032415
0.034133
0.035527
0.019310
0.031766
0.036238
0.032698
0.046194
0.049897
0.037704
0.040513
0.022410
0.033433
0.033048
0.037959
0.032922
0.030949
0.035110
0.033574
0.033425
0.036599
0.028254
0.031785
0.016228
0.015909
0.032454
0.029402
0.038455
0.033767
0.034612
0.031814
0.032186
0.017724
0.017554
0.033728
0.019139
0.017843
0.019531
0.027068
0.034813
0.025026
0.033770
0.030368
0.033621
0.024380
0.017838
0.016470
0.017350
0.021922
0.024039
0.020130
0.038772
0.034450
0.017225
0.019710
0.017030
0.019503
0.021467
0.018089
0.018382
0.034775
0.018787
0.034207
0.032248
0.021874
0.020343
0.018362
0.019785
0.019027
0.033364
0.025831
0.028265
0.034545
0.037212
0.033861
0.035062
0.021152
0.017705
0.017305
0.036691
0.039623
0.021851
0.023354
0.018039
0.035935
0.036968
0.036361
0.027002
0.033995
0.035720
0.027370
0.018307
0.017868
0.034652
0.018241
0.017433
0.033247
0.037029
0.038593
0.035266
0.028730
0.035421
0.033544
0.024906
0.033759
0.017591
0.027293
0.033049
0.023246
0.016518
0.036394
0.028661
0.034934
0.023739
0.019477
0.018645
0.021875
0.018373
0.018218
0.021233
0.019985
0.020703
0.037900
0.022588
0.021056
0.019282
0.021694
0.021611
0.023502
0.020235
0.017493
0.019785
0.032404
0.033241
0.018404
0.037391
0.027935
0.021127
0.018739
0.021719
0.029062
0.033453
0.035820
0.032439
0.032849
0.018719
0.028363
0.036770
0.017719
0.018976
0.019962
0.017088
0.017502
0.017386
0.037520
0.034290
0.029442
0.034516
0.035757
0.016971
0.033690
0.033016
0.018266
0.032512
0.036136
0.030531
0.034353
0.029644
0.033210
0.019450
0.018756
0.030062
0.017096
0.018266
0.018081
0.016290
0.019176
0.016569
0.016714
0.018533
0.016428
0.015627
0.015607
0.016882
0.015454
0.016383
0.021736
0.034039
0.029860
0.027887
0.033670
0.024193
0.032583
0.016956
0.017097
0.018642
0.035440
0.036021
0.031731
0.033658
0.034199
0.017638
0.031776
0.035141
0.031840
0.036596
0.018680
0.033059
0.035174
0.018864
0.019601
0.050189
0.035008
0.032292
0.028156
0.029684
0.017314
0.028937
0.036599
0.042432
0.052793
0.037243
0.055457
0.063618
0.049029
0.053902
0.048011
0.051236
0.053715
0.045603
0.051199
0.029153
0.021341
0.024861
0.037854
0.027649
0.034510
0.022972
0.040343
0.035707
0.038960
0.023584
0.023731
0.020890
0.023176
0.042448
0.041304
0.040247
0.028032
0.041691
0.042043
0.041016
0.041510
0.034758
0.042669
0.047018
0.024864
0.026643
0.050302
0.050454
0.049621
0.045346
0.047669
0.050571
0.048360
0.050168
0.043764
0.049479
0.050211
0.056395
0.049271
0.033027
0.035830
0.033124
0.033384
0.033035
0.033506
0.033446
0.041203
0.033706
0.032840
0.033718
0.035195
0.040169
0.050879
0.050296
0.052113
0.050225
0.039551
0.035800
0.033434
0.048301
0.049437
0.051074
0.049107
0.037502
0.046739
0.038025
0.051517
0.046687
0.045004
0.050082
0.042448
0.050559
0.049906
0.050313
0.037777
0.049379
0.046948
0.049282
0.044851
0.039766
0.051133
0.050725
0.032712
0.034433
0.051390
0.053200
0.049882
0.049489
0.033597
0.035400
0.048919
0.050862
0.040740
0.052231
0.032944
0.049248
0.050957
0.051649
0.033574
0.051444
0.049601
0.040616
0.049949
0.049275
0.047535
0.043823
0.049213
0.033092
0.050344
0.049141
0.055311
0.046809
0.040695
0.049802
0.047467
0.052502
0.052475
0.046096
0.041672
0.041833
0.061474
0.053846
0.047952
0.039767
0.061059
0.048019
0.049865
0.045475
0.055166
0.051575
0.051916
0.039008
0.053733
0.043290
0.039944
0.056859
0.049502
0.060243
0.051393
0.053786
0.066400
0.041143
0.043749
0.040051
0.035224
0.037009
0.034889
0.035001
0.042721
0.036014
0.050721
0.032726
0.034876
0.047332
0.052375
0.049045
0.047441
0.048334
0.049403
0.065043
0.065400
0.053897
0.047405
0.051684
0.053468
0.053783
0.038485
0.047858
0.038119
0.051197
0.051483
0.063040
0.060457
0.049477
0.054658
0.054163
0.046522
0.066052
0.050491
0.053249
0.048694
0.051018
0.049478
0.048406
0.061618
0.047693
0.050040
0.052890
0.050694
0.035422
0.032502
0.032848
0.036536
0.050133
0.048346
0.033695
0.032390
0.032277
0.031624
0.031940
0.036412
0.033695
0.032828
0.033394
0.053449
0.049777
0.032707
0.043248
0.041247
0.045140
0.033844
0.036144
0.049070
0.034949
0.043235
0.032864
0.048939
0.050024
0.046640
0.044432
0.042082
0.035313
0.044624
0.050360
0.033402
0.032842
0.037245
0.036053
0.036429
0.033187
0.032894
0.047190
0.049156
0.052856
0.050736
0.049737
0.049542
0.047999
0.041084
0.041187
0.049890
0.044720
0.050208
0.031743
0.033210
0.033249
0.033358
0.048876
0.050073
0.052572
0.049908
0.047579
0.048342
0.049863
0.050055
0.046681
0.050109
0.049828
0.055871
0.046727
0.047475
0.048888
0.044863
0.047335
0.046953
0.048545
0.049066
0.044643
0.042419
0.034587
0.035928
0.048291
0.068967
0.056477
0.035655
0.035008
0.040198
0.045727
0.053698
0.044267
0.047980
0.039583
0.038597
0.035725
0.034859
0.044434
0.036855
0.033381
0.034647
0.035157
0.033252
0.032229
0.032954
0.035914
0.034140
0.031971
0.040047
0.048496
0.046916
0.031938
0.042308
0.043246
0.046178
0.043688
0.043412
0.039066
0.022713
0.033083
0.033280
0.037676
0.019048
0.033242
0.017934
0.019790
0.032257
0.034103
0.021418
0.033418
0.026454
0.033969
0.035117
0.032845
0.034014
0.017511
0.023191
0.018778
0.017386
0.019398
0.020419
0.022888
0.033629
0.033366
0.032725
0.033267
0.034548
0.025595
0.034057
0.028010
0.036266
0.024771
0.035638
0.027848
0.029396
0.022033
0.025386
0.032438
0.038340
0.019008
0.035745
0.035599
0.020101
0.038522
0.034488
0.034782
0.018618
0.035995
0.040266
0.023792
0.015568
0.020832
0.038665
0.033193
0.038123
0.022265
0.021940
0.021370
0.021637
0.020492
0.020347
0.023123
0.028405
0.026318
0.026615
0.041418
0.039841
0.041050
0.036454
0.040993
0.042090
0.038013
0.038518
0.040773
0.041599
0.022464
0.038400
0.043055
0.035854
0.043377
0.038943
0.030315
0.026432
0.025487
0.027809
0.023625
0.025220
0.030814
0.040846
0.040801
0.039711
0.038848
0.022835
0.023481
0.024791
0.022619
0.023407
0.041769
0.041746
0.035659
0.044346
0.033726
0.031946
0.035507
0.035292
0.029454
0.031760
0.029964
0.028727
0.022748
0.016794
0.015949
0.018053
0.018985
0.021799
0.016324
0.016456
0.016943
0.035024
0.031575
0.033067
0.028074
0.033467
0.031952
0.032822
0.032257
0.017920
0.016788
0.015655
0.018623
0.032694
0.025670
0.019104
0.023845
0.031200
0.023253
0.033031
0.025922
0.032057
0.024408
0.029710
0.031934
0.016002
0.019246
0.033149
0.031548
0.027659
0.032171
0.021059
0.015716
0.016277
0.021780
0.016646
0.015697
0.015314
0.016241
0.019893
0.015981
0.023710
0.018898
0.031984
0.034499
0.017877
0.033359
0.031190
0.017209
0.016242
0.020590
0.018158
0.020232
0.017586
0.016330
0.016366
0.021871
0.015888
0.016737
0.023525
0.019955
0.017561
0.017862
0.017240
0.024727
0.034386
0.024704
0.031896
0.031643
0.033024
0.031426
0.033116
0.032535
0.029262
0.031631
0.032822
0.034198
0.035762
0.038218
0.049677
0.047029
0.040767
0.033019
0.058092
0.054117
0.057699
0.044604
0.065181
0.043866
0.039245
0.046707
0.040448
0.021442
0.037214
0.032525
0.045101
0.026243
0.038216
0.024535
0.045363
0.035301
0.022585
0.034403
0.041678
0.028986
0.027080
0.023890
0.029073
0.025402
0.043021
0.044043
0.038256
0.027730
0.048279
0.049552
0.049595
0.049513
0.047683
0.050415
0.047596
0.048001
0.033892
0.048225
0.032065
0.035930
0.033909
0.032404
0.033855
0.040913
0.048088
0.048156
0.049347
0.050113
0.049157
0.049877
0.055226
0.044370
0.049961
0.039881
0.052745
0.057673
0.040474
0.047490
0.047566
0.035658
0.032637
0.033907
0.036187
0.035292
0.037554
0.032487
0.049728
0.052850
0.049858
0.054799
0.049851
0.050246
0.052518
0.052617
0.037879
0.049742
0.042041
0.047807
0.050901
0.049367
0.053647
0.043904
0.049769
0.052450
0.049678
0.034471
0.044488
0.049107
0.048765
0.032862
0.042880
0.054654
0.049858
0.050620
0.050328
0.041316
0.050654
0.052312
0.047556
0.049495
0.051553
0.049551
0.054056
0.033710
0.034309
0.033030
0.034616
0.034864
0.050077
0.051955
0.052034
0.031542
0.037864
0.033277
0.035370
0.032986
0.034399
0.036053
0.043237
0.033735
0.040607
0.047807
0.047551
0.049839
0.049390
0.049363
0.042550
0.047424
0.052589
0.036137
0.036660
0.037194
0.034352
0.034410
0.038874
0.033426
0.035835
0.033366
0.033047
0.033474
0.022330
0.020951
0.023925
0.037235
0.041448
0.045716
0.041690
0.047996
0.042510
0.051752
0.048619
0.049400
0.052162
0.041572
0.050212
0.050119
0.036058
0.049289
0.048543
0.036667
0.032840
0.033090
0.040833
0.046852
0.053070
0.054750
0.049761
0.048396
0.048508
0.048396
0.047701
0.045690
0.046005
0.040977
0.035303
0.039568
0.028002
0.038166
0.032732
0.034882
0.034840
0.032157
0.019077
0.021897
0.017947
0.018193
0.020307
0.033758
0.042660
0.031802
0.035897
0.022907
0.031760
0.034448
0.035519
0.039028
0.024763
0.037631
0.042905
0.025133
0.043439
0.036542
0.042614
0.020673
0.035934
0.017109
0.023945
0.017563
0.030664
0.032696
0.042832
0.035022
0.020534
0.017910
0.019876
0.019131
0.018135
0.023875
0.019318
0.020183
0.019968
0.019556
0.033382
0.035611
0.034424
0.020244
0.037706
0.034460
0.037736
0.024290
0.028694
0.034360
0.030656
0.044044
0.047410
0.052009
0.051670
0.042252
0.045166
0.046561
0.047755
0.035865
0.030766
0.039099
0.038225
0.022957
0.036867
0.029031
0.039379
0.039608
0.039318
0.042157
0.046326
0.024883
0.043899
0.042048
0.027725
0.040538
0.040822
0.042609
0.043451
0.035007
0.043198
0.044214
0.040278
0.042621
0.032173
0.029084
0.043113
0.046708
0.026466
0.042186
0.040323
0.041591
0.026190
0.026514
0.027566
0.026512
0.027697
0.026407
0.026418
0.025440
0.025230
0.024172
0.025056
0.037924
0.034905
0.037127
0.034060
0.034033
0.027175
0.032828
0.031457
0.032007
0.031564
0.016848
0.035903
0.033629
0.020989
0.034651
0.031870
0.032329
0.032680
0.034432
0.028569
0.031555
0.031597
0.020612
0.033142
0.032327
0.020605
0.032784
0.017192
0.034454
0.018568
0.032749
0.032457
0.026037
0.031598
0.033808
0.033961
0.037050
0.031082
0.017638
0.024633
0.016906
0.020016
0.017960
0.031630
0.034725
0.033372
0.031424
0.035240
0.029346
0.031275
0.032763
0.032741
0.017543
0.020724
0.033547
0.024450
0.033984
0.032061
0.033163
0.039325
0.031939
0.017418
0.020202
0.032398
0.021772
0.015945
0.035088
0.032036
0.031694
0.029644
0.030949
0.029940
0.034461
0.016268
0.019620
0.029331
0.036170
0.029049
0.033156
0.027860
0.015966
0.020575
0.036000
0.024477
0.037949
0.035250
0.032507
0.026018
0.020797
0.031127
0.028937
0.020506
0.031872
0.021295
0.034641
0.047127
0.036851
0.034575
0.033258
0.037403
0.035703
0.020798
0.023372
0.020067
0.016762
0.017505
0.021636
