0.003983
0.027391
0.018799
0.032383
0.032925
0.027987
0.032499
0.033713
0.031776
0.032128
0.033740
0.025926
0.019818
0.032005
0.033836
0.025381
0.032226
0.034670
0.023629
0.034116
0.034308
0.034577
0.034552
0.032263
0.024724
0.034755
0.033811
0.033171
0.032622
0.030407
0.020475
0.033489
0.033546
0.033213
0.033143
0.032248
0.034862
0.033372
0.017480
0.024622
0.035432
0.016718
0.033840
0.022237
0.033807
0.023420
0.033775
0.024735
0.029040
0.031946
0.026242
0.017138
0.019274
0.020138
0.029090
0.034582
0.018476
0.016984
0.016377
0.033663
0.031360
0.025050
0.026695
0.033537
0.034572
0.032685
0.036628
0.023137
0.027933
0.035346
0.034906
0.034157
0.033691
0.017638
0.033976
0.036017
0.031378
0.035006
0.033893
0.032524
0.035828
0.034776
0.034536
0.033408
0.032751
0.033392
0.033664
0.031192
0.033652
0.033923
0.033977
0.032578
0.033607
0.032567
0.034143
0.034263
0.033053
0.034963
0.033561
0.034231
0.034985
0.033598
0.032977
0.026377
0.033851
0.033739
0.019545
0.029921
0.027566
0.032611
0.028365
0.037574
0.032310
0.032789
0.033891
0.032106
0.034740
0.033286
0.032347
0.030493
0.033949
0.024518
0.019526
0.032916
0.033360
0.035852
0.034248
0.032621
0.021884
0.033606
0.032536
0.030682
0.020403
0.033832
0.031011
0.034665
0.032751
0.019447
0.018255
0.019059
0.019551
0.020455
0.016791
0.016790
0.015852
0.017812
0.019746
0.032452
0.033165
0.032914
0.018637
0.036037
0.033813
0.034106
0.033721
0.033005
0.032817
0.026774
0.018895
0.018745
0.016646
0.031466
0.033259
0.034424
0.024249
0.032184
0.033439
0.029726
0.033055
0.032995
0.034246
0.027616
0.033363
0.029669
0.033277
0.026621
0.033596
0.032749
0.017897
0.017183
0.033644
0.026256
0.022484
0.034729
0.034471
0.033187
0.034447
0.033364
0.033949
0.026178
0.032738
0.033063
0.017840
0.036994
0.035509
0.036792
0.035188
0.031708
0.026742
0.019167
0.033994
0.032282
0.032581
0.028166
0.034613
0.020691
0.017272
0.019722
0.016992
0.018667
0.017499
0.016422
0.017128
0.018453
0.032720
0.026272
0.029620
0.033885
0.033246
0.035566
0.030692
0.035573
0.034245
0.032736
0.033002
0.033362
0.032897
0.025695
0.033658
0.020269
0.032662
0.032906
0.033558
0.020546
0.016714
0.018904
0.016838
0.021186
0.034315
0.034492
0.033232
0.028918
0.034683
0.033739
0.033026
0.032082
0.034418
0.033075
0.018523
0.033502
0.033819
0.034623
0.027341
0.034233
0.025539
0.026154
0.034436
0.034155
0.033207
0.025314
0.017986
0.034965
0.031172
0.032774
0.025532
0.033882
0.015936
0.019758
0.019904
0.022036
0.017334
0.033170
0.031845
0.033407
0.020758
0.018505
0.030181
0.031594
0.016962
0.031770
0.032472
0.034334
0.032499
0.034646
0.032084
0.017515
0.017520
0.019264
0.033672
0.034091
0.017645
0.018480
0.017355
0.020321
0.035176
0.020998
0.032240
0.031888
0.032341
0.033162
0.028137
0.034282
0.026937
0.029211
0.022913
0.032451
0.020213
0.033602
0.034771
0.029103
0.019787
0.016999
0.028579
0.021602
0.033098
0.021487
0.031475
0.033573
0.033375
0.019478
0.032999
0.019509
0.032992
0.020110
0.035264
0.026668
0.016496
0.016717
0.032947
0.032976
0.018470
0.016459
0.033585
0.016792
0.016602
0.017374
0.033367
0.033437
0.033894
0.031845
0.037491
0.020332
0.019490
0.034684
0.033700
0.033512
0.029141
0.017148
0.015787
0.034068
0.017861
0.034575
0.020325
0.018827
0.032447
0.033664
0.032751
0.033257
0.033946
0.029268
0.035817
0.034620
0.017412
0.017761
0.033863
0.027426
0.020910
0.034843
0.033157
0.028886
0.021476
0.021212
0.019674
0.032384
0.032479
0.035757
0.036886
0.027925
0.032099
0.031289
0.033922
0.033588
0.031828
0.032325
0.018677
0.034730
0.033090
0.029436
0.028021
0.034450
0.025247
0.035017
0.018132
0.034344
0.019093
0.035152
0.031598
0.026958
0.033506
0.023569
0.032478
0.032257
0.034197
0.034127
0.028509
0.019994
0.037646
0.033645
0.020240
0.021960
0.035266
0.033130
0.021034
0.017413
0.033619
0.032230
0.034128
0.033948
0.025185
0.019601
0.017237
0.025897
0.036774
0.032233
0.032702
0.032625
0.032552
0.033265
0.021499
0.028556
0.033479
0.032109
0.034504
0.036954
0.036207
0.019367
0.032542
0.019955
0.033636
0.020286
0.032365
0.017292
0.021291
0.030930
0.033577
0.031918
0.016885
0.016645
0.029766
0.033358
0.032218
0.032486
0.032837
0.032277
0.034549
0.020172
0.032777
0.033453
0.017783
0.034173
0.033370
0.018879
0.033142
0.017508
0.034004
0.033249
0.032842
0.019853
0.019363
0.017689
0.016219
0.017015
0.029618
0.032942
0.021604
0.020125
0.020192
0.019840
0.017259
0.033045
0.027582
0.032588
0.017165
0.033355
0.032974
0.033910
0.016708
0.019897
0.020099
0.033422
0.029343
0.017523
0.033433
0.016935
0.026818
0.017325
0.017814
0.027008
0.033773
0.032952
0.028645
0.032420
0.018692
0.028369
0.028512
0.033592
0.033320
0.025356
0.022768
0.017283
0.032958
0.029289
0.021150
0.029202
0.024240
0.034810
0.032814
0.032545
0.020000
0.033031
0.025266
0.035614
0.035624
0.033338
0.035775
0.019989
0.032869
0.033128
0.018854
0.020336
0.017378
0.015940
0.034203
0.024838
0.018960
0.019285
0.033136
0.033598
0.022544
0.032220
0.022752
0.032633
0.019308
0.015505
0.032042
0.032415
0.031755
0.025137
0.035847
0.038723
0.030340
0.028675
0.019473
0.032911
0.036693
0.015687
0.028793
0.031603
0.031534
0.016421
0.032609
0.032436
0.033476
0.033744
0.031975
0.034632
0.035053
0.023391
0.035928
0.032946
0.032283
0.019532
0.034281
0.032184
0.026150
0.030098
0.033239
0.016871
0.017591
0.031554
0.035743
0.016257
0.029192
0.034069
0.032596
0.016911
0.033580
0.032051
0.017427
0.017576
0.016817
0.016269
0.031893
0.018975
0.016094
0.025325
0.034149
0.019431
0.022339
0.033957
0.032757
0.033009
0.037409
0.033184
0.032559
0.019694
0.029387
0.032521
0.020001
0.032749
0.034071
0.032272
0.023617
0.033428
0.023099
0.016614
0.028495
0.028156
0.028349
0.033818
0.036118
0.031617
0.031364
0.035816
0.031685
0.020756
0.016676
0.016517
0.016523
0.021976
0.017546
0.017296
0.018209
0.019286
0.016182
0.039831
0.032437
0.032044
0.023811
0.033921
0.024853
0.034758
0.021924
0.033716
0.032237
0.033959
0.033442
0.017678
0.023892
0.032781
0.032697
0.032868
0.031619
0.019861
0.016615
0.016820
0.018021
0.016900
0.018693
0.020638
0.034406
0.034716
0.032390
0.017843
0.019920
0.016234
0.020799
0.019561
0.017162
0.035052
0.032213
0.034499
0.033075
0.022671
0.027386
0.033247
0.023021
0.018278
0.032037
0.031634
0.031575
0.017459
0.032166
0.032426
0.026202
0.030280
0.026460
0.018943
0.031902
0.030574
0.033970
0.032383
0.023169
0.032448
0.031176
0.037851
0.035002
0.031894
0.032175
0.028486
0.027440
0.030134
0.032898
0.035012
0.033448
0.046331
0.032195
0.034200
0.019578
0.029986
0.032924
0.034162
0.034068
0.029876
0.018475
0.017044
0.017398
0.019975
0.033563
0.017280
0.016172
0.021147
0.032891
0.034623
0.033442
0.035401
0.034886
0.024545
0.021591
0.033311
0.019556
0.029547
0.033441
0.018768
0.017602
0.034833
0.035121
0.033085
0.032366
0.034336
0.026585
0.023180
0.034545
0.033131
0.018802
0.035209
0.032875
0.026589
0.033926
0.023125
0.021317
0.019963
0.032580
0.018847
0.018761
0.020997
0.020567
0.016884
0.020642
0.016834
0.016184
0.018052
0.017256
0.034700
0.030979
0.025314
0.032503
0.033602
0.026967
0.032212
0.032261
0.032671
0.033709
0.021567
0.022174
0.033459
0.025885
0.032683
0.032904
0.032471
0.020219
0.030813
0.033511
0.032342
0.033739
0.027067
0.025934
0.028825
0.033106
0.034435
0.032082
0.037893
0.033420
0.020572
0.018352
0.019186
0.033100
0.016632
0.016644
0.018042
0.019365
0.032738
0.035784
0.033793
0.034809
0.026020
0.030835
0.032081
0.033660
0.034182
0.036759
0.033179
0.032503
0.029691
0.029291
0.032817
0.031502
0.036057
0.032045
0.035275
0.033692
0.019722
0.016555
0.032570
0.032248
0.030203
0.032649
0.031970
0.031337
0.034887
0.022028
0.019952
0.016139
0.016525
0.018063
0.032383
0.032280
0.033526
0.034374
0.020931
0.031486
0.034488
0.017401
0.033064
0.035841
0.033560
0.033199
0.017144
0.032692
0.022102
0.026715
0.032734
0.016370
0.019389
0.017591
0.019196
0.020137
0.016234
0.017937
0.017824
0.017403
0.017494
0.017736
0.030131
0.032452
0.025315
0.034730
0.033660
0.036922
0.033940
0.026586
0.033680
0.017504
0.016408
0.020134
0.020554
0.019731
0.017277
0.018456
0.034632
0.027593
0.023935
0.032344
0.032702
0.032879
0.034786
0.033589
0.033431
0.016073
0.017326
0.018414
0.018506
0.017295
0.033447
0.035683
0.032568
0.033564
0.020500
0.019308
0.016976
0.033929
0.025344
0.017502
0.033363
0.034638
0.026883
0.031707
0.033161
0.019126
0.034145
0.025406
0.033196
0.021047
0.031766
0.032865
0.028160
0.034658
0.028948
0.027583
0.020324
0.033844
0.034679
0.027042
0.035589
0.033315
0.032814
0.033699
0.034207
0.021640
0.033837
0.016011
0.018569
0.019092
0.016917
0.017201
0.020207
0.023131
0.032185
0.033071
0.026287
0.032859
0.016211
0.025425
0.026348
0.033470
0.024157
0.020191
0.031651
0.033187
0.029956
0.031268
0.032060
0.033312
0.034149
0.017237
0.030933
0.035774
0.035756
0.034698
0.034372
0.031922
0.032553
0.031440
0.034580
0.018937
0.020220
0.015952
0.024887
0.033100
0.015838
0.022466
0.016434
0.031433
0.032419
0.032564
0.035083
0.021179
0.037141
0.031535
0.032217
0.018058
0.016796
0.022223
0.031283
0.033237
0.031278
0.034918
0.021588
0.016335
0.031952
0.032781
0.032615
0.032041
0.033026
0.016104
0.016553
0.027801
0.034472
0.033623
0.032805
0.033122
0.032486
0.032603
0.033054
0.018732
0.018686
0.020312
0.033824
0.033378
0.031726
0.033705
0.031555
0.027653
0.033546
0.033756
0.024447
0.033295
0.017057
0.021336
0.019323
0.017804
0.018943
0.016577
0.020390
0.016820
0.028424
0.033096
0.033049
0.034337
0.033930
0.035165
0.035403
0.031856
0.031518
0.033364
0.032605
0.020396
0.016983
0.017734
0.017552
0.018980
0.016208
0.033646
0.022291
0.016824
0.018388
0.019406
0.035665
0.032295
0.033010
0.039565
0.034271
0.016876
0.018129
0.031552
0.033746
0.021401
0.035349
0.032109
0.034379
0.033753
0.025493
0.019447
0.017334
0.017987
0.027182
0.032243
0.033554
0.035739
0.016985
0.015798
0.019106
0.034046
0.038921
0.035775
0.034074
0.033080
0.030725
0.031714
0.033599
0.033267
0.034609
0.032620
0.033037
0.021597
0.031787
0.016790
0.033862
0.033396
0.031518
0.033026
0.033377
0.019515
0.018521
0.015940
0.034163
0.032596
0.029751
0.032978
0.033006
0.034006
0.021333
0.029034
0.033333
0.031898
0.032362
0.033221
0.031642
0.032157
0.030873
0.033832
0.032790
0.025038
0.019413
0.033240
0.031011
0.037298
0.032746
0.016418
0.033574
0.032500
0.017594
0.034060
0.032525
0.034983
0.033691
0.034077
0.026685
0.018202
0.019936
0.018819
0.015976
0.033184
0.033050
0.029793
0.027499
0.025508
0.033657
0.032282
0.032576
0.032826
0.032673
0.026872
0.023364
0.018221
0.019019
0.033210
0.031726
0.032920
0.032809
0.031247
0.033582
0.016377
0.025885
0.032177
0.032874
0.033451
0.034316
0.024541
0.032215
0.017125
0.016050
0.029606
0.025051
0.036503
0.021689
0.016037
0.017406
0.032993
0.033679
0.029444
0.033580
0.035986
0.019187
0.028923
0.034363
0.033158
0.017449
0.035534
0.032885
0.018460
0.018091
0.033945
0.016614
0.026266
0.033952
0.033527
0.017149
0.032881
0.027324
0.023768
0.032056
0.032540
0.033197
0.033026
0.032842
0.018090
0.017770
0.030451
0.032968
0.031957
0.033597
0.032845
0.033598
0.032875
0.021579
0.034429
0.032881
0.018280
0.030357
0.035445
0.036411
0.020585
0.020447
0.032689
0.034207
0.016307
0.033037
0.023601
0.022108
0.033271
0.032498
0.033175
0.032614
0.031033
0.032167
0.024467
0.034284
0.034147
0.032984
0.020517
0.021248
0.030784
0.021319
0.032660
0.034261
0.022986
0.018383
0.023458
0.032861
0.030858
0.032514
0.024500
0.033806
0.025926
0.032255
0.017620
0.033214
0.031507
0.023983
0.034707
0.027766
0.028877
0.019184
0.030411
0.032562
0.032023
0.018321
0.018763
0.017171
0.022454
0.032856
0.035904
0.020385
0.035610
0.037458
0.018885
0.029034
0.027759
0.032557
0.017699
0.033021
0.030164
0.033098
0.032846
0.030529
0.030897
0.018132
0.017304
0.038326
0.024471
0.028827
0.033032
0.033711
0.032645
0.018833
0.033936
0.030916
0.016365
0.017898
0.031795
0.034395
0.034277
0.033483
0.019923
0.017867
0.016469
0.020402
0.032775
0.025646
0.017227
0.020547
0.030006
0.028537
0.033733
0.030758
0.018940
0.016784
0.018291
0.021038
0.034317
0.035830
0.033250
0.018623
0.032678
0.020235
0.017676
0.016662
0.016921
0.017228
0.021236
0.017924
0.033269
0.033581
0.032651
0.035996
0.027907
0.027742
0.033107
0.025954
0.021544
0.033185
0.033768
0.034990
0.033759
0.017540
0.034657
0.019905
0.020384
0.017012
0.033911
0.027447
0.033138
0.034501
0.034785
0.033618
0.028877
0.018619
0.017209
0.016906
0.017076
0.018648
0.034603
0.033871
0.031983
0.037160
0.035089
0.025802
0.019515
0.032673
0.033543
0.034019
0.028475
0.032804
0.033048
0.016946
0.023836
0.024760
0.032891
0.029081
0.033943
0.033912
0.033540
0.033323
0.021142
0.016459
0.020531
0.017565
0.033781
0.036319
0.028306
0.017303
0.017013
0.017771
0.018905
0.020453
0.019025
0.018345
0.016819
0.030840
0.032634
0.022661
0.027809
0.034041
0.034024
0.033009
0.033969
0.032896
0.018449
0.033576
0.032176
0.024566
0.035517
0.028028
0.033730
0.032722
0.033286
0.033644
0.019432
0.017431
0.017408
0.017546
0.034213
0.016975
0.016211
0.017859
0.016031
0.030915
