0.002936
0.021478
0.037720
0.029725
0.022037
0.020085
0.018226
0.020934
0.022147
0.023921
0.019079
0.020437
0.020705
0.021827
0.034725
0.049104
0.034652
0.032395
0.030590
0.025663
0.052267
0.024796
0.028746
0.025247
0.022358
0.048212
0.019934
0.017730
0.020389
0.017359
0.021038
0.017299
0.024441
0.021449
0.017866
0.022387
0.033803
0.019737
0.018929
0.057347
0.084924
0.033644
0.020301
0.036406
0.036798
0.027024
0.042907
0.031285
0.027969
0.046352
0.040031
0.041134
0.022697
0.021855
0.023347
0.020147
0.017737
0.021197
0.030938
0.027279
0.036211
0.020653
0.029514
0.029124
0.025120
0.021377
0.030063
0.057641
0.042000
0.025690
0.022835
0.033159
0.029269
0.021702
0.015955
0.017635
0.036809
0.021232
0.022427
0.019301
0.037201
0.056386
0.024941
0.039148
0.025794
0.039883
0.030931
0.037107
0.049631
0.024401
0.038383
0.023723
0.020926
0.020504
0.020726
0.021721
0.022291
0.021595
0.018547
0.019606
0.021142
0.021714
0.021808
0.017761
0.029852
0.019382
0.017124
0.024944
0.017991
0.018531
0.037791
0.018271
0.017688
0.019744
0.024252
0.023645
0.029346
0.019493
0.023817
0.019531
0.020659
0.029220
0.022352
0.029221
0.018657
0.018056
0.017969
0.018744
0.018364
0.025311
0.019326
0.023380
0.024680
0.022200
0.026257
0.020068
0.025020
0.021653
0.022773
0.020563
0.030269
0.020179
0.030123
0.020030
0.019901
0.022125
0.020492
0.021521
0.018978
0.018666
0.025110
0.018510
0.019802
0.022547
0.020524
0.030869
0.021167
0.020261
0.024767
0.019498
0.024780
0.024531
0.023411
0.024049
0.019516
0.029954
0.023328
0.023766
0.020843
0.021156
0.020558
0.020312
0.020808
0.021410
0.026382
0.025268
0.022668
0.020139
0.031253
0.020879
0.020232
0.028786
0.020736
0.022748
0.022699
0.019163
0.020930
0.026852
0.024838
0.019916
0.031930
0.020861
0.021847
0.024178
0.023960
0.022935
0.020850
0.019041
0.018308
0.023506
0.020689
0.020281
0.017985
0.017004
0.019964
0.018348
0.019981
0.018427
0.017228
0.017804
0.016679
0.018593
0.018351
0.023378
0.016759
0.017447
0.017071
0.017478
0.017347
0.016443
0.017139
0.015463
0.019405
0.018545
0.020937
0.015853
0.017190
0.015523
0.015349
0.016144
0.017101
0.015386
0.016217
0.016873
0.016622
0.019761
0.017944
0.017513
0.016918
0.016317
0.018713
0.016033
0.015684
0.016528
0.017035
0.020134
0.018520
0.016765
0.016158
0.018350
0.020445
0.024670
0.017971
0.016902
0.015990
0.015879
0.019380
0.017472
0.016627
0.016012
0.016865
0.016928
0.020634
0.016660
0.020141
0.018769
0.016214
0.017670
0.018443
0.015891
0.015893
0.016139
0.015584
0.020427
0.015298
0.015404
0.015362
0.015447
0.015831
0.015465
0.016537
0.017840
0.015765
0.016210
0.018188
0.017581
0.018381
0.025706
0.022766
0.020478
0.021317
0.019556
0.018721
0.022899
0.017855
0.019293
0.016431
0.019892
0.018214
0.016998
0.020973
0.016638
0.017387
0.016532
0.017160
0.016591
0.017791
0.016659
0.016436
0.015921
0.016000
0.016752
0.016329
0.017292
0.016545
0.017807
0.020503
0.017261
0.017059
0.016951
0.018232
0.017299
0.018027
0.016276
0.016103
0.016348
0.018861
0.017138
0.020310
0.016935
0.017111
0.016793
0.016618
0.017338
0.017891
0.017073
0.016597
0.017164
0.023395
0.018172
0.018068
0.018839
0.018157
0.017282
0.019858
0.017907
0.017475
0.020126
0.016930
0.019177
0.018183
0.018227
0.017164
0.016649
0.018420
0.017415
0.016686
0.020185
0.029419
