1,366,96,106
20,363,89,112
35,362,88,106
53,359,80,112
68,358,78,109
79,355,81,105
90,355,82,100
101,353,81,102
115,350,73,101
123,348,72,108
131,346,71,100
140,344,67,100
148,343,61,96
155,340,57,107
163,337,56,106
172,338,55,103
184,335,50,94
187,333,52,91
191,333,54,92
193,331,58,93
199,330,56,91
205,328,55,92
216,326,50,95
222,325,47,93
231,323,43,89
237,322,39,86
230,322,47,83
237,319,43,81
230,318,50,83
237,318,46,83
241,316,43,83
231,315,51,84
233,313,50,83
230,313,52,77
233,311,49,80
231,309,51,79
231,309,50,78
230,308,50,77
230,306,50,77
231,305,52,78
230,304,50,76
231,303,50,76
232,302,49,76
233,300,49,75
234,297,48,77
240,297,42,77
237,294,42,78
237,292,44,80
238,291,44,79
241,289,42,79
242,288,43,80
247,286,40,81
249,287,41,81
252,286,40,79
251,285,39,79
254,284,38,78
255,282,37,78
255,281,37,81
255,280,38,79
255,279,38,78
255,277,38,80
255,275,38,81
256,275,38,78
258,274,36,77
257,273,36,79
258,272,35,75
258,271,34,75
256,271,35,75
254,269,35,74
253,269,35,74
252,268,34,71
251,266,33,73
249,265,34,72
248,264,34,74
247,263,34,71
246,263,33,72
245,262,34,72
244,262,34,69
243,259,34,72
242,259,35,70
242,258,34,71
243,257,34,71
244,256,33,70
245,256,33,68
245,254,33,69
245,254,34,70
245,254,33,68
247,252,32,68
248,252,33,67
249,251,33,65
253,250,32,64
254,249,33,65
258,249,33,65
262,248,31,66
264,246,32,67
268,245,31,65
271,245,31,65
274,244,31,66
275,244,32,66
279,243,31,65
281,243,32,65
284,243,33,66
288,241,33,64
293,241,33,62
297,240,35,63
298,239,37,66
301,239,38,69
304,238,36,62
305,238,33,63
308,237,32,61
308,236,33,65
310,236,34,62
308,235,33,67
311,235,32,64
311,234,32,55
311,233,32,53
312,233,31,57
314,232,31,57
315,232,31,56
314,230,32,57
313,230,32,57
313,229,31,54
312,229,31,56
311,228,30,55
310,227,30,56
308,227,29,55
306,227,29,56
306,226,27,58
303,225,28,57
302,225,28,57
300,225,28,56
299,224,28,55
298,222,28,57
297,223,28,56
299,223,27,54
298,223,28,56
299,222,27,54
299,221,27,53
300,221,28,52
302,220,27,53
302,220,28,52
304,219,27,53
305,219,27,55
308,218,27,55
310,218,28,54
310,217,28,53
313,217,27,54
316,216,27,53
317,215,27,55
320,215,27,52
322,215,26,52
324,214,26,50
325,213,26,50
327,213,26,50
328,213,25,49
330,213,26,49
331,213,26,48
333,213,26,45
335,213,28,47
338,212,26,46
339,212,27,46
342,210,26,46
345,210,26,50
348,208,25,48
349,209,25,46
350,208,25,45
350,208,26,44
351,208,26,44
353,208,25,45
353,208,25,43
355,208,25,44
356,207,25,43
357,207,24,45
357,205,24,45
357,205,25,45
358,204,25,44
359,205,25,44
359,203,24,45
360,203,25,45
361,202,25,45
363,202,24,46
363,202,24,46
365,200,25,45
366,201,25,45
368,201,26,44
370,200,26,44
401,194,31,44
399,195,31,45
402,195,29,45
375,197,26,44
376,197,24,45
377,197,25,45
379,197,24,44
380,197,23,42
381,197,24,44
381,197,24,43
382,196,25,43
406,193,33,42
381,195,27,44
384,195,24,43
410,193,30,45
383,195,26,43
384,195,25,42
385,193,23,42
386,194,23,41
385,194,23,42
386,193,23,42
387,193,22,41
388,192,23,42
388,192,23,41
391,192,21,43
391,192,22,41
393,191,22,41
393,191,22,42
395,191,22,40
396,191,22,40
398,190,23,41
399,190,24,38
402,190,24,40
410,189,23,40
