419,129,20,38
418,127,20,43
418,126,19,42
415,127,20,42
416,127,19,40
415,128,20,41
413,127,19,42
412,127,19,42
412,127,18,42
411,127,18,41
410,127,18,41
409,127,19,42
407,128,20,41
408,129,19,40
405,129,20,41
405,128,19,41
404,128,19,40
403,129,18,41
403,129,17,42
402,129,18,42
402,129,18,43
403,128,18,42
402,130,19,41
402,130,19,42
402,129,19,42
401,129,19,41
401,130,18,42
400,130,19,42
400,130,17,42
401,130,19,42
400,130,18,42
400,130,19,42
400,130,19,42
400,130,19,43
400,130,18,43
401,130,18,42
400,131,18,42
399,131,18,42
399,131,18,42
399,131,20,43
397,132,19,42
400,131,19,42
400,131,20,43
400,132,20,42
395,130,20,43
398,132,19,43
394,132,18,42
393,132,18,42
392,132,18,43
391,133,18,43
391,133,17,42
399,132,22,42
389,132,19,43
387,133,18,43
387,133,18,43
398,133,20,42
399,132,20,42
381,132,21,44
383,133,19,45
380,134,22,44
394,133,22,42
381,134,20,43
380,134,20,42
379,134,20,44
378,134,19,43
394,134,20,43
376,134,21,44
376,134,20,43
375,134,20,44
374,135,20,44
373,134,21,44
372,135,20,45
371,135,20,44
385,134,21,44
371,134,19,45
369,135,19,44
369,135,20,44
369,135,19,43
372,136,18,43
368,135,19,45
363,135,21,44
381,136,21,45
379,137,21,44
364,136,18,44
363,136,19,45
362,136,18,44
362,139,18,42
360,137,19,44
359,137,20,45
358,138,20,45
358,137,19,46
357,138,19,45
356,137,20,46
355,138,20,45
355,138,20,45
354,139,20,46
353,140,20,45
352,140,21,45
352,141,20,45
351,140,20,45
350,140,20,46
349,139,19,46
347,139,21,47
347,141,20,47
347,141,20,45
346,141,20,46
345,141,20,47
345,140,20,48
343,140,20,47
341,140,21,48
340,141,21,48
337,141,21,47
335,142,22,48
336,140,21,48
333,141,24,48
332,143,22,47
332,143,20,46
330,144,21,46
329,143,21,47
327,143,21,46
323,143,22,48
324,144,24,46
324,146,21,45
324,144,20,47
324,145,21,47
323,145,21,46
322,145,21,47
323,145,20,48
322,143,21,50
321,145,21,48
321,146,21,48
319,147,22,47
318,144,22,50
320,147,22,49
319,145,21,49
318,146,21,49
317,146,22,49
318,146,21,51
317,147,21,50
317,146,22,51
316,147,22,51
316,148,22,49
316,147,21,51
316,147,21,51
316,148,21,49
316,148,21,49
316,152,21,47
315,151,19,48
313,150,20,47
311,149,22,49
310,149,23,50
311,151,20,49
310,150,20,49
309,151,19,47
309,154,20,45
308,157,20,44
306,154,21,48
308,154,21,48
307,154,21,48
305,156,20,46
306,154,21,49
306,153,23,48
304,156,22,45
317,154,20,45
303,156,21,46
302,161,19,41
301,157,20,45
302,158,19,44
302,155,21,48
301,155,21,47
299,154,24,48
300,155,22,48
300,156,21,47
298,156,23,48
300,156,21,49
300,156,22,49
299,155,22,49
300,156,21,48
299,155,23,48
300,155,22,51
299,155,22,51
300,157,21,49
298,156,23,52
301,155,22,50
300,157,22,50
299,158,23,49
301,158,22,47
299,156,23,51
299,157,23,51
299,157,21,48
299,158,21,46
300,156,22,52
298,158,23,51
298,158,21,51
297,158,22,51
296,157,23,51
296,158,25,52
295,158,23,51
294,158,23,53
294,160,22,48
292,158,23,53
294,158,23,54
292,158,22,53
292,159,21,52
290,158,24,55
291,158,23,55
290,159,22,53
289,160,23,53
288,159,23,54
287,158,23,55
286,159,23,53
285,161,22,53
285,160,23,55
284,159,24,55
284,159,23,56
282,161,24,54
281,160,25,55
279,160,23,56
279,160,23,55
278,161,23,55
278,161,25,56
278,164,25,54
275,162,24,54
276,161,25,55
300,162,25,55
275,162,24,53
273,163,23,55
275,164,24,51
273,164,25,54
274,165,24,52
275,166,24,54
273,166,24,52
273,164,24,54
297,164,26,56
295,164,23,55
294,166,25,54
272,165,25,56
274,166,25,54
272,166,25,56
271,166,26,56
273,165,24,57
272,166,25,56
293,167,28,56
293,167,26,56
289,167,28,57
291,168,26,57
289,168,28,58
264,167,29,58
269,169,25,58
267,168,26,56
268,169,25,57
267,169,24,57
265,170,25,56
265,169,26,57
264,169,24,57
263,170,25,57
262,170,26,59
263,170,25,59
261,171,26,59
261,171,25,60
259,172,26,59
259,171,25,59
257,172,25,58
257,171,28,59
255,172,27,59
255,173,24,58
253,173,26,58
251,172,26,60
251,173,26,60
248,173,27,60
246,173,28,61
247,173,26,60
246,174,27,60
243,174,29,61
244,174,26,61
245,175,28,61
242,174,28,63
242,175,27,61
243,176,26,61
239,176,27,62
239,175,28,62
235,177,29,62
240,176,28,63
236,176,32,64
239,177,28,64
236,177,28,64
239,179,26,62
239,179,26,63
238,178,30,64
237,179,33,64
237,181,29,63
238,181,30,63
241,180,28,65
242,180,28,64
237,182,32,63
239,183,29,64
240,182,30,64
239,183,31,64
243,184,28,65
240,184,32,64
245,183,28,63
245,184,28,64
244,185,28,65
243,185,29,66
245,185,26,66
244,186,28,64
242,186,30,62
245,186,28,61
242,186,29,65
242,186,30,66
244,188,28,65
242,187,29,66
242,188,28,67
241,189,29,66
237,188,33,66
233,188,36,69
238,191,31,68
231,190,36,68
241,191,27,67
239,190,29,69
235,191,33,70
236,191,31,68
238,192,30,68
239,191,28,70
235,192,32,71
238,193,30,70
233,194,33,70
234,193,31,71
234,194,31,71
232,195,32,71
235,196,29,71
235,196,31,70
234,196,31,71
231,197,34,72
235,197,28,72
230,198,33,71
231,197,32,73
232,198,30,73
228,199,33,72
227,199,34,74
231,198,31,75
230,199,32,73
228,201,32,73
228,201,31,74
226,201,32,74
228,201,31,75
226,202,32,74
227,203,33,74
226,203,33,75
226,203,32,75
225,204,33,74
226,204,31,76
225,204,32,75
227,204,33,76
224,205,34,75
226,205,32,76
225,206,33,76
227,206,31,77
225,207,34,76
225,206,32,76
227,208,32,75
224,207,32,76
224,208,32,76
224,208,32,77
223,209,33,76
222,209,35,77
222,209,34,77
222,210,33,77
221,211,33,77
224,211,34,76
220,211,32,78
219,212,34,78
236,214,31,77
242,213,31,77
239,213,33,78
218,214,31,78
214,214,33,78
213,215,34,77
235,216,36,78
210,216,32,79
207,216,33,78
205,218,34,78
234,216,35,80
231,217,38,80
228,219,40,79
199,219,37,80
199,221,44,78
193,221,40,80
196,220,39,80
193,222,43,80
191,224,40,79
189,224,43,80
199,225,43,79
191,224,39,81
196,224,43,82
190,226,37,82
188,224,41,84
227,226,39,83
222,227,43,83
220,228,43,83
222,227,37,83
224,228,36,83
228,230,38,82
227,231,38,82
228,231,39,84
226,229,42,84
186,230,35,85
231,234,36,83
232,234,35,83
231,234,37,84
234,235,35,84
236,237,36,83
237,237,37,85
237,237,39,85
236,236,39,87
186,235,37,86
181,236,42,87
191,237,34,84
185,238,38,84
191,239,35,85
190,238,37,87
190,238,37,87
195,238,36,88
186,241,42,86
192,240,38,88
188,239,43,90
185,239,45,89
191,241,40,88
195,241,37,89
194,243,39,89
199,243,37,90
199,244,36,90
202,245,37,89
203,246,36,89
202,248,39,88
201,247,40,90
204,248,37,90
201,250,41,89
205,249,39,92
205,249,39,93
205,250,39,94
205,251,39,92
207,253,38,89
209,253,37,93
208,252,39,95
209,253,41,96
209,256,42,94
210,257,39,95
212,255,38,99
211,256,39,99
211,257,39,97
212,259,37,95
211,259,36,93
213,259,38,96
211,258,41,99
213,260,42,100
212,263,43,100
216,261,42,103
213,261,45,102
217,261,40,98
216,263,38,95
219,263,37,100
219,265,39,99
221,266,40,100
221,265,42,105
220,267,40,101
220,267,41,105
219,267,44,107
219,268,42,108
220,269,42,107
222,271,39,104
216,272,45,103
220,272,40,106
220,273,40,107
220,275,39,105
222,276,38,106
220,278,39,104
220,278,40,108
220,279,38,100
222,281,36,104
221,282,38,107
217,283,40,106
218,284,38,106
218,287,37,95
214,287,39,107
210,286,43,107
207,286,40,107
205,287,42,114
195,289,46,110
198,289,43,110
193,290,42,109
184,291,48,107
180,292,50,114
174,295,52,112
179,294,44,112
173,294,45,114
162,296,55,120
153,298,58,112
148,299,58,116
146,299,54,106
143,299,54,103
149,301,43,111
139,303,48,114
123,301,57,110
112,301,63,114
109,304,58,108
99,308,67,113
97,304,62,121
92,305,54,120
84,305,50,117
76,308,55,115
71,309,57,115
63,308,50,118
55,309,53,117
46,310,53,118
35,311,60,123
71,317,61,104
89,314,67,118
103,314,93,119
121,315,88,113
172,313,59,95
207,319,60,114
199,321,66,116
186,321,71,112
187,317,48,115
175,316,53,119
157,322,69,115
145,321,74,113
146,305,59,120
143,312,47,117
123,325,63,85
115,323,45,90
106,324,44,81
100,319,43,88
95,317,44,78
82,321,49,118
121,326,61,108
136,331,72,110
151,330,55,112
169,338,58,106
191,321,64,120
222,324,54,101
230,325,53,115
229,319,50,124
224,321,47,122
202,323,59,120
193,318,59,125
192,328,52,115
175,318,52,129
178,333,49,111
155,334,56,110
156,334,47,104
157,333,36,100
156,333,32,94
155,331,40,102
186,329,39,91
201,321,49,114
224,315,53,115
239,319,50,113
263,318,52,110
306,317,55,109
349,312,44,101
380,314,43,108
401,309,41,117
389,310,46,113
385,307,38,116
374,307,43,114
368,306,43,115
362,306,42,113
354,305,44,113
348,301,40,113
341,303,45,109
332,305,48,108
327,302,47,110
321,302,43,98
311,299,48,118
309,298,42,113
301,299,45,110
295,298,45,113
294,299,40,108
286,301,41,106
279,299,43,107
274,294,47,113
267,293,45,111
263,295,43,110
255,297,45,106
251,297,43,106
251,293,43,106
241,288,42,109
236,290,42,108
233,293,40,103
225,298,44,98
221,293,42,90
212,293,43,93
207,295,44,99
206,291,39,102
198,292,40,98
192,283,41,102
191,284,40,103
187,286,39,101
182,285,41,103
177,285,42,102
173,289,40,93
167,283,41,102
164,286,39,98
161,286,37,98
155,281,38,101
148,282,40,99
142,280,43,101
142,280,41,101
137,280,43,100
134,278,40,100
128,275,40,101
