50,217,298,295
60,211,302,298
48,210,325,297
73,210,311,311
59,210,327,305
66,205,330,314
69,202,307,307
66,209,326,311
63,208,325,310
73,209,316,304
73,209,312,302
76,210,309,298
78,209,304,293
90,210,295,289
84,212,296,306
85,202,301,297
91,203,289,316
100,196,293,305
109,202,280,309
111,197,276,306
140,190,240,316
146,194,236,311
151,184,227,318
474,158,205,339
132,181,208,323
119,203,243,305
92,198,265,301
75,200,295,300
68,196,335,307
66,191,331,315
69,195,349,314
61,199,342,310
78,200,357,314
70,185,313,326
64,190,353,315
72,204,362,307
70,186,329,322
75,195,351,312
64,197,352,308
60,209,370,302
51,196,341,308
27,194,363,311
22,172,350,329
18,193,359,322
18,176,341,343
459,183,323,323
460,182,330,312
453,183,330,297
441,169,323,295
5,184,294,315
5,185,308,309
8,197,327,296
35,210,324,271
29,213,338,279
41,204,324,274
64,204,301,283
76,199,298,285
82,198,295,295
83,201,300,299
95,195,291,314
102,196,279,306
108,190,290,325
113,191,293,315
129,184,297,311
133,181,293,317
163,165,276,330
187,167,307,327
216,165,250,322
238,161,254,324
256,166,223,322
409,197,208,320
426,172,170,309
258,182,238,295
190,176,317,302
159,172,322,302
426,186,226,312
157,186,300,283
130,181,313,297
111,190,318,288
103,194,338,285
109,197,325,283
136,195,308,286
154,195,271,286
184,188,258,287
217,181,233,296
239,181,233,292
255,184,379,285
275,179,382,288
266,193,350,256
243,194,370,245
232,192,369,238
230,183,316,234
228,175,277,230
241,162,272,241
251,159,278,222
253,171,318,204
255,171,329,197
260,172,325,226
265,176,318,253
267,172,305,245
262,180,276,246
266,186,242,249
268,178,240,258
274,188,237,256
273,183,224,261
272,186,222,265
272,196,242,261
267,204,261,253
268,212,301,245
249,205,381,252
362,201,299,263
159,192,290,247
448,220,315,235
480,223,327,238
505,218,360,236
537,205,365,253
560,175,360,253
587,169,348,246
621,172,318,217
631,178,304,202
516,168,378,210
623,179,320,202
600,205,339,206
609,185,318,198
543,183,364,219
553,188,358,189
585,189,302,186
562,197,312,195
570,212,293,181
537,185,265,212
529,195,265,214
521,194,224,216
512,171,218,241
503,171,234,234
487,166,276,241
483,168,293,232
470,177,307,236
443,187,313,193
420,189,319,273
389,180,320,268
357,184,319,281
355,191,315,275
323,191,357,276
277,190,281,265
538,209,182,264
547,208,204,267
556,213,229,257
570,196,247,276
584,224,251,247
575,215,254,246
574,209,254,261
583,179,236,262
571,182,242,230
507,183,295,241
508,173,271,231
477,186,290,207
445,188,290,193
400,197,294,207
329,194,306,201
201,196,392,233
219,185,343,252
234,194,298,249
214,201,291,226
188,199,327,203
155,193,367,184
133,188,380,190
126,186,406,212
127,188,303,222
117,195,312,220
126,198,279,236
153,212,259,238
302,215,313,218
272,209,355,209
281,189,318,213
291,195,339,211
285,156,267,237
224,35,358,261
189,37,385,280
395,80,262,416
183,35,429,334
375,53,290,313
53,178,259,258
6,199,243,229
0,211,182,214
0,195,153,215
0,186,94,194
1,187,75,164
1,183,83,160
0,178,102,160
0,182,120,160
3,184,144,149
6,184,183,165
11,195,219,162
8,208,278,166
27,218,310,173
86,225,293,191
141,227,295,197
209,233,284,207
262,225,396,187
276,29,317,334
277,43,291,335
335,42,224,479
275,24,292,515
281,37,325,411
238,116,340,251
297,32,324,340
253,41,363,332
288,143,368,238
302,189,371,196
305,190,361,174
311,174,345,200
345,185,299,200
383,197,264,182
364,193,309,191
363,200,308,202
363,195,328,203
342,202,335,187
547,190,169,193
567,219,159,161
566,236,166,151
555,240,180,153
533,248,204,157
509,243,223,166
484,249,237,166
461,248,226,169
444,246,199,168
440,251,186,166
429,234,196,178
288,25,218,210
197,204,180,164
227,205,175,143
250,201,176,141
275,201,165,142
309,184,146,149
318,193,141,146
315,203,144,140
322,198,156,147
329,200,156,159
331,204,160,160
329,205,168,156
339,200,165,157
343,204,157,168
351,203,151,168
344,200,156,173
342,210,158,164
337,207,167,158
348,203,168,165
354,202,171,166
354,197,176,164
358,200,179,163
358,198,186,170
366,195,185,178
375,197,182,173
375,195,187,162
378,202,194,162
367,210,244,173
366,214,223,152
363,212,250,157
369,205,246,163
365,201,233,160
359,201,239,156
349,207,242,146
485,302,168,182
465,299,183,185
487,293,170,189
490,181,178,159
507,191,174,152
517,204,181,145
557,207,163,150
578,196,161,153
582,205,160,133
593,209,150,123
592,216,152,123
599,225,133,118
593,228,141,120
597,237,142,108
587,237,146,112
567,233,151,119
550,233,153,125
540,241,148,128
527,242,144,136
512,237,137,131
501,229,133,139
472,223,154,145
455,214,165,158
449,201,166,169
411,190,173,149
373,148,190,125
338,175,164,103
395,170,124,152
344,187,164,93
395,190,127,133
411,181,118,139
413,191,126,131
416,186,132,134
423,185,134,141
433,197,135,129
447,185,129,142
451,186,132,140
453,201,132,126
465,192,126,131
470,159,118,165
454,151,159,159
432,148,199,160
466,163,180,144
469,161,183,150
484,168,168,138
498,179,155,122
516,185,144,116
529,202,135,106
527,211,137,101
521,214,133,102
497,215,150,104
491,212,148,112
475,215,149,117
467,210,146,122
465,212,129,117
464,220,112,109
451,224,127,108
433,220,150,106
405,205,180,111
416,194,194,119
367,200,241,112
415,195,209,119
447,174,177,105
470,190,163,93
493,188,154,97
503,185,142,110
508,214,139,92
519,216,121,95
521,195,126,111
502,228,149,91
504,218,157,109
476,223,171,118
480,222,172,100
480,214,199,92
463,211,201,99
441,215,204,107
446,200,195,107
420,223,201,103
425,228,179,103
431,219,149,104
432,212,141,126
415,214,148,142
305,221,129,120
302,221,127,118
302,220,128,108
304,220,142,105
310,221,156,115
312,219,155,113
326,213,179,120
330,213,208,122
351,216,229,117
335,220,206,105
322,215,157,111
313,196,131,134
302,137,130,188
311,173,131,159
302,163,142,165
312,174,153,167
543,242,137,129
562,247,143,96
573,246,141,96
578,252,133,85
573,249,121,84
564,252,118,82
570,250,97,84
564,252,91,91
465,115,143,135
459,80,159,205
458,48,163,273
456,24,175,418
447,26,194,435
444,26,205,437
444,25,185,439
448,28,180,437
446,29,178,437
449,30,177,438
443,30,183,440
434,29,187,439
413,30,215,435
438,30,195,433
415,33,216,436
404,30,223,433
390,32,252,430
385,33,270,433
378,34,283,425
376,36,288,421
375,36,293,422
360,34,308,428
353,41,310,409
335,45,301,410
311,62,339,370
347,45,303,403
349,47,264,420
349,55,289,407
342,45,248,414
350,147,319,287
351,50,294,396
341,49,292,418
321,56,292,390
315,47,339,403
307,44,312,390
276,51,320,390
278,51,319,390
261,61,324,375
264,56,258,391
250,53,285,402
237,53,299,404
231,54,305,400
227,55,310,399
230,53,308,395
233,51,310,395
255,47,299,406
267,54,265,405
296,60,235,396
328,52,205,405
320,49,210,417
307,45,224,420
293,79,335,370
336,226,338,200
336,231,292,179
301,98,230,314
451,239,197,187
387,237,209,116
394,243,172,99
401,241,151,100
409,243,145,91
416,242,136,89
421,245,120,93
426,244,113,98
429,242,106,93
429,241,108,107
424,242,110,108
417,239,118,102
402,233,130,111
310,207,175,94
310,113,150,95
378,221,121,108
382,213,107,109
381,221,103,105
380,224,112,104
381,223,110,105
372,222,115,101
378,211,112,111
371,218,108,92
371,217,107,96
371,219,100,98
377,224,103,95
372,226,105,87
370,225,109,86
381,232,107,91
377,232,107,75
379,239,116,81
378,232,112,78
396,229,107,79
392,226,104,90
384,216,112,81
406,228,92,92
409,223,90,89
410,220,90,96
414,216,86,91
413,227,92,97
410,220,96,92
410,224,95,89
409,224,102,87
409,229,106,88
395,232,123,83
311,113,153,99
337,95,167,134
370,82,164,237
317,65,240,379
355,66,288,381
302,73,297,354
310,64,309,379
329,164,247,271
412,192,219,249
366,239,238,209
346,186,178,260
304,75,170,366
297,64,242,387
362,218,308,220
272,58,241,390
393,219,265,228
345,203,208,239
224,149,258,163
218,163,202,168
212,177,141,152
202,231,132,94
200,246,113,78
201,252,119,79
200,253,119,87
203,256,118,92
206,257,120,95
212,258,121,100
214,259,121,102
217,261,120,103
222,258,117,101
223,259,123,105
231,256,119,103
245,255,110,100
246,252,106,99
290,221,135,128
404,233,115,91
409,229,108,90
409,229,108,91
408,236,114,91
410,238,110,90
406,238,110,88
402,238,106,90
398,238,112,94
392,240,112,100
290,175,103,104
377,252,107,90
352,242,126,95
357,241,113,98
338,230,123,103
340,222,131,93
371,220,104,96
366,226,103,87
365,222,103,91
367,220,99,91
378,218,99,92
376,209,109,102
386,217,105,98
396,213,115,100
402,223,124,98
414,219,123,101
426,213,113,98
427,216,116,94
430,215,117,94
436,218,114,88
438,214,108,98
438,218,111,97
433,213,108,97
445,209,112,96
445,206,109,105
449,206,115,104
449,203,118,105
450,199,119,105
447,204,124,103
454,197,117,104
454,204,119,99
456,200,115,99
449,184,123,109
434,164,145,123
425,155,158,127
408,128,182,147
384,114,201,162
386,110,212,156
333,96,256,182
377,62,197,385
384,53,203,394
385,56,214,388
365,59,240,385
374,62,199,382
378,61,196,389
373,66,187,387
376,63,180,388
372,62,178,388
368,64,175,386
363,66,177,383
360,67,177,383
358,67,179,381
352,69,180,380
361,73,177,377
348,70,176,381
357,75,195,374
343,71,179,379
362,129,191,325
338,72,177,368
349,80,182,365
308,80,220,372
353,83,214,350
337,75,188,368
351,76,178,369
300,62,216,364
311,78,222,365
329,73,198,360
334,75,222,369
304,70,225,365
321,78,228,358
327,75,215,371
330,71,199,376
317,70,223,369
347,76,195,368
354,73,200,369
367,70,177,379
377,67,179,378
373,79,214,350
370,72,185,379
378,72,194,377
370,70,218,381
389,73,192,373
382,91,196,354
341,85,234,363
366,71,211,367
395,74,189,364
375,101,225,348
320,77,267,361
390,72,211,359
376,83,240,359
351,80,230,352
385,75,218,368
362,83,217,347
362,79,249,349
373,69,262,383
372,76,235,349
364,70,252,369
390,75,214,354
363,73,249,356
394,74,232,364
377,72,204,363
380,73,228,356
344,72,256,342
372,74,207,362
385,71,208,350
314,73,260,338
365,76,214,349
381,79,195,355
373,76,196,346
374,76,188,352
372,76,190,360
374,76,186,353
377,79,182,353
383,80,181,340
375,85,178,343
377,79,168,357
372,82,170,355
374,81,168,359
371,83,168,353
371,82,168,349
367,83,174,352
363,87,175,342
362,84,170,336
350,84,189,353
335,85,196,344
350,86,195,354
418,225,243,204
319,88,210,351
351,93,187,331
315,95,212,342
361,92,173,338
356,84,165,358
358,87,164,345
347,85,173,353
363,86,161,344
345,84,177,354
364,88,159,340
350,84,171,356
363,84,166,324
360,83,171,348
358,84,176,339
354,84,186,341
366,85,177,343
372,87,165,334
374,85,168,346
373,82,170,344
374,83,170,346
382,80,167,351
372,86,177,347
384,82,164,351
375,83,179,351
388,84,168,347
383,86,178,347
379,88,189,336
386,81,201,336
356,106,258,327
321,78,255,350
321,66,276,348
347,83,263,337
352,80,240,337
352,80,255,337
368,85,247,338
343,85,257,337
339,80,254,337
310,89,290,332
337,69,256,350
341,92,256,328
364,84,217,333
371,84,206,338
366,83,212,340
398,88,178,334
318,78,252,336
364,88,215,336
404,92,168,335
325,87,239,339
326,87,241,333
341,85,227,331
389,87,172,339
393,89,163,340
370,88,186,341
394,88,164,339
372,89,179,342
388,89,168,339
370,92,173,341
382,91,168,336
374,91,167,341
383,87,162,340
374,91,168,341
380,89,160,338
380,89,152,340
359,92,167,338
373,92,160,337
387,89,148,336
352,99,176,329
366,93,168,335
356,94,175,334
366,98,173,334
328,99,202,331
360,97,178,331
327,97,206,335
364,108,179,318
311,110,218,320
332,96,200,341
354,102,185,322
316,114,228,320
351,102,186,331
315,107,224,333
362,103,176,333
343,125,189,314
354,95,181,336
355,96,175,338
377,97,161,332
344,88,182,344
360,100,176,332
329,99,198,333
323,91,212,331
354,82,190,347
357,82,171,349
343,97,191,338
319,81,219,166
370,91,151,149
367,94,152,129
377,97,139,132
382,100,135,143
384,97,140,237
358,88,183,314
385,88,158,341
380,91,162,337
390,87,155,340
383,90,159,340
393,85,155,344
385,88,161,342
391,85,158,345
384,91,166,341
391,87,163,343
384,93,169,340
389,88,172,345
382,93,182,339
380,91,185,336
376,89,192,337
369,86,199,333
383,88,183,326
388,85,178,345
371,84,204,341
388,82,191,338
382,91,184,331
367,84,205,334
377,86,188,330
370,86,198,337
384,86,191,336
385,88,190,336
388,87,196,335
368,88,212,332
389,84,194,337
344,86,236,335
346,80,234,346
353,83,221,341
374,83,201,344
385,87,188,336
370,87,199,338
388,86,187,338
369,87,205,334
372,90,194,331
385,92,184,332
362,91,209,334
372,95,190,325
392,94,173,332
382,93,178,329
393,94,174,331
384,95,170,326
389,95,173,330
384,97,173,325
384,97,174,325
383,98,169,328
387,96,160,326
384,96,163,328
390,95,155,330
388,94,153,333
388,93,155,332
387,95,156,331
385,94,157,332
387,96,157,330
385,94,155,332
386,96,154,327
383,96,157,326
384,97,157,326
385,98,154,322
386,101,157,319
380,99,164,321
387,99,166,327
377,103,173,314
380,98,183,323
376,104,184,309
389,102,181,319
380,103,186,315
382,104,193,313
386,103,189,314
391,104,184,315
391,102,189,318
385,107,199,311
382,109,206,306
362,102,222,313
386,98,186,320
379,103,204,312
379,103,197,312
378,102,202,315
384,101,192,316
396,100,185,318
346,100,238,316
367,99,218,317
372,98,213,318
382,100,202,317
375,98,224,316
392,99,208,317
332,102,303,315
410,96,188,323
349,106,249,320
362,100,226,319
393,101,197,316
353,106,259,309
392,103,212,313
338,116,280,301
382,99,210,320
375,108,223,307
382,109,223,307
371,111,246,306
375,110,225,309
368,113,248,303
367,112,243,304
358,109,264,304
372,107,220,310
370,109,214,306
387,108,192,310
371,109,209,304
383,108,183,307
352,112,228,304
346,107,236,307
346,105,218,307
376,107,190,311
348,105,217,299
377,106,180,311
370,111,181,305
328,95,219,304
288,39,312,202
343,113,272,305
365,112,219,291
339,104,205,297
294,60,271,188
289,84,261,165
372,116,169,310
347,100,190,297
318,99,238,304
297,30,309,193
348,105,198,301
361,109,182,305
358,107,173,301
343,103,191,319
360,112,186,299
347,53,177,306
325,95,206,144
351,94,153,136
357,94,147,142
362,106,148,122
367,115,145,121
370,111,151,119
375,117,148,124
367,117,165,112
361,117,177,121
352,115,192,107
371,120,178,179
351,125,212,115
318,119,253,128
323,112,269,118
326,112,269,102
342,119,230,128
386,116,162,297
317,111,275,173
330,113,233,294
349,119,230,291
329,111,241,287
328,110,217,303
331,131,302,268
349,113,224,295
324,114,230,302
312,120,249,286
339,123,211,285
309,115,240,298
330,115,219,301
321,110,229,292
299,95,292,179
377,111,174,305
377,110,171,304
381,110,166,310
373,113,173,299
375,110,167,309
373,112,168,305
376,113,166,301
379,110,161,314
380,114,160,300
382,110,158,315
379,110,160,307
379,109,161,314
376,112,163,304
380,109,158,316
375,115,164,299
380,113,160,306
380,112,159,308
375,115,160,297
384,112,153,308
382,112,150,308
384,112,152,309
390,111,145,311
391,111,143,308
392,112,141,309
389,111,143,307
390,111,144,309
392,111,140,308
391,112,142,310
391,111,141,308
394,111,140,311
391,110,141,309
391,111,143,311
346,107,181,304
324,106,211,312
317,115,226,289
317,90,263,293
305,111,246,279
309,86,321,217
328,102,264,290
338,92,240,312
342,94,230,321
344,96,227,320
351,99,217,319
371,100,197,320
364,102,205,308
388,105,181,314
365,113,215,303
378,109,187,311
390,112,192,305
376,103,219,312
368,109,252,302
349,107,272,306
354,100,251,313
360,92,233,323
381,88,214,327
328,87,265,314
307,100,261,318
326,91,249,329
347,88,222,330
370,93,199,328
388,95,184,322
358,84,237,299
368,94,210,324
351,101,224,314
344,103,230,315
369,102,217,316
338,97,256,303
335,101,256,314
337,94,262,319
368,92,222,323
372,97,246,318
336,101,295,313
349,100,267,316
371,96,224,322
317,102,285,310
361,91,217,323
361,98,194,313
384,95,171,322
367,99,171,323
338,88,197,328
303,63,318,155
328,92,210,341
313,85,269,323
324,90,241,330
343,92,238,329
324,89,261,352
324,96,214,336
352,100,219,294
371,98,156,315
318,94,219,301
346,99,241,313
309,107,277,297
367,97,204,326
328,107,263,290
303,102,283,301
322,91,288,279
236,96,363,182
337,104,212,290
363,92,178,342
355,105,190,326
335,104,239,343
352,93,192,342
360,92,178,354
343,101,198,346
380,96,163,340
375,134,168,294
368,105,167,322
380,93,175,330
323,57,237,320
319,83,272,162
311,87,261,120
352,92,232,136
334,92,253,130
327,98,252,135
341,95,217,318
368,84,203,348
389,82,195,341
381,82,203,341
378,81,201,338
373,81,205,342
350,82,247,332
389,81,198,340
271,47,320,339
283,49,383,349
325,85,312,340
345,82,241,345
381,84,184,343
387,73,203,352
385,90,202,336
395,81,195,350
384,79,195,351
388,82,196,351
379,88,213,348
376,73,220,352
376,81,224,349
379,78,202,358
376,75,209,363
369,76,216,360
364,76,227,363
353,77,237,365
367,101,216,342
320,35,267,364
332,67,252,197
307,72,290,157
308,79,290,360
329,59,291,368
268,37,373,216
280,70,360,200
279,79,350,168
299,78,258,372
281,79,278,357
341,85,217,336
328,92,216,335
346,78,191,355
333,78,202,356
337,80,193,352
333,76,193,361
350,77,177,360
351,116,183,316
346,78,174,369
359,122,172,316
332,78,209,364
318,70,231,368
317,69,237,350
328,79,221,345
303,66,247,344
350,75,215,359
316,79,255,354
310,78,237,325
341,77,203,352
327,74,219,363
358,79,217,358
319,78,276,368
360,77,183,354
369,71,182,375
370,75,186,366
373,72,180,367
378,74,174,356
384,75,166,367
383,71,162,371
388,71,158,375
371,76,176,372
390,75,167,362
395,72,166,373
390,75,185,377
385,75,171,366
396,71,164,378
396,71,166,376
396,70,165,376
397,69,165,380
391,71,171,374
388,77,178,362
387,76,179,366
374,80,200,366
393,71,185,369
347,68,232,379
392,72,177,375
343,73,270,375
382,76,192,361
384,71,225,380
342,75,244,359
389,72,181,379
373,79,252,366
369,68,207,364
390,66,168,380
390,67,225,387
375,66,211,371
375,66,206,378
371,65,199,382
342,64,262,380
308,76,266,368
375,69,189,365
373,64,204,387
360,67,253,379
358,75,243,359
360,70,256,382
362,70,237,364
363,82,266,371
348,93,261,346
353,79,203,359
462,145,184,287
358,130,273,315
360,74,284,363
361,111,270,326
363,119,276,313
357,69,269,361
349,81,253,352
371,98,256,323
341,70,262,367
345,89,266,339
369,100,267,313
346,88,289,336
339,81,271,238
347,76,273,230
354,101,266,311
349,89,255,260
343,83,274,231
340,75,272,234
350,74,247,236
346,101,260,201
344,120,257,181
327,147,271,188
350,134,257,206
343,116,234,242
345,119,227,240
352,131,226,251
352,111,211,204
332,99,234,293
336,84,227,346
350,98,270,337
343,80,224,300
345,73,222,352
349,80,249,347
422,190,235,258
343,72,244,346
351,87,251,350
335,87,235,253
472,257,180,184
446,242,170,185
351,136,228,184
295,128,283,213
294,68,272,371
336,65,224,367
413,189,225,250
353,114,232,277
380,154,239,235
330,82,237,309
335,73,252,359
447,217,207,231
349,86,225,232
349,88,216,239
347,76,211,316
341,73,228,337
339,71,242,346
343,67,197,375
344,73,218,370
331,76,279,356
332,69,232,370
336,82,269,353
325,77,225,356
398,227,261,213
341,134,211,297
393,124,145,316
311,124,214,319
308,126,230,312
318,153,213,291
304,102,229,334
312,65,216,370
335,63,183,383
333,92,186,351
309,78,200,362
331,69,211,370
316,72,223,373
330,95,243,356
293,107,238,330
425,243,235,203
276,130,179,226
308,110,223,319
344,77,230,376
366,72,250,353
357,77,254,373
351,65,191,382
366,79,246,372
346,67,205,374
354,56,212,398
371,62,214,374
363,67,246,372
349,64,218,385
373,59,190,393
374,58,211,392
368,61,196,390
364,57,211,393
377,58,201,391
374,58,215,391
368,62,207,391
375,56,218,392
370,67,210,382
380,56,218,392
368,69,202,383
451,67,168,283
401,97,200,340
400,76,195,364
381,70,215,372
342,76,279,345
380,66,224,375
327,69,321,386
301,67,271,363
365,61,221,379
399,59,185,371
352,60,211,387
383,58,189,389
397,67,174,365
367,67,201,372
392,61,174,387
338,37,224,361
362,58,199,387
373,61,181,393
374,56,184,393
379,65,182,383
375,62,179,387
376,62,173,387
378,59,167,395
376,60,170,394
374,65,173,381
366,65,194,386
364,64,168,383
357,55,174,400
352,165,163,284
352,57,176,390
340,197,160,253
301,133,191,185
332,73,196,358
334,51,179,396
337,52,173,395
324,54,186,400
325,53,178,395
313,56,186,392
309,58,191,386
308,55,188,392
308,55,189,393
309,53,186,400
310,52,183,404
310,51,183,407
310,52,185,408
310,50,186,406
308,52,186,409
307,51,193,406
306,52,191,407
305,51,194,404
304,50,194,409
313,57,204,391
310,49,195,404
309,50,192,405
318,47,188,409
317,55,203,386
336,132,195,311
310,57,214,399
339,43,183,407
333,41,182,410
339,40,181,413
336,39,185,417
333,39,190,417
343,40,178,416
353,39,176,418
317,50,219,396
362,111,176,352
361,44,186,283
366,44,176,409
356,43,192,260
368,58,199,383
368,38,186,417
364,35,189,415
362,41,198,401
355,40,199,417
321,41,235,419
368,42,197,410
357,36,208,424
349,40,236,419
323,41,308,418
303,49,274,404
351,51,215,409
294,46,310,402
328,44,297,405
314,50,329,407
294,51,342,402
346,40,270,410
302,46,332,403
333,46,241,403
360,49,251,410
351,71,279,363
355,49,259,396
369,54,270,391
371,44,207,401
362,39,216,408
371,40,175,420
374,39,165,418
372,42,179,418
375,38,171,419
372,42,176,407
373,42,180,402
378,38,184,423
383,37,176,424
380,39,176,422
385,40,170,422
379,41,171,422
380,41,162,419
374,42,171,416
375,40,168,421
374,41,170,416
372,42,172,414
368,51,179,391
363,51,192,391
354,48,202,396
317,49,249,256
300,80,247,226
321,126,210,311
323,52,224,402
341,62,212,383
318,38,258,382
326,49,208,412
341,116,234,338
321,55,201,396
339,183,311,258
332,47,192,403
333,133,193,320
313,78,198,360
320,57,194,388
313,48,206,399
303,83,236,366
299,50,206,409
303,181,341,262
308,65,262,383
283,73,227,371
286,184,371,276
287,62,217,394
275,167,372,292
293,52,220,413
278,54,225,398
261,56,243,396
245,65,254,369
224,82,275,333
201,73,303,339
199,64,313,361
192,56,314,378
190,54,316,401
192,53,309,508
207,54,303,405
207,57,306,374
259,85,363,306
273,194,374,220
347,95,237,223
454,244,168,187
450,229,126,99
446,247,117,81
432,250,118,78
416,257,116,72
394,254,121,75
377,247,111,80
344,245,117,85
308,238,124,94
315,230,90,115
314,213,75,114
308,200,78,122
302,196,86,121
298,191,89,126
297,182,99,132
305,179,107,130
295,180,134,128
296,180,159,117
274,211,98,98
270,235,89,71
263,236,83,59
257,233,78,58
252,232,76,58
246,231,78,61
245,227,75,65
246,223,76,68
244,220,76,68
239,219,81,64
240,216,84,60
244,212,89,57
254,209,92,57
270,205,86,59
281,203,91,61
315,201,76,73
352,205,57,67
353,221,67,55
353,223,74,57
345,220,82,61
340,220,85,62
337,222,82,61
330,224,75,56
320,224,89,57
284,219,101,43
269,223,77,43
244,228,83,44
220,226,93,47
195,233,80,46
168,240,85,45
148,244,85,46
136,242,86,51
128,245,84,53
124,245,83,56
120,244,81,59
121,245,77,60
122,247,77,57
129,247,83,57
135,247,88,59
145,246,97,62
165,246,98,63
185,243,92,66
207,240,96,67
234,237,100,64
261,232,102,60
294,228,95,58
329,223,76,52
353,217,68,49
363,211,76,48
360,204,79,50
357,201,88,51
352,202,94,51
338,206,98,58
330,211,99,63
307,212,103,62
286,220,98,58
276,228,84,55
258,237,83,50
227,244,81,50
203,253,94,52
197,255,100,57
199,257,93,62
206,261,94,64
219,263,86,64
229,264,86,66
240,265,81,67
254,262,76,68
270,262,68,66
280,262,64,62
289,258,61,55
286,257,64,52
278,258,70,56
270,256,65,63
262,254,67,66
254,254,70,66
246,251,72,71
237,248,71,74
228,244,78,74
221,238,90,76
221,233,99,78
223,229,113,79
231,224,128,79
245,220,120,85
267,221,120,78
285,219,126,76
324,221,111,78
373,221,87,81
398,223,97,73
432,217,91,78
463,220,96,72
502,217,99,75
526,209,112,78
540,211,119,81
547,216,129,81
555,220,130,78
558,224,128,75
559,231,123,75
559,231,94,73
567,233,92,76
574,236,66,77
580,239,55,71
585,244,56,68
584,244,61,67
582,242,61,72
568,245,72,74
546,239,84,78
525,235,93,84
499,224,86,85
480,223,101,78
425,224,107,83
409,210,89,93
362,226,109,87
355,184,100,129
341,177,117,141
341,175,127,148
323,177,154,156
314,183,152,156
312,204,155,134
317,220,145,107
338,227,130,90
366,225,113,85
374,226,110,76
391,224,104,73
407,229,94,73
412,234,89,67
417,245,91,62
416,248,88,62
407,250,85,66
397,263,83,61
385,260,71,67
367,263,68,67
353,261,76,59
344,255,89,65
348,248,94,62
366,241,91,63
373,233,102,63
390,225,101,62
421,223,77,59
429,223,68,64
442,228,54,66
457,229,39,63
452,227,47,70
434,231,55,46
402,230,82,42
385,223,91,44
376,226,82,48
363,232,76,44
341,235,81,53
311,244,98,45
289,255,98,42
286,258,103,46
288,255,115,50
301,257,109,49
324,249,107,50
354,249,84,58
373,251,76,74
380,249,82,77
400,240,109,77
439,215,118,85
477,212,96,64
499,221,94,66
532,231,83,61
560,242,76,56
576,243,78,56
584,242,80,59
590,241,79,60
591,239,78,62
587,243,74,60
580,246,73,60
570,246,72,63
561,244,71,64
555,246,70,65
556,244,67,63
559,242,70,68
571,238,63,68
577,240,63,57
583,238,68,56
590,240,68,53
593,238,68,59
592,237,72,59
584,238,81,63
574,240,83,61
562,244,76,62
548,250,74,74
533,248,75,63
520,250,74,59
501,253,80,59
478,251,90,61
454,250,104,62
464,244,85,63
460,242,79,63
449,239,83,66
439,237,90,77
432,236,103,73
437,241,123,71
429,240,111,78
422,244,90,65
422,245,96,64
415,246,99,67
411,243,95,65
403,237,91,71
400,234,86,75
396,230,80,79
394,227,74,82
386,222,74,79
382,221,75,78
377,218,78,79
375,216,78,84
370,213,81,86
366,208,83,88
365,205,81,89
365,205,79,86
362,204,78,80
358,206,77,77
350,209,83,70
344,213,88,71
327,211,114,70
333,211,127,66
344,202,124,81
365,190,119,93
376,196,124,97
410,219,113,100
421,223,106,101
433,226,102,114
482,226,101,134
466,220,85,123
463,217,79,123
573,251,75,97
577,259,77,74
581,258,76,67
590,258,72,70
604,256,64,75
623,251,53,81
623,254,64,82
621,249,77,90
620,249,89,90
620,253,98,84
622,252,101,84
621,250,104,84
621,250,105,84
619,247,107,88
617,248,107,87
612,249,110,87
614,250,104,87
613,250,100,86
611,250,97,87
610,249,90,87
614,248,82,89
614,250,74,87
606,252,74,86
613,248,64,85
610,245,70,85
612,238,77,87
618,234,73,85
613,234,92,80
612,233,105,78
620,226,109,80
610,219,121,80
601,220,132,67
598,217,131,65
580,217,130,61
557,217,126,68
540,216,116,77
523,222,94,85
501,224,84,91
478,228,88,99
334,240,113,121
320,240,123,127
315,241,125,135
310,242,126,129
307,241,122,128
303,241,127,118
299,241,129,121
290,239,139,112
282,238,146,98
270,233,163,96
267,239,172,86
266,243,179,77
271,237,184,76
278,239,176,69
297,242,159,63
310,236,156,66
314,234,156,74
320,223,158,84
345,189,147,112
367,202,130,98
379,183,119,122
375,176,128,146
374,173,129,159
378,176,120,167
379,178,119,169
372,187,111,166
357,203,115,155
339,186,107,186
341,222,93,149
343,234,100,136
328,242,116,132
310,239,138,132
302,237,150,134
295,235,156,138
296,233,162,148
297,234,166,152
305,236,162,154
321,242,149,150
364,244,114,160
347,243,140,147
358,241,136,149
365,238,130,148
366,235,140,148
381,230,135,147
399,225,122,143
424,229,103,141
434,203,88,161
433,192,91,172
441,188,82,173
438,185,81,165
411,185,110,166
378,189,139,157
354,180,155,158
323,183,174,128
289,186,193,114
269,196,209,98
255,202,211,91
242,210,212,97
237,195,203,121
233,213,198,111
226,219,195,117
223,221,182,125
224,220,180,141
231,215,149,160
232,214,146,168
245,226,134,149
246,227,118,153
241,229,113,149
233,217,106,164
220,213,120,167
211,213,119,160
203,212,113,163
193,219,90,154
188,218,81,154
182,219,84,155
179,219,81,159
175,221,86,161
173,222,87,165
170,225,92,167
169,226,96,167
170,234,101,168
169,241,114,166
170,238,132,173
178,238,133,176
187,239,143,176
199,221,160,186
213,234,183,176
234,227,185,176
257,235,205,166
284,221,216,178
338,204,203,190
359,224,223,168
391,206,222,201
395,216,225,179
403,219,219,178
408,207,221,183
407,228,221,170
406,185,199,214
389,191,197,209
380,188,182,212
378,212,159,189
374,208,144,173
365,200,144,181
319,201,207,179
307,201,234,176
299,199,249,177
284,197,244,178
277,201,214,177
274,200,190,177
274,201,201,183
264,200,190,190
260,209,171,183
249,194,141,198
244,191,157,201
231,188,159,212
226,190,159,209
218,182,159,226
207,185,167,220
190,186,178,215
174,185,180,217
168,178,180,217
161,176,184,219
153,174,189,222
156,177,180,220
156,179,169,221
159,188,158,221
176,201,143,214
191,199,127,221
203,205,119,220
202,214,120,212
202,209,115,214
205,199,117,222
205,193,91,221
202,180,89,222
184,168,119,220
167,160,133,223
139,161,162,222
118,159,175,226
111,166,168,216
96,166,178,208
85,171,169,192
72,172,172,183
64,175,178,183
64,176,184,195
68,185,186,201
69,182,193,223
68,181,208,236
69,189,218,238
79,192,225,253
83,191,236,251
81,189,245,252
82,182,256,251
95,172,262,244
112,154,252,250
132,138,253,250
152,116,226,262
176,86,197,273
190,74,196,264
201,95,186,233
208,85,187,237
207,84,185,239
207,97,202,236
206,115,223,237
216,140,230,227
221,156,239,222
225,170,250,219
220,182,255,207
213,186,263,205
206,181,266,213
185,174,272,215
175,170,273,212
148,162,281,212
128,155,290,211
128,160,234,208
105,161,242,204
90,158,235,211
92,166,221,218
92,173,210,226
92,181,185,236
91,193,172,249
96,204,159,251
99,219,159,243
96,219,179,253
94,214,197,247
96,212,212,240
108,212,213,231
117,202,211,235
131,181,189,248
150,169,171,261
179,143,154,268
190,141,124,263
191,119,120,266
177,110,135,260
166,106,156,252
154,115,179,243
142,117,196,240
106,129,244,242
119,150,251,230
92,169,285,209
59,203,328,162
57,215,320,138
42,217,310,121
44,217,330,128
28,209,342,152
25,196,329,181
20,181,314,210
5,172,316,231
7,172,284,246
7,185,255,252
5,200,246,259
7,204,282,262
14,197,270,280
9,197,283,273
18,189,287,265
43,179,277,261
65,169,253,258
104,157,211,259
130,129,186,295
153,123,166,305
171,121,156,309
177,105,145,322
175,140,136,293
183,155,137,292
185,146,138,305
203,106,143,339
210,99,150,326
216,71,166,344
232,59,178,326
244,54,199,303
245,53,227,291
253,52,267,306
254,57,311,305
256,43,347,303
258,64,367,287
255,59,379,283
262,80,379,252
263,90,374,251
259,102,366,242
260,102,360,248
258,109,357,254
254,116,356,254
250,108,352,268
244,117,351,282
243,103,355,300
242,96,349,316
246,98,333,340
249,92,358,343
253,94,348,349
