0.005509
0.036435
0.023213
0.035098
0.034889
0.020347
0.021223
0.021985
0.020427
0.019296
0.021346
0.018477
0.022386
0.027059
0.020455
0.036269
0.035193
0.036123
0.028627
0.024401
0.021975
0.024116
0.019648
0.018479
0.027567
0.023115
0.018038
0.018800
0.022542
0.020811
0.033845
0.036343
0.023090
0.018203
0.023615
0.018740
0.017994
0.022766
0.017779
0.021171
0.017775
0.018946
0.019151
0.019236
0.033121
0.033192
0.033119
0.039769
0.019888
0.025620
0.035063
0.033478
0.035516
0.034302
0.033757
0.017934
0.035634
0.034787
0.030527
0.020544
0.018729
0.019826
0.027631
0.024238
0.036115
0.049672
0.048321
0.049458
0.048292
0.027603
0.037517
0.026007
0.018703
0.031220
0.026727
0.023379
0.017463
0.037776
0.019352
0.017901
0.034718
0.033760
0.034052
0.061997
0.022529
0.022142
0.017296
0.034518
0.035683
0.030690
0.023322
0.034905
0.022326
0.036575
0.036416
0.034604
0.037911
0.028981
0.037234
0.033925
0.037796
0.020131
0.019867
0.018735
0.018539
0.018766
0.033941
0.025927
0.018927
0.018668
0.020296
0.017860
0.017434
0.019264
0.021632
0.017247
0.018253
0.019491
0.033907
0.017636
0.021023
0.017676
0.016753
0.029590
0.034606
0.025365
0.034827
0.023973
0.023078
0.019761
0.020534
0.018060
0.025634
0.017548
0.020031
0.034479
0.021505
0.036356
0.034468
0.034610
0.036381
0.021935
0.018635
0.019611
0.018768
0.017773
0.022701
0.025604
0.018878
0.018371
0.039081
0.034972
0.034724
0.037346
0.036387
0.055771
0.034403
0.021346
0.035265
0.036111
0.033290
0.033881
0.017371
0.037294
0.035078
0.039255
0.033864
0.018665
0.030837
0.036254
0.034549
0.035167
0.027303
0.020522
0.022263
0.031143
0.056190
0.042153
0.036943
0.050215
0.035315
0.029727
0.031891
0.020209
0.029510
0.021540
0.036808
0.034438
0.033133
0.033289
0.032468
0.023843
0.033016
0.019773
0.017484
0.019499
0.016686
0.017304
0.017695
0.017301
0.019448
0.016694
0.020769
0.034650
0.032182
0.033076
0.035503
0.025337
0.029030
0.021953
0.031588
0.040753
0.035950
0.016261
0.033502
0.034359
0.017487
0.020950
0.018256
0.017473
0.029926
0.033662
0.033342
0.035439
0.033608
0.032337
0.025089
0.034981
0.028439
0.017385
0.019099
0.021390
0.016896
0.019427
0.023217
0.024411
0.032073
0.032782
0.028452
0.022250
0.036014
0.034947
0.016936
0.021954
0.023317
0.021263
0.018708
0.019567
0.041636
0.021087
0.028155
0.023773
0.026601
0.029309
0.034473
0.037530
0.033208
0.018243
0.037362
0.016468
0.020283
0.018454
0.023772
0.031063
0.026985
0.032096
0.033449
0.028826
0.032378
0.034019
0.033218
0.035009
0.017476
0.017222
0.020933
0.016651
0.020202
0.031732
0.033292
0.031789
0.032189
0.032818
0.027588
0.036536
0.033198
0.017843
0.034589
0.019485
0.017567
0.022091
0.019783
0.019578
0.033468
0.033407
0.027812
0.018425
0.019668
0.017874
0.020309
0.035687
0.034586
0.020365
0.021551
0.023646
0.022289
0.029675
0.017426
0.019486
0.024850
0.018421
0.019288
0.017649
0.023028
0.019490
0.038772
0.047291
0.036372
0.030965
0.035735
0.043117
0.016499
0.016385
0.017295
0.017007
0.016537
0.022089
0.032119
0.032506
0.033460
0.037236
0.032005
0.020584
0.019762
0.018212
0.021612
0.020220
0.015028
0.016887
0.030816
0.022071
0.050975
0.037901
0.017171
0.018922
0.017044
0.034515
0.017572
0.019496
0.020838
0.018764
0.017302
0.019187
0.037848
0.024014
0.028730
0.030802
0.023209
0.033592
0.026314
0.017376
0.026330
0.034710
0.031811
0.031692
0.028568
0.033057
0.024435
0.033801
0.033760
0.032245
0.020861
0.017995
0.020855
0.021217
0.016211
0.016166
0.021793
0.017823
0.018862
0.019095
0.016587
0.017318
0.016916
0.035129
0.033329
0.032190
0.032022
0.037354
0.034230
0.032916
0.019006
0.039433
0.032371
0.033215
0.033616
0.020547
0.028336
0.032678
0.027978
0.033476
0.033975
0.031466
0.027026
0.033791
0.034104
0.036672
0.016638
0.017323
0.021075
0.017423
0.033865
0.033170
0.021209
0.030297
0.020482
0.030410
0.033345
0.032943
0.032680
0.037836
0.026116
0.033109
0.021251
0.032748
0.030400
0.019197
0.021087
0.025682
0.038444
0.024298
0.032491
0.048794
