0.014318
0.033705
0.061490
0.037684
0.036995
0.039379
0.019848
0.042275
0.031037
0.038766
0.022201
0.017108
0.035230
0.028480
0.023039
0.029183
0.021013
0.018879
0.021742
0.034909
0.029204
0.036778
0.020995
0.021220
0.035324
0.024139
0.035809
0.039735
0.019890
0.020948
0.016970
0.016325
0.017668
0.021417
0.018525
0.035134
0.029311
0.039271
0.025635
0.035019
0.033500
0.030098
0.027532
0.034627
0.035775
0.031572
0.033373
0.031585
0.021021
0.017811
0.018897
0.017900
0.027692
0.034611
0.033247
0.032636
0.035128
0.033236
0.032068
0.038105
0.028476
0.032757
0.034375
0.033335
0.021553
0.025422
0.035073
0.020375
0.023867
0.031280
0.018853
0.020573
0.019979
0.021002
0.021046
0.018238
0.022308
0.036608
0.024247
0.032291
0.035101
0.036014
0.024315
0.032312
0.033189
0.020496
0.019688
0.019234
0.022816
0.035984
0.036224
0.032736
0.041793
0.022903
0.033201
0.033727
0.031942
0.036363
0.033742
0.037009
0.033518
0.032176
0.034669
0.034239
0.030238
0.026856
0.028687
0.032152
0.017562
0.032560
0.022943
0.022861
0.023419
0.018346
0.026489
0.022015
0.016710
0.018619
0.018536
0.034557
0.033736
0.031233
0.033553
0.019572
0.020119
0.017494
0.035706
0.036951
0.033608
0.035841
0.033188
0.035562
0.033810
0.031676
0.020359
0.024361
0.033091
0.033938
0.041441
0.035244
0.032381
0.017606
0.020177
0.017792
0.020256
0.020927
0.026364
0.029422
0.034882
0.033077
0.023549
0.036948
0.038640
0.035420
0.033804
0.023226
0.018110
0.017709
0.033997
0.030808
0.026413
0.018237
0.020321
0.016345
0.028467
0.022230
0.019279
0.016490
0.023850
0.034354
0.018221
0.033882
0.031440
0.033518
0.035584
0.025969
0.035134
0.030386
0.034315
0.025714
0.040507
0.046558
0.034537
0.035382
0.031550
0.034316
0.031954
0.045643
0.034790
0.032144
0.020643
0.020927
0.029114
0.024938
0.017345
0.017307
0.022737
0.037635
0.020765
0.022815
0.032874
0.020112
0.017462
0.019807
0.016948
0.016985
0.020173
0.016911
0.020596
0.022392
0.030385
0.023763
0.033616
0.033682
0.020923
0.017477
0.023518
0.016462
0.016628
0.019000
0.033607
0.034083
0.032267
0.033911
0.031178
0.033188
0.017885
0.032257
0.035378
0.032728
0.032126
0.016679
0.017211
0.016910
0.020879
0.015493
0.020224
0.018295
0.032248
0.032012
0.032973
0.019057
0.017678
0.016395
0.031096
0.019483
0.032925
0.021836
0.019393
0.015876
0.015453
0.021748
0.019082
0.017579
0.015940
0.018828
0.038869
