0.015555
0.036353
0.033338
0.017940
0.034600
0.031059
0.028648
0.031762
0.020453
0.016118
0.033880
0.031388
0.026906
0.033318
0.032630
0.031595
0.019912
0.032066
0.023671
0.032340
0.031043
0.020458
0.015508
0.016681
0.016697
0.017940
0.024089
0.031750
0.034818
0.033293
0.033040
0.032560
0.025454
0.031304
0.032837
0.031310
0.033356
0.031906
0.017538
0.032448
0.031546
0.023615
0.035773
0.025697
0.032156
0.032872
0.032238
0.033771
0.034264
0.032389
0.031682
0.033588
0.022525
0.032089
0.033029
0.020018
0.035171
0.032626
0.031429
0.023907
0.029653
0.031308
0.028527
0.033712
0.031762
0.015691
0.032573
0.028657
0.030912
0.032770
0.032860
0.031983
0.014556
0.016868
0.016326
0.015955
0.015453
0.032729
0.032985
0.032597
0.020912
0.032551
0.031024
0.031415
0.032029
0.033345
0.031908
0.031303
0.030288
0.019361
0.032225
0.019568
0.031782
0.037609
0.035991
0.021899
0.034576
0.032261
0.022533
0.032046
0.030886
0.028273
0.031226
0.023489
0.031022
0.031962
0.028541
0.031985
0.030843
0.032136
0.031770
0.032733
0.026396
0.031710
0.031609
0.031158
0.025798
0.031273
0.032199
0.026856
0.032532
0.028866
0.030798
0.032628
0.027051
0.031988
0.030628
0.031276
0.031809
0.033543
0.031430
0.033686
0.031585
0.024317
0.031505
0.014923
0.031076
0.025211
0.032134
0.023051
0.016478
0.017542
0.016817
0.035132
0.031674
0.020114
0.027039
0.030606
0.033431
0.033150
0.028865
0.033865
0.030966
0.032160
0.031687
0.033601
0.018385
0.018731
0.031217
0.032677
0.034662
0.029183
0.020350
0.031189
0.028262
0.025726
0.031645
0.032608
0.025299
0.023638
0.031474
0.028504
0.027529
0.030797
0.023375
0.030854
0.022359
0.033534
0.033454
0.021293
0.030894
0.030626
0.027557
0.025011
0.031427
0.018732
0.032958
0.032745
0.032437
0.031604
0.019188
0.019222
0.032473
0.033016
0.032584
0.030927
0.015994
0.015892
0.016210
0.019462
0.030692
0.030839
0.031467
0.032141
0.016248
0.032421
0.020685
0.016732
0.015053
0.015508
0.035125
0.022826
0.033800
0.019466
0.032158
0.027225
0.032481
0.028974
0.022817
0.029927
0.031504
0.032455
0.035824
0.032490
0.020746
0.015223
0.014530
0.016355
0.014979
0.014657
0.015515
0.017346
0.019038
0.032243
0.031508
0.031307
0.024261
0.031204
0.030975
0.031630
0.014564
0.015669
0.015740
0.016341
0.018349
0.032853
0.030748
0.026782
0.022500
0.029084
0.032784
0.031893
0.031772
0.023601
0.030653
0.031604
0.031836
0.030803
0.019667
0.014621
0.014579
0.032971
0.030964
0.031047
0.015929
0.035921
0.031579
0.025574
0.031039
0.023033
0.032585
0.029320
0.018845
0.029475
0.031615
0.019389
0.032531
0.031899
0.019833
0.020409
0.032618
0.032295
0.031834
0.026413
0.032479
0.031235
0.032376
0.032686
0.029598
0.029113
0.033175
0.020449
0.016404
0.032114
0.024683
0.016806
0.016363
0.017113
0.019859
0.031452
0.031828
0.030307
0.031118
0.030077
0.033728
0.030666
0.031037
0.031228
0.033700
0.027963
0.033125
0.023704
0.033585
0.014782
0.015129
0.015219
0.016428
0.020736
0.015333
0.014661
0.017622
0.018705
0.020181
0.014498
0.014435
0.017556
0.017116
0.016324
0.015832
0.015490
0.019811
0.018523
0.017313
0.015340
0.016377
0.018294
0.015574
0.019898
0.019187
0.014328
0.014614
0.015424
0.033437
0.022404
0.032648
0.031337
0.030996
0.028946
0.035725
0.029616
0.031785
0.027747
0.030306
0.036324
0.029210
0.030861
0.024127
0.031540
0.030825
0.032546
0.026894
0.030259
0.028101
0.031525
0.030999
0.024855
0.032078
0.029579
0.030886
0.032720
0.034493
0.031021
0.018112
0.016304
0.031336
0.028677
0.020080
0.032901
0.031951
0.031912
0.030175
0.028093
0.031794
0.031862
0.031423
0.022390
0.031987
0.031397
0.023420
0.031475
0.031553
0.022337
0.033085
0.031898
0.028849
0.017278
0.024152
0.031992
0.030047
0.031772
0.030597
0.029755
0.029431
0.029429
0.032769
0.018181
0.015297
0.031891
0.032502
0.019167
0.031040
0.027877
0.018946
0.019661
0.015555
0.034485
0.030809
0.031610
0.030728
0.023896
0.032545
