0.002976
0.016445
0.017544
0.015739
0.016294
0.017039
0.017118
0.016744
0.015702
0.018812
0.017226
0.016217
0.018122
0.016794
0.029825
0.016542
0.016872
0.019440
0.017475
0.018681
0.019475
0.017959
0.020986
0.018961
0.024995
0.019091
0.017934
0.017569
0.026228
0.018095
0.020045
0.017541
0.017882
0.018450
0.017883
0.017243
0.017587
0.019559
0.018267
0.018074
0.017516
0.017797
0.021458
0.017492
0.017743
0.023854
0.021062
0.019202
0.021546
0.019161
0.021328
0.019823
0.020107
0.018306
0.020094
0.019439
0.017627
0.019602
0.019587
0.021325
0.021560
0.018664
0.020471
0.021827
0.020546
0.026290
0.020283
0.020846
0.023089
0.019637
0.021122
0.021679
0.025064
0.020799
0.018826
0.018435
0.018856
0.020942
0.018201
0.029314
0.018273
0.017039
0.018199
0.020660
0.017731
0.018151
0.023090
0.023238
0.019809
0.030415
0.019987
0.019711
0.020792
0.018335
0.021739
0.019319
0.025548
0.022017
0.017720
0.017599
0.021464
0.019707
0.018006
0.018320
0.016946
0.020207
0.016998
0.017308
0.022099
0.018993
0.017390
0.027007
0.018750
0.019874
0.021991
0.021395
0.018185
0.032452
0.020539
0.019649
0.028930
0.021991
0.023466
0.018920
0.023474
0.019977
0.021466
0.017717
0.019646
0.032864
0.033128
0.018470
0.017758
0.021990
0.019284
0.017644
0.017897
0.019350
0.019618
0.022020
0.020575
0.022212
0.017847
0.022811
0.019414
0.018662
0.017454
0.023830
0.019162
0.019412
0.024071
0.019063
0.018275
0.018917
0.021880
0.017829
0.017884
0.026024
0.017502
0.016596
0.024663
0.017569
0.016919
0.016746
0.016352
0.024025
0.016368
0.017400
0.019713
0.016893
0.017373
0.020197
0.018704
0.019849
0.021480
0.018285
0.017594
0.019644
0.018004
0.017997
0.018363
0.018076
0.016789
0.017672
0.017040
0.020073
0.017864
0.017873
0.017103
0.016588
0.019302
0.017871
0.020335
0.017188
0.020226
0.018167
0.021565
0.017445
0.024600
0.019632
0.025855
0.016610
0.017566
0.017400
0.022864
0.019011
0.018379
0.025194
0.017509
0.016796
0.018194
0.017914
0.016802
0.016093
0.017903
0.017883
0.018732
0.019953
0.019117
0.017248
0.018555
0.018464
0.018038
0.016648
0.015736
0.017015
0.016618
0.016916
0.017709
0.017860
0.019951
0.018317
0.016659
0.017408
0.016781
0.017737
0.018005
0.021827
0.019753
0.017151
0.017969
0.018803
0.017049
0.016183
0.017670
0.016612
0.020633
0.019188
0.017392
0.021020
0.016744
0.020360
0.022086
0.016679
0.016652
0.027602
0.017864
0.017503
0.020051
0.017960
0.019863
0.017045
0.016784
0.019562
0.020115
0.018063
0.017296
0.028114
0.020016
0.020374
0.022290
0.019381
0.018502
0.020021
0.022058
0.017004
0.018469
0.028445
0.018369
0.018864
0.031365
0.018508
0.017825
0.020761
0.018566
0.020352
0.024378
0.018584
0.018131
0.021053
0.017899
0.017652
0.022141
0.019852
0.017992
0.020392
0.017809
0.017614
0.019644
0.017442
0.017821
0.019184
0.018327
0.019105
0.018184
0.017857
0.016835
0.024571
0.018993
0.017273
0.022498
0.016671
0.017820
0.022695
0.017803
0.025769
0.017629
0.018056
0.034739
0.017581
0.023906
0.018134
0.017444
0.017564
0.018553
0.023960
0.016573
0.029943
0.022647
0.021102
0.020838
0.018935
0.018664
0.023497
0.017938
0.018344
0.021526
0.017487
0.020422
0.024146
0.018484
0.018316
0.020251
0.025947
0.018090
0.017915
0.020329
0.019428
0.022273
0.018703
0.018370
0.019076
0.032690
0.017798
0.016914
0.018475
0.017730
0.017494
0.020708
0.017595
0.022601
0.020736
0.026903
0.018290
0.030630
0.017339
0.020197
0.020388
0.020346
0.020470
0.019074
0.018860
0.029237
0.018222
0.017719
0.025707
0.018346
0.018836
0.024045
0.023620
0.022274
0.019236
0.018028
0.017683
0.018430
0.018793
0.017884
0.018408
0.020848
0.017644
0.027787
0.020244
0.023165
0.019279
0.018138
0.020793
0.024913
0.018960
0.018998
0.022244
0.019927
0.019524
0.018363
0.020882
0.019291
0.020660
0.023104
0.021928
0.018240
0.020439
0.021212
0.019081
0.025422
0.020065
0.019287
0.021097
0.019975
0.019998
0.023272
0.019579
0.020436
0.021017
0.018469
0.019022
0.026813
0.020038
0.019188
0.021496
0.018631
0.019977
0.018644
0.019138
0.019021
0.019921
0.021282
0.018827
0.022641
0.022242
0.021911
0.021708
0.023329
0.019694
0.020147
0.027007
0.021066
0.020946
0.020068
0.021025
0.020275
0.019389
0.018833
0.018653
0.022611
0.020484
0.018979
0.018108
0.023642
0.019188
0.019575
0.026722
0.021951
0.020076
0.020598
0.022049
0.017977
0.017319
0.017039
0.017408
0.020790
0.024209
0.016815
0.019746
0.017722
0.020251
0.022500
0.018502
0.019218
0.019578
0.019616
0.020712
0.020119
0.019295
0.019670
0.025265
0.020398
0.026597
0.027727
0.028615
0.019930
0.022477
