334,19,19,24
334,15,18,31
335,16,17,31
334,16,17,31
334,15,17,31
334,15,17,31
333,16,17,30
334,18,18,29
334,17,17,31
334,16,17,31
333,17,17,30
334,16,18,32
333,16,18,31
333,17,18,31
334,19,18,30
334,17,17,30
334,17,17,31
334,18,17,30
334,18,17,30
334,18,17,30
334,17,17,31
334,18,17,31
333,18,17,31
333,18,17,31
335,18,17,31
334,18,17,31
333,19,17,31
335,18,17,31
334,17,17,32
334,18,18,32
334,18,17,32
335,18,17,32
335,17,17,32
334,17,17,33
334,18,17,32
335,17,17,33
334,18,17,33
335,19,17,32
334,17,17,33
334,20,17,31
335,19,17,32
335,19,17,31
335,18,17,32
334,18,17,33
335,19,17,31
334,19,17,32
335,20,17,31
335,20,17,31
335,21,17,31
335,20,17,32
335,21,16,31
335,21,17,31
335,20,17,32
335,21,17,31
335,20,17,32
335,21,18,32
336,21,17,31
336,20,17,33
336,22,17,31
335,10,18,42
335,23,17,30
336,23,17,31
335,11,19,43
336,23,17,30
336,23,17,30
337,24,17,29
336,24,16,28
336,23,16,31
335,6,18,47
336,7,20,47
335,5,20,49
336,17,18,38
337,18,18,38
337,18,18,38
335,7,20,48
335,7,20,48
335,6,20,48
336,6,19,48
336,7,21,48
336,8,20,48
337,7,20,50
337,17,18,40
337,11,18,47
338,12,19,46
337,13,19,46
337,8,19,49
336,6,19,51
337,6,20,50
336,7,19,49
338,9,19,48
337,10,18,48
338,8,19,50
338,9,19,49
339,23,17,36
339,9,18,48
338,11,18,48
338,11,18,48
338,8,19,50
338,9,19,49
339,10,19,50
338,10,20,50
338,10,19,50
338,10,19,49
338,10,19,49
339,10,19,50
339,10,19,51
338,11,19,49
339,10,19,50
338,10,19,50
339,9,19,50
339,9,18,51
340,9,20,51
340,8,19,51
339,8,19,52
340,10,18,51
340,10,19,52
341,13,18,49
340,9,19,51
339,10,19,51
340,13,19,48
340,11,19,50
340,12,19,50
341,10,19,50
340,11,19,50
340,12,19,49
341,11,19,51
341,12,19,50
341,13,19,48
341,14,19,48
341,13,19,49
341,12,19,50
342,12,19,51
341,13,19,50
342,11,19,51
341,11,19,51
341,11,20,52
341,11,20,52
341,12,19,51
341,11,20,51
341,12,20,51
341,12,20,51
341,12,20,50
342,13,20,51
342,13,19,50
342,13,19,49
342,12,19,50
342,12,20,50
342,13,19,50
342,14,18,48
342,14,20,50
342,13,19,50
342,13,20,50
342,12,19,51
341,12,20,51
342,11,20,52
343,13,19,51
342,13,19,50
342,13,19,51
342,15,19,48
343,15,20,50
343,15,18,48
342,15,19,48
343,14,19,49
342,15,19,47
343,16,19,48
343,17,19,48
342,15,19,48
342,15,20,48
342,15,20,49
342,14,19,48
342,15,20,49
342,14,19,50
342,14,19,49
343,14,19,50
342,15,19,50
342,15,20,49
342,16,19,48
343,15,19,48
342,16,21,47
342,16,20,48
342,17,20,48
342,15,19,48
342,15,21,49
342,16,21,48
343,16,20,48
342,16,20,48
342,15,20,48
345,19,18,45
343,18,19,45
343,17,20,48
344,18,19,45
344,18,20,47
346,18,19,46
344,19,19,45
345,20,18,44
344,19,20,45
344,18,19,47
345,18,20,47
344,17,20,47
346,18,20,47
345,19,19,46
346,18,20,47
346,19,19,47
346,19,19,47
346,18,19,46
345,17,19,47
345,18,20,46
347,19,19,45
345,20,19,45
347,18,19,47
345,20,20,44
347,18,20,49
346,18,19,47
347,19,19,46
347,19,19,46
346,19,19,45
346,19,19,46
347,22,19,44
346,19,19,45
347,19,19,46
347,20,19,44
347,22,19,44
347,21,19,45
347,23,19,41
346,19,19,45
347,20,20,45
347,21,20,44
347,21,19,44
348,20,19,46
347,18,18,45
347,19,21,47
347,19,20,45
346,20,20,45
347,21,19,42
346,21,20,44
347,21,19,45
346,20,19,45
347,20,19,45
345,21,21,45
347,21,19,45
345,20,21,46
348,42,17,29
346,22,20,45
347,24,19,44
348,23,19,43
345,20,20,45
346,21,20,45
346,21,20,43
346,23,20,45
348,43,18,30
346,25,20,45
347,23,19,45
346,22,20,43
346,22,20,42
347,22,20,44
346,22,20,43
349,42,18,31
347,23,19,43
349,42,18,30
347,22,19,44
349,22,20,44
348,22,19,45
349,23,19,45
348,23,20,43
348,22,20,45
348,23,20,44
350,24,20,43
348,23,20,48
349,25,20,45
349,23,20,49
349,24,20,46
351,49,18,28
350,27,19,43
352,44,18,34
350,25,20,47
366,0,46,23
362,0,48,22
362,0,47,22
362,0,47,22
360,0,46,21
356,0,49,21
357,0,48,21
358,0,45,21
357,0,44,20
357,0,45,19
355,0,46,19
356,8,19,30
357,23,22,33
354,51,29,31
355,48,43,36
354,49,44,35
352,51,45,31
350,51,44,32
350,50,44,32
349,50,43,32
349,50,43,31
345,47,43,34
343,48,43,33
342,46,43,34
341,47,43,31
341,47,42,32
341,45,42,33
339,45,43,32
338,45,42,33
336,44,42,32
335,45,41,32
337,43,38,33
338,44,36,31
333,42,40,33
336,44,37,33
334,43,38,32
331,42,36,34
292,52,17,31
294,53,15,28
293,52,16,31
294,53,16,34
294,52,16,34
294,54,17,31
311,80,21,33
286,68,37,30
280,73,50,38
234,60,29,50
232,69,19,40
234,68,18,39
234,69,17,40
234,69,18,41
235,69,17,40
234,68,18,41
235,68,17,41
235,68,17,41
235,66,18,43
235,66,19,45
236,67,17,41
237,70,16,39
237,68,16,41
237,68,17,41
245,57,22,39
237,67,18,41
240,63,18,46
239,65,17,43
241,66,17,41
246,59,23,42
244,58,23,48
245,108,23,40
245,124,25,47
243,127,19,43
244,129,17,42
241,109,25,57
246,121,24,49
244,125,22,45
244,119,23,49
244,115,24,53
241,139,29,35
243,178,23,39
245,188,22,46
245,194,23,41
249,194,21,40
245,189,21,44
246,192,21,44
246,196,20,38
245,190,20,43
244,196,18,38
249,184,21,41
246,190,25,40
243,193,22,42
241,193,19,42
246,188,21,45
242,190,22,43
241,186,25,45
291,161,24,27
294,160,29,29
294,159,29,28
293,157,29,30
293,158,30,28
292,158,30,29
293,160,29,28
293,159,30,27
292,159,31,27
290,159,31,28
288,158,31,29
287,158,30,26
287,157,31,28
287,158,29,28
330,191,18,36
330,191,18,36
332,191,17,38
332,191,17,37
333,192,18,35
334,191,17,38
334,192,18,39
334,191,18,39
334,190,18,40
336,194,20,40
336,195,19,39
336,193,20,37
337,194,19,39
338,194,19,41
337,189,20,40
339,188,19,39
339,181,19,38
339,175,20,40
340,168,20,41
339,167,20,38
339,161,20,40
339,159,20,39
340,155,20,40
339,155,21,40
339,155,21,41
338,155,20,41
309,152,27,36
334,155,27,33
338,157,18,38
336,150,21,41
336,145,20,42
335,140,21,42
334,134,20,42
333,128,21,43
333,124,21,42
334,121,20,41
333,118,20,41
332,109,20,42
331,107,20,40
331,102,20,39
330,96,21,41
329,87,19,41
328,78,19,40
326,72,20,39
327,72,19,35
321,61,21,36
323,59,20,40
323,59,19,33
324,59,18,32
326,61,18,33
326,62,19,36
328,61,19,37
327,61,20,38
330,63,19,35
331,62,19,38
332,63,18,36
332,62,18,37
332,62,18,37
333,63,19,37
333,63,18,37
333,62,18,38
334,64,18,37
335,63,18,38
333,64,18,38
332,66,19,36
331,68,19,34
330,68,19,35
330,66,20,37
326,69,20,36
327,66,20,38
326,66,20,39
322,67,22,39
324,68,21,42
323,75,23,42
321,75,25,45
323,78,24,35
324,79,23,32
324,80,24,33
325,82,23,30
326,81,22,29
325,79,17,31
333,84,18,28
335,85,17,33
335,85,18,36
334,86,19,34
337,88,19,34
338,87,18,32
339,88,18,32
340,89,18,32
342,90,18,31
342,88,19,32
344,90,18,33
342,89,21,33
337,89,21,32
329,90,21,33
318,90,21,33
311,91,21,33
303,92,22,36
298,92,23,33
292,92,22,37
288,92,21,33
284,93,22,35
277,94,22,41
267,93,21,41
258,94,23,44
255,96,22,41
249,96,22,41
241,96,23,44
232,97,22,43
225,98,27,40
222,97,27,45
216,98,28,49
211,99,25,50
211,99,25,51
222,148,24,46
224,149,23,47
223,147,24,48
223,150,24,47
221,148,25,51
222,150,25,48
222,151,24,47
221,152,24,48
221,145,24,54
220,147,26,52
220,148,26,51
220,149,26,51
220,150,25,50
220,152,25,49
226,150,27,50
234,151,25,50
242,152,25,49
245,132,27,70
250,148,27,53
259,151,26,51
262,145,26,56
265,146,29,56
271,147,27,53
279,150,26,52
283,153,27,49
287,146,27,55
291,146,29,57
298,144,29,57
303,143,29,59
312,148,27,56
351,111,29,62
356,111,29,63
360,111,30,62
370,110,30,63
376,111,30,62
379,113,30,62
385,113,30,62
393,112,32,63
398,114,31,62
402,113,31,63
411,113,31,62
416,114,30,64
422,114,30,65
430,114,31,65
435,114,30,65
439,114,30,65
446,115,32,64
453,115,31,64
456,117,31,65
457,116,30,67
456,117,30,67
457,117,30,67
454,118,31,67
455,118,32,68
455,118,31,67
454,118,31,69
454,118,31,69
455,118,31,70
455,120,31,69
455,119,32,71
455,119,31,70
455,120,30,70
454,123,31,66
458,123,27,66
457,126,28,66
456,127,28,66
457,126,27,67
456,129,28,64
458,132,26,61
406,160,27,51
408,160,24,50
405,160,26,52
406,160,26,52
405,161,25,52
405,159,26,54
404,160,26,52
406,162,25,52
404,164,26,52
405,167,25,52
403,167,27,53
404,166,27,53
403,168,28,53
402,164,28,53
402,169,27,52
403,165,28,53
401,171,30,50
400,175,29,51
403,177,28,53
400,179,30,54
460,172,24,53
463,175,22,51
461,174,23,52
460,174,23,53
460,180,23,49
460,183,22,49
460,191,23,49
459,191,22,49
459,194,22,47
457,189,23,52
459,192,22,48
458,192,23,51
459,196,22,47
458,194,22,49
458,197,22,49
455,192,25,56
398,201,26,52
396,200,29,54
395,200,28,53
396,202,28,53
395,201,28,54
395,200,29,54
393,186,32,68
395,198,26,59
394,201,26,55
428,156,41,45
439,203,27,62
433,204,30,61
395,189,34,73
393,201,29,60
392,204,27,56
392,204,27,57
392,204,27,57
393,204,26,58
392,203,29,56
391,199,49,70
389,204,47,67
389,206,45,69
389,210,36,58
388,206,41,72
389,208,39,70
388,203,41,76
387,194,43,85
385,209,42,75
379,199,43,86
376,204,40,83
368,204,46,82
366,204,49,85
365,209,51,79
345,206,53,85
351,207,45,85
345,199,55,94
319,202,65,89
318,201,65,95
405,210,58,91
405,210,53,93
382,210,68,98
382,210,62,98
380,214,56,102
365,223,58,97
357,216,57,110
284,213,121,115
266,195,125,137
287,231,100,102
267,196,108,139
266,195,98,149
262,195,107,152
255,194,117,153
244,227,84,132
229,249,72,119
219,249,75,120
217,204,79,142
200,249,82,128
