0.013124
0.053909
0.063308
0.020308
0.024143
0.044211
0.056710
0.025558
0.060386
0.025849
0.038409
0.020465
0.019595
0.020464
0.019916
0.032574
0.030268
0.030913
0.021283
0.039792
0.052516
0.021510
0.018380
0.022275
0.022808
0.053068
0.059388
0.028096
0.069622
0.062838
0.022985
0.023342
0.023340
0.052374
0.025928
0.035328
0.020840
0.068424
0.057902
0.025208
0.019375
0.017623
0.023998
0.023440
0.035192
0.037854
0.030256
0.021264
0.025276
0.021709
0.024007
0.046930
0.021025
0.016745
0.034284
0.032147
0.051995
0.034080
0.017595
0.018175
0.020341
0.017491
0.089357
0.021757
0.034406
0.045082
0.066192
0.035390
0.028710
0.033730
0.029803
0.017987
0.019425
0.015727
0.024870
0.048551
0.034123
0.016638
0.032592
0.053760
0.054234
0.023456
0.019036
0.024601
0.019635
0.050587
0.052557
0.032709
0.021621
0.067950
0.082789
0.021147
0.025967
0.018507
0.046780
0.027146
0.020195
0.032576
0.025631
0.043500
0.024303
0.016604
0.017641
0.017035
0.035064
0.025552
0.023883
0.017319
0.033875
0.031297
0.068311
0.051350
0.018798
0.019990
0.018385
0.050675
0.021708
0.018478
0.020166
0.031469
0.064816
0.047154
0.022132
0.019729
0.019104
0.024822
0.024329
0.024743
0.055306
0.031268
0.031459
0.018285
0.040683
0.049828
0.022111
0.022264
0.016454
0.017379
0.017153
0.029291
0.059467
0.032647
0.019890
0.026864
0.104949
0.017680
0.016516
0.016866
0.020710
0.017284
0.044714
0.034502
0.018736
0.054396
0.044649
0.026480
0.015435
0.022445
0.020524
0.022335
0.052421
0.022971
0.034912
0.023105
0.045022
0.061482
0.033392
0.020098
0.058755
0.018320
0.021104
0.019134
0.031327
0.050822
0.053294
0.024354
0.017344
0.018461
0.057177
0.050054
0.025645
0.017484
0.032366
0.030848
0.076660
0.030286
0.021994
0.018241
0.018127
0.025907
0.046563
0.025430
0.036453
0.018587
0.027521
0.023021
0.038553
0.019353
0.018225
0.019403
0.034830
0.040011
0.034676
0.030777
0.039811
0.069564
0.022343
0.016631
0.020763
0.017935
0.021791
0.052607
0.019444
0.051937
0.061048
0.021216
0.018582
0.017248
0.017715
0.015749
0.018571
0.025018
0.068765
0.033401
0.027320
0.051612
0.039483
0.023585
0.017884
0.017481
0.026110
0.055179
0.033344
0.018200
0.037181
0.026947
0.063046
0.021060
0.020198
0.017436
0.016345
0.021391
0.026680
0.027338
0.026492
0.032794
0.018702
0.067426
0.049309
0.023127
0.017290
0.017861
0.017210
0.047868
0.022242
0.020916
0.031446
0.018185
0.056029
0.046038
0.019117
0.022812
0.019569
0.019787
0.042273
0.051073
0.032273
0.067711
0.058917
0.025009
0.021632
0.022467
0.021210
0.028411
0.043403
0.057724
0.026051
0.020112
0.024578
0.028090
0.044886
0.018447
