0.003447
0.036118
0.023929
0.088197
0.059164
0.019948
0.047570
0.044216
0.022185
0.026230
0.031369
0.058473
0.052717
0.031311
0.063182
0.021764
0.021156
0.018420
0.028354
0.065784
0.028069
0.022080
0.066421
0.060631
0.019939
0.019740
0.034043
0.022249
0.020707
0.058855
0.035408
0.017154
0.057499
0.063313
0.026887
0.019249
0.016898
0.023290
0.018460
0.042119
0.026433
0.027685
0.034371
0.020140
0.069142
0.025923
0.017118
0.022724
0.019199
0.021318
0.024620
0.055164
0.030345
0.022234
0.031042
0.029889
0.060881
0.018260
0.024259
0.018108
0.026982
0.020896
0.064942
0.031173
0.065198
0.020982
0.016558
0.016263
0.019765
0.021485
0.072478
0.032838
0.027220
0.077309
0.052516
0.023268
0.019486
0.022969
0.054421
0.031896
0.023670
0.018878
0.024261
0.032791
0.089347
0.026192
0.016661
0.021215
0.030107
0.062365
0.033715
0.022479
0.038452
0.043928
0.023327
0.017082
0.028339
0.053415
0.027632
0.020789
0.022226
0.028043
0.048593
0.032340
0.055454
0.052990
0.021584
0.026291
0.018676
0.022705
0.037694
0.059579
0.070881
0.027855
0.086112
0.019696
0.019827
0.026276
0.020143
0.046169
0.034800
0.016792
0.049525
0.072902
0.018661
0.023329
0.019294
0.023759
0.073384
0.023176
0.025181
0.030896
0.020653
0.056514
0.037934
0.016093
0.029899
0.050677
0.036612
0.019034
0.076009
0.047379
0.018060
0.017496
0.016455
0.044648
0.061346
0.035397
0.020181
0.047899
0.027466
0.031362
0.018244
0.016685
0.020925
0.021250
0.028543
0.024096
0.038261
0.018525
0.030999
0.071829
0.022971
0.021927
0.019825
0.015471
0.029397
0.041695
0.034042
0.025302
0.032820
0.062218
0.029454
0.047771
0.017113
0.015795
0.016985
0.017916
0.025810
0.072888
0.024213
0.022050
0.016684
0.022358
0.053608
0.066336
0.029645
0.018758
0.025245
0.038241
