0.001265
0.015000
0.018269
0.016776
0.015975
0.015317
0.015384
0.015048
0.015635
0.017113
0.017010
0.018862
0.018660
0.016443
0.018535
0.015424
0.015073
0.015355
0.015604
0.014997
0.015274
0.015433
0.015028
0.015170
0.015576
0.015477
0.017330
0.014966
0.016105
0.016016
0.016443
0.015915
0.015518
0.019315
0.014970
0.016376
0.015850
0.015843
0.018580
0.016744
0.015133
0.015140
0.015264
0.015126
0.021176
0.014995
0.015279
0.015350
0.015391
0.019635
0.017703
0.019384
0.016674
0.018537
0.021452
0.016194
0.016200
0.015269
0.015925
0.015388
0.014993
0.015301
0.015265
0.015760
0.015846
0.015350
0.015968
0.016711
0.015757
0.015320
0.015110
0.018928
0.015390
0.015144
0.016035
0.019407
0.015631
0.017885
0.017703
0.015621
0.016186
0.017637
0.015567
0.015414
0.015452
0.015571
0.015511
0.016487
0.019055
0.017368
0.018757
0.015480
0.015548
0.015450
0.015699
0.015588
0.015631
0.017151
0.017858
0.016168
0.016392
0.015924
0.015591
0.015135
0.014894
0.015182
0.015784
0.017020
0.015612
0.016109
0.015316
0.015103
0.015572
0.015226
0.015597
0.015662
0.015590
0.017452
0.015249
0.015867
0.015569
0.016381
0.015243
0.015599
0.015838
0.016192
0.016013
0.017076
0.015807
0.016293
0.015999
0.017624
0.016227
0.015746
0.016472
0.016525
0.015958
0.018708
0.015925
0.017596
0.016741
0.016199
0.016155
0.016251
0.016425
0.016592
0.016428
0.016699
0.017995
0.016710
0.017862
0.018171
0.017729
0.017064
0.018513
0.018725
0.017356
0.017535
0.017394
0.018939
0.017373
