331,136,55,24
330,135,55,25
331,135,56,25
331,136,54,24
330,134,55,26
332,136,55,25
331,134,55,26
331,135,55,25
332,135,55,25
331,134,55,26
331,136,54,25
331,135,55,26
331,135,55,25
332,135,54,25
332,135,55,25
332,136,55,25
330,134,55,26
332,135,55,25
331,135,54,26
332,136,54,25
331,135,55,25
332,135,55,25
331,136,54,25
331,136,55,24
332,135,55,25
331,136,54,25
332,135,55,25
332,136,54,25
331,135,55,26
332,135,55,25
331,136,55,25
332,135,55,25
331,135,55,25
332,136,55,25
333,135,54,25
332,136,55,24
332,136,55,25
331,136,54,25
331,135,55,25
331,135,55,25
331,136,55,25
332,135,55,25
331,135,55,25
331,135,55,25
331,134,55,26
330,136,55,24
331,135,55,25
330,135,55,25
329,136,56,25
329,135,55,25
329,134,56,26
328,135,55,25
328,135,56,25
328,135,56,26
329,136,56,24
327,136,55,25
327,134,56,26
326,136,56,25
326,135,55,26
326,135,55,26
327,135,55,25
325,135,55,26
325,135,54,26
325,135,53,26
328,135,51,25
325,135,52,26
327,136,50,25
325,135,50,26
324,135,52,26
323,137,53,25
321,136,52,26
321,136,52,27
321,135,53,27
321,136,52,26
321,136,51,26
320,135,51,26
322,135,48,27
321,136,48,26
322,135,46,27
322,135,45,27
323,136,44,26
323,137,42,25
324,137,41,25
320,136,43,26
320,137,43,25
318,137,44,25
320,137,41,26
315,136,46,27
316,136,45,28
314,137,45,28
314,136,45,28
314,137,44,27
313,137,43,27
313,138,42,28
314,136,42,29
312,137,42,28
311,137,42,28
313,138,40,28
313,135,37,30
311,136,39,29
310,136,39,30
313,138,37,27
312,136,37,29
313,138,38,28
313,138,37,28
313,138,36,27
313,139,37,28
314,140,36,27
314,139,35,27
315,140,35,26
315,140,34,26
315,141,34,26
315,138,34,27
314,140,34,27
315,140,34,26
316,140,34,26
315,141,34,26
317,140,34,26
317,140,34,26
317,141,34,26
318,140,33,26
318,142,34,26
318,141,34,26
318,141,34,27
318,141,34,27
319,141,35,26
319,141,36,28
319,140,35,28
319,141,35,28
320,140,36,30
320,140,35,30
319,141,36,29
320,140,36,29
319,141,37,30
319,141,36,29
319,141,37,29
320,141,37,29
319,140,37,31
320,140,37,29
320,140,38,29
320,141,38,29
319,142,38,29
322,142,37,28
320,142,37,27
321,141,38,28
322,142,40,30
321,141,40,29
322,142,38,30
322,142,38,31
324,142,37,30
321,141,38,29
324,141,36,30
324,141,36,28
325,142,36,30
322,142,37,29
325,141,37,31
324,142,37,31
324,141,36,31
326,142,37,30
324,142,38,29
326,143,37,31
325,143,38,29
326,144,38,29
328,144,37,28
328,145,37,28
331,145,34,26
329,144,37,29
329,146,37,27
330,146,37,26
330,145,37,28
330,145,36,28
331,148,37,25
329,144,40,30
331,146,39,29
330,145,38,30
331,146,39,29
332,146,39,29
332,144,40,30
331,145,40,29
332,146,39,29
332,146,41,29
332,147,41,28
334,146,40,29
332,145,42,29
333,145,42,30
332,146,43,29
335,147,41,29
334,146,42,29
333,146,44,30
335,145,43,30
333,147,44,29
335,146,43,30
334,146,43,30
335,147,43,29
333,148,45,29
334,148,45,30
336,146,44,32
336,146,45,31
335,148,45,30
335,147,45,30
335,150,46,29
337,148,45,31
336,146,47,33
335,148,48,31
337,149,46,31
336,147,47,32
337,151,47,29
333,148,51,32
337,145,48,34
337,149,48,30
336,148,49,31
339,150,47,31
340,148,47,32
341,150,47,30
343,150,45,30
344,149,45,31
341,150,49,31
346,151,43,31
337,151,53,31
338,150,54,31
347,152,43,31
347,150,45,31
338,152,54,30
348,151,44,31
351,152,42,31
351,152,42,31
353,152,42,31
353,152,42,30
353,152,41,30
354,152,42,31
352,152,44,31
352,153,45,31
353,153,45,31
355,152,42,31
355,152,43,32
355,153,44,31
355,153,44,31
355,154,44,31
356,154,44,31
358,153,42,31
357,154,44,31
357,153,44,32
356,153,45,32
358,153,45,33
359,154,44,32
358,154,45,32
360,154,43,32
361,153,43,32
361,154,44,32
361,154,44,33
362,154,43,33
362,154,43,32
362,155,44,32
363,156,44,32
364,156,43,32
364,156,43,32
364,154,43,33
365,156,44,32
366,155,43,33
365,155,44,33
366,155,44,34
365,156,45,33
367,155,44,33
367,156,45,33
368,156,45,34
368,157,46,33
368,157,46,33
369,157,46,33
369,157,46,33
370,158,46,34
370,158,46,33
371,159,46,33
372,159,46,33
372,159,47,33
372,159,48,33
373,159,47,33
374,159,47,34
374,160,48,34
376,160,47,33
375,159,48,34
376,160,47,33
377,160,48,34
377,160,48,33
378,161,48,34
379,162,48,33
380,161,48,34
380,161,48,34
380,161,49,34
382,162,49,35
383,162,49,34
383,162,49,35
384,162,49,35
384,163,49,34
385,162,49,34
385,162,49,34
387,163,49,35
388,164,49,35
389,163,49,36
389,163,50,36
390,164,49,35
390,165,50,36
391,165,50,36
392,165,49,36
393,166,50,35
394,166,49,36
394,165,51,37
394,166,51,36
396,166,50,37
396,167,50,37
397,167,50,37
397,166,51,37
399,166,50,37
398,168,52,38
400,167,50,37
399,167,51,37
402,169,51,38
401,169,51,37
402,169,51,37
402,169,52,38
403,169,52,38
404,169,51,38
405,170,52,38
406,170,52,39
405,170,53,39
406,171,52,39
406,171,52,39
408,172,52,39
408,172,52,39
409,172,51,39
409,172,51,39
411,172,52,40
410,172,53,40
411,174,52,40
411,173,53,40
413,174,53,41
413,173,53,41
413,174,53,41
414,174,53,41
414,173,53,42
415,176,53,42
415,175,53,42
416,176,53,42
416,175,54,42
417,176,54,42
417,176,55,44
418,177,55,43
418,176,55,43
419,176,54,44
419,177,55,44
420,179,55,43
420,180,55,42
421,180,55,43
422,181,55,42
422,180,55,42
422,182,56,42
423,181,56,42
424,181,56,43
424,182,56,43
425,182,56,43
426,182,56,44
427,183,56,44
427,184,57,44
427,184,57,44
429,185,57,45
428,185,58,44
429,185,58,45
429,185,59,45
431,186,58,45
431,187,59,45
431,187,59,46
433,188,59,46
433,187,59,45
434,188,60,46
434,188,60,47
435,189,60,47
436,191,61,47
437,190,61,47
438,190,61,48
439,191,61,48
440,192,62,48
440,192,62,48
440,193,63,49
442,192,62,50
442,194,63,49
442,194,63,49
444,195,63,51
444,194,63,51
444,196,64,51
446,197,64,51
446,197,64,51
447,197,64,51
448,198,65,52
447,199,65,51
449,198,64,52
450,200,65,52
450,200,65,53
450,200,65,52
451,203,66,52
452,202,65,53
452,203,67,54
452,203,66,54
454,203,67,56
453,204,67,55
454,204,66,55
454,205,68,55
454,207,68,56
455,207,68,56
456,208,68,57
456,208,68,57
455,209,70,57
456,210,70,58
456,211,70,58
455,212,72,58
457,212,70,59
455,213,73,59
454,214,73,60
456,214,72,60
454,216,73,60
454,216,73,61
454,216,73,62
453,218,74,61
453,218,75,62
452,219,75,63
452,220,75,63
451,222,76,64
450,221,77,64
450,222,77,65
449,224,78,65
449,224,77,65
448,224,79,66
446,226,79,66
445,226,80,68
444,227,80,68
443,229,82,68
441,230,82,69
440,231,82,69
438,232,83,69
438,233,82,70
437,233,83,70
435,236,85,70
433,236,84,71
433,238,86,71
430,239,86,72
429,240,88,72
426,241,88,73
425,242,90,73
422,244,90,74
420,245,92,74
419,246,92,75
416,247,93,75
414,249,94,76
414,248,94,77
411,252,95,76
409,253,96,77
407,253,96,77
405,254,97,78
403,255,98,80
401,256,99,80
399,257,100,81
397,261,99,80
395,261,101,82
393,262,101,82
390,263,102,84
387,264,104,85
384,268,104,84
383,268,105,86
378,270,106,87
376,271,109,88
373,274,107,88
370,274,111,90
368,275,111,91
365,279,112,90
362,280,114,92
359,281,115,93
356,283,115,93
353,284,117,95
351,285,118,96
345,288,120,97
343,289,122,98
340,291,122,97
336,292,123,99
332,294,125,100
329,294,127,102
324,298,128,102
321,301,130,102
317,302,132,103
311,304,134,105
308,305,134,106
301,308,137,109
298,310,140,109
295,312,141,108
287,315,144,111
285,316,145,112
279,318,147,112
271,320,151,115
267,322,153,115
263,325,154,115
254,327,158,120
250,329,161,119
245,329,162,123
235,333,165,124
