0.020488
0.050236
0.025481
0.051249
0.035809
0.022094
0.025703
0.036952
0.069652
0.026872
0.019079
0.017403
0.020437
0.020489
0.023977
0.054747
0.022739
0.031892
0.027513
0.049422
0.066020
0.026482
0.019062
0.019860
0.018922
0.023647
0.072770
0.040461
0.019219
0.064517
0.054229
0.023597
0.019486
0.020195
0.021501
0.050522
0.023165
0.023770
0.024267
0.034684
0.027345
0.077302
0.049642
0.051619
0.019323
0.019141
0.024267
0.032216
0.036488
0.063708
0.020262
0.046736
0.028907
0.063225
0.025182
0.025622
0.033037
0.030849
0.025461
0.029975
0.034539
0.056269
0.058809
0.021968
0.027475
0.020026
0.030882
0.075401
0.029605
0.057660
0.024427
0.053446
0.025184
0.021195
0.020366
0.020526
0.018615
0.020166
0.024150
0.061041
0.034164
0.023643
0.046587
0.038486
0.050507
0.029666
0.022802
0.029873
0.064284
0.028783
0.021408
0.034679
0.028621
0.052154
0.028039
0.018629
0.044938
0.049335
0.032445
0.033556
0.071432
0.027601
0.028091
0.020593
0.019818
0.018303
0.022255
0.064526
0.026903
0.032568
0.018576
0.085445
0.023396
0.019125
0.019957
0.027047
0.022310
0.023545
0.078533
0.033959
0.056995
0.050051
0.022747
0.020775
0.018767
0.020545
0.030833
0.025423
0.036977
0.038583
0.061855
0.072798
0.026535
0.022302
0.018858
0.019321
0.018678
0.029357
0.032273
0.022468
0.037575
0.032199
0.020918
0.059184
0.036924
0.020547
0.019939
0.020530
0.018358
0.018011
0.025367
0.048301
0.035259
0.031797
0.043012
0.020369
0.022636
0.018607
0.017973
0.017673
0.022366
0.061064
0.019113
0.027973
0.031892
0.026344
0.076939
0.048949
0.018340
0.019990
0.019103
0.026396
0.056891
0.037587
0.019328
0.063910
0.022404
0.049771
0.018153
0.019248
0.022520
0.015443
0.023730
0.019058
0.025132
0.067314
0.061912
0.020456
0.018289
0.021637
0.030152
0.074493
0.023230
0.032022
0.020261
0.080268
0.034124
0.026276
0.019427
0.019631
0.020109
0.038929
0.049245
0.028893
0.039100
0.026085
0.042535
0.042610
0.021448
0.020275
0.036157
0.084456
0.023747
0.039512
0.021434
0.074604
0.020470
0.019914
0.030520
0.048326
0.037718
0.020250
0.027113
0.025732
0.045088
0.022776
0.024137
0.025485
0.024424
0.027894
0.045466
0.019944
0.050956
0.041245
0.075498
0.027775
0.025725
0.033900
0.063049
0.023297
0.031771
0.033756
0.025745
0.020742
0.039086
0.025864
0.023594
0.019611
0.033414
0.077293
0.020141
0.023124
0.019797
0.023555
