338,84,44,31
334,83,45,31
332,83,45,31
329,85,45,31
325,85,46,31
324,85,45,32
321,85,45,32
319,86,45,32
316,86,45,32
313,87,45,33
311,87,46,33
308,88,46,33
304,88,47,33
301,89,46,33
298,90,47,33
294,90,48,33
292,91,47,33
290,90,47,34
287,92,48,34
275,94,49,35
269,96,49,35
266,96,50,35
264,96,50,36
261,97,51,36
257,97,51,37
255,98,52,36
251,99,53,36
250,99,52,36
246,99,53,37
241,101,54,37
240,101,53,37
236,102,54,37
234,102,54,37
229,103,55,37
226,104,55,37
224,104,55,38
220,105,57,39
216,107,57,38
214,107,57,39
209,107,58,40
209,108,57,39
202,109,59,40
197,111,59,40
195,111,59,40
191,112,59,40
184,113,62,41
182,114,62,41
181,115,62,41
178,116,61,40
174,117,63,40
169,117,64,40
170,117,60,42
167,117,60,42
164,119,60,42
160,121,61,42
155,122,62,42
151,121,64,43
150,123,61,43
145,123,64,44
145,124,61,44
139,125,65,44
130,128,64,46
121,129,69,48
107,131,80,51
106,132,79,51
110,133,73,51
106,134,72,53
100,134,78,54
97,135,80,55
95,134,80,57
102,136,72,56
96,137,78,56
94,138,77,58
93,139,78,57
91,143,77,64
98,142,71,54
92,143,74,58
93,146,74,73
92,147,75,101
90,148,77,99
92,150,78,103
91,149,76,102
92,153,78,104
91,150,77,105
91,155,79,98
92,152,80,110
92,156,80,108
91,153,81,106
91,157,82,103
92,159,84,108
91,162,86,72
93,160,83,107
95,172,88,70
97,169,91,78
99,171,91,110
98,169,95,121
100,172,96,122
100,171,97,126
103,175,97,124
101,172,98,127
103,177,98,126
104,176,101,129
105,177,100,130
108,182,101,129
110,181,103,133
110,180,104,136
112,183,104,136
115,185,105,136
117,188,106,86
137,191,113,81
142,196,118,80
151,199,123,83
143,201,135,83
162,205,129,85
173,204,126,88
177,209,128,84
191,211,122,87
203,212,120,91
211,216,121,91
215,216,123,92
223,220,127,93
208,224,151,96
227,224,140,96
228,228,154,98
230,232,165,99
214,236,183,98
264,236,144,99
182,252,153,163
265,240,170,107
292,245,152,107
340,262,160,111
362,270,172,119
376,278,178,122
393,281,181,124
400,283,186,128
416,290,188,131
427,290,186,136
266,303,208,155
273,304,217,155
283,310,222,149
291,315,226,144
298,319,244,139
304,326,230,133
317,326,223,133
320,327,256,132
334,332,292,127
344,329,285,130
