176,113,46,35
177,113,46,35
177,113,45,35
179,114,44,35
180,114,43,34
180,115,43,35
181,114,43,35
181,114,43,36
182,115,42,36
180,116,44,36
182,115,42,36
182,116,43,37
183,117,42,38
182,117,42,37
183,118,43,38
183,117,43,38
182,118,43,38
181,118,44,39
181,119,44,39
180,118,45,39
183,119,43,40
182,119,43,40
182,120,44,40
181,120,45,40
181,121,45,40
182,120,45,40
181,121,45,41
182,122,46,41
181,122,46,41
181,122,47,41
181,123,47,40
180,122,47,41
180,125,48,41
180,123,48,41
179,124,48,42
178,125,49,42
177,125,52,42
177,125,51,42
177,126,52,43
179,126,51,44
180,127,48,43
181,127,48,43
180,127,48,43
180,128,50,44
181,128,48,44
180,129,50,43
181,129,48,44
180,130,49,44
179,130,52,44
181,131,49,44
180,131,51,44
179,130,52,45
181,132,50,44
245,115,45,38
245,116,43,38
244,115,44,38
244,115,44,38
245,116,44,38
244,115,43,38
184,137,48,41
179,134,55,45
245,114,47,40
245,117,43,38
245,116,43,37
245,116,43,38
245,116,44,38
245,116,42,37
245,116,43,38
245,115,44,38
244,115,43,39
245,115,43,38
245,115,44,38
244,115,43,38
244,116,44,38
244,116,43,38
245,116,43,37
245,116,43,38
244,115,43,38
244,116,43,38
244,116,43,37
244,116,43,38
244,116,42,37
244,115,43,38
244,116,43,38
244,116,43,38
245,115,42,38
245,116,43,38
245,116,44,38
244,116,44,38
244,115,43,38
195,151,59,51
195,153,60,51
244,114,49,41
196,154,59,50
244,115,47,40
245,115,41,38
245,115,44,38
245,115,43,38
245,116,44,38
245,115,44,38
245,115,43,37
244,116,44,38
244,115,43,37
245,116,42,38
245,116,42,38
245,115,43,38
245,116,43,38
245,116,43,38
245,116,43,38
245,115,43,37
245,116,42,38
245,116,43,37
245,116,44,38
245,116,42,38
245,116,42,38
244,116,44,38
245,116,43,37
245,116,44,38
244,116,43,38
245,116,43,37
245,116,43,38
245,115,44,37
246,116,43,38
245,115,43,37
245,116,45,39
245,116,43,38
245,116,44,38
245,116,43,38
245,116,43,38
245,116,44,38
245,116,44,38
245,115,44,38
246,116,44,39
246,115,42,37
246,116,43,38
245,116,42,38
245,116,43,38
245,116,44,38
245,115,43,38
245,116,44,38
245,116,44,38
245,116,43,37
245,116,44,38
245,116,43,37
246,116,43,38
245,115,43,38
245,116,44,38
245,115,43,38
245,116,44,38
245,115,43,38
246,116,44,38
245,115,43,37
245,116,45,38
245,116,43,37
245,115,44,39
245,116,43,37
244,115,44,38
246,115,44,38
245,116,43,38
245,115,43,37
245,116,44,38
245,116,43,37
244,115,44,38
245,116,45,38
245,116,42,37
245,115,43,38
245,116,44,38
245,115,43,37
245,116,43,38
244,116,44,38
245,116,43,38
245,116,44,38
244,116,44,37
245,116,43,37
246,116,44,38
246,115,42,38
246,116,43,38
245,116,44,38
245,116,44,38
245,116,44,38
245,116,44,37
245,116,44,38
245,115,42,37
245,117,42,38
245,115,44,38
245,115,43,37
245,116,43,38
244,116,44,38
245,116,43,38
245,116,44,38
244,115,44,38
244,115,43,38
245,116,43,38
245,116,43,37
245,116,43,37
245,116,44,38
245,116,44,38
244,115,44,38
245,115,44,38
245,116,43,38
245,116,44,37
244,116,44,38
245,116,43,38
245,116,44,37
245,116,44,38
245,116,43,37
245,115,43,37
245,116,43,38
245,115,43,37
245,115,43,38
