0.022543
0.025332
0.019328
0.036214
0.024076
0.044794
0.022205
0.018267
0.065556
0.019713
0.018400
0.017293
0.028688
0.029571
0.036620
0.021900
0.074385
0.075958
0.023130
0.017224
0.018905
0.019614
0.019301
0.040718
0.027584
0.022736
0.038252
0.028075
0.053798
0.066982
0.022528
0.029730
0.030368
0.047427
0.036232
0.032671
0.086777
0.082031
0.020867
0.018243
0.024182
0.023929
0.018337
0.044557
0.046782
0.063766
0.018732
0.019858
0.020499
0.062487
0.023320
0.032823
0.018420
0.087861
0.057457
0.021490
0.021552
0.018410
0.018442
0.024196
0.060225
0.022388
0.021993
0.032927
0.023148
0.089905
0.036963
0.019541
0.017263
0.016950
0.018490
0.021796
0.076121
0.022307
0.024405
0.032353
0.043121
0.052304
0.019769
0.020006
0.018734
0.020366
0.032605
0.032813
0.032678
0.023614
0.023473
0.071303
0.033762
0.018537
0.020092
0.019089
0.020202
0.063954
0.038682
0.020447
0.046884
0.036631
0.035841
0.021586
0.018354
0.017917
0.017140
0.018237
0.018023
0.025043
0.052672
0.039072
0.019122
0.036712
0.020264
0.046743
0.018264
0.018358
0.017691
0.023672
0.067767
0.032732
0.022758
0.052691
0.028973
0.053373
0.023096
0.025985
0.021438
0.037998
0.058690
0.019316
0.034504
0.052346
0.074489
0.018621
0.018513
0.019233
0.018719
0.050285
0.022957
0.025740
0.032071
0.016671
0.034760
0.061982
0.019036
0.016898
0.035540
0.035394
0.035367
0.018168
0.034081
0.026110
0.056628
0.074494
0.023516
0.066616
0.028801
0.020268
0.017256
0.024997
0.076634
0.026895
0.018593
0.046551
0.021008
0.073704
0.021218
0.020610
0.068261
0.078826
0.067343
0.020784
0.018388
0.019922
0.069508
0.031130
0.030405
0.023922
0.033362
0.061303
0.063181
0.043968
0.105267
0.024359
0.022305
0.025449
0.040272
0.049029
0.076934
0.045378
0.046961
0.019868
0.022540
0.017972
0.024035
0.025075
0.061772
0.095973
0.031678
0.019300
0.057337
0.021341
0.018048
0.023210
0.022921
0.020573
0.028973
0.039790
0.054612
0.032513
0.036321
0.067101
0.021875
0.019002
0.038368
0.066932
0.045751
0.057926
0.017904
0.017387
0.033427
0.016630
0.063705
0.023793
0.025217
0.033886
0.019212
0.079078
0.023796
0.018195
0.019328
0.018374
0.017267
0.052952
0.045523
0.028273
0.032520
0.056274
0.068105
0.019917
0.017437
0.021881
0.018330
0.060566
0.037910
0.022500
0.048811
0.050935
0.023158
0.023276
0.016565
0.033921
0.037331
0.051569
0.020034
0.033309
0.027947
0.054225
0.056189
0.048121
0.019763
0.017479
0.017816
0.021147
0.061077
0.022285
0.031793
0.031554
0.061132
0.055112
0.047154
0.019200
0.019747
0.021984
0.021261
0.037353
0.033330
0.017060
0.034274
0.020548
0.075338
0.019100
0.024166
0.019261
0.020518
0.042027
0.035758
0.024963
0.024149
0.020586
0.037603
0.059937
0.040066
0.036114
0.054953
0.021954
0.030904
0.018919
0.023263
0.031514
0.062567
0.047682
0.023747
0.022153
0.048595
0.016880
0.022294
0.025806
0.030957
0.033174
0.025512
0.057613
0.075547
0.037617
0.020629
0.020782
0.017673
0.026967
0.056159
0.020303
0.035206
0.024454
0.057320
0.055448
0.020393
0.037468
0.021141
0.098001
0.035383
0.033677
0.020457
0.076526
0.056461
0.025143
0.020561
0.019032
0.070236
0.026632
0.025917
0.035584
0.034152
0.070438
0.039338
0.022695
0.035539
0.019450
0.060130
0.025051
0.017200
0.036822
0.022376
0.066023
0.030530
0.018280
0.019610
0.019449
0.016354
0.026021
0.047822
0.033702
0.019504
0.042662
0.054447
0.023130
0.021044
0.017827
0.020643
0.019289
0.065420
0.032718
0.030944
0.021969
0.066847
0.048287
0.018785
0.025378
0.020157
0.026115
0.068008
0.026497
0.034245
0.027988
0.041747
0.064729
0.032336
0.024746
0.021802
0.029716
0.028724
0.049704
0.022689
0.069601
0.055766
0.022215
0.018976
0.019538
0.020578
0.026398
0.046622
0.026362
0.021375
0.031429
0.078809
0.071262
0.025029
0.020170
0.066083
0.027624
0.027406
0.021794
0.033812
0.088315
0.039703
0.037685
0.023403
0.018353
0.028739
