0.010854
0.029772
0.045843
0.044852
0.022281
0.020489
0.036592
0.061893
0.028352
0.023264
0.067066
0.019576
0.018336
0.020344
0.022040
0.029036
0.066373
0.036818
0.033916
0.055447
0.045377
0.042585
0.022920
0.018558
0.050605
0.022675
0.026314
0.032996
0.021324
0.079545
0.054315
0.029046
0.022344
0.020698
0.043042
0.038778
0.022570
0.034708
0.049703
0.035232
0.028362
0.017746
0.022032
0.048506
0.033132
0.020260
0.032351
0.057391
0.070517
0.028600
0.021821
0.018608
0.021873
0.067710
0.031055
0.018005
0.055907
0.049962
0.020446
0.021425
0.020470
0.023167
0.017335
0.025490
0.023630
0.027580
0.029438
0.031860
0.035054
0.050809
0.070470
0.019359
0.021928
0.022249
0.018057
0.030103
0.033590
0.026693
0.032073
0.026048
0.078632
0.055222
0.028483
0.018268
0.037205
0.017493
0.045809
0.057405
0.018528
0.031179
0.030228
0.074336
0.076796
0.021923
0.021629
0.057539
0.028895
0.019558
0.022082
0.021583
0.039594
0.036682
0.017551
0.050723
0.044759
0.051985
0.028963
0.019082
0.017530
0.050238
0.039630
0.032707
0.026046
0.032654
0.088364
0.030539
0.022258
0.019594
0.018277
0.027136
0.024464
0.020095
0.023320
0.018134
0.032241
0.030195
0.056929
0.026183
0.020965
0.021211
0.035560
0.021695
0.033465
0.036977
0.077572
0.024869
0.023025
0.075998
0.018613
0.018115
0.031055
0.020028
0.021027
0.031768
0.054339
0.054199
0.020562
0.030517
0.056828
0.026902
0.020106
0.019488
0.026037
0.032715
0.036413
0.044267
0.030217
0.053686
0.017697
0.018018
0.023464
0.018195
0.021402
0.058006
0.019608
0.026216
0.032290
0.021709
0.049318
0.019661
0.091674
0.029630
0.023962
0.023883
0.016039
0.032103
0.039945
0.069953
0.028083
0.023438
0.020460
0.025557
0.026485
0.073160
0.028813
0.058040
0.029757
0.075981
0.024363
0.033098
0.026464
0.020708
0.018061
0.022886
0.053990
0.029498
0.070628
0.057677
0.034521
0.017478
0.018906
0.019528
0.052921
0.022560
0.022251
0.018420
0.019634
0.032156
0.027038
0.068139
0.024210
0.017862
0.017272
0.017997
0.019578
0.067451
0.028032
0.017504
0.029596
0.032378
0.020570
0.028488
0.029422
0.021318
0.018035
0.032530
0.019018
0.038715
0.026983
0.019886
0.033681
0.024928
0.047495
0.069758
0.024675
0.017829
0.017340
0.021703
0.016071
0.024014
0.017405
0.038380
0.037961
0.021174
0.018915
0.045711
0.065688
0.029081
0.019282
0.016510
0.018213
0.020599
0.034155
0.028459
0.049155
0.033294
0.017803
0.059548
0.057342
0.034701
0.021585
0.018302
0.019865
0.030102
0.074754
0.019017
0.026689
