0.020228
0.020223
0.024018
0.052368
0.018875
0.019239
0.036992
0.091887
0.037073
0.027032
0.018299
0.017303
0.039697
0.042547
0.021813
0.020613
0.035695
0.063878
0.066045
0.025997
0.018156
0.063341
0.039680
0.021837
0.018025
0.016749
0.024249
0.033537
0.040617
0.031388
0.022808
0.063918
0.054154
0.030487
0.020156
0.018482
0.016518
0.019117
0.018696
0.043113
0.032011
0.025454
0.034080
0.018085
0.038955
0.029172
0.021531
0.027075
0.019966
0.033092
0.018703
0.036730
0.042948
0.027334
0.018230
0.056408
0.025320
0.052022
0.032526
0.017558
0.017956
0.016145
0.055465
0.031982
0.018957
0.070793
0.037312
0.024855
0.018508
0.023314
0.018672
0.022487
0.019733
0.073739
0.021311
0.078444
0.080532
0.018254
0.019780
0.017457
0.017807
0.018569
0.026735
0.050656
0.034792
0.022909
0.019457
0.079330
0.041568
0.018351
0.018134
0.022546
0.016786
0.024333
0.068931
0.033151
0.088516
0.077008
0.019037
0.019366
0.025405
0.019514
0.040817
0.067121
0.033374
0.022219
0.069244
0.037915
0.020266
0.019930
0.019689
0.018977
0.060863
0.036194
0.033475
0.020373
0.043179
0.056052
0.033669
0.021802
0.019543
0.025660
0.023474
0.062017
0.034638
0.031877
0.058336
0.026654
0.020607
0.054335
0.019573
0.019426
0.036311
0.026158
0.018861
0.074747
0.080143
0.023780
0.017926
0.017098
0.017267
0.058886
0.019572
0.027969
0.072346
0.072171
0.029078
0.022188
0.079609
0.018976
0.018617
0.020885
0.025238
0.025934
0.048913
0.033628
0.021062
0.053630
0.043645
0.021377
0.019488
0.019116
0.018915
0.019617
0.061561
0.048512
0.029280
0.031846
0.030280
0.031390
0.019026
0.022660
0.026940
0.027899
0.076066
0.071205
0.024134
0.048400
0.021736
0.020320
