73,271,35,82
74,268,33,90
74,269,34,89
73,269,34,87
73,267,36,89
73,263,36,88
75,265,36,89
75,263,35,92
75,263,35,91
75,266,37,87
76,262,36,85
76,261,35,88
110,247,35,104
109,247,37,104
109,243,36,108
114,251,38,99
111,255,41,93
106,253,37,95
131,251,40,101
125,252,42,98
112,247,37,103
112,249,38,100
114,248,38,101
118,252,38,96
115,249,37,98
79,261,30,83
130,250,36,97
74,257,31,84
76,255,30,85
74,255,31,85
118,248,33,96
122,239,36,104
121,243,39,101
124,246,39,96
118,240,38,101
123,244,38,95
121,243,37,98
116,238,36,102
124,240,37,99
111,234,33,102
116,241,37,95
121,240,39,97
114,238,35,98
118,242,36,94
114,236,34,102
114,240,35,98
109,230,34,105
110,234,39,100
109,233,36,101
110,234,38,101
108,233,35,98
108,228,36,100
112,234,37,96
102,226,34,103
107,233,35,93
105,229,36,101
105,229,38,99
104,229,38,100
101,227,38,102
103,226,37,101
101,224,35,99
105,228,37,99
100,224,35,101
100,226,35,98
101,221,36,98
104,229,37,90
100,220,36,97
101,225,36,94
105,222,36,97
103,224,36,95
102,223,36,96
103,222,36,96
101,221,36,97
100,219,36,98
102,223,36,94
100,222,35,93
102,219,36,97
101,221,35,91
100,220,36,94
100,220,36,92
101,219,37,92
101,218,37,94
101,217,37,92
100,217,36,96
99,215,37,94
100,218,37,89
100,221,35,86
99,217,35,92
96,223,35,83
99,213,35,94
97,216,36,89
97,221,35,85
98,216,33,89
97,217,34,87
95,219,34,82
97,212,34,89
98,218,33,84
99,212,34,95
100,211,34,91
98,212,35,90
99,215,34,86
102,208,34,95
99,212,35,89
99,214,33,88
101,209,33,94
96,217,35,84
101,208,32,90
99,210,35,90
98,210,36,89
98,210,36,89
99,213,33,81
100,207,33,90
99,208,34,89
101,203,34,93
101,207,34,90
101,207,34,88
99,206,31,87
100,205,30,89
100,204,31,89
97,204,32,88
105,209,31,85
103,210,30,79
79,220,29,70
85,212,29,76
101,208,29,81
98,207,29,82
97,205,26,82
80,216,30,71
103,204,27,87
80,212,29,74
101,203,29,85
76,212,30,73
106,204,33,88
97,202,25,84
105,205,28,81
105,202,30,84
106,202,29,83
84,205,28,77
70,211,29,71
80,206,28,77
103,201,30,85
106,199,30,84
102,202,32,81
102,201,30,83
64,202,27,76
63,200,27,85
62,202,25,75
59,201,26,79
70,194,35,84
57,203,29,71
66,194,31,80
103,190,33,88
102,192,36,88
101,191,36,88
100,192,36,85
65,189,32,83
104,195,33,84
101,192,34,86
60,191,33,80
67,191,32,82
104,191,33,85
98,187,36,88
46,190,29,77
104,186,31,91
102,181,36,93
43,192,28,74
46,197,25,70
46,194,29,72
44,198,28,73
45,195,27,70
44,195,30,71
70,189,31,82
43,196,28,70
43,193,28,74
42,194,28,73
44,194,28,68
45,195,27,70
46,191,29,69
44,190,30,74
101,183,34,90
44,192,28,70
104,187,31,82
41,194,27,68
43,192,27,71
42,192,28,69
42,192,27,70
43,192,27,72
42,191,26,69
45,193,25,66
48,184,28,77
73,180,32,82
45,190,28,69
45,184,34,70
44,191,28,67
45,189,27,67
45,193,27,63
43,189,29,67
47,189,29,66
45,186,29,73
50,183,31,71
46,191,29,72
46,190,27,63
78,179,31,80
107,181,34,82
104,180,34,80
113,182,34,81
111,179,31,80
109,180,31,79
111,176,34,83
114,181,33,78
114,179,31,80
115,179,29,80
116,179,33,81
109,181,32,76
76,173,29,77
76,175,30,79
55,179,25,70
76,174,31,79
52,181,25,68
54,182,26,70
50,160,27,86
50,180,25,68
54,182,22,65
53,173,23,74
50,176,24,71
73,173,31,76
50,154,24,93
71,172,32,74
70,172,32,78
71,174,31,75
66,175,33,71
53,171,25,72
69,172,35,76
74,172,30,73
62,170,33,82
52,169,25,76
51,169,26,78
74,172,30,74
53,165,25,83
53,167,23,79
53,166,26,80
53,167,26,76
53,161,24,81
74,170,29,72
53,170,27,78
52,158,26,84
75,167,28,75
66,166,33,76
55,160,27,77
81,165,25,75
64,175,24,62
56,165,28,78
61,170,27,68
78,173,28,73
59,165,30,75
81,172,28,71
85,163,28,74
66,176,24,63
60,172,30,73
66,178,26,60
63,176,29,65
88,164,28,70
63,174,29,64
89,161,29,77
62,172,30,68
92,166,27,73
67,176,26,61
66,174,26,66
62,170,29,66
117,169,32,72
92,163,29,77
68,174,25,64
119,166,33,74
91,164,29,72
68,173,25,63
67,172,25,64
67,167,28,68
67,172,26,65
91,161,28,72
64,173,28,65
51,156,26,77
67,171,28,64
63,169,31,69
67,169,32,68
67,173,28,65
67,172,25,65
95,162,26,71
71,173,24,65
92,162,29,73
68,174,25,65
120,162,31,73
69,173,28,62
94,163,26,71
68,174,29,62
94,161,26,72
92,165,29,68
89,164,30,72
66,171,28,65
65,171,27,67
95,159,25,72
93,159,26,75
91,162,27,72
91,161,29,73
67,173,26,63
93,163,27,69
92,159,26,74
67,174,26,62
94,161,24,72
92,161,25,72
68,173,26,62
94,161,25,70
93,160,26,74
87,166,29,67
68,174,26,62
120,162,28,72
114,161,29,72
68,174,26,62
93,163,26,69
92,159,26,74
69,172,25,62
64,169,29,64
68,174,27,60
69,171,25,64
94,158,25,75
92,157,26,75
91,158,27,73
65,168,28,65
63,168,30,69
68,175,26,62
67,171,26,63
66,173,26,63
68,171,25,65
93,160,26,74
91,161,27,72
68,172,26,64
69,172,26,64
94,160,26,72
92,163,26,71
91,161,27,73
87,163,28,71
94,161,27,73
91,160,27,75
89,165,26,69
70,174,25,60
93,163,25,70
91,166,27,67
71,173,25,64
92,160,27,73
69,171,26,65
68,171,27,64
66,169,27,64
67,165,28,67
65,171,27,62
93,162,24,72
67,171,26,63
65,168,26,66
57,161,25,71
88,160,28,71
61,166,28,67
70,170,24,63
68,173,24,61
85,162,28,70
71,169,25,64
89,158,29,73
67,164,27,70
67,170,26,64
71,167,28,66
68,168,27,63
88,160,27,71
90,158,30,75
66,169,26,64
89,161,28,72
66,171,26,60
66,165,33,63
66,170,27,60
64,168,27,64
61,164,31,68
61,168,29,65
60,165,23,64
64,168,27,65
52,156,24,75
64,169,26,66
59,162,29,71
86,159,27,69
60,162,28,68
64,164,25,62
57,160,27,70
62,163,25,68
58,163,26,65
63,168,25,59
55,159,26,72
60,160,24,68
59,160,27,70
57,161,27,68
57,159,28,69
56,157,26,67
52,155,29,74
51,154,27,74
55,158,27,67
50,153,30,70
117,154,31,74
117,155,31,73
116,154,32,75
115,157,31,71
87,151,27,74
51,154,27,70
51,155,24,67
83,153,28,69
116,153,30,70
118,153,31,73
117,155,32,72
110,154,30,70
115,154,32,73
107,152,35,74
118,156,30,70
117,154,32,71
117,155,32,70
86,148,29,75
118,156,32,69
116,153,32,71
117,152,32,71
86,149,27,73
51,154,27,66
51,154,26,66
52,155,25,65
53,154,25,65
52,155,27,67
53,152,26,69
53,154,27,66
51,154,29,66
53,154,27,67
50,155,30,67
53,155,27,65
53,155,28,66
56,153,27,65
60,159,25,61
59,160,25,58
61,158,24,60
60,158,26,60
56,156,27,61
79,146,28,69
53,153,28,65
59,158,25,60
57,158,26,59
60,155,24,62
57,156,27,61
60,156,25,59
55,153,29,63
59,156,26,61
55,153,27,62
59,156,24,57
53,155,28,62
52,154,29,64
54,153,28,58
58,154,25,56
53,152,28,67
54,155,25,62
53,153,27,62
52,153,26,65
52,153,26,61
55,147,24,65
50,136,27,71
50,150,25,65
80,140,26,65
77,135,30,74
74,130,33,72
48,149,26,65
80,144,24,62
50,149,25,54
49,150,26,54
51,152,25,52
51,150,26,55
47,150,26,62
46,149,27,57
46,152,26,55
44,139,27,66
44,145,27,61
44,149,27,60
43,155,23,52
43,152,25,59
43,149,27,64
40,152,27,58
40,150,28,61
82,141,28,64
38,149,31,63
43,151,29,64
39,148,27,61
38,152,28,58
38,148,28,60
36,151,28,58
36,149,27,56
51,150,22,58
49,151,22,56
49,153,22,57
49,150,23,58
50,151,23,55
47,143,24,59
47,146,27,61
49,148,22,55
51,148,22,54
26,152,25,52
48,145,24,58
51,146,23,54
49,147,22,53
51,145,25,58
48,146,23,54
48,150,25,49
50,147,23,52
50,139,23,56
50,145,22,50
53,146,23,52
48,145,23,55
51,142,23,55
48,142,24,55
44,143,25,52
48,140,26,60
47,140,23,55
48,141,24,53
51,141,25,53
49,143,24,55
51,142,23,54
52,143,23,51
96,104,30,59
96,119,32,81
