0.002679
0.028119
0.060523
0.026606
0.020248
0.021630
0.046265
0.060426
0.047791
0.033829
0.025222
0.025096
0.068433
0.019832
0.024529
0.034399
0.018919
0.034780
0.028947
0.019329
0.031979
0.073542
0.028251
0.034559
0.024924
0.033202
0.072504
0.033710
0.021569
0.070059
0.018744
0.018292
0.019657
0.028825
0.065619
0.032659
0.060706
0.021584
0.019324
0.072084
0.024988
0.019933
0.025407
0.018641
0.019061
0.022228
0.038545
0.037093
0.048463
0.032782
0.069281
0.018467
0.019619
0.023988
0.045730
0.065273
0.026701
0.061781
0.069258
0.020748
0.018505
0.019451
0.031638
0.025964
0.028465
0.022973
0.068206
0.051122
0.023024
0.023905
0.018458
0.016617
0.015200
0.017212
0.052793
0.035544
0.032695
0.020334
0.043223
0.061343
0.021630
0.021705
0.020301
0.047420
0.026268
0.020003
0.031986
0.020389
0.069371
0.023008
0.022361
0.016274
0.017499
0.018831
0.019365
0.073969
0.021816
0.031439
0.031146
0.068195
0.028830
0.023207
0.024673
