125,125,18,34
123,122,19,35
124,122,18,35
125,121,17,35
125,122,17,35
125,121,17,35
125,121,18,35
125,121,17,35
124,122,18,35
125,122,18,35
125,122,18,36
126,121,18,35
126,121,17,35
128,121,16,36
127,120,16,36
129,121,16,35
129,121,16,36
129,122,16,36
130,121,15,36
129,121,16,36
130,122,16,35
130,122,16,35
131,122,15,35
132,123,15,34
132,123,16,34
132,123,16,36
132,123,16,35
134,123,16,35
135,122,16,36
136,121,16,36
137,122,15,36
140,121,15,37
140,122,15,36
141,122,15,36
142,122,16,37
142,123,17,37
143,123,17,36
144,122,16,35
145,123,16,36
148,123,14,36
150,122,13,35
152,123,14,35
152,123,16,36
151,122,17,35
153,123,17,35
155,123,17,35
156,122,17,37
159,121,15,37
159,121,17,36
159,122,17,37
161,122,18,35
163,122,19,37
164,123,19,35
166,124,17,34
168,122,16,36
170,123,16,36
172,122,15,35
173,122,15,35
175,123,16,36
175,123,18,36
176,122,19,35
177,122,19,36
178,122,19,36
180,122,18,36
183,123,15,37
185,122,15,37
186,123,15,36
186,123,16,35
186,123,18,36
186,123,19,35
188,124,18,36
189,123,17,36
190,124,16,37
192,123,15,37
196,122,13,37
196,123,14,36
197,123,15,37
197,124,17,38
199,123,17,36
199,124,17,37
201,123,16,37
202,124,15,37
203,124,14,37
204,123,15,36
203,124,18,36
202,123,19,37
204,125,18,36
207,124,17,36
208,124,17,36
209,124,16,36
210,125,15,36
212,124,15,36
213,125,16,37
213,125,16,37
214,124,17,39
214,124,18,36
214,125,18,36
215,125,17,38
216,124,17,39
216,124,17,38
217,125,17,36
219,125,16,36
220,126,16,36
221,126,16,37
222,125,17,39
223,124,17,40
224,125,16,39
224,123,17,44
226,123,17,41
228,125,17,38
227,125,15,38
229,124,17,38
230,121,21,51
230,119,23,50
230,119,23,51
232,120,23,54
232,120,24,53
233,119,23,54
235,121,23,54
234,121,23,55
236,121,22,54
236,121,22,55
236,121,23,55
236,122,22,54
237,121,22,55
237,121,22,54
238,122,21,54
237,122,21,54
237,122,21,54
240,122,21,47
237,123,24,53
245,126,19,44
247,128,17,37
249,130,16,37
251,128,16,39
252,128,16,38
252,129,17,38
251,129,17,38
253,130,17,38
253,130,17,37
254,130,17,38
255,129,17,37
257,130,16,38
257,130,17,38
259,130,16,38
260,131,16,38
260,131,16,37
260,132,16,37
262,132,16,35
262,133,16,36
263,133,15,35
265,133,14,37
265,133,15,36
266,133,15,36
266,134,16,35
267,135,18,33
268,136,18,32
267,138,18,31
267,140,18,28
267,143,19,26
268,142,18,26
269,141,19,28
270,143,19,25
271,143,18,26
270,146,19,23
271,145,18,24
270,146,20,23
270,145,20,24
270,144,20,24
271,142,20,26
270,141,20,28
270,142,20,27
269,138,21,31
269,141,21,27
270,140,21,28
270,139,20,30
271,141,20,27
273,141,20,28
273,140,18,28
273,139,19,30
273,138,18,31
274,137,17,31
277,136,14,33
277,136,15,33
276,137,15,34
278,136,14,34
277,136,16,34
278,135,16,35
279,134,16,35
280,134,16,37
281,134,17,36
282,135,19,35
283,135,19,35
283,135,19,36
285,135,19,36
289,133,16,37
291,133,16,38
292,133,16,37
294,134,17,38
295,134,17,37
296,134,18,37
297,134,18,36
298,134,18,37
299,136,18,37
300,135,17,36
302,135,17,37
304,134,16,37
304,133,16,38
306,133,15,37
307,134,18,36
307,133,19,37
309,134,18,37
311,134,17,37
312,134,17,38
314,132,17,38
316,132,16,37
317,134,15,37
317,135,15,37
318,136,16,36
320,136,15,34
321,136,15,34
322,137,15,34
327,137,14,33
327,138,15,33
328,137,17,35
329,136,16,35
331,136,20,34
334,134,20,36
340,136,17,31
342,137,18,36
335,137,19,36
310,137,18,34
276,137,17,35
253,137,22,37
219,104,26,37
188,137,18,39
192,139,18,38
197,140,19,36
197,138,18,37
200,138,19,37
204,138,19,38
208,139,19,38
210,140,17,36
212,136,23,33
218,139,20,37
221,136,19,36
221,137,19,36
226,101,21,33
229,138,16,33
234,140,17,34
236,141,17,34
240,144,16,34
242,145,16,32
243,145,16,33
246,145,16,31
247,147,16,32
248,146,17,31
249,144,16,33
249,144,17,33
250,143,16,33
250,142,17,36
251,141,18,36
251,140,18,37
252,141,18,38
251,139,18,39
252,141,18,39
253,139,18,39
255,140,18,39
254,140,19,39
255,141,17,37
256,141,18,38
257,142,18,36
257,141,18,38
258,141,19,39
260,140,18,39
261,140,18,39
262,140,18,37
262,140,18,37
264,140,18,35
265,140,18,39
270,140,18,39
273,141,18,36
274,140,20,40
274,142,20,38
277,142,19,37
277,141,20,39
279,141,19,38
280,140,19,39
281,140,19,39
284,140,19,38
286,141,18,38
286,142,19,38
288,142,18,36
288,142,19,37
292,142,18,37
293,141,18,39
296,141,18,40
295,141,19,41
296,140,19,39
297,142,21,40
298,142,21,38
299,143,20,38
301,142,19,38
302,143,19,39
304,142,19,38
305,142,18,40
306,141,19,39
308,143,19,37
309,143,18,38
310,144,19,37
312,145,19,37
313,144,17,36
314,144,17,37
316,143,17,39
317,143,17,39
318,144,18,38
318,144,19,39
320,144,19,38
321,144,19,39
