0.031896
0.036677
0.020672
0.064392
0.029255
0.022540
0.017537
0.016940
0.053429
0.048897
0.031730
0.018871
0.078372
0.030444
0.021339
0.015259
0.019858
0.019160
0.035305
0.051992
0.037150
0.031170
0.018856
0.060256
0.043341
0.028801
0.022889
0.018445
0.016740
0.029824
0.043625
0.035337
0.020652
0.088380
0.067116
0.016121
0.020333
0.020139
0.024189
0.035075
0.056060
0.019050
0.037127
0.042958
0.065535
0.017730
0.017993
0.022116
0.018857
0.024590
0.052786
0.047244
0.020846
0.066288
0.020540
0.045629
0.024805
0.021570
0.081214
0.025066
0.034062
0.020537
0.081514
0.044169
0.020268
0.022771
0.049385
0.027409
0.020006
0.023478
0.033565
0.034876
0.047444
0.021124
0.019132
0.017424
0.027323
0.034589
0.095328
0.072116
0.023737
0.020686
0.022516
0.019722
0.058715
0.022630
0.024121
0.034169
0.021608
0.088384
0.022477
0.021190
0.020090
0.018296
0.020136
0.029450
0.036786
0.025436
0.032960
0.026681
0.022299
0.076389
0.049854
0.034563
0.018339
0.017468
0.027867
0.065563
0.033325
0.027249
0.054818
0.044655
0.032287
0.021683
0.021410
0.018759
0.019953
0.030160
0.032709
0.026685
0.023920
0.031752
0.024831
0.080153
0.030153
0.019742
0.023158
0.017006
0.021821
0.046290
0.035616
0.034029
0.024585
0.078789
0.063485
0.021635
0.015845
0.020053
0.020603
0.019460
0.056314
0.025062
0.035240
0.027750
0.086910
0.018894
0.017559
0.018089
0.018163
0.022632
0.061213
0.027037
0.047760
0.038490
0.019070
0.022325
0.015456
0.017047
0.019096
0.045265
0.022956
0.033909
0.021467
0.052873
0.056188
0.041019
0.019718
0.018955
0.078897
0.022812
0.023141
0.023259
0.020377
0.026065
0.048179
0.049978
0.030114
0.022118
0.064203
0.023387
0.018911
0.020734
0.017921
0.020097
0.031988
0.029155
0.055784
0.023316
0.027098
0.076394
0.022325
0.018390
0.022396
0.023525
0.021975
0.020589
0.057710
0.021102
0.021658
0.069584
0.022295
0.042449
0.051407
0.034260
0.020517
0.020737
0.036139
0.030077
0.054833
0.036138
0.057683
0.019904
0.017582
0.021162
0.031102
0.058036
0.027053
0.065624
0.020119
0.015512
0.016061
0.014966
0.018880
0.049879
0.040084
0.021746
0.027570
0.034185
0.072846
0.036373
0.025554
0.018543
0.019949
0.065874
0.033149
0.035674
0.025853
0.067051
0.044296
0.023375
0.018559
0.019099
0.020422
0.026243
0.033893
0.024644
0.033982
0.022834
0.067317
0.024350
0.021014
0.016677
0.018776
0.018521
0.035591
0.026871
0.034101
0.032524
0.018230
0.071885
0.055593
0.020176
0.016309
0.020234
0.019089
0.023071
0.028195
0.067412
0.031842
0.018607
0.065471
0.045973
0.024784
0.020919
0.025773
0.045891
0.022722
0.019520
0.021240
0.024101
0.032041
0.028074
0.051095
0.041597
0.018439
0.021342
0.062556
0.020810
0.030965
0.020021
0.047642
0.063517
0.022201
0.017753
0.049633
0.039714
0.020599
0.030939
0.080009
0.041256
0.038870
0.060209
0.021790
0.019342
0.023698
0.021139
0.018192
0.023087
0.067772
0.018790
0.050039
0.024125
0.016958
0.018078
0.017011
0.024909
0.052190
0.017631
0.022329
