0.001348
0.020966
0.033799
0.036213
0.020427
0.028995
0.078965
0.020846
0.021298
0.018440
0.017132
0.022319
0.048676
0.036626
0.020667
0.067975
0.041196
0.019264
0.020814
0.023396
0.020926
0.052124
0.036485
0.064384
0.021483
0.023438
0.056965
0.028181
0.019213
0.016912
0.031816
0.020346
0.059907
0.022294
0.022263
0.020367
0.027102
0.048286
0.022862
0.032044
0.025463
0.052230
0.041841
0.045633
0.028000
0.020950
0.018276
0.024187
0.062114
0.022752
0.076977
0.052855
0.025810
0.018284
0.021159
0.026636
0.057095
0.036419
0.018748
0.033008
0.029250
0.068716
0.023503
0.020879
0.076519
0.023734
0.019588
0.025736
0.068369
0.059131
0.055512
0.025553
0.074284
0.022109
0.021876
0.017756
0.020514
0.037124
0.071520
0.020657
0.079814
0.058201
0.034251
0.018735
0.018500
0.023535
0.019665
0.015899
0.026968
0.061024
0.053840
0.031938
0.025965
0.055910
0.027752
0.019998
0.023403
0.074095
0.026921
0.022697
0.044663
0.047898
0.031422
0.022745
0.022669
0.031765
0.034415
0.023884
0.030508
0.031111
0.049483
0.068556
0.020802
0.028252
0.021914
0.057907
0.020952
0.040574
0.018956
0.021267
0.085354
0.020152
0.017555
0.019552
0.024045
0.019730
0.072576
0.017291
0.027518
0.022383
0.058125
0.074592
0.019126
0.023921
0.065410
0.025732
0.021788
0.033712
0.065800
0.043273
0.020299
0.028605
0.033963
0.029923
0.021042
0.015908
0.023751
0.022615
0.079243
0.054108
0.025405
0.017960
0.017859
0.050606
0.019862
0.020387
0.024660
0.022421
0.026403
0.060325
0.066830
0.029222
0.021391
0.020363
0.055973
0.036842
0.019090
0.026231
0.031037
0.075656
0.061581
0.031482
0.018804
0.065558
0.021549
0.018654
0.019737
0.031486
0.054557
0.051947
0.021462
0.057344
0.019411
0.019568
0.028037
0.024912
0.058878
0.034375
0.021675
0.062305
0.030655
0.057359
0.017944
0.028262
0.019423
0.022764
0.036955
0.030109
0.053863
0.021337
0.024947
0.020512
0.047902
0.024952
0.017032
0.020879
0.031745
0.026007
0.016472
0.043519
0.018296
0.021260
0.019497
0.033234
0.065004
0.024533
0.034250
0.020826
0.058748
0.066948
0.018769
0.017764
0.016943
0.020251
0.017367
0.020963
0.077469
0.022832
0.031666
0.017574
0.049086
0.065684
0.030901
0.020531
0.018377
0.029625
0.021363
0.056506
0.027363
0.021757
0.032871
0.023525
0.077456
0.039424
0.020561
0.018807
0.018108
0.020535
0.022609
0.055078
0.023080
0.030104
0.024781
0.031444
0.023609
0.059475
0.020957
0.022267
0.017375
0.017809
0.051885
0.029474
0.035304
0.021255
0.064254
0.047109
0.024510
0.021803
0.026056
0.020576
0.070192
0.023625
0.033944
0.019920
0.044180
0.071181
0.023637
0.020628
0.019769
0.042221
0.023326
0.058072
0.024679
0.023402
0.020329
0.021947
0.036349
0.051938
0.056855
0.029089
0.062763
0.019362
0.020195
0.018383
0.021242
0.023516
0.025504
0.045905
0.044544
0.032740
0.019166
0.037070
0.067305
0.018295
0.022114
0.017408
0.022893
0.018891
0.033055
0.049946
0.055484
0.021561
0.018848
0.036499
0.057042
0.024339
0.022651
0.024262
0.063872
0.051504
0.021076
0.057162
0.016924
0.020198
0.018423
0.034178
0.033650
0.035104
0.029495
0.052040
0.049693
0.025625
0.020191
0.017292
0.027144
0.061292
0.019999
0.035209
0.030349
0.063326
0.023706
0.022080
0.020203
0.016243
0.016041
0.025681
0.065510
0.036465
0.021403
0.030635
0.070982
0.019516
0.023059
0.020002
0.022429
0.025511
0.048991
0.052659
0.068754
0.018702
0.016705
0.016965
0.019897
0.063804
0.022888
0.022682
0.020338
0.060359
0.061690
0.038531
0.018377
0.032303
0.023872
0.028312
0.038100
0.028095
0.053244
0.028262
0.016760
0.023485
0.038093
0.018616
0.019013
0.019477
0.019160
0.019648
0.041038
0.049484
0.026127
0.035296
0.058186
0.019264
0.019905
0.024323
0.016580
0.071492
0.024061
0.023551
0.033544
0.082011
0.039362
0.017710
0.016922
0.020762
0.019800
0.028066
0.056736
0.035585
0.031195
0.021675
0.052114
0.020885
0.059599
0.020733
0.021511
0.029461
0.022067
0.057291
0.022806
0.021559
0.048476
0.023527
0.022672
0.022208
0.018888
0.064372
0.026901
0.034352
0.063361
0.067891
0.019919
0.029058
0.019465
0.019361
0.073144
0.025199
0.031741
0.018957
0.090208
0.036532
0.022764
0.018617
0.020392
0.018166
0.019553
0.025701
0.034970
0.037018
0.032949
0.016503
0.080731
0.021831
0.018750
0.019632
0.019484
0.026479
0.026777
0.057257
0.032142
0.018550
0.066247
0.065785
0.028160
0.019206
0.015987
0.022279
0.022736
0.030751
0.054203
0.031724
0.024428
0.032831
0.066940
0.022710
0.021937
0.017880
0.024176
0.041227
0.040051
0.027278
0.028708
0.018363
0.034120
0.052991
0.028474
0.033206
0.016327
0.024971
0.022562
0.070659
0.017125
0.020572
0.031128
0.028250
0.083715
0.018488
0.015721
0.014836
0.015876
0.022622
0.056783
0.033529
0.021321
0.034700
0.033171
0.037160
0.032536
0.015948
0.027848
0.016106
0.015559
0.017295
0.062660
0.037318
0.023799
0.031857
0.019153
0.064902
0.056843
0.023198
0.019226
0.024116
0.024895
0.056108
0.035755
0.031249
0.080633
0.043709
0.018857
0.018656
0.019014
0.017746
0.079350
0.028367
0.031590
0.020067
0.084628
0.020002
0.020471
0.020219
0.027483
0.050699
0.036335
0.022590
0.021109
0.058893
0.064706
0.019426
0.023016
0.017358
0.031363
0.030669
0.033021
0.024129
0.052151
0.080379
0.024780
0.029852
0.017369
0.019453
0.017942
0.019423
0.029559
0.038899
0.018496
0.032460
0.027134
0.065918
0.054718
0.019790
0.016779
0.017397
0.015662
0.029992
0.017727
0.028358
0.061829
0.037143
0.025930
0.057718
0.054757
0.025477
0.015841
0.016653
0.016148
0.023724
0.051471
0.031332
0.023138
0.055631
0.019208
0.019308
0.040548
0.025322
0.022892
0.033011
0.055346
0.065547
0.018496
0.018127
0.016220
0.024596
0.021696
0.040598
0.030711
0.019365
0.045588
0.059184
0.048375
0.018476
0.047060
0.027476
0.021424
0.023485
0.017932
0.023733
0.033102
0.045830
0.050261
0.023554
0.020397
0.018601
0.020038
0.050542
0.038498
0.025214
0.020337
0.032553
0.024280
0.042084
0.021302
0.015244
0.022569
0.015571
0.015681
0.020377
0.052492
0.020818
0.033101
0.024657
0.052625
0.070025
0.021920
0.019715
0.018841
0.015623
0.015978
0.015566
0.020550
0.061058
0.036035
0.018683
0.022208
0.032344
0.021416
0.017981
0.018964
0.020717
0.022009
0.024978
0.023597
0.027656
0.023308
0.049995
0.080967
0.017911
0.016878
0.017642
0.028122
0.056416
0.022258
0.032713
0.030585
0.060817
0.046470
0.030022
0.023903
0.021558
0.053848
0.024310
0.028378
0.037807
0.042530
0.035488
0.023706
0.049944
0.052032
0.044764
0.019423
0.018400
0.023400
0.017416
0.015832
0.030927
0.028423
0.032934
0.023048
0.076169
0.030717
0.022799
0.022978
0.017593
0.019172
0.028577
0.041892
0.038099
0.030953
0.020218
0.072877
0.074113
0.018987
0.019288
0.017573
0.026060
0.018593
0.031219
0.048505
0.017362
0.033821
0.033128
0.050421
0.022568
0.017419
0.022760
0.018325
0.043463
0.035586
0.084583
0.019975
0.032802
0.051527
0.018458
0.016552
0.023695
0.043990
0.055428
0.069876
0.033162
0.017998
0.016887
0.019405
0.047534
0.020524
0.033243
0.027446
0.024437
0.046299
0.027796
0.020485
0.017596
0.016073
0.028059
0.024654
0.034439
0.030160
0.062873
0.086225
0.017777
0.016405
0.018081
0.021215
0.021425
0.066201
0.035412
0.044708
0.021275
0.019447
0.019497
0.024198
0.023597
0.022057
0.067929
0.077181
0.019214
0.022145
0.023519
0.019170
0.026319
0.023313
0.024508
0.032781
0.019811
0.058089
0.038090
0.033659
0.017437
0.021808
0.018646
0.016181
0.041254
0.061988
0.031238
0.019539
0.049423
0.042749
0.057125
0.020686
0.018799
0.020900
0.021645
0.017699
0.015939
0.031020
0.037790
0.067975
0.021443
0.016819
0.018656
0.019738
0.028878
0.050867
0.017901
0.020674
0.023416
0.033404
0.024079
0.057933
0.018675
0.019139
0.016945
0.023826
0.048636
0.026659
0.024894
0.031803
0.022813
0.056547
0.023671
0.020542
0.019541
0.018228
0.017620
0.028602
0.057225
0.029524
0.038558
0.055156
0.054948
0.018319
0.018879
0.020375
0.016751
0.030608
0.056714
0.033803
0.025508
0.081276
0.046732
0.035187
0.018805
0.017309
0.017687
0.026430
0.036454
0.029063
0.022660
0.033030
0.027852
0.054270
0.021948
0.021716
0.016813
0.016165
0.027084
0.048852
0.037111
0.022218
0.065908
0.055992
0.019745
0.023481
0.024176
0.025480
0.069297
0.021106
0.067095
0.019353
0.019662
0.040075
0.018401
0.032173
0.025963
0.052728
0.048099
0.021519
0.018302
0.030826
0.052866
0.024579
0.028504
0.034806
0.080271
0.046701
0.019584
0.019268
0.017900
0.023752
0.015873
0.045154
0.033938
0.015336
0.056977
0.018967
0.017658
0.017454
0.065208
0.038425
0.021893
0.027810
0.040843
0.032166
0.058699
0.019733
0.019148
0.027134
0.022907
0.073206
0.021828
0.030467
0.020080
0.022655
0.049590
0.061680
0.018936
0.017653
0.015832
0.031257
0.037230
0.030359
0.028294
0.032156
0.021566
0.085440
0.030306
0.021036
0.022249
0.023720
0.022031
0.045720
0.019261
0.043694
0.037853
0.021901
0.047777
0.022288
0.018648
0.022097
0.024653
0.025646
0.061693
0.098974
0.030755
0.019606
0.036726
0.060304
0.029245
0.017510
0.019942
0.035124
0.028727
0.060104
0.022820
0.022835
0.016798
0.036613
0.029540
0.021041
0.022725
0.033519
0.028959
0.059686
0.021698
0.075094
0.031598
0.017838
0.018101
0.018370
0.025713
0.025830
0.046980
0.017106
0.049493
0.068929
0.022187
0.022524
0.024029
0.034659
0.048418
0.023860
0.022778
0.050610
0.057827
0.018357
0.019170
0.018174
0.017212
0.055231
0.044251
0.034131
0.019245
0.046414
0.079235
0.021049
0.018617
0.026805
0.016882
0.015837
0.016543
0.028453
0.072376
0.033343
0.017726
0.050299
0.025771
0.061162
0.022315
0.019941
0.017810
0.035354
0.056500
0.035174
0.021002
0.051186
0.079880
0.018855
0.024755
0.038873
0.022024
0.033020
0.043190
0.037878
0.022854
0.021421
0.074198
0.020917
0.027522
0.017602
0.021399
0.021215
0.024293
0.070290
