556,236,27,64
555,232,30,65
550,231,31,63
551,229,30,64
548,229,29,65
547,228,29,62
545,227,30,62
545,227,30,63
544,226,29,62
543,225,29,62
541,224,29,60
541,223,29,62
539,223,29,60
539,222,29,60
538,220,28,60
536,220,29,61
536,219,28,59
534,219,29,59
533,218,29,59
533,217,29,59
532,216,28,58
530,216,29,58
530,214,28,58
529,214,29,58
528,213,28,57
527,212,28,57
527,212,29,57
526,211,28,56
525,211,28,56
524,209,27,56
523,210,28,56
522,209,27,55
514,208,29,56
488,206,28,56
448,206,28,54
430,206,29,54
421,206,29,54
424,204,27,54
421,206,26,53
423,204,26,52
420,203,25,52
417,203,26,52
418,202,26,52
416,202,26,52
414,201,25,52
412,200,25,51
412,200,25,51
410,200,25,50
408,199,25,50
407,199,26,50
406,198,25,50
403,198,25,50
400,198,25,49
400,197,25,49
397,195,24,49
394,195,25,49
393,195,25,49
390,195,24,48
387,195,25,48
383,194,25,48
381,193,25,48
377,193,24,47
376,192,25,47
373,192,25,47
371,192,26,47
366,191,25,46
364,190,25,47
361,191,26,46
356,190,26,47
353,190,26,46
350,189,26,46
343,189,28,46
343,189,26,45
335,189,29,45
332,189,29,45
330,188,29,45
323,188,28,45
316,187,29,45
312,188,30,44
310,187,30,44
302,187,29,44
300,187,28,44
295,187,30,43
293,186,30,44
285,185,31,45
278,185,30,44
274,184,31,44
270,185,32,43
263,183,31,45
259,184,31,44
255,184,32,44
247,183,32,44
242,184,34,43
238,183,33,44
234,183,33,44
226,182,32,43
218,182,33,43
213,181,34,43
205,179,35,45
200,179,34,45
197,179,35,44
191,178,35,45
184,176,36,46
179,178,37,44
173,176,36,46
165,174,36,46
162,181,36,39
158,178,36,42
148,177,36,42
143,178,36,42
141,177,36,41
132,176,34,42
123,175,39,42
122,177,36,41
