208,218,37,37
210,216,39,41
211,215,38,40
213,214,36,38
216,214,33,38
217,216,37,38
221,212,37,38
223,214,35,39
225,215,35,36
226,213,36,37
228,211,39,38
231,207,38,40
231,209,38,39
233,208,39,41
235,210,38,40
236,202,36,43
240,205,34,42
241,207,35,39
242,204,35,40
243,205,34,40
247,202,34,41
248,203,35,41
251,202,34,43
252,202,33,41
252,202,32,41
252,205,33,38
254,201,37,40
257,200,32,40
256,200,35,38
256,199,36,41
255,200,37,41
256,200,37,40
260,203,37,37
262,199,40,40
261,200,38,35
266,198,34,38
267,198,35,38
267,198,40,39
268,202,36,35
270,198,40,39
272,198,40,40
273,197,37,37
274,198,42,37
274,198,40,34
277,197,38,36
278,199,39,33
278,198,41,35
279,198,43,35
282,197,40,37
286,196,39,37
288,196,40,35
289,196,38,35
290,196,39,36
291,194,42,37
294,194,37,38
295,198,35,36
298,195,38,36
298,196,38,36
301,194,39,37
301,192,37,36
299,194,43,36
301,195,43,34
300,195,44,33
303,194,44,35
306,194,43,36
306,192,45,36
308,191,42,39
308,190,43,38
308,189,43,38
308,191,42,36
309,187,44,39
308,190,44,37
309,189,44,39
310,189,40,37
311,187,42,41
312,184,41,42
311,180,41,47
311,184,40,42
311,186,42,40
311,189,42,37
311,185,41,39
312,182,41,45
312,187,39,41
311,187,42,39
311,183,40,41
311,184,42,42
311,185,41,41
310,186,42,40
311,182,40,44
312,185,41,41
312,185,39,40
311,185,40,41
311,184,39,41
311,184,41,40
311,185,41,40
311,186,41,40
311,187,41,39
311,186,41,40
310,185,42,41
311,186,41,39
312,181,39,45
312,187,40,39
311,184,40,41
310,186,43,40
311,188,41,38
311,185,38,40
311,184,43,43
311,187,42,38
312,181,39,44
312,183,41,44
312,187,40,38
314,187,40,38
311,189,39,37
311,184,42,42
311,188,40,37
313,185,42,39
313,185,38,38
312,179,40,47
311,186,42,40
311,186,40,39
311,183,40,45
311,186,41,41
312,187,38,38
312,187,41,38
312,184,40,41
312,188,39,36
312,187,41,40
313,186,40,40
313,190,39,37
312,189,40,36
311,187,41,39
311,187,40,38
312,187,41,38
312,188,42,37
312,186,42,40
312,187,42,38
312,187,42,39
310,186,41,39
311,186,40,39
309,187,42,37
310,184,42,41
310,182,42,42
312,185,42,42
312,184,40,42
310,183,42,42
311,184,41,43
311,186,42,39
310,186,40,37
310,184,44,40
311,187,43,39
312,188,41,38
310,189,40,36
311,192,42,31
311,192,44,32
310,186,42,37
310,189,43,33
310,192,44,33
311,186,42,38
312,187,40,39
310,192,41,36
311,184,41,41
312,187,42,39
311,186,40,39
312,184,41,40
311,182,40,42
313,178,41,47
313,183,41,43
313,185,41,41
312,180,40,48
313,181,40,44
313,180,40,46
312,182,39,43
312,177,40,48
312,179,41,47
312,176,41,50
312,182,41,43
312,185,41,40
311,182,42,43
311,184,41,40
312,182,40,42
312,185,40,38
312,185,40,41
312,184,41,41
313,184,40,42
312,178,40,48
313,183,39,44
312,181,40,43
314,183,37,42
312,180,39,45
313,186,39,40
312,184,40,42
313,187,39,40
312,183,41,44
312,183,40,44
310,180,41,44
312,185,40,40
311,180,40,45
312,183,40,43
312,185,41,42
311,183,41,43
312,185,41,42
311,185,40,40
312,187,41,39
312,180,39,44
311,184,40,41
311,186,41,39
312,187,40,39
312,184,41,41
311,186,41,41
313,185,41,42
312,185,39,40
312,182,40,43
311,180,40,45
310,175,42,50
309,178,43,48
312,181,40,46
311,180,42,46
312,181,40,45
312,182,40,43
312,186,41,39
311,180,42,44
311,183,42,42
310,192,42,34
311,188,43,38
311,190,42,36
310,187,43,38
310,189,43,35
311,187,42,39
311,186,40,38
311,190,40,35
310,186,42,38
311,187,40,38
312,188,41,39
311,186,40,38
310,185,40,39
311,186,40,40
311,184,39,40
311,186,40,40
312,186,39,38
311,187,38,39
311,184,39,41
311,184,40,41
311,186,40,38
311,186,38,39
312,184,40,41
311,187,39,38
311,185,41,40
311,188,39,38
312,186,39,41
310,183,39,42
312,186,39,40
311,182,40,43
310,185,39,39
313,184,40,43
311,181,38,44
311,183,39,41
312,181,40,45
312,185,38,40
311,182,40,42
312,181,40,45
312,181,38,45
312,184,39,42
311,185,41,42
312,183,40,43
312,181,40,45
311,184,40,43
311,182,40,44
311,183,38,41
311,178,42,48
311,178,41,48
312,181,40,45
311,183,40,44
311,185,37,41
312,180,40,45
311,183,40,43
311,185,38,40
311,185,41,41
311,185,41,43
310,183,40,41
311,187,41,41
311,184,41,43
311,185,41,40
310,184,41,41
310,185,43,41
310,185,41,40
310,185,43,41
310,188,41,38
311,184,43,42
310,186,43,40
311,186,41,41
310,185,42,39
311,184,42,40
311,185,40,38
311,185,43,39
312,186,42,40
312,186,39,39
312,179,44,46
312,179,39,47
312,180,41,45
312,183,40,42
311,179,42,46
312,178,39,46
312,181,41,45
311,182,42,45
313,182,38,44
311,180,44,46
312,181,39,44
311,176,44,50
311,182,39,43
311,180,42,46
312,185,41,41
311,181,42,46
313,181,42,45
312,189,45,39
312,186,45,39
313,185,47,40
314,185,47,40
315,187,47,37
316,187,46,37
319,190,43,34
323,186,43,37
325,186,43,38
325,189,43,37
323,189,47,34
326,190,47,33
328,192,48,34
330,190,47,32
334,191,46,32
339,190,45,32
339,190,44,33
340,190,46,33
341,188,46,34
342,187,46,34
345,187,47,34
349,186,43,35
352,187,44,34
352,187,46,35
355,187,44,35
355,185,46,37
358,184,44,37
361,184,44,37
364,185,44,35
365,187,40,34
368,185,42,36
367,184,42,36
369,184,43,36
371,184,42,35
375,184,40,35
378,186,40,35
377,185,38,36
380,183,43,39
383,184,40,37
384,183,42,36
388,182,39,39
390,181,41,41
392,182,40,37
391,180,40,39
392,179,42,39
393,177,42,40
393,176,43,40
396,177,41,38
399,178,39,38
401,181,40,38
402,180,42,38
403,180,40,37
406,178,39,38
407,179,38,38
410,179,36,37
414,178,34,38
415,177,33,37
417,177,32,39
419,173,32,42
420,177,33,37
423,173,32,41
424,175,30,37
426,173,31,39
427,175,28,36
430,173,26,37
430,173,31,39
432,170,26,39
435,171,24,38
436,170,23,38
436,171,24,36
438,168,22,37
438,170,22,35
440,170,21,35
440,169,21,35
442,169,21,36
442,169,21,35
444,167,20,36
446,168,20,35
446,164,20,38
447,163,21,39
446,165,23,35
447,163,23,36
448,164,22,35
448,162,22,38
449,161,24,37
448,160,23,39
450,161,24,38
451,154,24,44
450,157,24,39
451,156,26,39
451,157,27,39
454,158,26,38
453,154,26,42
453,153,26,42
456,155,27,38
458,151,27,42
459,154,25,37
460,151,26,41
461,150,26,40
462,150,26,41
465,153,29,36
464,150,26,40
466,147,30,41
467,148,26,45
470,148,26,40
470,149,26,37
464,125,31,54
467,97,38,81
465,88,42,95
463,86,46,108
461,85,44,102
460,84,49,108
478,132,37,52
484,142,30,34
486,144,29,34
487,143,29,33
489,140,28,37
489,142,29,34
491,141,30,35
494,142,29,33
498,142,31,33
499,143,31,30
501,142,30,29
506,140,28,30
508,138,27,33
507,136,29,34
509,135,28,33
513,135,27,33
514,130,29,38
514,131,32,37
517,132,30,33
520,131,30,35
521,131,28,34
523,126,28,38
523,132,31,33
529,128,28,34
530,127,29,35
531,127,29,35
533,124,28,35
534,126,28,35
533,122,30,38
500,111,33,45
485,122,36,36
462,107,36,52
445,115,38,44
423,110,32,44
402,106,36,52
393,104,36,49
405,113,32,41
403,115,32,40
408,114,31,36
411,114,30,36
413,114,31,38
415,112,31,37
416,114,29,35
420,116,32,35
420,114,31,35
423,112,29,35
423,114,29,36
428,111,30,35
421,111,34,32
390,115,40,31
377,109,35,33
353,113,33,32
341,113,34,31
312,111,36,31
316,111,30,30
319,115,31,29
320,111,32,30
320,108,30,31
325,108,29,35
326,109,28,29
329,107,28,31
330,108,27,32
334,107,27,30
334,104,28,30
336,106,27,31
337,105,30,30
337,103,31,31
340,104,31,33
342,104,29,32
344,103,31,31
344,103,31,31
348,103,28,31
348,100,30,31
352,100,29,31
354,99,29,28
354,98,29,30
357,98,29,31
357,97,29,31
360,96,28,30
360,95,29,33
361,94,31,33
363,92,30,33
364,93,32,32
367,93,30,32
370,91,29,32
370,93,28,32
371,83,29,41
374,90,30,33
375,94,29,29
371,85,29,36
336,90,34,32
326,84,29,35
296,86,33,35
281,86,34,36
258,88,33,32
247,86,30,32
254,87,28,29
252,87,28,32
258,83,27,31
257,84,26,32
263,84,25,32
261,81,25,32
265,81,24,31
265,85,27,30
267,84,27,28
268,82,27,28
272,82,24,28
275,78,22,32
276,75,22,33
280,78,22,31
282,78,23,31
283,77,23,28
285,79,24,26
285,77,26,28
288,74,23,29
289,72,24,31
290,69,24,35
295,68,22,35
295,71,22,32
295,71,24,33
299,71,25,28
301,71,25,30
303,68,23,31
305,66,24,32
307,68,23,32
310,66,22,30
308,67,25,27
313,69,25,27
314,68,24,28
318,65,25,28
321,65,26,30
323,62,24,30
325,61,25,31
327,63,26,29
328,63,23,26
329,63,24,24
336,59,22,29
338,56,23,31
340,56,23,32
341,56,22,30
342,56,23,27
343,57,22,25
345,57,23,25
347,54,23,27
348,53,23,29
349,59,26,47
350,93,23,36
353,125,22,34
355,145,22,43
357,175,22,30
361,177,22,28
360,172,23,29
361,174,24,29
363,173,24,31
363,171,24,31
363,172,25,29
365,177,24,26
366,172,24,28
367,174,23,24
372,173,21,26
371,170,21,28
370,169,22,29
373,174,23,26
371,172,24,23
374,172,22,23
374,173,23,24
375,171,23,23
376,170,23,25
377,171,25,26
377,169,25,24
379,168,25,26
380,170,24,26
378,169,26,25
382,169,23,25
383,169,23,25
384,167,23,26
384,166,24,27
385,167,24,26
384,166,27,26
385,166,25,26
387,166,25,25
388,168,25,25
388,167,26,25
390,166,27,26
390,163,25,28
391,165,25,27
392,162,25,30
392,165,25,26
393,162,26,31
394,165,25,27
394,161,25,32
395,165,24,28
395,162,24,29
395,163,25,28
395,164,26,28
395,163,27,28
394,163,27,27
394,164,27,28
395,162,27,29
395,162,27,28
396,163,27,28
395,164,27,28
394,160,27,30
393,162,28,28
395,164,27,28
395,162,26,27
393,163,27,29
395,164,26,28
396,161,25,29
394,163,25,28
394,163,27,29
394,161,27,29
394,163,26,29
394,163,25,28
394,163,26,28
394,161,26,29
394,164,26,29
394,162,26,28
394,161,26,29
395,162,26,29
394,163,26,27
394,162,26,30
394,163,27,28
394,163,26,27
394,163,25,28
395,163,25,29
392,163,26,28
393,161,28,30
394,163,26,28
397,164,24,27
398,163,23,29
398,163,21,27
397,165,21,25
398,164,21,28
396,163,23,27
400,163,21,27
400,164,20,26
403,164,18,27
402,162,18,27
401,163,19,26
399,162,21,28
392,128,33,61
389,125,35,68
389,124,34,62
391,124,32,64
392,124,32,62
392,125,32,66
393,125,31,63
394,126,32,64
395,125,32,62
395,124,33,61
396,125,35,73
396,125,35,75
396,125,40,75
397,123,36,76
396,124,36,73
396,125,36,75
397,124,35,74
397,124,36,75
397,125,37,73
396,125,37,73
396,124,36,72
398,126,38,71
397,125,38,72
395,126,38,71
396,126,38,68
395,124,39,71
396,123,40,73
397,121,41,72
397,121,38,72
398,120,41,70
401,122,34,70
398,121,39,70
397,122,38,71
397,124,39,68
397,122,38,70
404,121,34,69
395,159,32,34
395,162,29,30
395,164,27,28
395,164,28,28
396,162,27,29
395,162,28,30
394,160,27,29
394,163,27,28
395,164,26,27
394,167,26,24
395,161,25,29
396,161,24,31
396,165,25,26
397,165,24,26
398,160,23,31
397,163,24,27
398,165,24,26
400,162,23,28
400,160,22,29
401,161,22,29
401,161,21,30
401,162,22,28
403,161,19,28
403,162,19,28
403,160,17,28
403,163,17,25
404,165,17,24
404,160,17,28
404,161,18,27
405,162,18,26
405,161,17,27
405,160,17,27
406,161,17,26
405,163,18,25
405,161,18,26
405,162,18,25
406,162,18,25
407,163,18,24
406,161,18,26
406,162,19,25
406,160,17,26
407,161,19,26
407,161,19,26
407,162,19,24
408,162,20,24
407,157,19,28
439,124,20,34
438,111,26,49
439,110,29,56
438,108,29,58
439,109,29,60
441,107,29,60
441,108,30,56
440,107,32,71
441,108,30,64
444,109,29,57
444,109,30,53
444,110,30,54
445,109,29,55
444,109,31,71
445,107,31,71
445,106,31,71
445,108,31,70
445,106,31,59
448,107,29,72
448,108,29,55
448,106,29,69
448,106,28,62
450,108,28,55
448,107,29,52
450,108,28,57
452,108,28,55
452,109,29,56
451,107,30,62
453,106,29,57
452,106,30,60
453,105,30,65
452,104,33,70
506,65,36,54
507,63,34,59
506,62,34,57
508,65,33,60
508,65,33,58
507,64,35,58
508,65,34,58
506,65,35,56
508,65,36,58
506,64,37,58
508,63,34,62
507,64,37,58
507,64,37,59
507,63,34,61
507,64,36,58
506,61,38,63
510,60,37,64
507,64,36,59
508,64,36,62
509,65,36,62
507,66,37,61
507,66,34,60
509,65,35,58
507,65,36,57
507,64,36,60
509,64,36,60
509,66,36,60
509,66,36,60
509,66,35,59
507,65,37,60
508,64,36,60
508,65,37,62
455,101,30,68
455,101,32,66
433,136,32,35
454,102,34,65
454,100,31,50
457,100,29,49
455,101,32,48
431,139,25,29
433,142,18,26
436,142,16,26
435,144,17,24
435,142,18,26
436,140,18,29
436,137,22,30
435,142,20,26
436,143,19,25
435,136,18,33
436,140,20,28
435,144,19,24
436,144,18,24
436,137,19,28
461,102,28,48
461,99,28,56
461,97,28,51
462,98,28,64
461,98,30,65
461,99,31,56
462,97,32,65
463,97,30,64
462,96,31,64
463,95,30,66
462,96,31,64
508,69,37,29
508,68,36,49
508,64,35,31
510,67,35,34
510,70,35,31
510,70,37,31
511,71,37,36
510,67,37,48
513,67,35,64
515,70,35,60
511,71,38,47
465,94,30,66
466,94,28,61
465,93,28,60
466,94,27,59
465,95,28,60
466,94,29,62
466,94,28,58
466,95,28,54
466,94,29,60
466,94,29,60
513,72,36,38
513,72,37,56
514,71,35,55
515,71,35,58
513,71,37,56
514,71,36,59
513,71,36,57
468,91,27,51
469,93,27,62
513,73,37,39
470,91,26,51
471,92,27,49
469,90,30,61
470,89,28,46
471,91,27,57
470,90,28,54
471,90,27,56
470,89,29,57
471,90,27,57
471,90,27,57
471,91,27,58
471,91,28,62
472,91,28,60
472,90,29,61
471,89,29,60
471,88,29,60
472,88,30,63
473,88,28,49
473,88,28,51
473,88,28,52
473,88,27,50
475,89,26,53
475,89,26,48
474,89,25,45
447,115,30,35
475,88,26,60
474,89,26,60
475,87,26,62
475,86,27,62
476,86,27,61
476,86,28,63
476,85,29,62
476,85,28,62
476,86,28,61
476,86,28,60
477,87,28,60
477,87,28,59
477,87,28,58
476,86,28,58
475,85,29,60
476,85,28,58
476,85,28,59
477,84,28,60
476,84,27,60
476,85,27,58
477,85,27,58
477,86,26,57
477,87,27,56
455,114,27,33
478,84,26,57
479,84,27,57
479,84,26,59
478,85,27,56
458,115,25,31
454,122,23,24
455,123,22,22
459,121,18,24
460,121,17,24
460,120,18,24
460,119,17,26
462,122,17,23
462,120,17,25
462,123,17,23
462,120,17,24
462,120,17,25
464,121,16,24
462,117,19,26
461,111,21,33
462,113,19,29
465,117,18,27
464,112,19,30
465,120,18,22
465,121,18,23
465,113,20,28
463,116,20,24
464,118,19,26
489,84,26,46
487,80,27,48
504,86,32,54
493,80,32,52
491,77,33,53
498,85,32,52
491,78,24,47
491,78,23,44
494,81,29,46
494,80,30,57
492,77,30,55
492,80,32,58
490,80,33,55
491,78,36,58
489,81,36,52
491,79,33,47
488,78,33,44
495,77,26,43
497,78,24,43
497,78,26,37
499,76,24,41
502,77,24,54
494,79,31,55
499,77,25,48
501,79,25,46
502,78,23,52
503,76,25,47
504,77,23,47
503,78,23,45
504,76,24,44
504,77,25,56
505,78,26,52
