0.004651
0.022027
0.033698
0.017603
0.061090
0.030387
0.019898
0.036328
0.076061
0.024018
0.021544
0.031780
0.028972
0.030063
0.062143
0.023249
0.017770
0.016732
0.018866
0.033102
0.068233
0.031713
0.018076
0.071328
0.045627
0.025414
0.027831
0.018875
0.023145
0.054054
0.023584
0.019650
0.032709
0.029745
0.068669
0.043465
0.022632
0.028477
0.062461
0.020307
0.023590
0.047625
0.026799
0.101574
0.052810
0.023209
0.083586
0.020578
0.024875
0.026057
0.050758
0.034218
0.075614
0.081298
0.019558
0.019940
0.018955
0.018523
0.021812
0.069353
0.047677
0.033719
0.092208
0.074073
0.025141
0.018240
0.020464
0.018417
0.069097
0.021696
0.026393
0.021229
0.036287
0.075801
0.020151
0.018533
0.022016
0.021004
0.033017
0.029977
0.019271
0.024726
0.034899
0.064618
0.055944
0.021413
0.019909
