435,127,15,38
435,132,17,43
433,138,17,44
433,141,17,44
432,150,17,43
430,150,18,43
430,143,19,45
430,140,17,44
429,137,18,45
428,137,18,42
427,130,19,43
428,127,18,43
427,123,19,46
425,118,20,44
423,117,20,43
422,119,20,43
420,128,21,41
419,132,21,43
417,138,22,41
414,143,24,44
412,147,25,46
408,160,27,41
407,162,26,45
406,166,26,42
400,170,30,41
398,169,30,42
393,171,31,41
391,171,32,43
389,172,33,42
387,174,33,42
382,174,32,42
379,174,34,42
377,174,34,42
372,177,32,40
371,176,32,45
367,178,34,43
364,179,32,40
361,180,35,40
359,181,33,41
353,180,35,40
353,181,34,42
349,182,33,42
347,182,32,42
345,183,33,40
340,183,34,43
338,183,34,43
335,184,33,43
331,184,35,43
331,185,33,44
328,186,36,44
323,187,37,43
320,187,37,43
319,185,38,45
315,186,37,46
314,188,38,45
309,189,38,44
306,190,39,44
305,190,38,44
300,193,38,42
298,193,37,42
297,194,39,42
293,194,37,44
291,196,38,42
287,197,40,41
285,197,38,43
283,197,37,43
280,199,36,42
277,200,38,43
276,201,36,42
273,201,36,43
269,203,36,41
267,203,36,42
264,203,37,42
260,204,37,43
259,205,36,43
256,205,37,43
250,206,37,43
248,206,41,42
279,148,26,58
262,207,38,44
264,208,40,43
272,210,39,43
275,210,39,43
278,211,40,43
282,211,39,42
291,212,39,44
296,213,38,45
299,214,39,44
307,214,40,43
310,215,40,43
312,216,40,42
315,216,41,43
322,217,41,44
325,217,41,43
330,216,40,46
334,220,41,42
339,220,43,44
343,220,42,45
349,221,44,44
351,221,45,45
353,221,45,43
360,225,46,41
362,224,44,44
365,224,46,44
371,224,46,46
375,227,45,44
378,227,46,43
380,228,47,43
384,230,47,41
391,230,47,43
393,230,47,44
396,230,48,45
402,231,47,44
406,232,45,45
409,233,46,45
413,234,46,45
420,236,43,46
422,236,44,45
425,235,46,47
430,236,44,46
434,238,42,45
436,239,45,46
440,240,44,47
446,241,42,47
448,241,44,46
453,244,43,45
456,245,44,45
458,245,45,44
462,245,46,46
465,247,45,46
470,247,46,47
472,249,46,46
465,251,46,45
461,252,50,45
455,251,48,47
454,252,47,48
450,254,48,47
443,256,47,46
440,256,50,47
437,256,49,47
431,257,48,46
427,257,47,48
421,258,47,48
421,259,44,49
419,262,41,46
416,262,41,45
416,263,37,44
414,263,34,44
416,264,25,42
417,264,22,44
415,264,21,44
407,263,25,43
374,284,38,30
369,283,34,29
366,286,29,29
365,284,35,35
364,284,40,34
356,284,47,33
349,283,47,36
348,285,51,36
339,285,55,38
340,271,52,51
340,274,49,49
336,271,48,51
335,273,55,50
339,275,52,50
338,278,55,48
346,273,52,56
346,279,57,50
347,282,58,49
352,299,49,36
358,287,54,45
358,296,53,38
362,286,55,49
363,287,59,48
367,288,55,48
368,288,57,48
368,291,58,46
373,291,56,48
374,292,56,49
375,294,58,48
378,292,58,50
381,293,56,50
385,294,54,49
383,295,58,50
388,296,56,51
392,296,54,52
395,297,53,52
400,299,51,51
401,299,53,52
403,301,53,51
408,302,52,52
408,301,55,54
414,302,50,55
414,320,53,37
419,320,49,37
421,308,52,50
425,308,52,51
424,308,55,53
429,308,51,53
430,311,53,53
431,312,54,53
431,315,58,50
436,316,56,52
434,316,58,52
435,317,61,53
438,317,60,52
438,319,60,52
437,321,63,51
447,321,57,53
443,320,62,54
445,321,59,55
449,324,60,53
446,325,65,52
453,326,61,53
455,327,62,52
448,328,68,54
459,331,58,53
459,330,61,53
464,332,57,53
461,333,62,53
461,334,65,54
465,335,61,55
469,335,59,55
470,336,60,55
470,337,61,56
475,338,59,55
475,340,61,55
470,341,66,56
479,343,58,56
478,345,60,55
478,345,62,55
480,347,62,54
481,348,63,55
483,348,61,55
482,349,62,54
486,350,60,54
481,351,65,54
484,354,64,50
485,354,66,52
485,354,62,54
483,356,66,53
486,356,63,54
487,358,63,55
485,358,67,53
483,358,67,55
486,359,65,56
483,359,70,54
488,360,63,55
479,358,72,58
486,361,67,57
467,360,80,60
466,361,69,58
465,360,66,60
449,362,71,60
443,362,74,60
436,365,71,60
424,365,77,59
416,366,68,58
410,366,71,60
397,368,72,59
395,367,68,59
381,368,73,60
376,369,68,59
366,370,65,60
357,372,68,59
352,371,69,59
337,377,74,54
331,376,74,56
324,376,65,59
316,375,69,60
310,377,70,60
299,379,65,58
291,380,72,57
281,379,65,56
274,378,65,53
269,372,65,57
258,366,64,57
251,364,67,56
231,355,77,59
226,354,74,57
223,350,67,58
210,343,71,59
208,340,65,62
189,337,72,56
182,334,74,57
174,327,64,58
163,322,71,59
159,322,70,58
140,317,74,59
134,319,74,60
123,321,74,57
113,320,76,58
109,319,70,59
97,321,72,59
88,323,74,60
76,327,76,57
71,328,77,57
60,327,77,57
58,328,74,57
55,329,78,58
56,329,75,57
51,331,80,55
52,331,74,58
51,331,74,57
46,333,80,56
47,333,77,57
44,333,77,55
44,335,77,54
40,334,79,55
43,335,73,56
42,334,75,56
39,334,76,58
36,334,76,56
37,336,78,55
23,334,87,60
34,335,74,60
32,335,75,59
28,337,76,59
29,337,74,58
24,339,80,57
26,340,73,57
25,339,72,57
20,340,77,58
19,341,75,58
19,340,77,58
17,340,76,57
15,342,75,56
14,343,73,55
10,343,78,55
9,342,77,55
9,344,79,52
8,342,78,53
4,340,81,57
4,342,78,53
3,343,79,52
2,343,80,53
0,344,81,51
2,345,81,49
2,344,79,51
0,342,77,52
2,342,77,52
1,342,77,51
1,342,76,50
1,342,78,49
1,340,76,52
1,338,73,55
