0.056194
0.035699
0.040707
0.073345
0.054803
0.030010
0.019348
0.017888
0.020565
0.053445
0.065523
0.022044
0.046196
0.034090
0.054629
0.026091
0.021493
0.023765
0.019927
0.056968
0.039905
0.018085
0.054925
0.070956
0.051597
0.019813
0.029495
0.033901
0.021267
0.022153
0.061513
0.033074
0.022718
0.033138
0.024126
0.090179
0.042906
0.037597
0.034338
0.022917
0.046654
0.018097
0.025778
0.022887
0.057980
0.022133
0.061632
0.082370
0.027192
0.020168
0.022322
0.047268
0.035983
0.021201
0.018911
0.021790
0.019560
0.054659
0.049591
0.020704
0.018363
0.047919
0.051245
0.023804
0.041258
0.034340
0.078593
0.035215
0.030644
0.025912
0.021944
0.032955
0.031416
0.022081
0.019552
0.035664
0.026231
0.071205
0.046484
0.023289
0.016655
0.019673
0.018206
0.017618
0.018838
0.068303
0.025541
0.033480
0.018047
0.111869
0.019863
0.019988
0.066973
0.020435
0.018421
0.018364
0.019793
0.017429
0.021765
0.062026
0.063868
0.024281
0.050820
0.022198
0.031020
0.039559
0.023983
0.049391
0.029411
0.023009
0.018260
0.022826
0.066149
0.031257
0.017638
0.031917
0.050507
0.074984
0.028369
0.064695
0.019947
0.020297
0.018841
0.035360
0.060493
0.021888
0.044118
0.034759
0.021583
0.017498
0.040936
0.066494
0.036104
0.020149
0.068844
0.063638
0.031271
0.024556
0.021781
0.018960
0.037313
0.035739
0.020154
0.019997
