250,140,25,57
250,140,27,58
250,141,28,58
250,141,29,57
252,141,29,58
252,142,29,58
259,148,30,59
259,147,29,62
260,147,30,62
261,148,30,62
261,150,30,61
261,151,30,62
261,151,31,62
261,152,30,62
262,152,30,63
261,154,30,63
260,154,31,64
262,155,31,65
259,156,32,64
260,156,33,66
260,157,31,65
258,158,33,66
257,157,36,67
260,160,33,69
259,160,32,68
256,161,35,68
245,152,35,63
249,153,39,80
250,155,40,82
251,155,37,82
252,157,40,83
252,159,42,83
252,165,43,80
248,172,40,77
250,175,36,75
248,176,37,77
248,178,36,76
276,167,39,69
248,184,36,73
247,184,39,74
247,184,41,75
282,172,40,71
247,187,38,75
247,189,39,74
247,190,39,75
248,191,38,75
249,195,38,76
247,193,41,78
249,196,39,78
248,196,39,78
250,197,39,79
249,199,40,78
251,201,39,80
250,200,39,82
251,204,40,82
250,203,40,85
251,205,39,86
253,206,40,87
251,208,41,87
253,209,41,88
253,210,41,88
253,212,42,88
253,212,42,89
255,214,43,90
256,215,43,90
257,215,43,91
258,217,43,90
259,218,43,92
261,218,44,93
262,220,44,92
263,221,44,94
267,223,45,95
266,224,45,95
269,226,45,96
270,226,46,97
273,227,46,98
274,227,47,98
276,230,47,99
277,232,48,99
278,232,49,100
280,235,49,100
281,237,50,102
282,239,50,102
282,239,50,104
281,241,51,106
282,243,50,107
282,246,50,107
280,247,49,108
280,251,49,108
279,251,50,110
277,253,52,110
273,257,52,111
274,260,51,112
270,260,54,114
269,262,54,114
