0.038011
0.032086
0.018499
0.046538
0.018325
0.016627
0.020571
0.015439
0.038054
0.034364
0.024632
0.033299
0.016514
0.055585
0.058124
0.028158
0.019151
0.021447
0.022240
0.019846
0.049571
0.033957
0.023840
0.052484
0.072056
0.020644
0.021640
0.018723
0.023626
0.057574
0.019550
0.020108
0.023540
0.019362
0.033153
0.075302
0.046614
0.018739
0.016741
0.016704
0.030329
0.025261
0.022882
0.025864
0.025461
0.052343
0.086186
0.029933
0.016860
0.019928
0.017805
0.030341
0.052294
0.021184
0.026200
0.031776
0.020247
0.063469
0.018748
0.020272
0.016561
0.020351
0.019840
0.055364
0.042954
0.053326
0.023687
0.056955
0.023422
0.019662
0.016973
0.039386
0.033901
0.033493
0.022569
0.057294
0.059916
0.021240
0.021611
0.019986
0.019746
0.059161
0.025934
0.021462
0.016005
0.022721
0.051439
0.075998
0.019691
0.016846
0.015911
0.018620
0.057901
0.017438
0.016259
0.024565
0.019637
0.025280
0.025585
0.038960
0.055174
0.027312
0.018149
0.053347
0.029311
0.026183
0.016188
0.030727
0.034553
0.060957
0.067118
0.024762
0.063255
0.019861
0.021002
0.023584
0.032619
0.021196
0.062866
0.020109
0.016917
0.019812
0.031562
0.061530
0.021906
0.035433
0.038223
0.026770
0.019164
0.045850
0.038731
0.056638
0.023917
0.024568
0.017710
0.067684
0.036957
0.032887
0.084669
0.046971
0.024033
0.026813
0.028828
0.019948
0.064780
0.028626
0.024972
0.040972
0.037064
0.055609
0.021206
0.016567
0.016956
0.017630
0.027120
0.024738
0.025229
0.044389
0.035213
0.027960
0.073690
0.065473
0.019862
0.017452
0.017632
0.024476
0.019150
0.049047
0.037558
0.025377
0.059849
0.020338
0.039295
0.016895
0.024671
0.025484
0.018070
0.042176
0.020960
0.048752
0.019760
0.023824
0.031422
0.032232
0.017619
0.017405
0.063888
0.036024
0.029113
0.018589
0.088601
0.057323
0.032342
0.020296
0.020663
0.015846
0.024756
0.072417
0.036935
0.029584
0.022256
0.032382
0.023565
0.043443
0.025311
0.020602
0.019462
0.016174
0.015664
0.027913
0.035310
0.063691
0.019528
0.067189
0.032156
0.027174
0.037645
0.017698
0.018637
0.018061
0.019648
0.048396
0.018903
0.035894
0.031626
0.082525
0.019174
0.017335
0.018125
0.016703
0.028748
0.051197
0.033115
0.027520
0.027973
0.047915
0.052528
0.021182
0.021492
0.018217
0.097303
0.020128
0.033170
0.018582
0.021505
0.063436
0.051593
0.022954
0.021244
0.019560
0.022396
0.022090
0.052974
0.033164
0.020382
0.087393
0.034467
0.020377
0.019757
0.021394
0.017761
0.018519
0.023252
0.022026
0.052814
0.035047
0.016241
0.069021
0.035847
0.020182
0.018855
0.016532
0.017382
0.026014
0.066619
0.024276
0.035649
0.020330
0.070038
0.053681
0.017675
0.016672
0.016941
0.021628
0.025994
0.051948
0.022862
0.035355
0.016630
0.022968
0.031698
0.060760
0.050974
0.024543
0.019005
0.028214
0.021962
0.053566
0.039258
0.022197
0.060738
0.065387
0.038190
0.020313
0.022921
0.017051
0.067435
0.041690
0.027138
0.033843
0.017696
0.059338
0.073071
0.022995
0.018794
0.021658
0.020003
0.023340
0.043929
0.063537
0.022234
0.028711
0.030272
0.036153
0.024315
0.020762
0.018907
0.024314
0.073429
0.022538
0.031369
0.020997
0.064121
0.020689
0.024088
0.060009
0.018875
0.024963
0.032216
0.021255
0.085675
0.019852
0.021352
0.017240
0.016518
0.026052
0.059439
0.017409
0.029063
0.018677
0.030730
0.016804
0.069946
0.070175
0.030046
0.019027
0.024772
0.024967
0.075714
0.021314
0.033582
0.026452
0.056411
0.088838
0.019339
0.028296
0.020429
0.019170
0.021463
0.021437
0.054985
0.022060
0.024589
0.027254
0.040420
0.044681
0.053215
0.021960
0.017382
0.019986
0.018547
0.062789
0.037370
0.026187
0.031789
0.019301
0.017271
0.032129
0.022438
0.022066
0.016826
0.018010
0.017245
0.021341
0.021878
0.036123
0.035654
0.016597
0.034305
0.031742
0.051603
0.028665
0.020603
0.018237
0.019161
0.050850
0.019710
0.016420
0.020823
0.017909
0.031597
0.030182
0.059152
0.033890
0.018500
0.020500
0.031639
0.046668
0.020266
0.017567
0.018867
0.023513
0.017288
0.041466
0.057186
0.041980
0.048050
0.068433
0.025390
0.028216
0.025713
0.021312
0.031633
0.028969
0.053171
0.034501
0.044124
0.020700
0.022317
0.053943
0.027175
0.018073
0.026591
0.021624
0.039283
0.056676
0.050302
0.058805
0.027820
0.029794
0.057424
0.036439
0.021905
0.052918
0.026927
0.058779
0.019788
0.023054
0.017975
0.018578
0.061170
0.025560
0.032711
0.034995
0.047963
0.040764
0.017892
0.016196
0.015959
0.019234
0.017856
0.019525
0.052682
0.026407
0.015210
0.016320
0.018538
0.028801
0.042207
0.070908
0.033459
0.021763
0.029920
0.064308
0.020548
0.019083
0.037086
0.033087
0.060307
0.037012
0.021493
0.047907
0.019385
0.022174
0.022835
0.017594
0.021799
0.034336
0.025736
0.048114
0.045430
0.021694
0.016021
0.015618
0.083332
0.033799
0.034909
0.029001
0.042480
0.068392
0.021996
0.017961
0.018013
0.019543
0.015923
0.016013
0.039045
0.042542
0.027178
0.023818
0.045282
0.033299
0.032908
0.020182
0.017852
0.060696
0.030365
0.018538
0.017003
0.022124
0.021102
0.022147
0.023680
0.048499
0.062419
0.032085
0.047639
0.032771
0.020695
0.065331
0.030918
0.018189
0.021880
0.019728
0.035996
0.025829
0.050545
0.018923
0.017926
0.022174
0.022098
0.054457
0.027244
0.016815
0.037696
0.040270
0.056677
0.024959
0.018212
0.031190
0.019648
0.024717
0.041923
0.041521
0.028159
0.078419
0.023058
0.035066
0.025025
0.018254
0.074370
0.019050
0.033242
0.025054
0.077730
0.024296
0.022088
0.017551
0.019675
0.019414
0.083763
0.030035
