0.015723
0.022315
0.031804
0.025278
0.056985
0.019114
0.027565
0.019911
0.066104
0.024051
0.037177
0.022491
0.081351
0.020848
0.016927
0.017912
0.018504
0.053484
0.034135
0.019377
0.020887
0.020645
0.032137
0.076765
0.019364
0.033262
0.023822
0.019812
0.066445
0.023659
0.017491
0.020129
0.031818
0.048065
0.071057
0.022819
0.017600
0.019665
0.029623
0.044901
0.055677
0.020122
0.077464
0.058006
0.034894
0.018882
0.020401
0.028345
0.029266
0.043882
0.032421
0.017034
0.071665
0.052209
0.017172
0.018552
0.019313
0.018384
0.017620
0.017321
0.022604
0.026127
0.060011
0.019010
0.053900
0.048573
0.035758
0.024712
0.021892
0.032490
0.022944
0.056726
0.051179
0.019099
0.057087
0.023768
0.020674
0.057145
0.024139
0.019114
0.021909
0.023932
0.020076
0.038591
0.031281
0.038870
0.061230
0.041585
0.057482
0.022677
0.019553
0.023028
0.085125
0.033574
0.046106
0.021962
0.050063
0.025781
0.021920
0.019864
0.022418
0.037525
0.066951
0.075744
0.019284
0.078670
0.020628
0.033427
0.020139
0.027630
0.041072
0.057567
0.038583
0.069300
0.021239
0.027045
0.017852
0.019624
0.030199
0.067252
0.028708
0.077098
0.072748
0.042582
0.020815
0.019813
