0.024111
0.030198
0.020206
0.022362
0.046960
0.043359
0.043629
0.022370
0.064793
0.023301
0.021240
0.029249
0.036932
0.027634
0.047997
0.029577
0.064234
0.036027
0.021520
0.031544
0.024529
0.061722
0.025771
0.021423
0.034056
0.034060
0.092623
0.036059
0.049244
0.035022
0.082871
0.032323
0.033761
0.026448
0.061364
0.020363
0.019141
0.034228
0.069568
0.031811
0.055683
0.022385
0.083528
0.024747
0.019112
0.017469
0.020955
0.018427
0.020587
0.068352
0.022424
0.034181
0.031744
0.019382
0.071079
0.034699
0.049694
0.029062
0.019984
0.045364
0.053550
0.021474
0.025944
0.018507
0.035356
0.076695
0.042773
0.021290
0.020772
0.029364
0.044850
0.026947
0.024986
0.018893
0.035400
0.068435
0.063101
0.054776
0.025415
0.074749
0.032051
0.020423
0.024565
0.033272
0.025850
0.046559
0.040337
0.022719
0.034200
0.050699
0.020617
0.020183
0.041318
0.020455
0.073587
0.021447
0.043368
0.019842
0.021149
0.046003
0.022636
0.024453
0.023064
0.093912
0.021394
0.063432
0.021093
0.022488
0.041689
0.022525
0.020035
0.018005
0.023267
0.018530
0.016981
0.037492
0.084956
0.042593
0.059445
0.057734
0.029210
0.031829
0.053654
0.047670
0.023185
0.025546
0.036572
0.068210
0.074633
0.037740
0.030344
0.072714
0.017610
0.021972
0.026862
0.018636
0.030171
