414,141,14,22
412,138,14,28
412,138,14,28
411,139,14,28
411,140,15,28
409,139,15,29
409,138,14,29
408,137,14,32
407,139,14,29
406,140,15,28
406,136,16,32
404,140,16,30
404,139,15,30
403,136,15,31
403,144,14,27
401,138,16,31
402,142,15,28
398,139,17,32
399,140,15,32
398,140,15,31
397,141,16,29
397,141,15,28
397,145,16,27
396,144,15,27
396,144,15,27
396,143,15,28
394,143,15,29
393,142,15,29
392,141,15,30
392,143,14,31
391,142,14,31
390,141,15,33
387,142,16,31
387,144,16,30
386,142,15,30
386,145,14,29
382,142,17,45
382,144,17,43
383,141,18,46
383,142,18,44
383,146,17,41
385,144,22,43
385,146,20,42
375,146,19,38
376,149,17,38
376,148,15,37
373,148,15,36
373,145,17,33
371,144,15,35
372,145,15,34
370,149,16,32
370,145,15,34
368,147,16,32
367,143,15,36
366,142,16,39
365,144,17,38
363,142,18,41
362,146,17,37
361,146,17,36
359,142,19,40
358,150,18,32
359,138,19,44
354,137,19,46
353,146,19,37
351,136,19,47
349,138,20,46
348,138,21,47
346,138,22,47
344,138,22,48
344,137,21,48
343,137,20,48
342,145,19,42
342,151,18,36
339,150,18,37
338,148,17,38
337,150,18,36
336,149,17,38
335,149,17,38
333,149,18,39
331,149,19,39
330,150,19,38
329,151,19,38
327,150,18,38
326,151,19,38
324,152,20,39
325,151,19,40
323,152,19,39
322,152,19,39
321,152,19,39
319,152,19,40
318,153,19,39
317,153,19,39
316,153,18,40
315,153,19,39
314,154,19,39
313,153,19,39
311,154,19,39
312,154,19,40
310,155,19,39
309,157,19,38
308,155,19,39
308,157,19,38
306,157,20,39
305,158,19,39
305,160,18,36
305,157,18,38
303,157,19,40
302,159,19,38
300,156,21,41
299,157,22,42
299,157,20,41
297,156,22,43
296,156,24,44
296,158,21,42
295,156,25,44
293,160,21,42
293,158,20,42
292,159,21,43
290,158,21,43
289,160,20,42
288,161,21,41
287,160,21,42
287,162,20,40
286,161,20,41
285,162,20,41
283,162,20,42
283,161,21,43
282,163,20,41
283,162,20,43
280,163,21,42
279,164,21,42
280,162,20,43
278,165,21,42
277,164,21,42
276,165,22,43
275,165,21,42
274,165,21,43
273,166,21,43
272,166,21,43
272,166,21,43
271,165,21,44
270,167,21,44
269,166,21,42
268,166,22,44
266,167,21,44
266,166,21,44
264,168,22,44
263,167,22,46
262,167,21,47
262,167,21,45
260,169,22,45
259,168,21,46
259,168,21,45
258,169,21,45
255,169,22,47
254,170,22,45
255,170,22,46
253,170,22,46
252,170,22,47
251,170,22,48
250,172,22,46
249,171,22,47
249,171,21,47
247,172,22,48
247,172,22,48
246,173,23,47
244,174,22,48
244,173,22,47
243,173,22,47
243,174,22,49
241,173,22,50
241,173,22,51
240,175,22,49
240,175,22,49
238,175,23,49
238,175,22,50
238,176,21,50
236,177,23,50
236,176,22,50
235,177,23,51
233,177,23,51
233,178,23,50
234,178,22,49
231,179,23,50
231,179,23,50
229,181,24,50
229,181,23,50
228,181,23,50
227,181,23,50
228,181,23,50
226,182,24,51
224,182,24,50
224,182,24,50
223,182,24,51
223,182,24,51
223,183,24,51
221,184,24,51
221,184,24,51
221,184,24,50
220,184,24,51
219,185,24,50
219,186,24,49
217,186,24,50
218,185,24,49
217,187,24,50
216,186,24,50
217,188,23,49
217,189,23,50
217,188,23,51
215,189,24,49
216,190,23,50
216,189,23,50
215,190,24,51
216,190,24,51
214,191,24,50
214,190,24,51
215,191,24,52
214,192,25,54
214,192,25,52
213,193,25,51
213,193,25,53
214,193,26,54
213,193,26,54
214,194,26,54
213,194,26,54
212,195,27,56
213,196,26,56
213,195,26,53
213,196,25,51
212,197,26,52
212,197,26,53
213,197,26,54
213,198,26,52
212,198,27,53
212,198,26,55
212,199,26,53
211,199,26,55
209,200,28,53
210,201,27,55
209,200,29,58
209,200,28,57
207,201,29,57
207,202,28,57
207,203,28,56
208,203,28,58
208,203,27,57
207,203,28,55
206,204,28,57
206,203,28,55
205,205,28,60
205,206,27,56
203,205,28,58
203,205,28,55
203,206,28,56
201,206,30,60
202,207,29,57
200,208,30,57
200,208,30,57
199,208,30,57
198,209,30,56
197,207,31,58
196,210,30,53
195,211,30,52
195,210,29,57
193,211,29,59
192,211,30,54
192,212,29,55
190,213,31,54
190,214,30,55
188,213,32,57
189,214,31,53
187,214,32,52
185,215,32,47
145,209,28,41
183,215,31,64
182,215,30,48
180,216,29,54
182,215,25,52
182,216,24,52
175,218,30,68
176,216,28,45
173,218,30,64
172,218,30,65
171,219,29,61
168,219,33,47
165,222,32,45
166,223,32,63
203,234,34,72
148,212,44,41
159,223,30,39
149,218,37,36
145,217,34,34
150,216,31,33
148,218,31,31
151,217,27,29
145,209,29,35
136,209,36,36
121,216,55,35
141,209,36,40
142,224,39,39
144,215,37,39
132,248,28,52
149,217,30,37
127,247,30,55
117,224,57,42
126,235,48,68
204,241,33,68
141,210,38,46
119,252,37,54
117,254,37,51
108,224,64,46
115,231,67,52
113,254,35,54
112,251,34,57
112,254,33,55
111,254,32,55
109,254,33,55
108,255,33,54
107,256,32,53
106,259,32,53
104,261,32,52
102,261,32,52
101,262,32,52
103,262,29,50
101,254,31,59
104,246,28,67
99,242,33,70
97,244,34,72
96,240,35,76
96,245,33,70
95,242,34,76
94,241,34,78
94,246,33,75
94,245,34,77
95,245,32,78
94,249,32,74
96,266,27,58
97,268,25,52
93,241,34,39
97,267,27,55
95,264,29,56
94,245,32,39
96,243,31,38
96,245,31,39
94,242,34,40
94,245,34,37
92,244,34,41
93,247,31,38
93,243,33,39
93,244,35,40
92,241,32,37
94,244,33,40
93,243,33,38
92,242,37,43
95,246,34,39
94,247,36,37
95,247,34,40
93,247,37,38
96,246,34,44
95,250,36,38
97,256,34,36
101,255,32,34
96,252,37,35
100,255,32,35
101,260,33,32
98,258,36,34
99,258,34,33
102,264,32,33
101,258,34,33
98,264,36,32
100,283,32,65
99,281,35,75
99,280,37,82
98,284,37,75
95,263,41,93
97,276,42,85
93,258,42,85
95,263,39,82
94,260,40,90
95,262,36,71
96,261,35,76
93,261,38,88
97,261,33,72
95,261,36,78
94,261,37,87
93,259,37,85
93,270,38,84
98,262,34,80
94,261,38,88
95,261,37,70
95,261,37,84
94,262,39,80
95,260,38,89
93,259,40,91
94,286,35,74
96,259,37,87
94,260,38,78
91,256,42,86
96,261,38,89
95,261,39,88
95,258,41,89
94,260,41,90
98,259,39,85
98,262,38,81
103,264,34,61
97,265,39,90
99,262,37,81
96,262,40,78
94,261,41,88
97,258,39,87
99,259,37,66
95,262,39,61
101,264,34,80
94,260,40,89
99,260,38,89
95,257,43,88
104,260,36,78
92,255,41,44
96,219,45,64
94,209,80,69
95,261,45,90
94,257,49,93
101,260,44,93
96,259,48,96
95,259,48,101
107,260,38,76
97,258,41,68
97,259,41,75
96,264,48,80
101,260,42,83
99,261,34,63
102,210,67,39
97,213,78,67
93,255,54,67
98,261,45,91
98,275,38,83
100,260,43,85
96,258,42,86
102,260,42,64
97,259,43,71
93,258,44,38
94,256,42,40
99,263,36,32
97,261,37,32
102,260,32,33
99,258,36,36
101,256,37,35
95,261,37,35
96,258,38,34
98,257,36,34
96,257,38,36
97,261,36,33
96,257,37,32
98,262,36,31
96,260,36,34
101,260,33,34
98,262,34,33
101,261,33,30
100,263,32,31
101,260,34,31
124,213,49,65
94,216,75,65
89,218,79,87
89,210,84,73
103,262,42,95
98,256,41,67
96,259,41,71
92,260,40,37
98,260,36,36
99,261,34,32
96,261,38,34
102,257,36,36
96,261,39,35
97,261,36,37
99,260,43,41
106,209,67,63
96,260,44,86
98,262,45,84
101,265,38,81
101,266,38,87
106,267,38,89
106,263,38,84
108,266,40,90
107,264,40,88
107,264,43,86
105,264,46,81
110,266,44,85
114,271,42,85
115,270,42,77
123,271,38,82
120,273,42,79
126,274,39,77
126,275,41,80
128,270,44,87
129,271,43,85
128,270,43,86
138,274,40,92
93,265,33,76
94,267,30,70
93,266,27,59
94,270,26,50
95,271,26,50
92,274,27,49
89,261,27,57
90,271,27,50
90,272,26,48
89,275,26,45
89,272,26,53
88,272,27,52
86,271,28,54
87,273,29,51
84,272,30,51
84,272,30,53
84,273,30,53
83,271,30,62
82,272,32,63
79,272,33,69
80,271,32,67
77,275,33,69
77,268,34,79
76,273,32,70
35,264,33,81
70,274,36,74
69,269,35,76
40,262,33,82
68,266,32,81
59,268,36,79
64,268,33,79
47,261,39,85
48,261,44,87
49,259,42,85
49,259,40,90
50,259,38,88
57,258,35,100
55,258,40,104
50,259,46,106
48,259,50,106
55,258,48,104
49,260,51,105
51,258,54,105
39,275,36,90
43,277,36,85
39,277,36,87
37,278,32,84
33,279,35,83
86,261,33,67
28,279,38,83
24,279,41,85
26,279,39,84
21,277,40,85
19,277,40,85
15,275,41,87
13,274,39,87
13,274,33,87
9,274,34,86
11,275,30,86
8,276,30,86
10,276,28,83
7,279,28,81
1,276,32,84
0,276,33,84
0,280,34,78
12,338,40,42
36,323,39,51
32,328,39,77
71,319,76,63
140,216,36,103
145,253,32,62
154,252,28,74
154,249,31,76
157,247,33,74
159,248,36,75
158,246,35,76
161,246,33,75
162,247,33,74
171,245,28,75
174,245,29,76
175,244,31,76
176,245,30,75
177,245,33,74
178,244,34,74
179,244,34,75
