0.042630
0.036878
0.057023
0.079478
0.034743
0.035895
0.032450
0.022559
0.069160
0.036721
0.039871
0.037026
0.061203
0.021844
0.056960
0.076967
0.043734
0.088956
0.040814
0.019876
0.048378
0.034150
0.027503
0.081545
0.023145
0.050764
0.031718
0.082236
0.043237
0.029045
0.022765
0.071749
0.027996
0.022238
0.034707
0.021879
0.070330
0.030015
0.018496
0.024079
0.018354
0.022163
0.033997
0.052144
0.031233
0.026353
0.056939
0.044280
0.017676
0.016772
0.020467
0.027648
0.053930
0.017045
0.019578
0.029814
0.022157
0.059292
0.066815
0.021860
0.022009
0.050200
0.018417
0.019879
0.024210
0.016932
0.028097
0.044278
0.029161
0.065734
0.019169
0.019547
0.049654
0.031391
0.019894
0.018264
0.023417
0.038602
0.052164
0.042637
0.064952
0.018258
0.019223
0.018653
0.017394
0.016005
0.026316
0.069327
0.031088
0.068511
0.072517
0.043664
0.022602
0.020117
0.020258
0.097835
0.024137
0.018073
0.041254
0.053127
0.031995
0.017783
0.018574
0.017113
0.024202
0.019552
0.073079
0.030552
0.027446
0.024207
0.028620
0.059414
0.025101
0.023066
0.021076
0.018668
0.019424
0.026188
0.053213
0.044042
0.018143
0.022794
0.042744
0.060269
0.041534
0.025232
0.018596
0.018826
0.023842
0.040078
0.044083
0.032495
0.027756
0.061963
0.048558
0.058556
0.018168
0.019790
0.021475
0.026613
0.049522
0.025235
0.022740
0.036438
0.022072
0.080524
0.023527
0.018562
0.016984
0.016454
0.033849
0.024394
0.068022
0.019805
0.059195
0.029219
0.060092
0.040254
0.021084
0.025109
0.030888
0.075979
0.021679
0.059564
0.026551
0.058820
0.024518
0.021729
0.020069
0.021757
0.018417
0.047444
0.039586
0.018691
0.019434
0.057467
0.043835
0.061945
0.026371
0.023391
0.024649
0.035357
0.032207
0.056391
0.022175
0.022543
0.024788
0.031347
0.020289
0.061133
0.034938
0.024273
0.018032
0.030472
0.016319
0.015806
0.016926
0.021524
0.055488
0.038553
0.051136
0.032709
0.025290
0.049953
0.051234
0.021905
0.017939
0.029845
0.044098
0.025142
0.020421
0.026886
0.048632
0.023291
0.078185
0.022841
0.024962
0.020146
0.046967
0.026243
0.050926
0.019189
0.088137
0.043321
0.022614
0.071567
0.019996
0.033531
0.024978
0.022146
0.019283
0.063554
0.095792
0.048427
0.087032
0.021288
0.024066
0.020544
0.020970
0.042302
0.021339
0.027262
0.035754
0.062153
0.091464
0.019925
0.032169
0.060633
0.028427
0.027251
0.025222
0.023306
0.036007
0.063647
0.084351
0.049917
0.023576
0.073402
0.025390
0.034967
0.023571
0.078984
0.046040
0.019972
0.088340
0.051802
0.022362
0.032058
0.021943
0.019973
0.033450
0.043742
0.073994
0.040248
0.026993
0.039974
0.024059
0.069212
0.029174
0.030049
0.030841
0.023049
0.076846
0.034929
0.024737
0.019095
0.029200
0.036369
0.021182
0.019620
0.018865
0.020949
0.041342
0.066862
0.071417
0.061372
0.039764
0.036212
0.021191
0.023124
0.016290
0.057544
0.017960
0.021942
0.020980
0.031159
0.035030
0.063228
0.019995
0.026363
0.071238
0.040629
0.026688
0.018543
0.031372
0.051049
0.075976
0.024039
0.023398
0.024879
0.021733
0.027664
0.051981
0.085992
0.031097
0.054637
0.036335
0.023074
0.018672
0.024469
0.043852
0.042062
0.068834
0.067067
0.029571
0.034019
0.018648
0.031007
0.067230
0.021195
0.040277
0.034429
0.032492
0.085508
0.030521
0.023772
0.041069
0.073490
0.020398
0.020421
0.026043
0.020662
0.050886
0.055075
0.060122
0.044280
0.073629
0.027502
0.033844
0.028419
0.048598
0.033618
0.018857
0.067616
0.036601
0.036306
0.030953
0.020763
0.063062
0.044794
0.034865
0.020087
0.071362
0.068352
0.019931
0.019366
0.019042
0.019285
0.022629
0.065489
0.027914
0.026670
0.036374
0.079890
0.054357
0.020880
0.021229
0.020040
0.018594
0.023421
0.035852
0.046596
0.033149
0.028353
0.028922
0.056824
0.026132
0.075058
0.020567
0.033134
0.043909
0.029913
0.028776
0.025892
0.034299
0.019851
0.076908
0.020728
0.020541
0.038027
0.095424
0.025740
0.016128
0.034210
0.030632
0.065290
0.063446
0.024379
0.018093
0.061792
0.022954
0.021572
