0.005680
0.025223
0.020799
0.016651
0.058798
0.031750
0.037367
0.072713
0.024685
0.022640
0.026337
0.020469
0.050205
0.021007
0.031003
0.021281
0.048959
0.022421
0.016837
0.019144
0.021046
0.061098
0.046976
0.026342
0.075755
0.045979
0.024969
0.020737
0.019977
0.019117
0.066813
0.026243
0.033102
0.073633
0.038324
0.042920
0.018919
0.060627
0.022900
0.025501
0.024724
0.022375
0.068552
0.036446
0.061637
0.024921
0.020703
0.045167
0.018625
0.018743
0.018130
0.018560
0.023502
0.087625
0.021784
0.054493
0.045241
0.063904
0.023246
0.031459
0.017892
0.058739
0.059296
0.032669
0.046791
0.058403
0.038608
0.019515
0.018167
0.020095
0.034544
0.036676
0.026683
0.023376
0.023278
0.033675
0.031345
0.062437
0.026668
0.024742
0.022084
0.023768
0.021947
0.051609
0.033882
0.030129
0.022189
0.067991
0.054358
0.042335
0.022685
0.023463
0.022685
0.041046
0.051441
0.023863
0.017491
0.033218
0.077977
0.046381
0.058433
0.023621
0.021214
0.026146
0.058432
0.023165
0.033956
0.029991
0.034419
0.032956
0.048399
0.029917
0.072148
0.050004
0.023623
0.023262
0.020408
0.050346
0.038623
0.020956
0.069077
0.037056
0.042235
0.087473
0.036297
0.027434
0.036736
0.081151
0.040472
0.047699
0.067808
0.033995
0.038500
0.024792
0.021009
0.043516
0.055496
0.048342
0.023176
0.028180
0.066753
0.020936
0.020348
0.021232
0.036132
0.070283
0.027673
0.048976
0.048147
0.019368
0.027299
0.028468
0.062996
0.030120
0.016927
0.082574
0.035074
0.026091
0.020102
0.023792
0.018512
0.022312
0.023666
0.063109
0.037560
0.019866
0.045650
0.047493
0.033673
0.020479
0.026252
0.065895
0.023124
0.019916
0.033420
0.032046
0.043159
0.019122
0.020741
0.017533
0.018986
0.057216
0.031556
0.027992
0.028273
0.031784
0.051759
0.060589
0.020500
0.024293
0.018094
0.024357
0.071039
0.048678
0.029099
0.059761
0.052460
0.022330
0.021128
0.030278
0.034784
0.026736
0.029044
0.059305
0.049551
0.071262
0.067531
0.078305
0.018852
0.029205
0.049489
0.028466
0.027338
0.060860
0.080167
0.052820
0.082461
0.034748
0.026109
0.034729
0.024282
0.061725
0.034514
0.068730
0.080743
0.024443
0.018174
0.024427
0.019467
0.067524
0.033853
0.028576
0.023933
0.078997
0.045377
0.023194
0.018021
0.022321
0.017809
0.017432
0.036123
0.059794
0.029061
0.080971
0.061437
0.021403
0.027988
0.020659
0.019793
0.018883
0.067344
0.023966
0.024479
0.033916
0.019773
0.019387
0.064088
0.039865
0.021581
0.039313
0.065155
0.023176
0.022061
0.023876
0.023585
0.031494
0.046559
0.048444
0.042770
0.018794
0.063320
0.040538
0.022314
0.021581
0.025309
0.067780
0.018250
0.062309
0.048087
0.083248
0.039960
0.017633
0.021043
0.024383
0.058943
0.033255
0.033412
0.070621
0.063834
0.052516
0.021310
0.019090
0.023703
0.029012
0.036570
0.020457
0.059842
0.062118
0.031658
0.022537
0.023400
0.030383
0.030099
0.026833
0.046400
0.062862
0.036902
0.021765
0.075274
0.023114
0.022130
0.019956
0.024974
0.050072
0.030194
0.026528
0.019853
0.074561
0.023503
0.023057
0.017265
0.031174
0.022647
0.050274
0.024614
0.023494
0.033871
0.090361
0.030546
0.032289
0.021793
0.036747
0.058316
0.037849
0.080812
0.086524
0.019536
0.020624
0.016783
0.016421
0.016513
0.016219
0.036613
0.072104
0.028111
0.041596
0.025483
0.058740
0.023042
0.020012
0.023655
0.024366
0.027273
0.064431
0.025236
0.029613
0.015904
0.033203
0.029961
0.082497
0.040235
0.034477
0.018311
0.077663
0.023299
0.032033
0.032732
0.035752
0.071999
0.049273
0.026161
0.035243
0.055542
0.022796
0.018784
0.019159
0.019593
0.017969
0.037893
0.034751
0.056485
0.017536
0.025631
0.023183
0.066332
0.020967
0.019261
0.028286
0.044374
0.068498
0.035198
0.031106
0.048700
0.021923
0.023049
0.021404
0.022918
0.027977
0.057257
0.090836
0.033255
0.052465
0.027400
0.022229
0.045408
0.037992
0.037651
0.075272
0.055669
0.044495
0.073120
0.024583
0.032250
0.037457
0.043109
0.085533
0.065949
0.024993
0.020790
0.074568
0.061050
0.020937
0.023469
0.056856
0.048916
0.034367
0.098598
0.059038
0.083376
0.031790
0.039982
0.021599
0.051912
0.081018
0.081928
0.048763
0.037868
0.076752
0.041079
0.034993
0.042873
0.056189
0.039787
0.034647
0.069121
0.060257
0.025435
0.037332
0.037494
0.096251
0.035841
0.080171
0.051712
0.054749
0.033967
0.033985
0.030174
0.022082
0.054109
0.039559
0.064132
0.066792
0.046349
0.020467
0.029476
0.084104
0.037017
0.055690
0.066005
0.076375
0.048395
0.041307
0.047618
0.072055
0.032218
0.038617
0.076765
0.055055
0.042414
0.070089
0.018579
0.051665
0.082912
0.022975
0.024683
0.039960
0.067892
0.061896
0.047931
0.046892
0.077465
0.029299
0.037619
0.034286
0.075125
0.033227
0.056602
0.048863
0.072994
0.044368
0.023717
0.037833
0.024670
0.060068
0.057100
0.049352
0.037713
0.068339
0.023100
0.046806
0.040432
0.050959
0.085065
0.042172
0.080638
0.049015
0.021048
0.020344
0.039487
0.064960
0.055618
0.036330
0.084309
0.051694
0.022144
0.018543
0.028862
0.027154
0.026150
0.077618
0.054469
0.086030
0.051293
0.027144
0.035471
0.051967
0.049055
0.044014
0.053247
0.086605
0.046726
0.048007
0.028183
0.059031
0.037658
0.076046
0.033504
0.053565
0.062788
0.048315
0.079012
0.025906
0.028307
0.071729
0.043942
0.032358
0.039932
0.049954
0.081501
0.019888
0.031924
0.041607
0.063266
0.039614
0.039850
0.025109
0.060340
0.044096
0.048690
0.024294
0.065979
0.056587
0.041489
0.035879
0.058470
0.048941
0.035099
0.077797
0.061940
0.036717
0.049613
0.088372
0.019788
0.026124
0.045321
0.061768
0.066870
0.051402
0.046732
0.062867
0.061823
0.023606
0.055235
0.064759
0.039913
0.030236
