220,235,15,45
220,235,16,45
220,235,17,46
220,235,17,47
220,235,17,46
219,235,17,46
219,236,17,46
219,236,17,46
218,235,17,47
218,235,17,47
218,235,17,47
218,235,17,47
220,235,16,46
220,236,16,46
220,235,16,47
220,235,16,47
221,235,17,47
220,235,17,47
220,234,19,48
219,234,20,48
235,237,19,46
219,235,20,48
218,235,19,47
219,237,18,46
219,237,17,46
221,237,18,47
228,237,16,45
218,237,19,47
226,237,18,47
215,238,20,47
228,237,17,48
214,239,19,46
214,239,21,47
220,240,19,47
227,240,17,47
225,241,17,46
221,241,18,46
210,240,19,47
224,240,18,47
212,241,18,46
209,242,19,46
210,240,18,45
210,240,18,47
210,241,19,46
209,241,19,47
209,242,18,47
209,242,19,47
208,240,19,49
209,241,19,48
209,240,18,48
211,240,17,48
211,240,17,49
212,239,17,49
212,240,16,49
212,240,17,49
212,241,17,48
213,241,17,48
212,241,17,49
212,242,17,48
212,242,17,49
213,241,18,48
213,242,18,49
213,242,18,49
212,241,19,50
213,242,19,49
213,242,19,50
214,241,19,51
213,241,21,51
212,242,23,50
212,241,23,51
214,242,22,51
217,242,20,51
221,242,20,52
223,242,20,51
222,243,20,51
223,243,20,51
223,244,21,51
223,244,20,51
224,244,19,51
225,244,19,51
225,244,19,51
226,244,18,51
225,244,18,51
227,245,18,51
226,245,18,51
226,245,18,51
226,245,20,51
225,245,20,51
225,245,22,52
225,244,22,52
224,245,22,52
224,246,22,52
225,245,22,51
225,245,22,52
224,245,22,52
224,246,22,52
225,246,22,52
224,246,22,52
224,246,22,52
224,245,21,52
225,246,21,52
226,246,21,52
224,246,21,52
226,246,21,52
225,246,21,52
226,247,21,52
225,247,21,52
227,246,21,52
225,246,22,53
227,246,22,53
226,246,22,53
228,245,22,52
227,246,21,52
227,246,22,53
227,245,21,53
228,246,22,53
228,246,21,53
228,246,22,53
228,247,22,52
229,247,22,52
229,247,21,52
229,247,21,52
229,246,21,53
230,247,22,53
230,247,21,53
230,247,21,53
231,246,21,53
231,245,21,54
230,245,21,54
232,247,21,54
231,248,21,53
232,248,20,53
232,247,21,54
233,247,21,54
233,247,21,54
234,248,21,54
233,247,21,53
233,247,21,54
233,247,21,55
233,246,21,55
232,246,22,56
233,247,21,54
232,247,21,54
232,248,22,54
233,248,22,53
232,248,22,54
232,248,22,54
232,247,21,54
233,247,22,54
232,247,22,54
233,247,22,54
233,248,21,54
233,248,21,55
233,248,21,55
234,248,21,54
234,248,22,55
234,249,21,54
234,248,21,54
235,249,21,55
234,249,21,54
236,248,21,54
237,248,21,54
236,249,21,54
237,248,22,56
236,248,22,56
237,248,21,56
237,248,22,56
238,248,22,55
238,249,22,55
238,250,22,55
238,250,22,55
238,250,22,55
239,250,21,55
238,251,22,55
240,250,21,55
241,249,21,55
240,250,22,54
241,249,21,55
242,249,21,55
241,249,21,56
243,249,21,56
243,250,22,56
243,250,22,55
244,250,22,56
245,250,21,56
245,250,21,56
246,250,21,55
245,251,22,56
248,250,21,56
248,250,21,55
248,250,21,56
248,250,21,57
248,250,23,56
268,251,20,54
250,251,22,56
249,251,23,56
249,251,23,55
251,251,23,56
250,252,23,55
251,251,22,55
252,252,22,54
250,252,23,55
253,252,23,56
253,251,22,56
254,252,22,55
254,252,22,56
255,253,21,55
257,252,22,56
255,253,21,55
257,252,21,55
257,253,21,55
258,252,21,56
258,253,21,55
258,253,21,57
259,253,21,56
259,253,22,57
259,253,22,57
259,252,23,58
259,252,24,58
260,254,23,56
259,254,23,57
260,255,23,57
260,255,22,57
260,256,23,56
260,256,23,56
260,256,22,56
261,255,23,57
261,255,23,57
261,254,22,58
263,255,22,57
262,255,22,57
263,255,22,57
263,255,22,57
263,255,22,57
264,256,21,56
265,256,21,56
265,255,21,56
266,256,21,56
266,255,21,56
266,255,21,56
266,255,22,58
267,255,22,57
266,255,22,58
267,255,22,58
268,255,23,58
267,255,23,59
266,256,24,59
268,256,23,59
266,255,23,59
269,256,22,58
267,256,22,58
270,256,22,57
268,256,22,57
270,256,21,58
270,256,21,57
271,256,21,57
271,255,22,59
272,255,21,59
272,255,22,60
271,255,22,60
273,255,23,61
273,254,22,61
274,254,23,62
274,253,23,64
274,254,23,63
276,254,23,63
275,255,23,62
277,253,23,63
276,254,22,62
277,254,21,61
275,254,22,63
277,254,24,61
276,255,23,61
276,255,24,61
278,254,24,62
275,254,27,61
295,256,23,60
277,254,25,63
276,256,26,61
274,256,28,60
277,255,25,61
277,255,24,61
277,255,25,63
277,256,24,63
279,255,24,63
278,255,24,63
280,255,22,64
278,256,24,61
280,256,23,64
279,255,24,63
278,256,26,62
279,257,23,60
283,258,22,59
282,257,22,62
283,257,21,62
284,258,21,62
284,258,21,61
285,259,21,60
284,258,21,61
284,259,21,61
285,260,22,60
282,260,23,60
282,260,22,61
283,260,22,61
282,260,23,60
281,260,24,60
283,259,23,60
283,260,23,60
284,260,23,60
283,259,22,60
281,259,21,61
280,258,22,61
281,259,22,60
279,258,24,61
279,259,24,61
278,259,23,62
300,260,23,60
279,260,23,62
283,260,21,61
281,260,22,61
298,262,25,58
277,257,24,64
277,258,23,63
279,261,22,60
277,261,22,61
276,262,23,61
278,262,22,61
277,261,23,62
277,263,23,61
275,262,24,63
278,263,23,60
276,261,24,63
276,262,24,62
276,261,25,63
275,261,26,63
276,261,27,64
278,262,25,63
275,262,28,63
281,262,24,63
279,262,25,63
278,263,26,62
278,264,27,62
279,264,25,63
279,262,26,64
281,263,24,63
284,263,24,64
283,263,25,63
283,264,24,63
283,264,24,64
284,265,23,63
285,264,24,63
285,265,24,63
286,264,24,64
284,265,25,63
284,265,25,64
283,265,26,63
283,265,26,64
284,267,26,63
283,266,26,65
283,265,26,65
284,266,25,65
283,266,25,64
286,267,24,64
285,266,24,65
285,267,24,64
284,267,25,64
284,267,25,64
284,267,26,64
284,269,24,62
285,270,24,62
285,269,24,63
284,269,24,62
301,271,23,61
285,268,25,65
284,268,25,64
284,268,25,65
283,271,25,63
284,269,25,64
285,269,25,64
284,271,26,64
283,268,25,66
284,269,24,65
284,269,24,66
283,269,25,67
284,272,25,63
284,269,24,66
284,271,25,65
283,271,25,65
282,270,25,66
282,271,26,65
301,273,25,65
280,272,27,66
280,272,27,66
278,273,28,66
278,272,27,66
278,272,26,65
277,272,27,67
277,273,27,66
278,275,27,65
278,273,28,67
277,273,27,66
277,274,27,65
278,274,26,64
278,274,27,66
278,273,28,67
277,275,29,66
277,276,28,65
277,277,28,65
276,274,29,68
274,275,28,67
275,277,27,65
275,276,28,66
276,277,26,66
276,276,27,68
277,276,28,67
277,276,26,67
277,275,28,67
276,278,28,67
276,276,28,68
297,278,23,67
293,279,25,67
295,278,25,69
275,276,28,70
279,278,29,67
276,275,28,71
296,278,25,68
276,277,28,70
273,276,29,71
274,283,25,65
274,279,27,69
274,282,25,67
275,279,26,69
275,278,27,70
274,279,28,71
274,279,28,71
274,280,28,70
273,281,28,69
273,282,29,69
274,280,28,70
272,282,29,69
272,280,29,70
271,281,29,70
274,281,27,70
274,281,30,75
276,283,28,73
276,284,29,72
278,284,29,71
278,285,28,72
281,284,26,72
280,284,28,73
280,284,28,73
281,284,27,74
281,284,27,74
285,284,25,74
284,287,29,75
286,287,27,75
284,286,28,77
285,288,28,75
286,289,28,74
287,289,27,75
286,289,28,75
289,288,26,75
288,287,27,76
290,289,27,76
289,289,28,76
289,289,28,76
290,291,28,75
289,290,28,76
291,291,28,75
291,291,29,76
291,291,29,76
292,290,29,77
292,290,29,78
293,291,27,78
294,291,29,78
296,292,28,77
297,293,27,77
299,293,27,77
299,292,26,78
300,292,27,77
301,292,25,77
302,293,25,79
307,294,27,78
310,293,27,79
309,295,27,78
312,295,27,79
312,296,30,78
313,297,28,78
314,296,28,78
317,296,29,80
315,295,31,82
315,298,32,78
314,298,33,77
315,299,34,79
318,299,32,77
326,299,28,79
328,301,28,78
329,301,29,79
331,301,28,79
331,301,29,79
331,301,30,81
332,301,30,82
332,302,31,78
332,303,33,79
333,304,32,78
332,304,32,79
336,304,31,77
338,304,31,79
341,303,28,79
340,303,31,82
342,304,29,80
341,305,32,79
343,306,30,78
344,306,32,78
344,306,32,80
344,306,33,79
346,306,31,79
348,306,32,81
347,306,32,80
349,307,32,80
348,307,33,79
348,308,34,81
346,307,37,83
352,309,33,79
351,308,32,83
352,309,33,80
353,309,32,86
354,308,31,79
355,309,30,81
358,310,29,80
359,312,28,76
361,312,30,76
362,312,31,80
360,311,32,83
363,311,31,82
399,310,27,84
397,308,30,87
365,312,31,84
403,313,29,79
404,314,27,81
375,314,33,84
379,315,31,86
412,318,30,87
384,321,29,84
386,315,32,90
418,315,30,87
390,315,30,90
394,317,27,86
392,315,28,92
391,316,30,90
391,316,31,91
398,318,27,87
394,316,30,89
397,317,31,89
403,317,27,89
404,317,26,88
406,319,28,88
405,320,28,86
408,320,27,85
407,321,28,86
410,319,30,86
411,321,29,84
413,321,30,90
416,321,29,89
416,319,28,84
418,321,29,86
416,325,32,81
424,328,26,79
421,323,27,82
424,323,29,80
423,320,27,65
424,325,28,79
428,321,29,88
432,325,25,76
431,322,27,82
432,324,27,79
430,325,29,87
434,326,29,81
433,324,28,81
435,323,28,85
437,326,29,86
437,324,28,83
440,324,27,82
438,325,30,84
441,327,32,85
441,327,30,83
444,326,29,88
446,328,28,89
443,329,30,87
448,327,28,85
444,327,32,90
444,329,33,88
448,326,32,91
448,324,29,89
451,329,30,89
453,328,29,82
455,328,30,81
455,329,28,85
456,329,28,83
457,330,28,88
464,333,31,83
467,330,28,86
464,332,30,85
466,332,30,83
465,333,31,82
467,332,30,82
501,334,29,75
469,334,28,77
472,334,30,80
473,339,26,75
477,336,28,81
478,331,31,63
475,336,31,86
484,334,28,59
481,335,29,79
491,340,30,76
515,338,29,63
523,339,26,58
493,340,29,58
491,338,27,69
477,308,22,45
500,342,22,52
525,341,25,67
502,339,29,64
497,339,29,73
525,342,32,63
533,342,28,59
531,343,26,55
526,343,25,68
535,344,30,52
526,342,37,91
511,343,35,53
513,344,29,79
546,347,31,61
524,344,29,76
520,347,36,82
515,346,32,78
521,347,31,74
519,347,41,66
519,350,33,67
556,344,29,81
524,351,30,72
565,349,27,77
535,349,29,77
571,353,27,72
562,350,28,72
534,348,31,60
543,350,34,80
573,353,30,79
576,352,30,82
579,354,31,81
545,352,32,81
583,357,31,81
586,356,30,79
585,358,30,78
581,357,32,85
553,351,35,88
552,357,37,88
557,355,34,86
556,354,37,87
559,354,38,93
563,357,35,84
565,354,35,89
568,354,34,90
571,356,33,86
570,356,35,92
579,359,30,83
580,359,28,81
582,360,29,86
582,359,29,80
583,359,30,79
584,357,29,81
