0.004730
0.058989
0.088427
0.071917
0.023177
0.019999
0.020370
0.020838
0.032215
0.072160
0.032178
0.017410
0.072551
0.060328
0.036440
0.022229
0.019598
0.022731
0.049092
0.027708
0.029543
0.028792
0.035841
0.072581
0.044411
0.020602
0.021670
0.024976
0.019697
0.025537
0.054396
0.037995
0.035159
0.033779
0.075161
0.026948
0.018709
0.025399
0.060291
0.043888
0.034776
0.033161
0.040850
0.073738
0.022994
0.017208
0.018890
0.069349
0.039072
0.048829
0.052824
0.081239
0.029647
0.020212
0.022882
0.065347
0.018868
0.019074
0.021931
0.064285
0.033447
0.024570
0.084842
0.056822
0.021142
0.023428
0.022894
0.026368
0.017101
0.022630
0.058392
0.034733
0.032122
0.024840
0.065090
0.059296
0.036848
0.039876
0.069527
0.031685
0.032622
0.024457
0.054366
0.059007
0.033256
0.022664
0.085797
0.018416
0.025759
0.053449
0.032077
0.032716
0.063979
0.032762
0.021462
0.032168
0.019126
0.028759
0.070750
0.045163
0.021189
0.062729
0.043067
0.019145
0.016748
0.031823
0.019814
0.037927
0.048821
0.024663
0.028466
0.024829
0.039671
0.076327
0.038551
0.024490
0.036770
0.076939
0.033154
0.024816
0.031969
0.053181
0.037868
0.024128
0.024666
0.041753
0.039813
0.033772
0.032843
0.036744
0.021873
0.021635
0.020627
0.023149
0.024170
0.049986
0.059861
0.032068
0.025182
0.051928
0.033711
0.023230
0.033006
0.021078
0.063442
0.040228
0.019492
0.073965
0.058510
0.048484
0.034189
0.019800
0.022656
0.060932
0.039179
0.025761
0.045071
0.037664
0.067235
0.023391
0.028761
0.030501
0.033546
0.036405
0.020617
0.020133
0.038482
0.017765
0.053437
0.044843
0.019266
0.034053
0.028659
0.054764
0.029038
0.034897
0.021483
0.078308
0.059632
0.031195
0.019708
0.019815
0.047640
0.051903
0.022361
0.019657
0.032730
0.025850
0.046070
0.023853
0.021688
0.025731
0.030239
0.097589
0.026767
0.072251
0.067792
0.024620
0.023847
0.033044
0.057886
0.063712
0.020854
0.017633
0.016351
0.028583
0.062768
0.041782
0.036549
0.021835
0.078430
0.036796
0.032418
0.019618
0.019846
0.078537
0.026317
0.020623
0.033509
0.016786
0.080336
0.036516
0.034879
0.033139
0.020255
0.026557
0.057378
0.037266
0.026757
0.074777
0.077618
0.025253
0.028389
0.022814
0.029474
0.018224
0.031422
0.053756
0.020599
0.052367
0.024339
0.057387
0.024671
0.024197
0.018800
0.072447
0.023228
0.018137
0.025689
0.042543
0.073032
0.039500
0.028943
0.039524
0.055115
0.020360
0.024570
0.022056
0.071729
0.031498
0.032259
0.017637
0.052916
0.053895
0.022663
0.024156
