444,297,33,89
442,298,37,90
443,298,36,89
442,297,36,89
443,297,36,88
443,297,35,88
443,299,35,88
444,298,36,89
444,298,34,88
444,298,35,88
443,297,35,87
442,298,36,90
443,297,35,88
444,297,36,89
443,298,35,88
442,298,36,87
442,297,36,90
442,298,36,89
442,297,36,91
442,297,36,91
443,298,36,91
443,297,36,91
442,298,35,89
443,297,36,92
443,298,35,88
444,297,35,90
442,297,35,88
442,297,37,90
443,298,36,88
442,298,35,88
443,296,37,90
443,298,36,90
442,298,37,92
443,297,36,92
443,297,36,89
443,298,37,88
443,300,37,86
445,299,36,88
444,302,36,83
445,300,35,85
445,300,36,86
444,300,36,87
444,300,34,86
446,300,34,84
444,300,34,85
442,299,35,86
441,300,35,84
440,300,34,84
440,300,34,87
439,299,35,87
437,298,33,87
435,299,33,85
434,297,34,87
433,297,34,85
434,298,33,85
432,297,33,86
432,297,33,87
429,296,32,88
428,296,32,88
427,296,31,87
426,296,31,85
421,295,32,87
422,297,32,86
419,294,31,88
418,296,32,83
414,296,32,85
414,296,32,85
411,294,34,88
410,296,33,83
409,295,34,83
409,294,33,84
408,293,33,84
407,293,34,86
404,295,34,86
405,295,32,82
404,295,32,86
403,295,31,85
401,296,33,85
399,296,35,87
401,296,33,83
399,297,31,80
398,297,32,81
397,295,29,82
397,294,31,83
394,296,30,80
393,293,29,85
392,297,30,80
387,294,34,85
385,294,33,83
380,294,34,84
375,294,33,83
370,295,36,84
369,296,36,84
366,295,36,87
365,295,34,89
363,296,34,88
362,296,33,90
363,296,31,90
361,296,31,89
361,296,31,83
359,295,30,86
360,297,29,80
358,296,30,81
357,296,30,82
358,296,29,87
358,296,29,94
356,295,31,93
354,296,33,95
353,296,33,97
351,293,34,99
348,296,36,99
346,297,38,105
344,298,40,103
341,297,41,103
341,296,37,105
339,295,38,105
340,295,36,101
338,294,33,103
336,294,36,108
335,295,39,106
334,295,39,104
331,296,34,103
332,297,36,105
330,295,38,105
329,297,35,104
326,297,38,106
328,297,35,104
327,297,36,103
327,297,37,104
325,297,36,103
327,297,36,103
326,297,36,102
325,297,37,103
326,298,36,103
327,297,36,103
327,298,36,102
326,298,38,102
327,297,35,103
326,298,37,102
327,298,36,101
327,299,37,103
326,297,35,102
328,297,36,102
326,298,37,102
327,298,39,102
326,298,35,103
326,298,38,102
326,298,36,102
328,297,37,102
326,297,37,104
328,297,38,102
326,297,36,104
328,298,37,102
328,297,37,103
327,297,37,104
327,297,37,102
327,298,36,101
326,299,40,103
326,298,37,104
328,298,38,102
327,297,36,103
329,299,38,100
327,298,38,104
327,298,37,103
326,298,38,102
327,299,38,102
327,297,37,104
327,297,35,103
328,298,38,102
327,298,37,104
327,298,38,103
327,298,37,104
328,298,38,103
328,297,40,104
327,297,37,104
327,298,37,102
327,298,42,102
325,297,39,105
328,298,38,103
327,298,37,103
328,297,39,103
327,298,37,105
327,298,38,103
327,299,38,102
326,298,37,102
327,299,38,101
324,298,39,102
327,299,37,102
323,298,39,101
322,299,42,103
323,299,41,102
325,299,40,103
328,298,38,103
331,297,40,104
330,297,40,105
331,296,40,105
340,297,41,102
341,298,43,103
344,298,40,97
345,298,37,94
346,298,40,97
347,297,36,96
346,297,39,98
350,297,33,87
347,298,38,94
351,298,34,89
348,298,36,92
350,298,36,87
352,298,36,88
352,298,37,83
353,296,36,84
352,299,38,86
355,298,37,90
355,299,38,91
357,299,37,85
357,300,38,88
361,299,38,89
360,301,37,88
361,300,36,89
359,299,38,92
362,300,35,92
360,300,36,90
359,299,36,89
360,299,35,88
360,300,35,86
359,299,34,89
358,299,34,88
358,299,34,88
358,300,34,88
356,299,34,89
357,299,33,86
356,300,34,87
355,300,36,89
356,300,34,87
355,301,35,85
357,301,34,84
355,301,36,88
356,300,35,88
356,299,35,95
357,300,34,87
360,300,33,87
357,299,36,90
360,300,33,86
359,299,34,85
359,300,34,88
358,299,35,89
359,300,35,87
359,300,35,88
359,299,35,90
359,299,35,91
359,301,36,88
358,300,37,91
356,301,37,90
356,300,37,85
355,300,36,87
353,299,39,90
355,299,36,88
356,300,37,87
355,299,37,84
358,300,36,84
359,299,35,83
361,301,34,85
362,299,36,86
364,299,39,88
367,299,37,85
368,298,37,85
370,297,37,86
375,297,36,82
377,296,34,78
381,297,34,78
384,296,33,78
386,296,32,82
391,297,33,81
388,298,33,81
392,297,32,78
393,297,34,76
397,295,34,82
403,297,34,79
404,296,34,82
404,296,36,80
407,295,36,79
409,296,38,84
413,295,35,80
421,294,32,81
421,295,35,84
419,292,36,89
447,294,31,85
447,294,30,85
451,294,32,85
451,296,30,83
455,296,33,82
455,296,33,82
458,297,32,82
463,296,31,83
464,294,32,90
468,292,33,96
468,293,36,92
472,295,34,93
474,292,35,94
475,293,35,98
475,295,34,94
482,296,30,92
488,296,29,91
487,299,31,88
492,303,32,76
470,306,36,74
470,306,35,71
462,310,37,69
463,310,36,66
471,310,34,68
465,307,46,70
471,313,39,65
460,305,43,75
538,286,34,90
560,289,35,105
565,291,34,100
569,292,35,98
574,295,33,98
574,293,33,97
578,290,32,100
581,291,33,100
580,287,31,106
581,287,33,106
580,288,33,99
580,289,35,102
581,294,33,102
582,293,29,97
588,286,27,106
563,299,37,100
513,288,52,98
485,292,46,90
468,274,42,103
465,309,38,71
466,311,34,67
460,312,47,67
528,288,41,89
568,292,42,101
550,289,40,90
506,285,43,99
560,288,43,93
558,286,38,91
528,289,32,86
523,289,29,100
515,290,41,96
537,289,40,95
502,286,40,90
529,292,39,99
517,289,39,97
523,291,32,87
522,289,33,93
520,289,33,91
519,280,32,90
520,283,29,86
520,285,34,82
527,280,40,91
519,287,34,88
519,287,33,85
519,289,33,82
520,291,32,80
516,288,36,82
578,275,31,86
524,294,33,79
580,279,32,88
536,293,27,78
529,298,27,69
517,310,27,72
514,313,30,69
516,314,29,67
515,323,26,60
516,318,28,68
470,321,29,71
517,317,30,68
509,317,35,66
465,310,28,86
468,319,31,78
517,320,30,69
515,324,28,68
518,315,29,69
516,322,28,61
520,324,25,57
475,315,24,75
469,318,28,76
523,315,28,67
501,315,37,67
462,301,30,96
466,302,29,100
466,312,32,86
518,320,28,65
466,315,29,81
520,309,28,74
518,324,25,63
519,315,28,69
515,320,28,64
468,317,31,75
517,320,27,68
520,322,25,62
518,320,24,65
517,313,28,60
518,323,27,59
517,319,28,64
519,318,28,64
468,322,26,71
519,321,25,61
477,318,24,74
468,322,27,72
519,322,25,68
515,310,30,78
465,315,28,83
467,312,29,89
513,317,28,71
510,316,42,72
460,305,31,86
467,302,28,93
515,324,28,65
519,323,25,65
519,318,28,66
466,317,26,73
518,324,25,60
519,312,31,65
517,321,26,64
517,305,27,74
517,304,33,73
517,322,27,62
518,308,30,72
466,313,31,77
518,309,33,80
515,315,29,70
475,316,35,78
469,315,32,81
517,318,26,69
519,318,26,67
515,314,29,67
464,307,25,83
517,325,27,67
519,324,26,62
518,320,27,64
517,318,25,65
517,320,28,61
468,318,25,70
518,324,25,66
515,316,28,64
515,316,29,66
513,318,29,63
470,318,34,73
462,314,30,83
466,315,30,82
519,316,32,75
517,300,28,82
516,325,32,60
517,323,25,65
518,316,30,65
514,322,27,59
466,318,26,76
