0.035775
0.054550
0.033750
0.020856
0.028901
0.033327
0.032323
0.023802
0.051072
0.061340
0.052875
0.026615
0.028035
0.023942
0.028953
0.064420
0.047123
0.019632
0.018863
0.024135
0.074742
0.044541
0.042047
0.091627
0.028301
0.027801
0.018183
0.030298
0.041636
0.021093
0.025667
0.025822
0.033043
0.059624
0.019705
0.025783
0.034267
0.032836
0.022022
0.018550
0.021521
0.040213
0.048520
0.073820
0.021253
0.019397
0.024907
0.061452
0.024889
0.018341
0.031530
0.070440
0.046432
0.019498
0.019724
0.020472
0.016795
0.023584
0.021169
0.016136
0.031465
0.016678
0.032754
0.053850
0.019940
0.018140
0.016222
0.017671
0.017882
0.026099
0.024846
0.025112
0.031142
0.018219
0.015328
0.015316
0.018302
0.023870
0.019158
0.017046
0.019049
0.015713
0.015755
0.016570
0.016486
0.015831
0.016810
0.016343
0.015806
0.021269
0.023871
0.019490
0.073277
0.061475
0.016266
0.020083
0.020050
0.020690
0.023677
0.062280
0.024370
0.022432
0.032354
0.021310
0.073501
0.034677
0.019494
0.019525
0.018574
0.030454
0.023053
0.055179
0.027911
0.017275
0.043503
0.044536
0.021402
0.076058
0.046863
0.017029
0.016402
0.021088
0.033069
0.040568
0.029660
0.078780
0.062212
0.031652
0.054435
0.035626
0.059707
0.022506
0.022468
0.033144
0.019116
0.085343
0.019638
0.020490
0.020730
0.033366
0.021675
0.058507
0.024255
0.018549
0.030188
0.033593
0.059526
0.045881
0.067797
0.022624
0.103780
0.033118
0.020921
0.022062
0.085426
0.074331
0.038151
0.035583
0.067601
0.027648
0.026337
0.047980
0.062608
0.033885
0.068549
0.041739
0.058829
0.022551
0.025978
0.039430
0.025870
0.066360
0.105511
0.046661
0.024824
0.019657
0.049100
0.071393
0.024873
0.025105
0.053452
0.061337
0.057793
0.019515
0.032936
0.056740
0.041522
0.036214
0.025860
0.088994
0.086228
0.046054
0.054973
0.080121
0.048204
0.102680
0.040076
0.078779
0.071439
0.036901
0.043332
0.078135
0.044521
0.033087
0.049423
0.060622
0.055795
0.035282
0.035936
0.022250
0.062740
0.037861
0.046114
0.035943
0.072838
0.049172
0.077379
0.047738
0.018457
0.021073
0.034115
0.024020
0.063602
0.022854
0.042476
0.032455
0.107255
0.043846
0.056442
0.047649
0.057913
0.054427
0.040828
0.044426
0.065741
0.032434
0.035024
0.072113
0.050836
0.047184
0.042252
0.020964
0.034957
0.069602
0.038401
0.062928
0.060177
0.025939
0.028249
0.032420
0.018690
0.064013
0.027340
0.028724
0.047421
0.053587
0.024541
0.037221
0.029293
0.075171
0.052542
0.072881
0.060050
0.038769
0.067142
0.060927
0.044402
0.035128
0.080209
0.024650
0.037406
0.033809
0.035716
0.030911
0.030998
0.049389
0.029871
0.068861
0.028069
0.022443
0.037477
0.023827
0.071968
0.081516
0.047113
0.054596
0.056135
0.029848
0.050223
0.039289
0.042406
0.041542
0.038775
0.047834
0.076955
0.052975
0.039202
0.054446
0.045028
0.019524
0.021562
0.031157
0.026842
0.054276
0.084488
0.041232
0.027345
0.057104
0.022732
0.023911
0.043295
0.045882
0.052843
0.019044
0.046080
0.108320
0.020799
0.035353
0.039435
0.095140
0.035437
0.031296
0.033353
0.022196
0.098495
0.082814
0.039711
0.024502
0.082348
0.051651
0.035629
0.094295
0.046844
0.060556
0.030482
0.062670
0.039825
0.050296
0.031268
0.083824
0.037391
0.029001
0.030868
0.022212
0.068397
0.059715
0.096777
0.080527
0.054725
0.029436
0.025827
0.090847
0.040459
0.058696
0.043444
0.056037
0.027221
0.021317
0.021419
0.038067
0.055682
0.028195
0.025753
0.055797
0.069957
0.060276
0.066041
0.035044
0.041994
0.031097
0.059235
0.039673
0.047994
0.033159
0.076857
0.046679
0.036959
0.026433
0.022034
0.058568
0.047324
0.038013
0.033225
0.082428
0.044314
0.038318
0.035741
0.024286
0.065244
0.037355
0.052696
0.093068
0.052463
0.051985
0.070336
0.041898
0.025372
0.027028
0.024138
0.035393
0.086605
0.028166
0.044774
0.056061
0.029744
0.032163
0.070419
0.045181
0.039453
0.072106
0.051037
0.026966
0.072078
0.024855
0.092733
0.032227
0.038996
0.025032
0.029338
0.073297
0.026600
0.077857
0.055299
0.046672
0.033192
0.079343
0.027242
0.024415
0.032933
0.041030
0.069942
0.052763
0.046210
0.074138
0.031340
0.091349
0.053820
0.034736
0.024532
0.074006
0.022729
0.033654
0.041273
0.072438
0.057251
0.040416
0.074118
0.097621
0.068542
0.107151
0.055662
0.043531
0.056247
0.059618
0.044155
0.038416
0.079616
0.038307
0.041160
0.094125
0.028342
0.037032
0.038229
0.041231
0.093789
0.054620
0.039154
0.038316
0.051759
0.044381
0.045004
0.081433
0.075679
0.055260
0.049049
0.042137
0.044320
0.056522
0.037702
0.071593
0.084244
0.052593
0.088890
0.044650
0.044163
0.085256
0.036831
0.043707
0.043970
0.079488
0.061001
0.053595
0.054976
0.053650
0.042904
0.056026
0.036347
0.026371
0.029210
0.026298
0.032027
0.094794
0.082571
0.053693
0.057922
0.047974
0.053057
0.074773
0.027895
0.087555
0.093656
0.047815
0.043612
0.042278
0.060101
0.066738
0.040215
0.052294
0.051174
0.044281
0.069555
0.050809
0.040365
0.021847
0.063726
0.048363
0.024571
0.092594
0.047659
0.027544
0.029474
0.031444
0.051841
0.046617
0.102989
0.066314
0.052489
0.054828
0.063776
0.048790
0.025713
0.041884
0.094626
0.038574
0.081222
0.045158
0.053252
0.029464
0.077614
0.043318
0.042843
0.046432
0.058625
0.024900
0.047357
0.068061
0.041203
0.023372
0.045484
0.035599
0.085602
0.080910
0.051046
0.026575
0.037136
0.080911
0.042366
0.048605
0.035725
0.066269
0.091668
0.029830
0.030322
0.042336
0.031308
0.021564
0.021062
0.022120
0.068289
0.025833
0.051319
0.018897
0.025955
0.053159
0.021268
0.022790
0.028463
0.021851
0.019854
0.045022
0.026512
0.048162
0.029833
0.058302
0.047325
0.022045
0.020751
0.029585
0.021657
0.057640
0.018143
0.043191
0.027852
0.024702
0.019685
0.023222
0.068534
0.022056
0.019266
0.028885
0.034810
0.028748
0.032546
0.019202
0.019983
0.086315
0.021152
0.017843
0.018381
0.017879
0.016710
0.018250
0.017854
0.034341
0.052602
0.022269
0.034494
0.022561
0.019788
0.082653
0.018539
0.018122
0.024090
0.019284
0.056979
0.033127
0.019989
0.053526
0.048280
0.019134
0.016650
0.017739
0.061385
0.020933
0.033013
0.030556
0.042942
0.018294
0.017485
0.019176
0.022525
0.035993
0.054503
0.020725
0.024811
0.031918
0.072074
0.044174
0.016888
0.017500
0.026504
0.031213
0.033227
0.032585
0.031014
0.034228
0.060897
0.018676
0.032206
0.016141
0.017347
0.017591
0.018473
0.066431
0.020360
0.032727
0.024404
0.056113
0.058550
0.019612
0.019821
0.017653
0.019593
0.022915
0.026877
0.042151
0.032329
0.017574
0.025066
0.043963
0.045180
0.017597
0.016349
0.031264
0.017432
0.018666
0.037529
0.029593
0.022308
0.048890
0.053472
0.019157
0.025242
0.027216
0.065567
0.023790
0.027050
0.089636
0.065924
0.027601
0.021013
0.016541
0.018889
0.076057
0.017308
0.019761
0.016331
0.017127
0.020190
0.018764
0.047565
0.044250
0.027805
0.063360
0.065140
0.018933
0.019793
0.031573
0.035901
0.054816
0.050871
0.026089
0.035442
0.032299
0.036466
0.072033
0.020304
0.027163
0.019356
0.047699
0.027205
0.021075
0.024166
0.038457
0.018188
0.081199
0.022460
0.018928
0.052625
0.043022
0.024158
0.017114
0.018255
0.016445
0.039988
0.041018
0.057017
0.036489
0.026102
0.017976
0.020092
0.057751
0.034181
0.022721
0.019576
0.043369
0.025753
0.017491
0.066260
0.033236
0.039360
0.018801
0.017054
0.023159
0.019280
0.072028
0.025098
0.023699
0.041565
0.027204
0.062820
0.018281
0.016944
0.017045
0.022353
0.019236
0.018362
0.030736
0.051952
0.035454
0.033525
0.018862
0.036131
0.053908
0.032573
0.038666
0.033550
0.023180
0.018087
0.023136
0.066286
0.024040
0.035963
0.025149
0.069967
0.021417
0.019334
0.017591
0.016252
0.018143
0.052314
0.025561
0.021817
0.038299
0.020296
0.063900
0.043981
0.030032
0.019508
0.017148
0.019174
0.034522
0.055761
0.022225
0.018489
0.021696
0.031743
0.026208
0.058383
0.034835
0.019779
0.019613
0.017831
0.015786
0.024568
0.023360
0.069595
0.019143
0.049635
0.054486
0.041883
0.017311
0.017978
0.024740
0.025631
0.061555
0.022178
0.022665
0.031468
0.025036
0.043908
0.044805
0.017402
0.019107
0.020032
0.016956
0.020745
0.039216
0.032003
0.032469
0.033234
0.041335
0.034574
0.025818
0.021909
0.017956
0.017365
0.025259
0.063361
0.042193
0.028185
0.050552
0.069346
0.028069
0.022087
0.018433
0.020460
0.021136
0.050197
0.047261
0.031908
0.020514
0.054739
0.062604
0.020624
0.019128
0.047864
0.023042
0.033702
0.069876
0.034707
0.017445
0.019922
0.020518
0.058570
0.019485
0.017704
0.017852
0.017051
0.016009
0.016063
0.016396
0.015441
0.015365
0.016401
0.015724
0.019432
0.093309
0.028937
0.019496
0.018848
0.028157
0.060535
0.023661
0.030057
0.036736
0.062347
0.056448
0.019077
0.023982
0.060173
0.019337
0.025651
0.018319
0.034731
0.067881
0.021399
0.025539
0.051275
0.028148
0.019410
0.016637
0.016330
0.019984
0.035754
0.059885
0.022642
0.047138
0.030583
0.061281
0.019301
0.020644
0.018659
0.027305
0.059574
0.034137
0.018847
0.043828
0.073344
0.022749
0.017956
0.020702
0.029105
0.020639
0.048623
0.041832
0.016674
0.053066
0.058240
0.066830
0.022213
0.026524
0.016861
0.020351
0.018951
0.020737
0.057074
0.027672
0.025024
0.031448
0.025329
0.038758
0.021600
0.016762
0.016554
0.018543
0.019520
0.067311
0.041300
0.037555
0.033321
0.084188
0.034001
0.021145
0.026316
0.058516
0.071756
0.043554
0.041705
0.034481
0.052937
0.036070
0.021316
0.033299
0.031134
0.067121
0.022343
0.016474
0.018833
0.017394
0.027920
0.036407
0.033825
0.035792
0.033956
0.071538
0.028837
0.024165
0.020912
0.024978
0.019908
0.024106
0.040282
0.053516
0.036819
0.032344
0.024927
0.061439
0.026126
0.026576
0.017843
0.018018
0.017014
0.025278
0.054962
0.034722
0.033318
0.082083
0.049451
0.021317
0.023036
0.022066
0.019535
0.031982
0.033588
0.030692
0.021796
0.032874
0.026793
0.036161
0.023481
0.069413
0.024117
0.018168
0.022301
0.019123
0.027571
0.035070
0.028103
0.049003
0.036437
0.022476
0.052317
0.040555
0.036475
0.024825
0.043311
0.060437
0.064500
0.039757
0.024636
0.039861
0.061532
0.042275
0.071954
0.023950
0.069733
0.032575
0.022537
0.062039
0.038217
0.023556
0.049158
0.082687
0.042547
0.019174
0.044661
0.072479
0.055976
0.021101
0.022256
0.019714
0.033346
0.027111
0.061156
0.034277
0.017806
0.020179
0.080500
0.041809
0.021257
0.020435
0.033473
0.020701
0.024927
0.065043
0.029745
0.033025
0.019560
0.078410
0.049375
0.021611
0.018231
0.019809
0.021152
0.021948
0.028698
0.066745
0.035657
0.020851
0.049875
0.056650
0.024611
0.023249
0.025046
0.020767
0.061896
0.023283
0.019908
0.021866
0.020262
0.018257
0.023795
0.032438
0.027133
0.098516
0.020865
0.026554
0.020737
0.021584
0.021291
0.055323
0.022182
0.020648
0.033894
0.026170
0.047103
0.035892
0.021517
0.019958
0.017995
0.017463
0.019097
0.017324
0.019513
0.025362
0.023929
0.017967
0.021219
0.038189
0.022358
0.027867
0.021425
0.044510
0.052968
0.028650
0.026048
0.019053
0.034621
0.051816
0.055194
0.024150
0.025687
0.025103
0.066060
0.022571
0.042503
0.030229
0.051732
0.055717
0.041303
0.041377
0.020765
0.029884
0.076107
0.027646
0.034154
0.021563
0.022773
0.078972
0.026391
0.057163
0.043471
0.028736
0.055917
0.026493
0.026324
0.028262
0.029054
0.040656
0.044230
0.023837
0.027798
0.033438
0.069831
0.026657
0.020829
0.035850
0.020774
0.062771
0.027220
0.019358
0.077693
0.083641
0.024914
0.022223
0.025667
0.031152
0.057754
0.022393
0.034286
0.033253
0.075732
0.053817
0.027369
0.029378
0.018575
0.022025
0.022591
0.040713
0.033929
0.031316
0.064550
0.073614
0.034935
0.030039
0.019430
0.022958
0.019994
0.074086
0.017993
0.020927
0.037149
0.062858
0.025114
0.030275
0.050143
0.024684
0.023110
0.053703
0.041321
0.030713
0.023570
0.049169
0.103737
0.038985
0.078202
0.039750
0.022683
0.036354
0.039123
0.018996
0.079597
0.076423
0.041648
0.019534
0.023427
0.047604
0.025965
0.060969
0.017877
0.030274
0.023474
0.036589
0.039112
0.074734
0.024532
0.022459
0.023653
0.068832
0.028401
0.021575
0.026065
0.042678
0.074954
0.049479
0.019790
0.021587
0.017528
0.054306
0.058633
0.033484
0.099929
0.049709
0.029264
0.026188
0.032901
0.057797
0.027282
0.035583
0.018333
0.059553
0.064915
0.033262
0.020118
0.018127
0.018586
0.026677
0.030814
0.050342
0.049839
0.029496
0.030329
0.032304
0.022417
0.022761
0.075819
0.028599
0.027277
0.032589
0.018071
0.090517
0.037928
0.028122
0.054888
0.022431
0.021363
0.070796
0.037814
0.020614
0.017378
0.018254
0.024392
0.025084
0.020086
0.045828
0.082008
0.036257
0.019675
0.082192
0.043340
0.048814
0.060127
0.037527
0.022414
0.071929
0.080007
0.040665
0.039782
0.058058
0.028374
0.021370
0.024378
0.031547
0.079906
0.041204
0.058337
0.078171
0.051126
0.067287
0.034562
0.062354
0.027524
0.037430
0.030424
0.020660
0.072255
0.029576
0.031141
0.030143
0.026016
0.048510
0.053279
0.025604
0.034950
0.055022
0.064311
0.040681
0.022601
0.078680
0.023873
0.018927
0.042551
0.064959
0.037102
0.032301
0.088155
0.042937
0.036309
0.030068
0.020984
0.068888
0.033997
0.028928
0.024434
0.042366
0.043250
0.021633
0.020364
0.034078
0.019642
0.024065
0.054454
0.034597
0.025571
0.064747
0.070670
0.021652
0.019632
0.020166
0.021406
0.022017
0.060324
0.028794
0.033941
0.033004
0.076981
0.044879
0.022414
0.025599
0.020028
0.029695
0.055956
0.032553
0.022715
0.071901
0.054626
0.065650
0.020971
0.019558
0.019491
0.021557
0.019001
0.040079
0.046144
0.030843
0.033144
0.086890
0.042471
0.024404
0.023851
0.022917
0.028350
0.026943
0.055324
0.029510
0.063195
0.025903
0.032904
0.065005
0.026689
0.039497
0.023495
0.023175
0.059142
0.076643
0.031048
0.028076
0.031089
0.020976
0.019233
0.025395
0.026448
0.025146
0.054947
0.023036
0.059839
0.028832
0.057084
0.034234
0.027969
0.022445
0.023473
0.027790
0.023475
0.075218
0.076388
0.031861
0.027310
0.061924
0.050173
0.046127
0.047329
0.031855
0.063608
0.035007
0.052633
0.025732
0.019336
0.022656
0.068985
0.028829
0.026167
0.024130
0.067992
0.038657
0.029119
0.067358
0.052182
0.023334
0.022360
0.027319
0.052216
0.043292
0.037104
0.025568
0.034878
0.046343
0.071401
0.023268
0.019687
0.019878
0.019112
0.020720
0.089636
0.054889
0.054063
0.068366
0.066205
0.024289
0.020259
0.022568
0.027579
0.019431
0.051188
0.041653
0.035089
0.026819
0.076502
0.031456
0.021302
0.021338
0.020541
0.020728
0.027237
0.069478
0.024691
0.059083
0.058434
0.078792
0.032294
0.019701
0.020691
0.020752
0.028814
0.026798
0.070528
0.033898
0.064907
0.097981
0.054613
0.023626
0.023565
0.088912
0.027048
0.065620
0.065583
0.023383
0.069677
0.039888
0.044040
0.024179
0.022703
0.027555
0.070514
0.074944
0.052775
0.064680
0.050995
0.039266
0.030965
0.034559
0.031156
0.102009
0.026632
0.108940
0.037004
0.025668
0.021394
0.026262
0.036525
0.040129
0.123619
0.077548
0.044824
0.067748
0.031821
0.027199
0.036112
0.034834
0.064821
0.019867
0.028228
0.039011
0.032528
0.065384
0.034411
0.059260
0.058080
0.042517
0.034745
0.036640
0.044452
0.056748
0.039705
0.026018
0.021732
0.035405
0.059613
0.051457
0.025753
0.022036
0.029481
0.065212
0.023266
0.018226
0.036550
0.028934
0.018775
0.088663
0.037130
0.037543
0.020800
0.018356
0.018963
0.073676
0.019234
0.026676
0.032140
0.021486
0.086674
0.055271
0.025870
