0.073101
0.046839
0.027893
0.038302
0.038961
0.076087
0.056302
0.020549
0.065513
0.040385
0.026748
0.039649
0.021758
0.054677
0.055179
0.081580
0.056496
0.066392
0.025161
0.053437
0.072096
0.030258
0.049354
0.038176
0.070229
0.036901
0.038606
0.064983
0.032826
0.071140
0.034519
0.020733
0.041642
0.027167
0.050600
0.064939
0.061246
0.066835
0.032779
0.039698
0.038575
0.081774
0.027569
0.035908
0.067438
0.074859
0.038861
0.054640
0.098386
0.042333
0.040729
0.050032
0.070811
0.025135
0.047401
0.047637
0.052935
0.023940
0.037054
0.036264
0.070083
0.044204
0.075520
0.047953
0.030484
0.034709
0.048946
0.063570
0.035710
0.033871
0.073549
0.060848
0.076808
0.034777
0.036937
0.040315
0.027132
0.033573
0.040762
0.084971
0.050046
0.025668
0.043986
0.018799
0.081751
0.044865
0.039095
0.048155
0.056447
0.043221
0.043220
0.079814
0.035421
0.095075
0.023812
0.048964
0.079325
0.034241
0.033098
0.023818
0.078400
0.034669
0.037561
0.049970
0.061415
0.048317
0.035079
0.077260
0.042961
0.062402
0.067416
0.052332
0.062153
0.046635
0.075655
0.049573
0.038445
0.044978
0.059162
0.042087
0.068452
0.022686
0.025860
0.075176
0.036844
0.037643
0.037833
0.024832
0.065240
0.077981
0.034172
0.082834
0.036746
0.042434
0.051071
0.068728
0.059815
0.041992
0.049435
0.069156
0.050849
0.032361
0.039969
0.046643
0.048582
0.071025
0.074764
0.024375
0.042734
0.038901
0.089273
0.035095
0.045334
0.031068
0.080223
0.032567
0.057888
0.037718
0.070584
0.022130
0.034526
0.031517
0.026386
0.093187
0.040689
0.032917
0.048133
0.039125
0.035692
0.037798
0.020514
0.067395
0.042534
0.048356
0.045912
0.064099
0.045774
0.046721
0.043237
0.088071
0.046583
0.041151
0.041775
0.081591
0.041619
0.049543
0.073790
0.048064
0.054065
0.074663
0.061151
0.027972
0.038049
0.029148
0.077218
0.060509
0.050502
0.046188
0.069586
0.037313
0.024338
0.043996
0.062130
0.035101
0.023232
0.024437
0.038757
0.088725
0.051629
0.032922
0.065826
0.045240
0.020418
0.019417
0.020626
0.022517
0.033416
0.070218
0.071408
0.039785
0.021322
0.057910
0.030189
0.026040
0.033653
0.052289
0.072736
0.032473
0.019243
0.019871
0.033595
0.061800
0.026278
0.028641
0.039320
0.063231
0.056463
0.038299
0.027784
0.025245
0.032593
0.048924
0.040020
0.029430
0.022869
0.087118
0.070244
0.034379
0.029500
0.044015
0.052325
0.032321
0.033933
0.059663
0.042105
0.019713
0.036746
0.020831
0.037550
0.047500
0.035730
0.080995
0.040893
0.049379
0.019479
0.022945
0.038067
0.019709
0.022335
0.017613
0.024549
0.070413
0.034326
0.064368
0.035314
0.021209
0.083687
0.025374
0.022212
0.021584
0.032522
0.062167
0.069918
0.030445
0.062370
0.042566
0.020274
0.023648
0.031798
0.089955
0.025316
0.064564
0.040833
0.066483
0.024505
0.021246
0.024297
0.035753
0.039250
0.093421
0.027265
0.023221
0.020085
0.022150
0.054513
0.028939
0.027832
0.027181
0.026450
0.037668
0.080582
0.019037
0.041336
0.037258
0.065890
0.024440
0.035196
0.025629
0.039737
0.040248
0.020023
0.023675
0.077699
0.032126
0.036415
0.026918
0.041934
0.055266
0.021182
0.017550
0.020434
0.032007
0.062843
0.021494
0.021875
0.027906
0.030715
0.067871
0.063328
0.038737
0.019465
0.084426
0.026922
0.019675
0.019689
0.024139
0.044423
0.043386
0.085425
0.025799
0.060966
0.022150
0.020789
0.018150
0.020967
0.025010
0.029294
0.056942
0.017932
0.062254
0.052129
0.018649
0.017766
0.019322
0.017276
0.018719
0.026856
0.075232
0.032301
0.020549
0.049161
0.065249
0.022489
0.025920
0.024850
0.085321
0.029152
0.020515
0.036279
0.037756
0.079544
0.055485
0.020773
0.061230
0.019016
0.018785
0.019882
0.022947
0.041170
0.042602
0.027677
0.070271
0.047187
0.061446
0.034373
0.050640
0.029994
0.020007
0.047207
0.030280
0.050258
0.018199
0.019144
