0.002751
0.021981
0.025556
0.034702
0.040058
0.034087
0.018856
0.033889
0.029327
0.019490
0.058797
0.028442
0.040150
0.022835
0.048773
0.026094
0.033237
0.016881
0.047179
0.021995
0.018573
0.026351
0.043964
0.034599
0.034790
0.053084
0.068108
0.028726
0.018139
0.022360
0.030928
0.017481
0.046663
0.033427
0.024545
0.060512
0.031542
0.068936
0.037251
0.029642
0.024427
0.051143
0.028601
0.033405
0.025705
0.065952
0.060601
0.035610
0.021444
0.015479
0.027391
0.033736
0.019008
0.023299
0.018544
0.030960
0.082978
0.029191
0.022886
0.021412
0.018596
0.057976
0.038424
0.020940
0.036414
0.070888
0.028326
0.017888
0.016345
0.018582
0.016888
0.046343
0.069276
0.030292
0.044114
0.082298
0.043882
0.018291
0.036198
0.028380
0.063452
0.045815
0.022516
0.028923
0.044341
0.061870
0.033067
0.034310
0.030673
0.022514
0.059963
0.070489
0.027596
0.020826
0.046637
0.062042
0.021610
0.026771
0.031114
0.034844
0.064349
0.056741
0.031481
0.018590
0.044063
0.043482
0.019366
0.023691
0.018185
0.017936
0.055801
0.025232
0.063942
0.071347
0.021148
0.041772
0.034295
0.020504
0.021656
0.022450
0.048086
0.023217
0.036220
0.046830
0.073923
0.019318
0.028095
0.019248
0.073293
0.022714
0.034036
0.036817
0.059092
0.051611
0.027416
0.025784
0.030878
0.035047
0.067930
0.054040
0.038192
0.032338
0.057309
0.019471
0.019135
0.017904
0.017594
0.035453
0.026551
0.050135
0.045090
0.089349
0.072279
0.046934
0.044704
0.041981
0.075325
0.066573
0.045434
0.048169
0.081187
0.067917
0.040998
0.085270
0.065691
0.064907
0.059621
0.063502
0.059393
0.035439
0.033758
0.042530
0.046829
0.085311
0.029845
0.054433
0.027079
0.026965
0.023962
0.040369
0.020677
0.066351
0.024520
0.020178
0.018371
0.020358
0.021005
0.051794
0.038561
0.026455
0.021281
0.065625
0.054547
0.020478
0.019335
0.070924
0.024302
0.033999
0.032600
0.072670
0.035584
0.020804
0.030940
0.068123
0.031224
0.032744
0.095334
0.045198
0.021488
0.018418
0.023027
0.020891
0.062148
0.033187
0.027157
0.016194
0.044303
0.055177
0.049230
0.021392
0.019661
0.025407
0.049796
0.063926
0.024427
0.034286
0.061390
0.050955
0.025271
0.017802
0.026729
0.021637
0.028676
0.075924
0.033574
0.018707
0.045133
0.023489
0.066144
0.020626
0.021136
0.021936
0.018244
0.021581
0.059088
0.044276
0.057052
0.052071
0.020057
0.020348
0.071757
0.018568
0.018692
0.024858
0.053080
0.039298
0.028067
0.032446
0.050526
0.058911
0.020403
0.026961
0.026532
0.028459
0.060739
0.066072
0.023662
0.023993
0.079033
0.022139
0.025479
0.043550
0.034928
0.071923
0.039299
0.021540
0.025017
0.032057
0.020297
0.068587
0.034456
0.020332
0.026161
0.061163
0.035568
0.018299
0.022982
0.016668
0.017244
0.017267
0.031794
0.024585
0.023678
0.024162
0.037382
0.061235
0.034947
0.033335
0.018329
0.029366
0.072268
0.021847
0.032633
0.021118
0.033638
0.071487
0.054487
0.034768
0.020767
0.065296
0.020218
0.031830
0.021720
0.029286
0.060337
0.047880
0.026422
0.029069
0.059458
0.046146
0.023259
0.020372
0.027090
0.048687
0.026404
0.032813
0.019137
0.071491
0.071575
