385,273,22,59
385,273,22,59
385,273,22,59
386,273,22,60
386,273,23,60
387,273,23,60
387,274,22,60
388,274,22,60
388,274,22,60
388,274,23,60
389,274,23,60
390,274,24,61
390,273,24,61
391,273,24,61
391,273,23,60
391,273,24,60
391,273,24,60
392,273,24,60
392,273,24,60
392,273,24,60
392,274,23,60
392,274,24,60
392,274,24,61
392,274,25,61
392,273,25,61
391,273,25,61
391,274,24,61
392,274,24,61
392,273,23,61
392,273,22,61
392,274,21,60
392,275,21,60
393,274,21,60
392,275,21,60
392,275,22,60
393,275,21,59
392,276,23,59
392,276,23,59
393,276,25,58
392,276,25,59
393,275,25,59
392,275,24,59
393,275,24,60
393,275,24,60
392,275,23,61
393,274,23,61
394,275,23,61
394,275,23,61
394,275,23,61
394,276,23,61
393,275,23,61
393,276,24,61
393,276,24,61
392,275,25,61
393,276,25,61
393,275,25,61
393,276,25,62
393,277,25,62
394,276,25,62
393,277,25,62
393,278,24,61
395,278,24,62
395,277,24,61
395,278,24,61
395,278,25,61
396,277,25,61
397,276,25,61
397,276,25,62
397,275,26,63
398,275,25,63
398,275,25,63
399,274,25,62
399,276,24,60
399,276,25,63
399,276,23,63
400,276,25,62
398,276,25,63
400,276,25,65
401,276,25,61
401,276,24,62
400,276,24,62
367,274,24,59
368,276,22,56
368,276,22,57
369,277,23,56
403,277,23,64
367,276,24,56
404,278,24,64
403,278,24,63
403,278,24,63
402,278,24,63
403,278,25,63
403,279,25,64
403,278,23,65
402,279,23,64
402,278,25,64
401,279,25,65
401,278,24,65
401,279,24,64
400,278,24,65
400,279,24,64
400,278,24,64
400,279,24,65
399,278,24,65
399,278,25,65
398,279,25,65
397,279,24,65
398,280,24,64
398,279,25,64
398,281,25,63
396,280,26,64
398,280,25,65
396,280,25,65
397,279,25,65
395,280,25,65
395,280,25,65
395,280,25,65
394,280,24,65
395,280,25,65
395,280,24,66
395,281,23,65
394,281,22,65
394,280,23,65
394,280,24,65
396,280,23,65
395,280,23,64
397,280,23,65
396,280,22,64
397,280,22,64
397,279,23,65
397,279,26,64
395,280,24,64
400,280,25,64
404,280,27,64
402,280,26,65
402,280,24,64
405,280,26,64
408,280,25,63
408,280,26,63
410,281,27,63
411,280,27,64
412,279,27,65
411,278,27,67
414,278,28,67
365,280,21,59
364,281,21,59
364,281,21,58
363,282,21,59
363,282,21,60
364,282,20,60
363,281,21,60
363,281,22,60
364,282,22,60
363,282,22,59
363,283,22,58
364,282,23,60
364,283,22,59
364,283,23,59
364,283,22,58
363,283,21,58
363,283,21,58
364,283,21,59
363,283,21,59
364,282,21,59
363,283,21,59
363,283,21,58
364,284,21,59
365,284,21,59
365,285,21,59
365,285,21,58
365,285,21,58
365,285,21,59
366,285,22,60
365,284,21,59
367,285,21,60
366,286,21,59
367,286,20,59
367,286,20,59
368,287,20,59
367,287,20,58
367,286,20,58
368,286,20,57
367,285,21,59
368,286,20,59
368,286,20,59
368,286,20,58
368,286,20,59
368,287,21,60
368,287,21,60
368,288,22,60
368,287,21,60
368,288,22,59
369,288,22,60
368,288,21,60
369,288,22,61
368,288,22,60
368,289,22,61
368,289,21,60
367,289,23,60
367,289,23,60
366,288,23,60
366,289,23,60
366,288,23,61
366,288,23,60
415,289,24,63
365,288,22,62
416,289,25,64
364,289,23,62
363,289,23,61
364,290,24,61
364,289,23,61
364,290,23,60
363,289,23,61
363,289,24,62
363,290,23,61
363,289,23,63
363,290,24,63
363,289,23,63
362,291,23,63
362,291,24,63
362,291,24,64
361,290,24,64
361,289,23,66
361,290,23,64
361,290,23,63
360,289,23,64
361,292,23,62
361,292,23,62
361,291,23,62
360,292,23,63
360,293,23,61
360,293,24,62
360,293,23,62
360,293,24,63
360,293,24,63
359,292,24,64
359,293,24,64
359,294,23,63
360,294,24,63
358,294,24,64
384,293,25,65
425,289,28,67
424,288,29,66
426,287,29,67
426,291,28,63
426,290,27,64
426,292,27,63
387,293,25,66
356,295,23,63
356,296,23,63
349,296,25,63
376,294,28,67
339,296,25,65
334,296,27,66
326,295,28,66
326,296,33,67
395,284,27,73
390,284,25,72
383,285,27,70
383,284,28,71
382,285,27,72
382,285,28,71
381,286,28,71
381,285,28,70
380,285,28,71
379,286,28,70
379,284,27,71
379,285,26,70
379,286,27,70
378,286,25,68
378,286,25,69
378,287,25,66
378,288,24,67
379,287,25,67
384,287,24,68
382,287,25,70
380,281,28,77
382,280,26,75
381,282,27,76
382,282,25,76
382,283,26,75
379,284,26,74
380,285,26,73
380,286,26,73
378,288,26,71
381,290,25,69
379,291,26,69
378,289,25,69
381,292,26,66
394,294,26,66
393,297,27,67
379,290,26,70
380,291,24,69
383,294,24,65
390,291,24,72
381,293,22,67
382,297,23,63
393,298,25,63
383,289,25,69
387,295,25,66
393,299,26,65
386,291,24,68
388,297,28,66
389,295,29,68
390,297,28,67
392,299,27,65
387,292,25,72
391,297,26,68
389,296,29,70
393,298,29,66
391,295,27,70
392,297,29,69
393,298,29,68
338,301,26,67
337,300,27,68
319,306,26,69
319,306,26,69
320,306,26,70
319,304,27,70
340,301,26,71
320,308,27,66
319,306,28,67
340,304,27,69
395,291,30,76
395,292,29,76
396,291,30,78
397,293,30,78
396,292,31,79
397,293,30,78
398,293,29,77
400,293,29,76
401,293,29,76
399,295,31,77
400,294,31,76
400,294,32,78
405,292,30,78
404,290,32,79
404,287,34,80
403,285,35,80
405,282,34,79
403,278,36,79
404,275,37,81
407,272,34,79
406,270,35,80
410,266,31,81
412,263,32,83
415,260,30,79
414,256,32,81
414,257,30,78
411,259,29,78
415,258,30,81
417,257,28,75
416,257,29,78
418,257,29,76
416,254,32,81
415,253,32,80
419,251,30,79
417,248,32,78
419,244,30,79
420,238,32,82
418,248,31,70
422,238,29,76
424,242,26,72
424,242,27,73
425,244,26,71
424,246,26,70
427,243,26,72
429,243,26,70
428,244,26,69
428,244,27,72
428,246,28,69
428,245,28,71
429,247,28,70
433,245,29,73
428,250,30,71
426,250,29,75
428,250,28,74
431,244,30,78
424,254,32,69
435,242,27,76
434,247,27,75
434,253,27,69
432,247,30,76
430,246,33,79
432,247,32,79
433,250,30,78
433,253,29,74
439,245,29,79
439,242,28,80
439,248,27,72
440,245,28,75
441,248,28,73
442,246,29,76
443,247,28,74
444,249,28,72
445,248,29,73
445,246,30,76
445,248,30,77
445,246,31,78
445,245,31,79
444,248,32,78
445,246,32,78
445,249,31,76
446,249,31,77
447,249,29,77
448,250,29,76
448,250,30,76
448,250,29,77
448,249,29,79
449,249,31,79
450,251,29,77
451,250,31,79
451,251,30,79
451,252,30,77
452,250,31,78
453,252,31,77
453,251,31,78
453,250,31,79
454,254,31,76
455,250,31,77
456,250,33,78
456,250,33,80
455,249,34,81
455,251,31,79
456,250,33,79
455,251,31,80
455,253,31,78
455,251,31,80
455,253,31,79
456,251,32,80
457,253,31,78
456,251,29,80
456,252,31,81
456,251,31,81
455,251,30,81
455,252,31,81
454,253,32,81
454,254,32,79
454,254,32,80
454,253,33,80
454,251,32,81
453,252,33,81
452,253,34,82
453,252,35,83
453,255,34,80
452,251,34,83
451,254,33,82
451,252,36,83
450,255,34,81
447,255,32,78
449,258,32,78
446,258,31,79
444,256,29,80
442,256,29,78
443,256,32,79
442,256,30,79
440,255,31,80
441,256,31,79
439,257,32,80
438,260,31,77
439,258,32,80
438,258,32,80
437,257,32,80
437,258,32,80
437,257,32,81
435,258,32,80
436,258,32,81
436,258,31,81
435,259,31,80
436,258,31,81
435,259,30,80
433,260,31,81
433,261,31,80
433,259,31,82
432,260,31,81
431,260,30,81
430,260,31,81
430,259,31,81
430,261,32,80
429,261,32,81
429,260,32,81
429,261,32,81
429,263,32,80
428,263,31,80
430,263,32,80
429,263,30,80
429,262,30,79
427,263,31,80
429,262,30,82
426,262,32,83
423,262,33,82
417,263,34,83
410,264,36,87
401,264,35,90
397,264,34,91
396,265,31,82
384,265,35,83
377,264,33,89
372,264,35,103
362,264,37,107
358,264,37,90
353,264,35,103
345,265,34,101
341,267,35,106
332,268,37,84
329,267,34,92
325,267,34,91
320,267,34,91
311,267,37,93
308,267,34,86
301,268,37,91
298,268,35,88
286,268,36,86
283,269,36,86
279,269,36,86
273,271,39,87
264,270,37,88
260,270,34,86
250,271,35,85
246,269,34,88
242,270,33,85
233,272,35,84
228,271,33,84
228,272,36,85
227,272,36,86
228,273,35,85
228,273,34,85
230,274,34,84
230,274,33,83
230,273,33,83
231,273,33,83
231,273,33,84
232,272,34,85
232,273,32,86
231,274,33,86
231,275,33,86
231,274,33,86
231,275,33,86
230,276,33,85
230,275,32,87
230,276,32,86
230,276,33,86
229,276,33,86
229,276,33,86
229,277,32,86
229,277,32,87
229,277,33,87
229,278,32,86
231,278,32,86
230,278,32,86
231,278,33,86
231,278,33,86
233,279,32,85
232,278,33,86
234,279,33,85
233,278,34,86
235,277,34,87
235,278,34,87
