0.004449
0.022276
0.059772
0.024152
0.021952
0.028329
0.045260
0.023731
0.018680
0.044367
0.018019
0.071064
0.048142
0.026877
0.026224
0.021771
0.024420
0.072869
0.048203
0.049068
0.040562
0.025964
0.062541
0.018640
0.020543
0.032758
0.074072
0.066111
0.058061
0.062581
0.036752
0.040296
0.022212
0.031430
0.043504
0.022232
0.056893
0.058701
0.040182
0.027010
0.035424
0.019007
0.025212
0.076312
0.022959
0.054700
0.023022
0.024357
0.068202
0.019633
0.019548
0.025614
0.028534
0.085490
0.020048
0.062612
0.018462
0.025062
0.051635
0.026460
0.036206
0.037145
0.069839
0.019282
0.019026
0.016534
0.018663
0.025967
0.048824
0.022567
0.020000
0.025849
0.032562
0.084802
0.038779
0.044389
0.033810
0.020368
0.069440
0.019246
0.018346
0.018158
0.022665
0.038817
0.060045
0.035988
0.074600
0.059844
0.036465
0.019807
0.018386
0.019424
0.022206
0.020387
0.031857
0.055453
0.033768
0.031832
0.020836
0.040300
0.020841
0.043140
0.063824
0.019711
0.023709
0.019490
0.031977
0.022829
0.087083
0.071600
0.023396
0.030034
0.023513
0.018219
0.021729
0.069048
0.025879
0.018476
0.022699
0.061590
0.036165
0.027993
0.023082
0.059475
0.076022
0.033152
0.018944
0.022135
0.032963
0.029511
0.059884
0.025395
0.023696
0.046287
0.025525
0.028513
0.058012
0.060750
0.032831
0.024701
0.034851
0.062521
0.020112
0.036126
0.017458
0.033003
0.028081
0.018197
0.055155
0.022755
0.025743
0.028344
0.063004
0.034317
0.036158
0.020369
0.071482
0.068833
0.020146
0.020344
0.020932
0.029422
0.017147
0.070861
0.021987
0.023660
0.039893
0.023451
0.051304
0.022444
0.021895
0.017245
0.018652
0.018607
0.044269
0.061388
0.022015
0.034793
0.025706
0.021646
0.073386
0.036851
0.052024
0.058144
0.019405
0.026289
0.033043
0.039245
0.034983
0.017750
0.089563
0.031566
0.020984
0.053312
0.017520
0.017927
0.022198
0.017774
0.048116
0.021093
0.025558
0.025900
0.048021
0.070702
0.021677
0.043650
0.018520
0.028486
0.016941
0.031675
0.084413
0.035928
0.020060
0.027955
0.018944
0.045497
0.064318
0.026941
0.053862
0.040970
0.022398
0.067453
0.018259
0.016982
0.021003
0.066826
0.036625
0.039464
0.044608
0.042858
0.069784
0.027055
0.031702
0.029503
0.024767
0.068868
0.026013
0.046375
0.038890
0.048598
0.022546
0.068321
0.022861
0.019274
0.015185
0.023398
0.025692
0.077966
0.025178
0.091400
0.080904
0.039375
0.018297
0.020718
0.063918
0.025531
0.024616
0.022631
0.044367
0.039269
0.032175
0.070857
0.055181
0.020536
0.029425
0.018369
0.024406
0.022703
0.021749
0.058988
0.030936
0.021006
0.072171
0.095530
0.021379
0.021336
0.017729
0.073910
0.035902
0.028317
0.034412
0.077811
0.030294
0.021807
0.019940
0.016888
0.020633
0.026779
0.040343
0.039457
0.036183
0.056309
0.020419
0.015979
0.025346
0.018504
0.020913
0.081977
0.024684
0.055812
0.072134
0.040431
0.022726
0.024039
0.031630
0.033647
0.022789
0.069028
0.047912
0.046230
0.028394
0.044072
0.065040
0.042646
0.028025
0.066567
0.035609
0.064110
0.028935
0.056834
0.037576
0.021612
0.021817
0.040170
0.041951
0.020500
0.052376
0.060982
0.059405
0.024057
0.031149
0.028535
0.039191
0.035150
0.026051
0.048103
0.136608
0.026710
0.048032
0.075702
0.043506
0.037220
0.019376
0.052843
0.089910
0.041736
0.063155
0.045648
0.026004
0.045060
0.022945
0.026105
0.063148
0.048635
0.083587
0.048623
0.040354
0.019309
0.021092
0.073674
0.033799
0.030820
0.046005
0.075950
0.050909
0.019217
0.040716
0.053586
0.058638
0.057555
0.035604
0.066771
0.051836
0.026009
0.023299
0.033140
0.033703
0.096452
0.047572
0.038192
0.021063
0.084323
0.042890
0.026004
0.027287
0.078224
0.027841
0.053989
0.055920
0.061897
0.060892
0.065854
0.076173
0.040832
0.036107
0.037860
0.059583
0.020369
0.045096
0.031751
0.025929
0.065374
0.039817
0.046156
0.093267
0.071744
0.057862
0.039152
0.021553
0.020852
0.054502
0.040024
0.033216
0.022902
0.030865
0.066040
0.059024
0.049729
0.023451
0.032716
0.072879
0.029273
0.030421
0.026964
0.058155
0.038691
0.062055
0.075240
0.031850
0.028444
0.044764
0.058409
0.026623
0.047194
0.093036
0.044102
0.051632
0.029827
0.062917
0.047518
0.049682
0.048921
0.061338
0.075798
0.038624
0.074176
0.051859
0.022163
0.043603
0.048653
0.025505
0.034223
0.030598
0.050249
0.090492
0.047127
0.082318
0.043386
0.074516
0.030281
0.026760
0.084572
0.064465
0.040111
0.025578
0.072131
0.028761
0.044032
0.048282
0.038560
0.036399
0.027663
0.077068
0.061719
0.051563
0.042615
0.074571
0.027807
0.038260
0.036219
0.094363
0.057604
0.091085
0.037752
0.021666
0.034861
0.067518
0.028972
0.021833
0.027422
0.037414
0.090223
0.079622
0.049693
0.023579
0.033139
0.027291
0.027667
0.036095
0.034582
0.080561
0.076752
0.027536
0.018999
0.106668
0.046196
0.038335
0.105722
0.077288
0.053562
0.026622
0.029067
0.029010
0.070483
0.053874
0.073082
0.056886
0.057396
0.026803
0.019886
0.051036
0.061061
0.024634
0.033606
0.061114
0.060601
0.024205
0.050011
0.025695
0.034097
0.037447
0.043547
0.082589
0.049087
0.073939
0.042119
0.022098
0.028161
0.029406
0.065612
0.034791
0.024121
0.071250
0.062343
0.022441
0.044688
0.075596
0.041482
0.038734
0.052557
0.068723
0.021102
0.019889
0.025641
0.037914
0.021244
0.035851
0.027035
