0.001549
0.050365
0.026473
0.039041
0.085570
0.034208
0.020013
0.018432
0.026251
0.060159
0.023520
0.030861
0.021296
0.040913
0.091201
0.043449
0.028355
0.016953
0.029878
0.059874
0.020619
0.033850
0.021839
0.055328
0.050028
0.038578
0.022168
0.026540
0.069436
0.023263
0.026490
0.037402
0.022596
0.064259
0.040240
0.050098
0.017910
0.020650
0.020531
0.052241
0.021603
0.034951
0.019936
0.059305
0.079173
0.035124
0.020342
0.038808
0.038213
0.023745
0.079140
0.041021
0.025287
0.022429
0.051562
0.053638
0.024194
0.030667
0.033714
0.021294
0.071368
0.024879
0.033334
0.041425
0.069592
0.020383
0.020279
0.055490
0.018355
0.019804
0.031406
0.024302
0.021132
0.082365
0.052826
0.018219
0.023296
0.017718
0.017222
0.059826
0.039610
0.025497
0.083050
0.066739
0.019262
0.055548
0.022397
0.027574
0.021481
0.043979
0.050867
0.025616
0.033802
0.030797
0.109519
0.029714
0.019038
0.019892
0.071551
0.052782
0.040359
0.023205
0.020555
0.018586
0.044472
0.030913
0.035664
0.058263
0.040110
0.019713
0.017740
0.018219
0.016400
0.015763
0.025940
0.021436
0.018067
0.024715
0.043757
0.067769
0.028618
0.016742
0.018149
0.028974
0.067047
0.024805
0.029125
0.025919
0.032882
0.048957
0.021595
0.020310
0.020463
0.020725
0.031068
0.061124
0.051468
0.022112
0.059117
0.066006
0.022494
0.018485
0.017985
0.029723
0.065346
0.031190
0.026989
0.072812
0.031352
0.057188
0.069064
0.026902
0.023850
0.020276
0.078219
0.024361
0.047642
0.040307
0.086669
0.025851
0.045390
0.022569
0.068170
0.021561
0.059218
0.023212
0.018143
0.041399
0.057185
0.020862
0.032163
0.018783
0.020600
0.036153
0.058747
0.020174
0.074039
0.064141
0.038836
0.039940
0.022713
0.018837
0.019067
0.032553
0.047285
0.032404
0.020944
0.024511
0.024902
0.019344
0.016999
0.026815
0.020481
0.030517
0.076898
0.020046
0.034976
0.052909
0.074238
0.037529
0.023863
0.040422
0.057381
0.042539
0.018635
0.033029
0.032321
0.018613
0.061254
0.019626
0.018790
0.015675
0.018246
0.027397
0.075961
0.026119
0.062176
0.025854
0.069131
0.019969
0.019908
0.020867
0.026672
0.051353
0.036795
0.019116
0.064310
0.056868
0.043221
0.016217
0.016195
0.020530
0.020093
0.020974
0.064098
0.019782
0.023884
0.033742
0.022881
0.069211
0.032812
0.021815
0.018799
0.027966
0.055489
0.017704
0.016289
0.022501
0.040361
0.067713
0.021754
0.062078
0.032405
0.067989
0.033192
0.025103
0.020032
0.021028
0.065324
0.018748
0.038701
0.035427
0.019531
0.058575
0.040559
0.033331
0.017811
0.032801
0.039138
