0.039814
0.077174
0.046238
0.028679
0.042858
0.022673
0.035064
0.026498
0.076265
0.037113
0.020190
0.023602
0.057962
0.029819
0.034878
0.029181
0.059092
0.045933
0.020739
0.027517
0.020454
0.028123
0.076651
0.024854
0.093709
0.023460
0.022299
0.023235
0.039157
0.021389
0.043555
0.033327
0.034739
0.033651
0.048476
0.073761
0.047849
0.019987
0.035942
0.093964
0.035055
0.041339
0.074589
0.023807
0.021112
0.020954
0.075762
0.026056
0.047563
0.035291
0.044605
0.028329
0.026116
0.019237
0.020445
0.020144
0.048497
0.035540
0.034486
0.020801
0.065503
0.053206
0.049860
0.050459
0.053788
0.034362
0.053080
0.057477
0.038409
0.020528
0.020036
0.021583
0.019750
0.022363
0.076889
0.042333
0.066687
0.064975
0.023118
0.037889
0.062140
0.037247
0.022800
0.052633
0.094159
0.022622
0.059955
0.022404
0.024097
0.019470
0.019083
0.033768
0.090549
0.026631
0.022748
0.064213
0.055722
0.032042
0.020873
0.024355
0.038184
0.042819
0.075114
0.042089
0.076045
0.036452
0.035439
0.066808
0.035250
0.035774
0.039876
0.096383
0.051122
0.021799
0.026601
0.054033
0.070095
0.020377
0.038454
0.038756
0.088846
0.049989
0.050180
0.061719
0.024979
0.049360
0.084732
0.029804
0.047223
0.039829
0.046803
0.066288
0.050984
0.026968
0.058048
0.038315
0.028059
0.046690
0.036120
0.069051
0.035089
0.026607
0.045495
0.067570
0.024682
0.046272
0.048800
0.060316
0.062169
0.046191
0.059356
0.051926
0.027876
0.058437
0.039811
0.022229
0.075667
0.051697
0.042736
0.043759
0.067785
0.030213
0.032875
0.035623
0.065671
0.034874
0.037326
0.069902
0.039191
0.022333
0.040416
0.070271
0.090683
0.054636
0.095350
0.022283
0.036786
0.021919
0.031555
0.076936
0.027616
0.037079
0.091291
0.039622
0.028040
0.021394
0.025398
0.063915
0.043499
0.025600
0.041023
0.025290
0.048081
0.065921
0.024347
0.064581
0.054293
0.052547
0.024440
0.049029
0.056455
0.042658
0.029657
0.061059
0.043920
0.071594
0.019745
0.093976
0.042957
0.019589
0.042483
0.029231
0.084243
0.050803
0.067938
0.055606
0.040065
0.035994
0.032852
0.057952
0.073800
0.072100
0.047684
0.078723
0.047138
0.094310
0.049378
0.043176
0.072052
0.104016
0.052960
0.030254
0.073788
0.058275
0.046582
0.066209
0.043034
0.053666
0.064508
0.058917
0.021804
0.048014
0.058100
0.038570
0.023084
0.038211
0.078326
0.044770
0.024696
0.030688
0.028860
0.067022
0.045106
0.038052
0.068140
0.035810
0.040252
0.048110
0.075799
0.026408
0.036814
0.042707
0.048231
0.054009
0.055573
0.019571
0.054204
0.078087
0.051987
0.058821
0.027153
0.043602
0.080409
0.072934
0.049467
0.043113
0.083499
0.042026
0.041390
0.023134
0.056846
0.050401
0.025513
0.063353
0.044517
0.049449
0.059748
0.079052
0.035161
0.042275
0.036768
0.062741
0.043409
0.076376
0.084127
0.046600
0.046137
0.072905
0.038427
0.070733
0.042128
0.029244
0.075430
0.038739
0.029806
0.048930
0.034505
0.058006
0.059062
0.021666
0.040734
0.040521
0.042248
0.085017
0.037042
0.037107
0.063606
0.079195
0.048240
0.030163
0.068174
0.034661
0.046613
0.057384
0.035245
0.086150
0.037599
0.044603
0.054463
0.049699
0.039786
0.032752
0.046970
0.033845
0.098893
0.059680
0.050398
0.026544
0.070297
0.052804
0.024164
0.036134
0.034558
0.084286
0.078771
0.050982
0.068448
0.056157
0.033772
0.027471
0.032809
0.059762
0.069640
0.039020
0.084080
0.056167
0.050901
0.025563
0.019726
0.068747
0.058500
0.037660
0.036990
0.089278
0.050986
0.023383
0.052083
0.079686
0.031751
0.042801
0.055314
0.038578
0.084022
0.053175
0.054176
0.078572
0.050326
0.081413
0.038949
0.036781
0.071871
0.068675
0.080630
0.035599
0.023452
0.061036
0.085175
0.030745
0.053164
0.027923
0.129878
0.022408
0.022230
0.040439
0.063122
0.047161
0.030832
0.045304
0.069683
0.040181
0.061654
0.068171
0.041751
0.038461
0.039510
0.076016
0.046701
0.027581
0.044055
0.085495
0.061444
0.043718
0.067965
0.027881
0.047479
0.035194
0.030220
0.083320
0.069335
0.019855
0.018617
0.071274
0.021188
0.018196
0.018566
0.029574
0.020674
0.023029
0.071364
0.033110
0.022967
0.067480
0.032867
0.030139
0.020895
0.021149
0.031149
0.025674
0.029985
0.021835
0.036669
0.025024
0.058146
0.042902
0.027060
0.020182
0.031603
0.063614
0.025119
0.030463
0.022230
0.034244
0.039116
0.065080
0.018019
0.054765
0.056897
0.020368
0.030823
0.021691
0.082042
0.045112
0.019962
0.020868
0.033010
0.079731
0.038006
0.022765
0.017818
0.019996
0.021566
0.018764
0.023742
0.046676
0.033388
0.029029
0.034887
0.031268
0.066797
0.045652
0.029016
0.022665
0.021049
0.069510
0.020070
0.023005
0.034480
0.080183
0.034977
0.023579
0.026734
0.022718
0.048381
0.028311
0.022059
0.035681
0.031662
0.081476
0.044219
0.027611
0.082893
0.056541
0.038874
0.035422
0.030514
0.074213
0.029463
0.057488
0.035385
0.059292
0.027384
0.021515
0.019743
0.021976
0.021663
0.020629
0.029341
0.046454
0.020806
0.065823
0.048642
0.047722
0.058040
0.021641
0.021712
0.027640
0.065435
0.043701
0.026900
0.053312
0.027214
0.092555
0.033003
0.022698
0.024876
0.078976
0.037578
0.022605
0.082238
0.021909
0.022783
0.021496
0.026654
0.021286
0.032343
0.034499
0.038188
0.026980
0.023252
0.086133
0.049343
0.021464
0.021104
0.068918
0.020247
0.036648
0.033845
0.091223
0.045807
0.024226
0.019921
0.057417
0.027365
0.023206
0.034100
0.039368
0.081033
0.054660
0.022356
0.062297
0.024393
0.021129
0.018434
0.025402
0.019330
0.048784
0.051539
0.074145
0.065003
0.021469
0.017692
0.018703
0.055897
0.052963
0.019777
0.071634
0.050397
0.066571
0.029301
0.021245
0.072092
0.025024
0.020769
0.022253
0.023182
0.082526
0.023161
0.083974
0.020333
0.034192
0.063098
0.019945
0.018856
0.018691
0.021516
0.025825
0.049260
0.026067
0.019232
0.081739
0.074255
0.042306
0.038412
0.023461
0.045139
0.036190
0.022001
0.033292
0.030295
0.072795
0.023132
0.031131
0.017566
0.021173
0.054441
0.027257
0.024477
0.038562
0.029751
0.031827
0.045501
0.034866
0.019026
0.017715
0.017173
0.021665
0.070481
0.037933
0.020609
0.061677
0.053140
0.019542
0.021024
0.017862
0.018964
0.023976
0.064937
0.044207
0.070730
0.026475
0.024404
0.025585
0.019338
0.025207
0.060752
0.065866
0.025736
0.069882
0.027870
0.058876
0.064613
0.048924
0.030130
0.024744
0.050717
0.023731
0.024447
0.024026
0.034726
0.035517
0.081546
0.030645
0.037467
0.052075
0.035148
0.023871
0.028075
0.023037
0.044386
0.068202
0.047458
0.074745
0.038054
0.022567
0.028615
0.020653
0.027475
0.047096
0.035422
0.038328
0.095024
0.040539
0.021774
0.019710
0.021179
0.017742
0.044799
0.042762
0.035089
0.023502
0.104652
0.057915
0.053337
0.038749
0.040371
0.051647
0.036874
0.020968
0.023661
0.022794
0.050927
0.026596
0.062536
0.047090
0.062952
0.064198
0.020301
0.023767
0.019896
0.025288
0.088956
0.025856
0.064958
0.063808
0.048413
0.018232
0.022759
0.020212
0.018723
0.068389
0.030563
0.022748
0.037876
0.024890
0.074299
0.046850
0.032906
0.019835
0.047458
0.017160
0.040659
0.033699
0.028643
0.075626
0.024263
0.024980
0.023698
0.021639
0.019445
0.018561
0.064046
0.024628
0.034838
0.050870
0.036073
0.023618
0.035745
0.021216
0.056678
0.039465
0.018923
0.020514
0.091218
0.055250
0.036263
0.025066
0.029776
0.022340
0.054865
0.031205
0.034655
0.030443
0.036171
0.073253
0.020350
0.021739
0.031327
0.050222
0.032171
0.019061
0.025183
0.024295
0.034456
0.074929
0.050766
0.028982
0.063678
0.046699
0.023207
0.023207
0.034231
0.073609
0.065858
0.025246
0.026087
0.061192
0.030829
0.022843
0.020962
0.029351
0.050568
0.078521
0.042040
0.024565
0.055506
0.027846
0.042572
0.044624
0.064245
0.022949
0.020615
0.072073
0.041794
0.022902
0.037966
0.021064
0.024959
0.047155
0.026213
0.020806
0.032644
0.092689
0.035492
0.026356
0.024440
0.025954
0.033864
0.042720
0.042058
0.020791
0.058906
0.059869
0.022209
0.022629
0.017892
0.018312
0.024377
0.068306
0.039194
0.028592
0.055864
0.048920
0.019192
0.020205
0.033856
0.020648
0.046791
0.047559
0.030826
0.018575
0.076861
0.056996
0.024267
0.018105
0.023445
0.044132
0.025756
0.054254
0.035915
0.034806
0.026673
0.050359
0.074485
0.024341
0.022100
0.035430
0.072472
0.033805
0.034805
0.028779
0.068799
0.019886
0.022148
0.026183
0.020069
0.071948
0.049564
0.022474
0.080677
0.024165
0.061412
0.030409
0.022919
0.023994
0.025895
0.034026
0.057234
0.024893
0.053860
0.028234
0.025146
0.027073
0.020362
0.059485
0.023390
0.020379
0.029559
0.033837
0.037476
0.084148
0.043863
0.040397
0.022581
0.051771
0.043943
0.036000
0.021622
0.023512
0.077195
0.092981
0.030888
0.024332
0.054529
0.034990
0.027472
0.019945
0.020887
0.022224
0.032292
0.052294
0.071282
0.032436
0.024849
0.047502
0.020117
0.024961
0.019629
0.018901
0.025254
0.062642
0.039889
0.030387
0.092759
0.043998
0.036016
0.023756
0.032882
0.017101
0.026598
0.087899
0.043801
0.032468
0.028067
0.035009
0.076447
0.027593
0.033918
0.033276
0.118452
0.022331
0.018445
0.017835
0.018816
0.020518
0.021968
0.023136
0.057090
0.039716
0.070278
0.045405
0.018843
0.017979
0.022768
0.019524
0.061237
0.034695
0.029362
0.076294
0.062478
0.036752
0.032174
0.020851
0.021697
0.064153
0.030107
0.026756
0.034374
0.087031
0.029422
0.019995
0.018844
0.019117
0.017297
0.032701
0.042761
0.037299
0.019626
0.039831
0.067721
0.027879
0.024949
0.024315
0.024337
0.074399
0.027519
0.059697
0.024038
0.056795
0.018314
0.017935
0.021609
0.021113
0.020548
0.070399
0.020134
0.020972
0.036276
0.021642
0.083278
0.022552
0.017952
0.021698
0.018821
0.018014
0.018595
0.052814
0.055130
0.028985
0.088851
0.030431
0.056635
0.023771
0.021561
0.018996
0.025904
0.049520
0.026425
0.028977
0.019448
0.034439
0.092019
0.055188
0.026932
0.062638
0.017722
0.041476
0.018760
0.057907
0.056813
0.081545
0.070694
0.056110
0.020602
0.026497
0.020534
0.026904
0.039499
0.045178
0.035521
0.027839
0.088097
0.056487
0.029667
0.021527
0.078223
0.038468
0.025300
0.019161
0.051766
0.026364
0.055721
0.028040
0.059538
0.045839
0.040886
0.019239
0.067658
0.051546
0.021650
0.021546
0.023938
0.026046
0.022388
0.038139
0.030617
0.066252
0.080187
0.048465
0.034235
0.021249
0.020523
0.021470
0.046412
0.024955
0.032489
0.023183
0.067837
0.045585
0.039891
0.021822
0.020533
0.020479
0.023761
0.060929
0.024433
0.027013
0.035446
0.027302
0.072179
0.029033
0.064652
0.042142
0.027912
0.026151
0.022582
0.057155
0.032821
0.020478
0.032379
0.029919
0.096871
0.054540
0.093290
0.033228
0.028166
0.020461
0.019331
0.040921
0.022331
0.025726
0.034449
0.100112
0.050755
0.058541
0.066438
0.040762
0.043042
0.069129
0.024825
0.051403
0.040818
0.026880
0.034929
0.023003
0.079557
0.028433
0.024367
0.029094
0.039339
0.085806
0.027077
0.020828
0.060733
0.039511
0.056839
0.039855
0.044070
0.052435
0.087517
0.024630
0.022027
0.037918
0.033323
0.079738
0.042654
0.031775
0.101150
0.060117
0.044230
0.019963
0.046835
0.088405
0.022191
0.031221
0.070821
0.037902
0.063974
0.063983
0.047680
0.038809
0.028939
0.063172
0.042629
0.031541
0.039782
0.051680
0.095721
0.024658
0.020637
0.049796
0.026148
0.071251
0.037731
0.038800
0.035367
0.105134
0.045128
0.034986
0.058414
0.054940
0.022479
0.052553
0.045416
0.021021
0.074008
0.035286
0.044938
0.046083
0.064632
0.051041
0.028849
0.058292
0.043997
0.034276
0.029013
0.030600
0.090682
0.074304
0.065116
0.041638
0.086213
0.046598
0.036513
0.037816
0.061632
0.033747
0.024193
0.058986
0.091710
0.026965
0.039593
0.041317
0.081283
0.054466
0.056731
0.028016
0.044267
0.035888
0.024447
0.061143
0.053883
0.026189
0.062002
0.042531
0.038139
0.021183
0.049603
0.064995
0.024361
0.037363
0.038776
0.083130
0.048118
0.033515
0.052784
0.020988
0.021178
0.051157
0.027942
0.031579
0.065238
0.040480
0.035506
0.075995
0.052664
0.043322
0.031693
0.022348
0.038520
0.066192
0.022984
0.067651
0.066545
0.052217
0.036667
0.045152
0.057416
0.052901
0.034345
0.049273
0.096878
0.021049
0.051162
0.059962
0.039771
0.032810
0.069589
0.086801
0.077372
0.028382
0.044626
0.079999
0.028651
0.051925
0.032061
0.078022
0.045758
0.040964
0.026956
0.052164
0.062153
0.039936
0.028117
0.041986
0.075642
0.065680
0.035517
0.054439
0.060618
0.042556
0.063689
0.026666
0.039441
0.021327
0.062946
0.058797
0.045835
0.033147
0.036918
0.047529
0.087812
0.023269
0.027847
0.046234
0.043031
0.037890
0.065021
0.056895
0.090625
0.023440
0.034122
0.034575
0.037368
0.052267
0.069152
0.049849
0.029164
0.092072
0.055868
0.032041
0.034463
0.053887
0.082393
0.058710
0.058849
0.056988
0.027868
0.051005
0.082530
0.028988
0.068976
0.070053
0.039858
0.032910
0.039151
0.065685
0.050288
0.052907
0.083399
0.048185
0.043891
0.076339
0.031953
0.025893
0.022623
0.063975
0.023150
0.072973
0.035022
0.038520
0.018357
0.023583
0.078289
0.035845
0.053280
0.107354
0.081045
0.082661
0.033360
0.024587
0.042842
0.037186
0.073193
0.035429
0.031421
0.082395
0.069595
0.068552
0.035341
0.030668
0.075788
0.032224
0.020013
0.035096
0.082540
0.031896
0.033530
0.075638
0.028493
0.045054
0.052380
0.036642
0.080654
0.039964
0.018847
0.051747
0.065290
0.034664
0.029405
0.048324
0.077573
0.067337
0.049149
0.077056
0.037054
0.030905
0.053654
0.053348
0.045608
0.050191
0.074685
0.035599
0.044184
0.073750
0.061892
0.053281
0.026910
0.030391
0.058362
0.049505
0.036777
0.054080
0.077972
0.030514
0.024237
0.062243
0.083812
0.044156
0.102700
0.058963
0.047194
0.023554
0.056528
0.042300
0.022851
0.040281
0.048180
0.072024
0.079417
0.038373
0.091810
0.025603
0.020117
0.034029
0.044062
0.030194
0.034988
0.023945
0.060158
0.049475
0.025183
0.020381
0.020778
0.018964
0.020132
0.052777
0.027262
0.023430
0.033993
0.020086
0.056487
0.020984
0.026868
0.018625
0.019414
0.025053
0.029711
0.054509
0.023712
0.020261
0.062657
0.074684
0.018186
0.023458
0.027341
0.018986
0.027642
0.021517
0.025643
0.040159
0.031126
0.071645
0.034425
0.058368
0.050637
0.024798
0.025652
0.024690
0.017628
0.017836
0.023292
0.023291
0.018404
0.024645
0.033148
0.021573
0.021299
0.041127
0.020914
0.024810
0.020531
0.021537
0.019018
0.020205
0.060269
0.019003
0.023881
0.032578
0.021175
0.023461
0.062914
0.022393
0.019512
0.021521
0.021067
0.034230
0.029531
0.035678
0.018507
0.075691
0.052567
0.019843
0.020884
0.019895
0.026026
0.042375
0.053954
0.018378
0.040761
0.041786
0.055424
0.025124
0.020945
0.020802
0.018598
0.024052
0.034428
0.035407
0.026366
0.070503
0.023790
0.021917
0.021400
0.024849
0.061231
0.020257
0.024690
0.034213
0.020432
0.070663
0.049495
0.019358
0.019933
0.019630
0.020135
0.018365
0.022076
0.070460
0.021256
0.019689
0.032514
0.026677
0.086094
0.053851
0.019886
0.021555
0.044477
0.020011
0.024262
0.047866
0.021949
0.033212
0.030273
0.079176
0.062475
0.022558
0.023256
0.019844
0.052441
0.023014
0.025923
0.025405
0.071733
0.042364
0.018988
0.030831
0.098096
0.019628
0.020296
0.025093
0.023862
0.023646
0.035494
0.072082
0.079519
0.026999
0.023227
0.073317
0.023907
0.031445
0.022416
0.019917
0.071261
0.103168
0.040056
0.028524
0.081620
0.020533
0.022293
0.057270
0.037674
0.030213
0.066838
0.027992
0.054620
0.026060
0.023177
0.020451
0.023908
0.035420
0.049149
0.021141
0.060316
0.034080
0.065368
0.021619
0.045442
0.025936
0.057862
0.026016
0.023871
0.023171
0.036436
0.065362
0.069881
0.030307
0.020888
0.023754
0.056811
0.028584
0.077520
0.047020
0.048311
0.021824
0.019326
0.069729
0.022292
0.020880
0.041406
0.077141
0.063320
0.020921
0.020291
0.020647
0.075047
0.025478
0.035149
0.026210
0.062321
0.044278
0.021003
0.044194
0.049375
0.021114
0.021150
0.024918
0.020889
0.020799
0.062006
0.027535
0.024099
0.033060
0.022957
0.087089
0.034963
0.024696
0.029939
0.023013
0.073996
0.019809
0.028095
0.096911
0.019776
0.020228
0.035260
0.019862
0.029738
0.078057
0.071524
0.020817
0.030974
0.027653
0.076184
0.037233
0.069749
0.069726
0.048872
0.018887
0.023171
0.021018
0.024577
0.018371
0.030910
0.049930
0.025571
0.093034
0.061284
0.024769
0.021433
0.019491
0.022187
0.080268
0.017884
0.052563
0.074597
0.072148
0.022819
0.020356
0.062940
0.050004
0.024225
0.018777
0.032426
0.066208
0.036549
0.026237
0.019698
0.021660
0.021383
0.051513
0.073779
0.027220
0.063541
0.027143
0.035603
0.030629
0.035885
0.042490
0.026141
0.053434
0.041247
0.061819
0.055718
0.031546
0.028036
0.026014
0.068256
0.028493
0.046940
0.075403
0.056544
0.036070
0.027446
0.025796
0.073262
0.019934
0.039763
0.029883
0.036123
0.092945
0.048311
0.076248
0.021966
0.026142
0.019216
0.023611
0.029632
0.071571
0.028900
0.059866
0.072093
0.042026
0.029912
0.019069
0.018804
0.018381
0.046124
0.024024
0.034654
0.021963
0.052478
0.053948
0.041479
0.023890
0.025769
0.019588
0.023165
0.045591
0.034873
0.019976
0.045431
0.075391
0.047927
0.026720
0.057741
0.048383
0.018417
0.018280
0.055115
0.023783
0.038143
0.029126
0.052433
0.053118
0.021237
0.022899
0.024300
0.022009
0.056834
0.033836
0.032882
0.033470
0.102329
0.039150
0.022210
0.020413
0.021626
0.022256
0.062170
0.031707
0.020225
0.025517
0.045132
0.062972
0.023816
0.033643
0.020518
0.029436
0.030388
0.028017
0.080690
0.062624
0.024179
0.020376
0.088257
0.023343
0.017642
0.021403
0.023571
0.022242
0.051330
0.048402
0.026347
0.064460
0.075810
0.022254
0.020390
0.019713
0.020813
0.019620
0.022117
0.088986
0.033622
0.023226
0.092870
0.045633
0.019403
0.022373
0.025536
0.028388
0.073266
0.053724
0.026751
0.058391
0.019719
0.068516
0.019108
0.026881
0.023038
0.034941
0.036512
0.070946
0.036979
0.029826
0.022606
0.046646
0.047772
0.021891
0.019406
0.038457
0.033207
0.082932
0.027114
0.018611
0.020746
0.064943
0.027760
0.033924
0.023203
0.021169
0.050288
0.024372
0.019027
0.019037
0.024376
0.019511
0.019170
0.029402
0.051453
0.023616
0.034463
0.026001
0.086392
0.059782
0.034209
0.027210
0.048926
0.070645
0.035332
0.021621
0.096845
0.056183
0.028255
0.031238
0.021583
0.025168
0.063784
0.033952
0.028436
0.081986
0.069612
0.021664
0.052878
0.020389
0.059298
0.067430
0.028969
0.019486
0.024109
0.020670
0.038736
0.034014
0.033060
0.023422
0.038412
0.046518
0.027303
0.019267
0.023433
0.027281
0.049095
0.033830
0.018951
0.043554
0.033587
0.058388
0.038509
0.019390
0.019591
0.027775
0.059451
0.039395
0.020354
0.056326
0.057941
0.027155
0.023798
0.024585
0.063776
0.039406
0.039279
0.048656
0.065367
0.053900
0.021091
0.035782
0.019337
0.029229
0.074071
0.028443
0.051707
0.030865
0.033872
0.076032
0.025920
0.024003
0.019384
0.031607
0.033960
0.078305
0.061424
0.037642
0.021616
0.040184
0.042530
0.022360
0.025034
0.033453
0.085284
0.034829
0.066511
0.043612
0.077120
0.024064
0.020323
0.019593
0.027843
0.032877
0.033538
0.023242
0.047865
0.093902
0.031197
0.020311
0.034462
0.017947
0.027876
0.028542
0.046011
0.023097
0.033039
0.058922
0.064737
0.026705
0.023104
0.025548
0.032706
0.073343
0.089641
0.055532
0.019004
0.026724
0.028276
0.022582
0.067451
0.022122
0.029203
0.034736
0.053166
0.027310
0.024175
0.018562
0.028773
0.057869
0.023928
0.019586
0.073652
0.080285
0.052133
0.028727
0.023860
0.046741
0.021429
0.026088
0.019863
0.029105
0.061894
0.083272
0.031647
0.019820
0.018793
0.019424
0.076123
0.030697
0.038103
0.030876
0.078366
0.022521
0.020109
0.018925
0.019432
0.021501
0.039009
0.041097
0.035213
0.019809
0.050151
0.046675
0.028421
0.049140
0.019624
0.020736
0.022377
0.038858
0.030317
0.027462
0.050264
0.059091
0.034095
0.044418
0.022057
0.019584
0.036353
0.020795
0.034713
0.025342
0.025201
0.028072
0.022388
0.027111
0.038415
0.019506
0.039664
0.031856
0.026382
0.028580
0.033825
0.027311
0.068645
0.046918
0.019083
0.017138
0.028214
0.071347
0.026627
0.021545
0.025918
0.083786
0.071131
0.023163
0.023476
0.019464
0.043854
0.064572
0.033473
0.025254
0.019966
0.019456
0.023536
0.018535
0.034147
0.019822
0.063437
0.034411
0.021841
0.021062
0.017750
0.020640
0.021283
0.022016
0.019946
0.022300
0.026019
0.024579
0.023595
0.034089
0.024724
0.046642
0.040117
0.020005
0.039625
0.022171
0.031562
0.021437
0.021305
0.029613
0.036905
0.030121
0.069355
0.025134
0.019471
0.028278
0.029663
0.030433
0.038630
0.047222
0.052043
0.063346
0.049549
0.047174
0.023881
0.021365
0.018705
0.022468
0.029253
0.018517
0.034152
0.022355
0.074380
0.031609
0.024307
0.022814
0.022465
0.021856
0.019154
0.018646
0.022859
0.019046
0.021372
0.033730
0.030734
0.042327
0.019375
0.074338
0.023513
0.025337
0.031402
0.045667
0.023289
0.051963
0.045461
0.034715
0.020828
0.061392
0.023291
0.020842
0.020994
0.044616
0.042102
0.027727
0.032671
0.057761
0.047103
0.019061
0.031604
0.035313
0.018783
0.023294
0.017983
0.022703
0.025098
0.032199
0.021193
0.068138
0.021229
0.021365
0.027178
0.020406
0.024542
0.017741
0.018656
0.026819
0.033673
0.021760
0.071841
0.020843
0.017436
0.022631
0.023092
0.024546
0.033770
0.049951
0.051003
0.030693
0.026977
0.018938
0.018316
0.017537
0.031000
0.018779
0.020168
0.036254
0.030950
0.059775
0.039676
0.032223
0.036330
0.019427
0.032202
0.039830
0.038401
0.049079
0.025134
0.036976
0.070234
0.019917
0.036593
0.037458
0.019658
0.029049
0.031219
0.032846
0.050410
0.027784
0.073012
0.038909
0.022145
0.041883
0.025670
0.018491
0.027093
0.038733
0.023845
0.042221
0.034669
0.072986
0.049068
0.037412
0.021333
0.043817
0.030933
0.031488
0.031223
0.029459
0.042732
0.064082
0.033565
0.028220
0.050352
0.038243
0.020326
0.044541
0.020026
0.032559
0.040550
0.030700
0.043707
0.056834
0.038946
0.043651
0.022828
0.041419
0.034795
0.031425
0.028362
0.036143
0.025459
0.042923
0.082904
0.024829
0.027844
0.024156
0.039261
0.022181
0.025194
0.023529
0.056964
0.025684
0.025783
0.038265
0.020881
0.030389
0.033016
0.018629
0.027104
0.034621
0.019446
0.020321
0.043299
0.018309
0.034895
0.032849
0.073759
0.045531
0.042924
0.018843
0.034892
0.049281
0.019745
0.042393
0.026035
0.034925
0.034685
0.049659
0.043373
0.042753
0.031440
0.021367
0.037467
0.030903
0.042109
0.044546
0.043157
0.070880
0.048940
0.037020
0.030073
0.029903
0.042143
0.026742
0.044118
0.050240
0.054809
0.050412
0.040300
0.019470
0.030565
0.039590
0.021957
0.035342
0.030793
0.038101
0.049550
0.024065
0.052425
0.047563
0.038898
0.020448
0.039195
0.040079
0.027793
0.040835
0.022381
0.036170
0.022956
0.022584
0.040155
0.032451
0.042376
0.035883
0.069526
0.038103
0.021685
0.023780
0.039239
0.021543
0.019651
0.043375
0.020538
0.039592
0.026464
0.067152
0.034640
0.034385
0.040804
0.018459
0.041522
0.030352
0.032102
0.026460
0.035892
0.037357
0.029099
0.047475
0.038513
0.023202
0.051011
0.023759
0.037395
0.029596
0.031373
0.045166
0.020118
0.068625
0.043714
0.028124
0.030921
0.042951
0.030995
0.038156
0.024498
0.064548
0.039060
0.023334
0.043200
0.018646
0.025317
0.027562
0.036803
0.026853
0.035133
0.038008
0.018507
0.036825
0.028222
0.035915
0.021225
0.038914
0.029998
0.020263
0.048146
0.020339
0.044652
0.059856
0.038735
0.030959
0.025772
0.028860
0.039097
0.022526
0.046022
0.034419
0.057342
0.045405
0.038238
0.035962
0.018655
0.023074
0.039307
0.021411
0.017405
0.038144
0.039172
0.024104
0.045625
0.023763
0.023311
0.050939
0.036949
0.028502
0.032407
0.018616
0.055403
0.040873
0.019116
0.046090
0.019483
0.043953
0.057188
0.043291
0.039504
0.041850
0.023707
0.055108
0.020187
0.018559
0.034144
0.023972
0.032702
0.047754
0.023452
0.046887
0.023266
0.051227
0.037718
0.049233
0.023190
0.026929
0.048758
0.018747
0.035520
0.026477
0.035392
0.027190
0.039500
0.017937
0.049947
0.020842
0.020466
0.018110
0.019284
0.020076
0.023358
0.024367
0.022682
0.029704
0.017414
0.025452
0.032063
0.021435
0.023367
0.053629
0.030489
0.022254
0.019243
0.017275
0.018308
0.023324
0.020436
0.021891
0.022339
0.034226
0.024529
0.019624
0.037526
0.019732
0.021243
0.018614
0.018628
0.020401
0.023608
0.017354
0.029139
0.024103
0.037027
0.019171
0.053589
0.022670
0.021324
0.033832
0.019816
0.022814
0.033307
0.018250
0.049225
0.046272
0.019589
0.018585
0.022177
0.018610
0.018053
0.026050
0.021987
0.042144
0.017202
0.026101
0.032052
0.019754
0.024272
0.058650
0.021617
0.023521
0.019052
0.024032
0.022499
0.023046
0.025048
0.018933
0.024989
0.032269
0.028026
0.026891
0.027636
0.034493
0.022225
0.019095
0.021386
0.019217
0.017777
0.018983
0.024892
0.019342
0.021676
0.024789
0.032088
0.024424
0.017514
0.017636
0.017427
0.017328
0.017292
0.018840
0.081003
0.023986
0.019443
0.020041
0.019550
0.022811
0.022106
0.029794
0.033442
0.022638
0.068314
0.021468
0.024394
0.021188
0.019934
0.018839
0.029554
0.024910
0.018097
0.018565
0.018637
0.017992
0.022853
0.022714
0.017732
0.026711
0.036779
0.028711
0.052640
0.030111
0.017553
0.019584
0.022420
0.018108
0.020007
0.024357
0.024111
0.021816
0.027620
0.032109
0.021708
0.066571
0.038631
0.018299
0.019125
0.028628
0.018613
0.023571
0.033850
0.034296
0.029534
0.061491
0.017921
0.019156
0.023194
0.029780
0.021908
0.030375
0.024954
0.034046
0.026056
0.070479
0.024388
0.023988
0.021876
0.025796
0.027683
0.035692
0.034498
0.045817
0.052401
0.041489
0.021884
0.025537
0.023407
0.019686
0.022990
0.025012
0.019528
0.022647
0.034092
0.025680
0.070505
0.027326
0.019597
0.020030
0.026922
0.022407
0.030438
0.033437
0.042918
0.053377
0.022325
0.020922
0.024799
0.018713
0.018737
0.018393
0.027641
0.024524
0.021305
0.041477
0.031333
0.045024
0.058533
0.024051
0.019628
0.024517
0.030860
0.029640
0.035238
0.021483
0.053609
0.026565
0.025707
0.025098
0.028149
0.025238
0.023479
0.025478
0.035294
0.022637
0.039791
0.032040
0.020551
0.044193
0.027515
0.026205
0.026187
0.025947
0.019682
0.026023
0.033683
0.020066
0.033379
0.052746
0.027939
0.025389
0.022099
0.021978
0.023659
0.025772
0.018738
0.034337
0.034766
0.018713
0.020487
0.061401
0.021271
0.021432
0.020053
0.020604
0.023166
0.027161
0.033785
0.019438
0.052144
0.038566
0.023210
0.020737
0.018008
0.024270
0.019011
0.024234
0.018412
0.036428
0.029965
0.017710
0.048928
0.019711
0.034549
0.035172
0.034907
0.073812
0.024249
0.023263
0.038621
0.070077
0.087679
0.049769
0.039040
0.025354
0.036862
0.062549
0.041023
0.030935
0.036820
0.031497
0.104277
0.036170
0.040214
0.032909
0.045959
0.019977
0.025348
0.018530
0.025379
0.037515
0.062556
0.022873
0.075182
0.052104
0.022556
0.023968
0.020000
0.027025
0.022800
0.068667
0.063359
0.025611
0.020685
0.041859
0.050738
0.019651
0.041529
0.024475
0.095272
0.022483
0.048366
0.019994
0.020963
0.031329
0.061189
0.027486
0.094924
0.065459
0.040916
0.019993
0.020285
0.071221
0.031654
0.022777
0.032715
0.076667
0.050947
0.022782
0.019275
0.021024
0.053050
0.019292
0.028830
0.032902
0.063437
0.022650
0.059920
0.048449
0.028607
0.019189
0.023139
0.031784
0.023270
0.038492
0.069540
0.060654
0.026963
0.051891
0.036133
0.021997
0.028109
0.024884
0.043312
0.057322
0.026191
0.035884
0.065059
0.028528
0.031662
0.035406
0.027117
0.077792
0.054584
0.021582
0.030965
0.064308
0.039100
0.024619
0.036156
0.023236
0.081547
0.023264
0.022383
0.043294
0.026666
0.058356
0.029948
0.020383
0.071591
0.059999
0.022673
0.022557
0.024940
0.018420
0.017976
0.030832
0.071787
0.021417
0.046228
0.023803
0.021836
0.023365
0.046052
0.027100
0.039209
0.023030
0.075253
0.052910
0.028795
0.038066
0.023061
0.086180
0.022466
0.022010
0.019774
0.025888
0.039441
0.079412
0.023506
0.062452
0.066650
0.034196
0.024464
0.022340
0.022285
0.092075
0.018485
0.020884
0.035447
0.021920
0.075217
0.058338
0.024124
0.019601
0.020422
0.019126
0.025325
0.056404
0.036551
0.036389
0.027016
0.108493
0.026803
0.019431
0.018668
0.020037
0.068133
0.023142
0.023328
0.037230
0.080469
0.060182
0.026899
0.035709
0.066130
0.025968
0.024425
0.040735
0.110814
0.045737
0.025484
0.064378
0.020661
0.024050
0.019867
0.062675
0.066736
0.027792
0.053910
0.058481
0.022363
0.020072
0.024384
0.023144
0.022648
0.050131
0.025448
0.045070
0.041777
0.050508
0.070695
0.024867
0.021512
0.027924
0.019819
0.025279
0.085200
0.021828
0.019283
0.020598
0.019636
0.020883
0.042594
0.018736
0.039013
0.028658
0.019049
0.021738
0.039565
0.018766
0.020608
0.018844
0.018142
0.047421
0.026786
0.018074
0.019907
0.022964
0.019307
0.019607
0.026309
0.039125
0.023784
0.022063
0.019248
0.019894
0.019423
0.071728
0.020278
0.018567
0.018654
0.020009
0.018589
0.037760
0.051638
0.020287
0.019433
0.017983
0.019268
0.027615
0.035697
0.018229
0.018221
0.019021
0.020816
0.018420
0.037868
0.032679
0.021858
0.025733
0.017971
0.018778
0.018969
0.050964
0.036926
0.027794
0.018210
0.019378
0.024666
0.034201
0.049514
0.021967
0.062601
0.034024
0.021708
0.029330
0.019699
0.019726
0.059053
0.030442
0.024642
0.035757
0.021147
0.071529
0.051349
0.026807
0.022452
0.025410
0.036327
0.059739
0.036090
0.023476
0.050207
0.048794
0.059550
0.020699
0.020896
0.023263
0.093731
0.073293
0.023611
0.061111
0.023547
0.019014
0.027272
0.029420
0.030318
0.052463
0.072048
0.023266
0.027672
0.024298
0.070304
0.019485
0.029933
0.021966
0.059524
0.081086
0.026747
0.020086
0.022976
0.064033
0.023476
0.019991
0.026585
0.034948
0.066741
0.053951
0.044851
0.044378
0.026490
0.034017
0.024677
0.101757
0.044985
0.032155
0.083056
0.021392
0.021197
0.019485
0.024627
0.025473
0.026433
0.033048
0.025235
0.080721
0.037912
0.023239
0.058490
0.023594
0.037262
0.021051
0.025613
0.070507
0.021696
0.093189
0.062994
0.056630
0.025065
0.020905
0.026535
0.033683
0.061822
0.029987
0.020923
0.050851
0.021735
0.075288
0.031797
0.031283
0.046080
0.042876
0.050743
0.048820
0.066628
0.019571
0.027425
0.031885
0.023093
0.023666
0.044077
0.044800
0.021670
0.052307
0.027066
0.042136
0.030954
0.026980
0.032849
0.063867
0.045006
0.058153
0.024757
0.019644
0.030164
0.059013
0.019490
0.030187
0.042600
0.100377
0.035462
0.039046
0.092569
0.032140
0.036449
0.048038
0.026278
0.021321
0.028858
0.021788
0.035037
0.084429
0.039223
0.021635
0.022982
0.027436
0.019804
0.021017
0.055166
0.032875
0.033746
0.020243
0.025318
0.020075
0.019698
0.018694
0.021859
0.018985
0.026222
0.066615
0.033443
0.029932
0.109749
0.041180
0.031101
0.055471
0.086945
0.025937
0.063352
0.055123
0.071823
0.050167
0.031987
0.025353
0.077902
0.034034
0.027486
0.060483
0.059169
0.023708
0.022422
0.031454
0.024272
0.077435
0.029113
0.029280
0.043784
0.078870
0.031261
0.078066
0.065216
0.023831
0.020005
0.033880
0.018820
0.032743
0.055753
0.021266
0.029864
0.035043
0.039218
0.052050
0.021923
0.023405
0.019464
0.048236
0.049880
0.026374
0.037522
0.027288
0.060987
0.062078
0.062102
0.030580
0.052171
0.040765
0.025218
0.041464
0.036497
0.022694
0.102091
0.019467
0.051432
0.038128
0.056105
0.053823
0.029053
0.034875
0.020111
0.092534
0.072614
0.040940
0.038756
0.058325
0.023588
0.046318
0.034505
0.060898
0.030886
0.021054
0.024593
0.029342
0.053796
0.044119
0.018032
0.019909
0.045577
0.024857
0.018352
0.028744
0.048635
0.023148
0.072775
0.076101
0.047085
0.018649
0.019245
0.020265
0.078460
0.059244
0.020932
0.092137
0.050558
0.043535
0.037750
0.039897
0.027709
0.071020
0.042892
0.047378
0.070452
0.034856
0.037421
0.064187
0.075374
0.021127
0.027867
0.035172
0.021587
0.021740
0.031788
0.031741
0.024168
0.024600
0.025012
0.034158
0.098576
0.028939
0.022619
0.024281
0.042021
0.035846
0.070242
0.041442
0.037784
0.089832
0.057028
0.031514
0.054277
0.019415
0.021269
0.023636
0.018173
0.018847
0.065525
0.050247
0.035915
0.084447
0.023240
0.019997
0.026797
0.018811
0.029072
0.021497
0.045991
0.043048
0.086274
0.049469
0.081924
0.022746
0.041456
0.034838
0.026466
0.068229
0.033856
0.060961
0.046135
0.031110
0.033506
0.083471
0.046387
0.027087
0.030705
0.087341
0.062641
0.022599
0.074036
0.052525
0.049505
0.057007
0.071165
0.072527
0.070493
0.041005
0.048077
0.042269
0.080394
0.030760
0.022174
0.022199
0.050227
0.058432
0.038889
0.045289
0.029486
0.019243
0.049267
0.052630
0.022958
0.023403
0.022827
0.033315
0.044071
0.055649
0.025972
0.020054
0.022033
0.049738
0.021013
0.019632
0.018782
0.018586
0.020111
0.019873
0.034952
0.053641
0.018196
0.066818
0.049986
0.020268
0.027903
0.064114
0.066057
0.026846
0.037980
0.063140
0.094076
0.051424
0.036025
0.041320
0.066517
0.052075
0.020196
0.037804
0.039469
0.092310
0.049176
0.048987
0.036706
0.067703
0.038083
0.020738
0.025880
0.028465
0.068987
0.044466
0.030962
0.067490
0.056270
0.042598
0.037305
0.038892
0.081694
0.035244
0.057052
0.056227
0.028408
0.040915
0.055486
0.043842
0.049930
0.021688
0.067402
0.040956
0.046701
0.099246
0.029301
0.036411
0.044821
0.107941
0.046410
0.030222
0.029086
0.051717
0.055794
0.083113
0.071698
0.046883
0.026656
0.026356
0.071061
0.033873
0.086199
0.064429
0.039161
0.028152
0.075981
0.031033
0.030324
0.035522
0.054270
0.038506
0.061225
0.047711
0.063622
0.046145
0.047642
0.048384
0.051060
0.023179
0.024584
0.070378
0.049487
0.084253
0.055502
0.032748
0.093940
0.035074
0.023620
0.046947
0.035532
0.078986
0.088254
0.083805
0.051841
0.019768
0.085409
0.032934
0.020915
0.034550
0.046197
0.047696
0.068150
0.047019
0.062711
0.022028
0.042010
0.040300
0.092495
0.048476
0.039347
0.065052
0.031971
0.034296
0.023447
0.050854
0.079464
0.052337
0.034054
0.033942
0.057808
0.029503
0.018401
0.030209
0.051697
0.047905
0.077988
0.031844
0.061572
0.052808
0.098497
0.026630
0.049662
0.067251
0.079554
0.036844
0.027592
0.035087
0.065203
0.049288
0.053349
0.030573
0.082203
0.051470
0.037456
0.019621
0.019266
0.025324
0.068760
0.023761
0.021791
0.033049
0.022792
0.021659
0.037175
0.019181
0.016885
0.017218
0.017594
0.038421
0.058570
0.018492
0.036043
0.032243
0.040062
0.020347
0.019997
0.017771
0.019837
0.027453
0.025234
0.020992
0.017131
0.025741
0.031775
0.054212
0.064298
0.021956
0.050426
0.079884
0.027247
0.040474
0.031047
0.101417
0.050053
0.035977
0.045994
