513,159,25,86
518,157,23,88
515,157,24,87
514,159,25,84
512,156,29,89
509,159,28,87
509,158,28,85
507,157,28,89
505,159,28,88
501,158,28,92
498,159,28,88
498,160,27,88
493,159,29,88
491,159,29,85
486,161,29,80
485,162,23,79
482,164,31,78
476,168,26,68
476,164,28,74
469,177,34,66
476,162,36,74
514,165,33,78
574,165,31,70
563,170,29,70
517,170,33,71
508,162,26,82
566,166,29,77
564,164,27,72
568,166,29,74
566,169,25,73
572,158,26,78
568,162,29,80
564,171,27,69
568,161,30,73
567,166,30,74
565,165,26,72
568,160,27,80
559,167,31,73
572,164,25,74
569,166,24,72
568,162,30,79
563,161,28,78
569,163,27,74
565,173,25,71
572,162,31,73
571,164,28,75
570,166,26,73
566,171,27,69
564,163,28,74
564,167,26,69
568,171,26,68
565,162,27,74
567,166,26,68
562,166,30,74
572,161,25,73
566,167,27,73
564,166,26,79
572,165,24,70
570,160,23,80
563,161,33,80
574,163,28,73
568,171,24,68
564,158,32,83
560,162,32,78
571,163,32,71
570,162,27,76
567,164,27,75
565,163,26,80
508,158,26,80
568,164,30,70
565,167,26,72
562,166,29,73
572,161,26,72
568,165,28,78
566,162,25,75
566,167,27,74
563,164,29,77
574,155,26,76
571,169,26,73
508,164,24,80
570,163,26,75
566,169,25,72
573,159,26,75
574,162,30,77
572,148,28,86
572,161,25,76
568,168,26,70
564,163,27,77
565,163,28,74
562,167,27,70
571,169,27,68
569,167,24,71
579,167,28,68
563,167,27,73
511,166,24,75
570,163,27,72
568,166,28,73
565,164,28,78
560,160,27,75
569,162,29,79
568,165,28,75
568,161,27,81
565,163,25,76
568,165,29,74
564,168,26,72
566,174,27,65
573,157,30,80
570,161,30,78
567,167,28,74
566,165,27,76
509,162,24,77
567,168,26,70
569,162,26,75
562,167,28,75
571,170,27,67
564,166,27,73
566,168,31,70
564,169,27,67
562,166,29,74
571,163,27,76
569,163,25,76
564,161,29,87
569,166,30,68
567,166,26,72
563,164,28,77
572,163,29,74
574,164,28,74
566,161,28,79
564,164,27,73
575,161,27,76
567,170,26,69
565,163,27,77
567,163,29,74
561,169,28,71
571,168,25,70
567,165,24,75
513,159,21,88
567,163,29,72
563,166,27,76
571,167,28,71
570,164,26,75
567,168,27,72
567,160,26,75
561,147,39,77
564,162,29,75
564,167,26,68
570,166,25,71
514,160,28,84
573,167,31,69
567,165,26,73
566,150,26,90
566,165,33,70
565,166,26,76
512,163,23,75
568,166,27,73
564,165,32,76
565,157,31,78
565,164,30,74
563,163,27,76
571,152,31,83
569,169,29,70
564,171,30,74
565,169,33,71
564,164,25,71
575,160,28,82
573,162,29,74
571,164,27,75
570,165,26,76
565,173,26,69
565,168,29,70
564,163,25,76
568,165,26,72
567,165,30,75
565,164,24,72
570,165,29,75
569,167,25,76
564,164,27,76
571,161,28,76
570,161,29,78
568,166,27,75
564,168,26,69
562,164,31,72
567,166,32,71
562,169,27,69
511,162,23,77
568,179,24,64
579,161,28,72
566,168,29,77
565,167,30,75
563,166,27,72
565,172,28,65
573,158,28,76
574,163,28,76
569,165,25,74
565,160,29,80
565,161,29,77
563,169,27,67
563,170,28,68
512,164,29,78
572,167,28,71
571,166,25,73
567,168,25,72
575,165,25,71
573,162,25,76
570,169,27,69
566,173,28,68
570,161,28,76
569,162,27,76
563,159,29,80
571,169,29,67
570,163,24,77
566,159,33,79
563,166,30,74
570,156,26,80
571,161,31,81
570,163,29,73
568,162,27,78
564,164,26,79
510,166,28,75
565,166,27,73
561,165,31,73
575,163,30,73
566,167,31,70
564,161,26,80
568,164,27,74
562,165,27,77
574,166,27,71
569,163,29,74
571,160,25,78
570,161,27,76
565,171,26,70
571,162,29,70
569,163,31,76
566,167,27,74
564,161,26,76
562,165,29,78
571,161,26,76
566,167,26,71
562,164,30,74
575,160,27,75
571,162,30,76
570,166,29,72
568,167,25,74
562,166,28,75
573,167,26,69
569,165,25,78
562,162,30,75
569,165,31,73
569,165,26,74
575,161,30,77
564,165,34,74
563,164,28,72
567,173,27,68
571,157,36,85
570,162,30,80
568,166,27,73
565,161,26,82
568,156,28,82
565,161,27,76
563,167,28,68
566,156,28,80
561,169,30,72
573,168,26,68
572,167,25,70
567,170,24,69
575,162,29,75
566,174,27,64
569,155,31,86
567,158,29,81
563,165,27,73
566,167,30,71
565,164,25,79
559,170,31,69
570,165,25,76
556,162,33,78
567,164,29,76
563,167,27,72
509,162,23,76
567,168,25,73
565,160,26,79
564,164,27,70
566,166,28,73
565,160,26,82
572,161,30,76
571,165,29,76
569,166,26,74
562,165,31,76
562,163,30,75
570,161,32,77
571,163,28,77
569,167,26,73
567,160,36,79
567,163,29,75
562,172,27,71
571,168,25,70
568,166,26,73
564,168,27,74
516,167,28,74
574,166,28,72
571,159,25,78
563,167,29,74
566,170,28,66
564,158,29,81
566,173,29,66
563,162,30,76
562,167,32,70
562,164,29,73
573,159,31,79
572,162,29,77
571,164,26,75
568,164,26,77
564,166,26,76
516,162,24,79
568,166,26,75
563,166,28,76
565,170,29,66
564,159,26,80
572,162,29,75
574,161,28,77
569,164,30,77
570,165,26,72
566,164,29,77
564,165,27,73
573,160,28,75
566,168,26,71
562,166,30,75
570,168,29,68
567,168,24,72
568,162,27,74
566,162,27,81
563,165,27,76
571,161,26,76
567,165,27,74
566,163,28,79
563,159,26,79
568,174,28,67
569,177,31,63
570,161,26,75
566,163,30,76
563,166,25,76
570,163,24,75
565,164,25,75
569,169,26,69
563,166,29,71
567,167,28,70
511,157,23,82
568,169,25,71
564,164,26,79
571,156,27,83
567,163,29,75
564,163,26,75
575,159,27,76
568,166,26,71
563,166,29,75
573,161,28,76
570,166,27,78
566,165,25,71
569,161,27,84
564,170,26,67
569,163,30,72
569,157,26,82
564,164,26,82
572,167,26,70
568,170,25,68
563,162,29,76
564,165,30,71
563,165,25,74
566,163,28,76
563,158,26,79
569,159,35,79
566,165,29,75
561,166,29,78
568,167,27,75
565,162,26,75
567,164,29,72
564,168,30,74
565,172,29,63
514,160,23,83
568,164,30,80
568,169,28,67
565,168,27,71
565,166,26,72
512,159,22,85
570,166,27,71
565,171,26,71
574,162,28,74
570,164,30,74
570,166,28,74
568,167,27,75
563,166,28,74
571,165,26,72
570,164,23,74
565,162,29,75
562,169,28,68
569,168,28,70
562,171,30,70
572,171,26,64
572,164,26,75
569,170,25,70
566,157,34,83
565,160,28,80
563,163,30,75
566,164,33,74
563,165,26,75
571,168,30,71
570,168,27,72
563,169,28,73
573,167,26,67
569,170,25,70
565,162,28,79
563,161,27,76
565,173,29,68
565,161,28,74
564,165,29,71
566,168,28,70
571,162,31,77
568,165,30,73
564,169,27,73
568,169,29,68
564,163,31,79
565,164,28,72
562,164,28,72
568,165,27,73
511,157,23,83
568,172,27,71
565,172,29,69
565,164,28,72
563,171,28,66
566,167,29,69
564,162,28,79
564,160,32,78
563,165,29,75
575,166,32,72
563,168,30,73
564,170,35,67
566,164,24,70
569,160,26,80
561,164,30,75
571,159,27,79
568,163,27,75
564,161,31,79
560,163,31,77
572,159,27,76
569,153,27,83
566,159,28,80
564,164,28,71
563,166,30,72
561,162,30,75
570,166,30,74
568,169,26,71
511,163,24,77
569,169,28,69
565,167,30,74
563,165,28,71
567,169,29,71
567,164,26,73
564,166,28,75
562,167,30,71
572,166,28,70
570,170,26,67
568,158,27,80
566,161,28,77
563,171,28,67
571,166,26,67
568,168,25,75
567,158,28,83
562,165,29,72
567,144,24,74
569,165,32,77
568,165,24,71
565,163,29,80
565,160,29,76
561,164,33,71
570,162,30,75
568,163,27,75
563,168,28,72
514,166,26,76
567,169,27,74
564,164,28,71
564,165,28,70
562,169,27,69
572,171,27,68
567,170,25,68
566,160,25,76
569,158,27,83
564,164,27,75
563,163,28,75
572,161,30,77
568,162,28,77
562,167,29,74
570,166,28,71
571,163,26,76
569,160,24,79
561,160,34,82
572,164,30,73
572,161,26,78
572,162,26,76
569,156,29,85
567,162,26,77
565,163,27,74
565,166,27,70
575,158,26,73
575,166,31,70
562,165,29,72
572,157,25,80
566,160,33,82
564,164,28,74
568,165,27,73
565,164,27,77
507,163,26,76
570,158,25,72
566,159,27,83
563,164,26,75
568,159,26,77
563,160,34,84
565,159,30,77
565,160,28,77
565,164,29,70
564,165,27,72
573,156,27,78
571,164,28,73
570,165,28,74
568,166,25,75
564,159,26,81
564,163,29,73
563,163,28,75
568,159,27,77
566,162,36,83
567,161,28,73
566,159,33,85
563,163,28,72
564,171,29,73
570,169,27,66
569,167,28,73
563,167,26,72
510,163,22,76
568,164,24,76
564,164,29,77
578,162,28,74
564,168,27,71
511,161,22,80
568,162,25,78
565,165,26,76
511,164,22,76
568,163,24,77
513,158,22,84
569,166,27,73
564,164,27,78
571,164,28,73
567,167,26,71
564,163,27,77
573,158,26,78
568,159,28,82
563,168,29,75
571,170,30,67
571,166,26,75
567,170,25,72
564,164,30,75
562,162,29,73
572,162,30,75
569,164,29,76
567,165,25,78
563,164,27,72
566,165,28,73
565,167,25,72
513,162,24,79
568,162,29,78
563,161,27,82
572,162,30,75
572,161,30,80
569,164,26,75
567,159,25,80
564,168,27,71
562,162,31,74
572,162,28,76
571,166,29,73
572,160,25,78
567,165,29,76
564,160,26,80
567,167,28,71
564,165,29,76
568,153,29,84
564,169,30,67
564,164,25,75
566,166,28,72
568,162,27,80
564,167,26,77
572,170,24,67
567,162,24,78
