0.007012
0.027882
0.022225
0.041916
0.060214
0.030698
0.017837
0.049209
0.032993
0.017183
0.021082
0.028964
0.030887
0.024898
0.022088
0.022415
0.021806
0.060330
0.032834
0.018923
0.072478
0.043408
0.031277
0.021657
0.017588
0.027721
0.060293
0.032573
0.024100
0.048395
0.036064
0.019601
0.018204
0.018593
0.024061
0.020066
0.060460
0.027991
0.029075
0.084993
0.022308
0.019831
0.019166
0.018733
0.024208
0.055713
0.018925
0.063864
0.066626
0.025703
0.021787
0.026180
0.073148
0.022905
0.058579
0.028522
0.048754
0.017926
0.022988
0.022920
0.068124
0.025028
0.027650
0.041507
0.071702
0.023150
0.018556
0.017825
0.063430
0.022775
0.033477
0.021823
0.052267
0.042357
0.030613
0.018807
0.048634
0.017729
0.020349
0.022914
0.026531
0.064587
0.025763
0.066756
0.020873
0.064358
0.020697
0.020570
0.018356
0.027084
0.050990
0.073037
0.074579
0.022207
0.020310
0.023009
0.046455
0.017889
0.020791
0.024364
0.031801
0.037710
0.062277
0.025621
0.019164
0.021901
0.020486
0.062887
0.034309
0.028295
0.092697
0.062306
0.021736
0.033955
0.035541
0.022689
0.047129
0.019591
0.026883
0.035696
0.079806
0.033942
0.021847
0.039990
0.020986
0.041945
0.024668
0.032091
0.026668
0.060391
0.029378
0.018887
0.021693
0.037019
0.021123
0.045583
0.049210
0.041703
0.066300
0.033598
0.020582
0.019443
0.026103
0.037118
0.040133
0.055955
0.065434
0.031206
0.024738
0.017174
0.079412
0.032308
0.023923
0.053636
0.080946
0.039714
0.025527
0.028970
0.018175
0.019285
0.037297
0.031255
0.047708
0.030956
0.031280
0.020719
0.058912
0.027783
0.036655
0.035738
0.082830
0.038752
0.021342
0.021144
0.021642
0.018321
0.016677
0.027710
0.023371
0.026951
0.029147
0.076786
0.043271
0.023423
0.021626
0.044254
0.023067
0.068521
0.019447
0.063542
0.042063
0.063841
0.026077
0.049709
0.027640
0.027553
0.065368
0.037110
0.018781
0.086173
0.034239
0.021612
0.019630
0.027541
0.065353
0.023037
0.025216
0.024060
0.038845
0.070597
0.030914
0.019301
0.024379
0.068444
0.031129
0.019529
0.035261
0.024787
0.076937
0.026057
0.018675
0.024384
0.029023
0.019451
0.020700
0.042027
0.038689
0.022440
0.095493
0.060350
0.019633
0.019537
0.039886
0.044834
0.017456
0.016288
0.025010
0.024135
0.055571
0.084869
0.047750
0.091867
0.021047
0.023908
0.017506
0.035561
0.053568
0.022805
0.057938
0.033111
0.021080
0.063847
0.028700
0.019130
0.017568
0.021977
0.030797
0.078810
0.025244
0.051063
0.023497
0.057166
0.025207
0.018446
0.019573
0.018437
0.043671
0.058671
0.042605
0.024976
0.045529
0.081810
0.018429
0.022032
0.068571
0.024265
0.021503
0.020613
0.021473
0.017151
0.029205
0.054701
0.059969
0.034171
0.020478
0.019430
0.022138
0.074074
0.026334
0.036814
0.029141
0.023506
0.053911
0.024083
0.018159
0.022574
0.020175
0.022828
0.064877
0.028857
0.060725
0.055170
0.029820
0.021014
0.022115
0.039359
0.067954
0.038464
0.027748
0.065139
0.061723
0.019892
0.026165
0.034902
0.089973
0.019201
0.034680
0.031441
0.073117
0.067936
0.040045
0.031418
0.022048
0.018917
0.018567
0.069553
0.019739
0.017844
0.033337
0.032669
0.062416
0.049184
0.033603
0.025621
0.027636
0.018481
0.042501
0.022610
0.018543
0.032289
0.028736
0.082221
0.045622
0.028925
0.019825
0.062714
0.043615
0.038740
0.024653
0.040485
0.028938
0.017994
0.017123
0.024883
0.022361
0.062356
0.040536
0.025589
0.081930
0.055804
0.036791
0.023735
0.069837
0.018547
0.023335
0.036880
0.030253
0.055660
0.045939
0.088965
0.074587
0.031723
0.042221
0.049450
0.023256
0.043877
0.072200
0.069461
0.060105
0.072279
0.023695
0.050745
0.045846
0.025821
0.063557
0.042439
0.060290
0.070045
0.048824
0.025993
0.031448
0.038642
0.075384
0.020883
0.035128
0.064044
0.044029
0.041251
0.069428
0.041480
0.024848
0.046867
0.109919
0.020987
0.037700
0.023745
0.059177
0.065680
0.051712
0.020586
0.077850
0.033928
0.022213
0.033949
0.091591
0.028338
0.073412
0.071832
0.059863
0.064437
0.045351
0.079315
0.062237
0.045594
0.020473
0.051836
0.058474
0.034078
0.029063
0.053323
0.074782
0.046213
0.033787
0.033945
0.061730
0.019182
0.023555
0.041320
0.037259
0.034292
0.080457
0.080655
0.029245
0.034126
0.060354
0.061878
0.026872
0.068966
0.052948
0.045291
0.023509
0.048882
0.066298
0.024929
0.044051
0.031204
0.070465
0.055358
0.045405
0.021307
0.054600
0.040867
0.024056
0.081290
0.046825
0.066106
0.033720
0.036021
0.023979
0.069270
0.019225
0.027534
0.039871
0.026236
0.047289
0.031040
0.058526
0.040717
0.020026
0.067932
0.055935
0.018306
0.036207
0.021466
0.036126
0.030849
0.062740
0.071779
0.082620
0.033436
0.035650
0.021593
0.059106
0.040433
0.049584
0.035495
0.054454
0.064350
0.038159
0.038127
0.097070
0.048180
0.080843
0.061157
0.041859
0.053421
0.079059
0.037591
0.098682
0.060631
0.040325
0.045985
0.064475
0.035713
0.019818
0.060248
0.043427
0.020072
0.040992
0.024231
0.022258
0.027672
0.069500
0.021222
0.068536
0.061987
0.071936
0.042675
0.030614
0.090140
0.038504
0.019854
0.040196
0.025741
0.059112
0.060639
0.057971
0.060479
0.034749
0.082293
0.036592
0.031590
0.025429
0.027410
0.080385
0.025749
0.060968
0.017565
0.060005
0.054988
0.044418
0.027288
0.084800
0.057427
0.049142
0.030018
0.061890
0.054550
0.031308
0.058645
0.071007
0.068000
0.049361
0.022346
0.038761
0.041184
0.065266
0.034994
0.086992
0.056678
0.029299
0.033379
0.044962
0.039542
0.035167
0.025458
0.061110
0.040471
0.031683
0.049154
0.041107
0.021239
0.034191
0.041549
0.063689
0.058094
0.026463
0.031231
0.027498
0.038708
0.041380
0.055612
0.046116
0.039150
0.054660
0.035538
0.037262
0.032411
0.028201
0.020236
0.019479
0.031537
0.016557
0.024921
0.020621
0.025698
0.026588
0.017347
0.029889
0.017806
0.017222
0.027605
0.018162
0.020170
0.032905
0.021348
0.015605
0.024472
0.024099
0.018007
0.031417
0.023724
0.026747
0.030727
0.021220
0.016215
0.020165
0.018835
0.022682
0.016757
0.034103
0.031000
0.022561
0.035959
0.019491
0.026457
0.027155
0.016800
0.019939
0.021238
0.030157
0.020906
0.017435
0.023936
0.019516
0.020944
0.016992
0.019876
0.024885
0.020552
0.022481
0.029453
0.019693
0.016571
0.018078
0.017807
0.021201
0.016579
0.016797
0.015434
0.015302
0.017053
0.016052
0.016970
0.018281
0.018224
0.025863
0.014258
0.016140
0.015878
0.016244
0.015792
0.016455
0.015531
0.017368
0.015483
0.016134
0.019367
0.015618
0.018041
0.015608
0.018626
0.016624
0.015547
0.016229
0.019807
0.015981
0.018488
0.015568
0.015660
0.015601
0.015473
0.015483
0.015536
0.016689
0.016048
0.015503
0.016222
0.017094
0.028845
0.020084
0.016043
0.015919
0.015274
0.015780
0.016025
0.015853
0.016333
0.015953
0.018240
0.021732
0.025525
0.016511
0.015952
0.016947
0.015493
0.016103
0.016419
0.015737
0.018862
0.015594
0.016717
0.018202
0.019975
0.020061
0.023457
0.016796
0.015837
0.015729
0.015904
0.015792
0.015655
0.016975
0.025748
0.017175
0.016899
0.029474
0.015526
0.015772
0.015977
0.018830
0.015801
0.017766
0.015956
0.019084
0.017150
0.015760
0.024222
0.016089
0.017854
0.016010
0.015662
0.017001
0.018512
0.020655
0.015270
0.015904
0.016207
0.014234
0.015841
0.020105
0.015624
0.015693
0.015813
0.015467
0.020197
0.020442
0.015873
0.016392
0.016399
0.019140
0.016243
0.016201
0.015861
0.015697
0.015617
0.015675
0.015669
0.025328
0.016468
0.020480
0.016325
0.018281
0.017404
0.015522
0.018371
0.015692
0.015722
0.016462
0.015594
0.019870
0.028068
0.015714
0.020156
0.016030
0.016330
0.015985
0.016331
0.015615
0.017572
0.017447
0.016486
0.017329
0.019306
0.025167
0.017519
0.015753
0.016716
0.015616
0.015590
0.015338
0.015437
0.017999
0.015348
0.015564
0.019687
0.015774
0.020405
0.018563
0.016351
0.016487
0.015123
0.015351
0.022759
0.016382
0.014984
0.016057
0.015106
0.015671
0.016339
0.017643
0.015865
0.016241
0.017224
0.018101
0.054100
0.059628
0.035007
0.020040
0.018636
0.018285
0.065385
0.021114
0.021304
0.032795
0.043714
0.065578
0.037860
0.027065
0.032681
0.024863
0.051897
0.024339
0.025061
0.031717
0.053628
0.062694
0.027037
0.022793
0.026766
0.056518
0.022129
0.028707
0.027191
0.048535
0.044006
0.033369
0.018712
0.016916
0.023844
0.023673
0.034592
0.032655
0.030791
0.056484
0.029458
0.027474
0.032048
0.031412
0.068684
0.016841
0.025846
0.042435
0.030491
0.027865
0.032087
0.030649
0.064169
0.051836
0.030718
0.066179
0.022606
0.025310
0.023268
0.034166
0.028183
0.054804
0.022254
0.030040
0.036580
0.026461
0.021513
0.028234
0.033750
0.082695
0.049160
0.021818
0.066008
0.026158
0.023935
0.040479
0.022431
0.065874
0.023892
0.044039
0.064130
0.024793
0.018383
0.018741
0.023350
0.029284
0.078386
0.083162
0.030293
0.023551
0.020348
0.025011
0.062653
0.032344
0.031014
0.044053
0.041809
0.023889
0.025513
0.034917
0.031465
0.032923
0.022198
0.042375
0.023387
0.019959
0.086378
0.036837
0.020509
0.025314
0.024890
0.062825
0.071665
0.026434
0.042856
0.049891
0.021066
0.023082
0.029054
0.045564
0.020469
0.042131
0.083903
0.063594
0.031906
0.020018
0.018026
0.063493
0.029933
0.033533
0.028425
0.095260
0.068479
0.024597
0.019531
0.023824
0.066004
0.022665
0.026969
0.024370
0.042896
0.050357
0.046560
0.037246
0.028630
0.021699
0.070945
0.031681
0.028856
0.019611
0.024051
0.033669
0.064037
0.045129
0.022224
0.018520
0.018743
0.018819
0.025135
0.091668
0.025481
0.050223
0.019124
0.021708
0.048242
0.022477
0.025511
0.039608
0.021123
0.059405
0.020019
0.020704
0.019835
0.051383
0.019064
0.028377
0.020375
0.030965
0.062089
0.034548
0.028456
0.035025
0.023087
0.048608
0.019229
0.018964
0.018893
0.019078
0.023952
0.071049
0.031369
0.024657
0.035211
0.062530
0.041069
0.056709
0.022459
0.051854
0.073021
0.053303
0.022170
0.059306
0.039740
0.026673
0.025604
0.034374
0.017340
0.017536
0.020039
0.068871
0.020671
0.031451
0.020207
0.065292
0.063514
0.033335
0.017640
0.025195
0.019278
0.020523
0.020692
0.057983
0.022958
0.032103
0.026087
0.089092
0.041385
0.020493
0.023292
0.037234
0.040581
0.019248
0.035441
0.029382
0.023406
0.060097
0.020754
0.018774
0.019261
0.062881
0.050215
0.037767
0.027544
0.042450
0.058721
0.019656
0.022291
0.052263
0.043869
0.020794
0.019481
0.038617
0.021229
0.066659
0.024563
0.018941
0.018513
0.022865
0.018429
0.056740
0.025851
0.021829
0.047511
0.031678
0.078990
0.030622
0.019280
0.029100
0.020570
0.023141
0.069485
0.027194
0.059041
0.028619
0.042036
0.017535
0.021438
0.025678
0.020347
0.041730
0.031860
0.034982
0.044382
0.030648
0.021774
0.021985
0.019476
0.079665
0.036788
0.020079
0.075574
0.053427
0.022660
0.024464
0.043876
0.045309
0.056134
0.057843
0.018138
0.049915
0.021311
0.025851
0.055852
0.020766
0.018332
0.025001
0.032512
0.056701
0.063766
0.041079
0.053465
0.021869
0.018919
0.021944
0.024750
0.024934
0.071756
0.038655
0.054930
0.067659
0.025310
0.025498
0.020177
0.040010
0.029937
0.026106
0.025790
0.032098
0.032287
0.065952
0.025156
0.017957
0.016084
0.016127
0.021661
0.025058
0.026744
0.094206
0.058552
0.033806
0.018346
0.018056
0.048060
0.072087
0.031264
0.029832
0.019544
0.039165
0.055321
0.065407
0.058173
0.036206
0.028162
0.037762
0.090641
0.036996
0.023328
0.064609
0.060577
0.019608
0.020947
0.028223
0.018225
0.023872
0.081784
0.025512
0.082349
0.021862
0.019898
0.020192
0.017042
0.016988
0.089754
0.026140
0.019217
0.031762
0.027631
0.075426
0.045216
0.028515
0.034024
0.024708
0.021729
0.020615
0.086670
0.053035
0.019663
0.017977
0.022549
0.048482
0.039291
0.080087
0.019082
0.023979
0.017954
0.073531
0.023365
0.020617
0.026669
0.021915
0.049392
0.039049
0.021725
0.064481
0.048828
0.024810
0.022110
0.021757
0.032104
0.029952
0.080757
0.026135
0.061328
0.027626
0.022410
0.061998
0.042942
0.025730
0.021677
0.030223
0.065708
0.033414
0.024729
0.084928
0.056281
0.031709
0.025009
0.031793
0.029184
0.052269
0.035300
0.027883
0.026457
0.017159
0.078683
0.071967
0.038610
0.035901
0.055454
0.064946
0.032494
0.053964
0.036278
0.038656
0.047431
0.055993
0.054935
0.020812
0.049874
0.023026
0.021141
0.042545
0.062318
0.050813
0.042653
0.081930
0.052952
0.020387
0.024080
0.065190
0.029374
0.019121
0.044064
0.020265
0.052530
0.108928
0.051354
0.036588
0.052209
0.037916
0.035843
0.029989
0.066732
0.069224
0.053675
0.060265
0.044227
0.063989
0.050966
0.090020
0.040906
0.025527
0.058034
0.034216
0.036040
0.026461
0.077134
0.053905
0.020216
0.084685
0.031780
0.032814
0.023956
0.048681
0.060518
0.101119
0.047072
0.042799
0.076687
0.028113
0.042729
0.070276
0.065069
0.051812
0.025428
0.086806
0.048819
0.024255
0.049223
0.092333
0.056519
0.029453
0.052702
0.071711
0.040569
0.032686
0.083406
0.029627
0.038424
0.102309
0.040554
0.037450
0.019101
0.060608
0.070774
0.039399
0.032298
0.024414
0.069900
0.077881
0.035895
0.024144
0.066237
0.033928
0.033452
0.023504
0.023094
0.045936
0.073471
0.037519
0.024414
0.071446
0.047013
0.037338
0.039698
0.070735
0.036596
0.041173
0.038257
0.027984
0.067329
0.033758
0.038925
0.029681
0.089536
0.058976
0.056906
0.074909
0.047559
0.033412
0.051144
0.022059
0.061273
0.038349
0.090209
0.064977
0.039104
0.037115
0.019221
0.077079
0.026485
0.065136
0.072921
0.022359
0.042940
0.038606
0.064716
0.040374
0.050549
0.096533
0.047687
0.074246
0.031130
0.037755
0.037707
0.045870
0.019944
0.040292
0.077826
0.041671
0.039103
0.060741
0.049740
0.023022
0.055737
0.041589
0.037382
0.030669
0.065031
0.033134
0.079205
0.059311
0.017660
0.021735
0.057652
0.058890
0.040617
0.041888
0.034501
0.091734
0.044105
0.027274
0.030859
0.041579
0.072756
0.048038
0.090944
0.024237
0.026102
0.060486
0.050657
0.023108
0.070853
0.040686
0.045088
0.030011
0.079144
0.041758
0.041318
0.059965
0.064592
0.030196
0.052189
0.028500
0.079685
0.034373
0.036226
0.040853
0.064408
0.020667
0.036744
0.038414
0.060496
0.047477
0.041311
0.054321
0.066854
0.019387
0.039881
0.037118
0.035994
0.066003
0.044585
0.073602
0.068526
0.056459
0.027281
0.018860
0.033471
0.055257
0.043483
0.025570
0.060341
0.040852
0.073145
0.045947
0.021171
0.047262
0.067142
0.018538
0.051071
0.033114
0.092925
0.046406
0.030141
0.049881
0.054103
0.038061
0.032010
0.082809
0.022410
0.062985
0.042299
0.085300
0.031973
0.037468
0.018316
0.061213
0.043492
0.061157
0.038870
0.028204
0.031906
0.042768
0.054581
0.063005
0.040004
0.077422
0.024361
0.031384
0.027408
0.037630
0.068047
0.041062
0.048016
0.074939
0.056178
0.024724
0.031234
0.024952
0.021240
0.086370
0.026086
0.054282
0.111262
0.054512
0.071051
0.046644
0.039367
0.048350
0.099943
0.045001
0.067405
0.054744
0.052609
0.049290
0.057333
0.034851
0.031884
0.076720
0.043020
0.099300
0.028467
0.069801
0.024661
0.031822
0.038420
0.020183
0.051908
0.024137
0.020948
0.024175
0.019930
0.028572
0.025369
0.018891
0.032684
0.028373
0.076386
0.045330
0.028016
0.018248
0.018516
0.033381
0.050229
0.031642
0.030923
0.027909
0.040240
0.055732
0.019267
0.023860
0.059100
0.040316
0.065670
0.041098
0.018464
0.024848
0.018048
0.060334
0.039430
0.065847
0.022280
0.021778
0.019617
0.023998
0.054668
0.030500
0.020048
0.029294
0.029166
0.051935
0.018440
0.025101
0.047016
0.050874
0.021489
0.021140
0.025281
0.021995
0.037174
0.076075
0.066955
0.064830
0.022965
0.018462
0.058539
0.021101
0.018567
0.021205
0.045940
0.026093
0.035774
0.037860
0.055436
0.047141
0.024758
0.017971
0.022892
0.022545
0.019102
0.047431
0.018631
0.033356
0.032114
0.019914
0.090496
0.050036
0.018360
0.023142
0.039433
0.067461
0.030198
0.060641
0.022499
0.077798
0.037480
0.019616
0.021854
0.071379
0.030835
0.062089
0.055358
0.021430
0.055318
0.017736
0.033950
0.024952
0.051391
0.032275
0.021412
0.059070
0.077775
0.042361
0.023768
0.033850
0.019639
0.048918
0.025831
0.054619
0.023097
0.067683
0.061890
0.026060
0.038993
0.027951
0.019975
0.030407
0.017379
0.020455
0.050715
0.055090
0.024462
0.019996
0.018755
0.021466
0.031327
0.071092
0.054847
0.060297
0.069943
0.034342
0.020538
0.023149
0.059206
0.052695
0.078540
0.021375
0.042295
0.019433
0.035833
0.024978
0.028696
0.060249
0.034174
0.019577
0.055786
0.047463
0.031701
0.021080
0.045808
0.022488
0.018374
0.021382
0.018630
0.020662
0.033086
0.033294
0.039114
0.058368
0.030435
0.019502
0.035522
0.059755
0.037486
0.021829
0.033045
0.067249
0.046144
0.021471
0.018761
0.078506
0.032125
0.037133
0.033159
0.029842
0.049350
0.020128
0.019722
0.018036
0.019512
0.021329
0.068460
0.020610
0.028191
0.033814
0.046204
0.028095
0.048364
0.062098
0.021364
0.026054
0.033205
0.064003
0.042042
0.024120
0.019978
0.024652
0.030488
0.087724
0.026196
0.028793
0.035350
0.024333
0.046878
0.045701
0.072330
0.050316
0.054387
0.023431
0.027065
0.045192
0.066107
0.023856
0.032721
0.032642
0.083343
0.036937
0.034724
0.026345
0.021729
0.019414
0.056409
0.049088
0.029344
0.047385
0.054191
0.047328
0.020600
0.018420
0.020949
0.051659
0.056821
0.053415
0.021210
0.066936
0.035244
0.018436
0.027610
0.065901
0.022651
0.021778
0.022811
0.073890
0.034209
0.044021
0.074577
0.030821
0.026694
0.035652
0.018002
0.027723
0.029625
0.031810
0.017283
0.046441
0.048545
0.071743
0.021821
0.018187
0.018836
0.053539
0.052251
0.029325
0.062043
0.054843
0.029665
0.023205
0.021488
0.019793
0.020127
0.028010
0.018616
0.032709
0.029323
0.019465
0.083885
0.063327
0.020597
0.017909
0.018160
0.045982
0.025322
0.026369
0.047905
0.058188
0.020637
0.034058
0.021860
0.023607
0.050636
0.034126
0.037106
0.073959
0.085772
0.023734
0.023824
0.023262
0.056941
0.051131
0.022128
0.021645
0.017975
0.038050
0.049958
0.035070
0.030846
0.084629
0.061478
0.021889
0.031453
0.019311
0.017432
0.017125
0.069760
0.019100
0.035853
0.028605
0.031591
0.068473
0.045291
0.027935
0.019321
0.018477
0.025691
0.045032
0.025879
0.033142
0.048199
0.050918
0.027073
0.029619
0.044929
0.063434
0.024546
0.033042
0.033783
0.025381
0.058433
0.027072
0.040892
0.024237
0.070088
0.045755
0.028935
0.020522
0.026983
0.029218
0.024768
0.032491
0.021363
0.021325
0.050087
0.067009
0.025096
0.022459
0.018647
0.030730
0.056239
0.029629
0.025743
0.018075
0.033048
0.045939
0.053649
0.022098
0.021016
0.034320
0.058602
0.029493
0.024218
0.033283
0.086263
0.044862
0.076630
0.035466
0.038492
0.030452
0.027027
0.038273
0.047173
0.020043
0.026295
0.037778
0.040308
0.087343
0.034499
0.037532
0.018593
0.021546
0.072079
0.021474
0.023396
0.024936
0.036489
0.051874
0.021823
0.088007
0.042321
0.023883
0.021379
0.018118
0.017666
0.022829
0.055927
0.024904
0.022336
0.032861
0.028752
0.060459
0.060267
0.024538
0.021537
0.019433
0.020002
0.054779
0.019320
0.022147
0.022530
0.025802
0.032287
0.038557
0.022380
0.021214
0.017050
0.017935
0.018722
0.038080
0.084161
0.020924
0.018633
0.026897
0.024892
0.066406
0.019644
0.030970
0.076930
0.056386
0.028447
0.020561
0.026856
0.016286
0.016746
0.028395
0.018613
0.022804
0.034223
0.016260
0.040832
0.024452
0.030393
0.022573
0.021976
0.020842
0.018589
0.025601
0.032174
0.019132
0.016991
0.025857
0.027147
0.019497
0.016737
0.016365
0.020187
0.016740
0.015968
0.016557
0.016561
0.016725
0.016138
0.016228
0.016507
0.018330
0.088796
0.060024
0.031213
0.045553
0.068427
0.034486
0.018904
0.031334
0.028719
0.065906
0.041585
0.022355
0.048476
0.030874
0.053890
0.024405
0.029764
0.029014
0.028294
0.020680
0.048325
0.026781
0.030160
0.019120
0.057791
0.062353
0.035014
0.022021
0.027649
0.017093
0.025124
0.020966
0.018303
0.030843
0.070766
0.049923
0.023929
0.032452
0.025472
0.051693
0.021132
0.028716
0.024231
0.032428
0.025435
0.067897
0.030120
0.019673
0.016721
0.024345
0.080246
0.077110
0.043205
0.020582
0.018318
0.025314
0.040874
0.018359
0.019760
0.018583
0.017079
0.045007
0.031124
0.024847
0.017098
0.045305
0.062588
0.030299
0.023031
0.029839
0.017513
0.058077
0.023423
0.018265
0.034984
0.063864
0.058292
0.021235
0.015934
0.027102
0.027402
0.074618
0.027706
0.033702
0.021767
0.035410
0.047801
0.044177
0.020501
0.019258
0.017973
0.076421
0.019046
0.033901
0.029068
0.028471
0.067241
0.043736
0.024758
0.038854
0.021606
0.051416
0.023581
0.033557
0.028780
0.058862
0.019154
0.040354
0.076250
0.052390
0.058109
0.056512
0.025282
0.053489
0.034154
0.040692
0.086164
0.027922
0.047369
0.073975
0.023655
0.066450
0.048056
0.064129
0.046866
0.034197
0.049052
0.039629
0.022709
0.048878
0.092410
0.058213
0.024784
0.038484
0.060769
0.026078
0.036306
0.023911
0.097538
0.044638
0.033158
0.067243
0.045759
0.036815
0.077838
0.022223
0.028836
0.040723
0.077737
0.043420
0.048792
0.046910
0.059249
0.019090
0.027008
0.024233
0.039861
0.063252
0.075000
0.042809
0.089856
0.045670
0.028844
0.026975
0.075313
0.073269
0.032541
0.039269
0.040850
0.054845
0.034285
0.022743
0.035273
0.080450
0.045466
0.033493
0.068803
0.018812
0.051787
0.037278
0.020380
0.023442
0.052420
0.077266
0.049735
0.066631
0.048156
0.101228
0.049557
0.038738
0.051950
0.021538
0.072394
0.027851
0.035564
0.029856
0.024482
0.091220
0.022428
0.069800
0.063784
0.054408
0.035978
0.034888
0.046191
0.052737
0.038327
0.032940
0.092175
0.042687
0.061159
0.037013
0.026010
0.037508
0.044318
0.043652
0.036467
0.063893
0.064070
0.054167
0.051952
0.020633
0.024595
0.059587
0.030269
0.038353
0.060834
0.045614
0.020257
0.072861
0.050586
0.043440
0.019933
0.078678
0.037891
0.044844
0.028491
0.076465
0.038532
0.075616
0.049569
0.066606
0.040496
0.022045
0.037575
0.089802
0.027365
0.022206
0.040576
0.096513
0.074408
0.059899
0.063907
0.028892
0.038367
0.029033
0.039980
0.035575
0.046681
0.039800
0.026472
0.074884
0.079827
0.035076
0.044648
0.052351
0.032354
0.047695
0.026532
0.081497
0.040028
0.064738
0.107434
0.034148
0.036932
0.025142
0.064178
0.044175
0.042496
0.063576
0.054807
0.036437
0.045707
0.056054
0.018573
0.038354
0.026494
0.079226
0.022008
0.092066
0.042629
0.032670
0.069339
0.049112
0.034896
0.032914
0.046011
0.050463
0.027722
0.059038
0.047904
0.054257
0.054084
0.073689
0.045806
0.039447
0.052691
0.026593
0.033083
0.037813
0.092357
0.043396
0.032802
0.028300
0.067613
0.031330
0.038616
0.022984
0.063402
0.113631
0.049471
0.025318
0.083649
0.029114
0.053212
0.030979
0.054394
0.065747
0.032528
0.040359
0.071599
0.045738
0.082141
0.038616
0.049305
0.064244
0.046915
0.044948
0.049250
0.077648
0.044780
0.050001
0.061375
0.032602
0.038194
0.020102
0.059009
0.093028
0.020245
0.053441
0.044430
0.055327
0.024308
0.056865
0.076810
0.031668
0.065520
0.057985
0.047700
0.027032
0.044177
0.039650
0.108318
0.039232
0.028296
0.040434
0.076096
0.034003
0.039881
0.035938
0.025096
0.070647
0.067317
0.020025
0.025486
0.087419
0.025336
0.022636
0.029334
0.040450
0.038831
0.060825
0.034073
0.036543
0.066219
0.034513
0.031251
0.032338
0.064585
0.028221
0.040059
0.020454
0.039769
0.109711
0.038046
0.057072
0.058697
0.026360
0.023780
0.055090
0.070275
0.045710
0.072579
0.019368
0.052037
0.059916
0.049343
0.051301
0.042638
0.049680
0.070313
0.039187
0.064373
0.067636
0.021980
0.029121
0.025465
0.065073
0.024929
0.033775
0.018748
0.079816
0.043883
0.023920
0.020154
0.018324
0.017402
0.031133
0.041954
0.023928
0.033587
0.040348
0.054635
0.032701
0.019108
0.018537
0.019127
0.025987
0.042525
0.037205
0.017979
0.054307
0.075830
0.029585
0.027014
0.025805
0.063109
0.022740
0.054399
0.056346
0.063290
0.029620
0.018489
0.031951
0.071234
0.041741
0.030386
0.071003
0.049354
0.024975
0.029244
0.027349
0.064542
0.032421
0.031091
0.020332
0.042673
0.026811
0.062623
0.047679
0.026308
0.046763
0.055733
0.024296
0.039333
0.043162
0.024445
0.058435
0.020601
0.040613
0.030782
0.071831
0.037595
0.023601
0.020806
0.022979
0.026266
0.017793
0.033939
0.059373
0.063159
0.041003
0.038820
0.061313
0.024244
0.018321
0.033996
0.062670
0.038656
0.052052
0.065172
0.039230
0.023310
0.024231
0.019246
0.059101
0.035714
0.017991
0.063218
0.077840
0.023995
0.019235
0.027830
0.017095
0.026357
0.056613
0.061238
0.038210
0.022321
0.019284
0.063714
0.030176
0.023759
0.035581
0.021350
0.080557
0.054119
0.022814
0.020812
0.019632
0.046576
0.025632
0.019713
0.022662
0.031825
0.063227
0.048390
0.029875
0.019206
0.020661
0.022532
0.024163
0.020818
0.024320
0.017264
0.022756
0.030007
0.050663
0.033680
0.067386
0.041268
0.077911
0.018416
0.024047
0.017048
0.023011
0.019694
0.062371
0.044066
0.049418
0.035805
0.034325
0.020436
0.019646
0.021790
0.020560
0.018636
0.019292
0.032242
0.020161
0.022489
0.051000
0.023300
0.022488
0.033888
0.032765
0.057244
0.059138
0.055326
0.061553
0.027336
0.027545
0.026956
0.029871
0.044480
0.027610
0.085754
0.066481
0.038599
0.023628
0.025419
0.074062
0.021918
0.025576
0.023286
0.036508
0.029123
0.059191
0.041364
0.021433
0.022077
0.019979
0.019757
0.032750
0.045744
0.038128
0.034643
0.052780
0.030679
0.018110
0.036434
0.026121
0.033927
0.040454
0.039427
0.028592
0.065624
0.020867
0.063690
0.023703
0.025129
0.020647
0.020996
0.077891
0.084911
0.037051
0.025067
0.021942
0.071203
0.017686
0.025137
0.031636
0.106694
0.045756
0.044569
0.021712
0.018785
0.020760
0.034440
0.040941
0.026477
0.068722
0.080067
0.025218
0.021028
0.018588
0.088380
0.034683
0.019161
0.021145
0.080652
0.045958
0.019887
0.022957
0.026797
0.041972
0.022375
0.063121
0.060791
0.019634
0.063395
0.036779
0.029223
0.053510
0.060529
0.043775
0.019622
0.015538
0.043522
0.040433
0.025163
0.025476
0.065031
0.074459
0.043127
0.021905
0.022906
0.050379
0.037241
0.018837
0.021460
0.032159
0.078849
0.024226
0.022362
0.022768
0.058750
0.033755
0.020535
0.063693
0.049356
0.041828
0.030659
0.030016
0.021893
0.028136
0.054218
0.034015
0.018878
0.058901
0.071409
0.023301
0.018308
0.017353
0.019387
0.024137
0.074539
0.034008
0.027614
0.024631
0.031033
0.017844
0.084682
0.019892
0.019475
0.020748
0.019055
0.018590
0.017411
0.027061
0.032362
0.031308
0.016498
0.016347
0.017610
0.016580
0.017502
0.016643
0.019197
0.016616
0.020437
0.018064
0.021892
0.077989
0.019499
0.020548
0.018514
0.016783
0.018986
0.018131
0.079600
0.032542
0.021667
0.079144
0.056479
0.021876
0.026615
0.021829
0.029221
0.025829
0.029129
0.033029
0.021525
0.073957
0.038789
0.026354
0.021346
0.058570
0.028845
0.037558
0.070202
0.021962
0.018609
0.018120
0.016212
0.025844
0.029657
0.029802
0.031699
0.018156
0.021225
0.052872
0.081495
0.019852
0.018753
0.025655
0.018191
0.027030
0.018551
0.018530
0.064041
0.035802
0.030861
0.036026
0.060139
0.030590
0.021555
0.030321
0.033107
0.054388
0.070842
0.020259
0.018910
0.044304
0.025770
0.027377
0.034305
0.031212
0.054914
0.031383
0.019482
0.020927
0.019944
0.057722
0.042161
0.033517
0.020948
0.061840
0.051388
0.021829
0.019797
0.018698
0.019142
0.032132
0.028383
0.043350
0.030919
0.081707
0.075352
0.051429
0.021031
0.021316
0.022728
0.024921
0.080146
0.034171
0.028182
0.075295
0.059680
0.023409
0.026010
0.036083
0.028216
0.068676
0.050795
0.030924
0.072352
0.055849
0.024716
0.021986
0.022834
0.044278
0.026294
0.034173
0.030978
0.035750
0.066006
0.051268
0.019936
0.025639
0.016393
0.018349
0.077872
0.040644
0.070603
0.037179
0.023819
0.019918
0.020282
0.074659
0.032839
0.066374
0.020301
0.035096
0.023304
0.032535
0.025496
0.018848
0.029019
0.018660
0.065728
0.016531
0.020051
0.018803
0.021367
0.023709
0.022095
0.032672
0.019105
0.015440
0.015525
0.015871
0.020185
0.018946
0.019939
0.018220
0.021280
0.017891
0.016131
0.016216
0.018450
0.024043
0.018410
0.017494
0.020406
0.037183
0.021503
0.017240
0.019105
0.016219
0.019056
0.016202
0.016065
0.017492
0.015904
0.015779
0.016181
0.016022
0.015854
0.015615
0.022012
0.015965
0.016139
0.031667
0.020198
0.021221
0.018105
0.016843
0.016821
0.015768
0.016682
0.016117
0.017193
0.018806
0.022279
0.017966
0.020417
0.018111
0.015948
0.017432
0.016261
0.016010
0.016119
0.016315
0.016652
0.017559
0.019553
0.056696
0.050570
0.022425
0.018745
0.020510
0.019598
0.067912
0.036988
0.019114
0.031439
0.019004
0.082455
0.042961
0.022455
0.018101
0.022345
0.026691
0.069638
0.020122
0.034035
0.028880
0.066721
0.022300
0.017683
0.016262
0.026867
0.016763
0.024805
0.030403
0.024661
0.030215
0.016836
0.072584
0.039152
0.030896
0.017166
0.021089
0.017327
0.019181
0.048728
0.030425
0.035134
0.024373
0.030979
0.073938
0.055885
0.026933
0.023180
0.020767
0.053942
0.023366
0.022717
0.030381
0.019879
0.054906
0.061074
0.018628
0.019060
0.020270
0.040878
0.058635
0.040317
0.029553
0.068296
0.058679
0.022529
0.036922
0.022612
0.033767
0.049152
0.026155
0.047639
0.029089
0.025699
0.029588
0.022609
0.027958
0.029326
0.039972
0.019383
0.022135
0.061454
0.043714
0.023182
0.036547
0.019327
0.040615
0.026662
0.042606
0.028909
0.019183
0.027155
0.045612
0.032359
0.020537
0.052161
0.065918
0.025234
0.021806
0.021694
0.033215
0.037066
0.021767
0.034743
0.019628
0.043122
0.057659
0.021125
0.033485
0.024218
0.051989
0.027456
0.030997
0.023100
0.032923
0.074969
0.038704
0.024522
0.029518
0.043784
0.050691
0.025604
0.033034
0.022686
0.064832
0.053569
0.033888
0.061867
0.040370
0.024754
0.038368
0.075198
0.054597
0.056796
0.018905
0.044974
0.059663
0.017259
0.026917
0.073161
0.032792
0.062665
0.036608
0.073274
0.051601
0.038971
0.070789
0.030841
0.018198
0.030610
0.095370
0.028151
0.038857
0.022985
0.033442
0.029281
0.027036
0.043963
0.025788
0.036198
0.026900
0.018614
0.034361
0.018061
0.031946
0.020774
0.022603
0.021370
0.016794
0.068891
0.038335
0.020344
0.030248
0.059540
0.038049
0.020845
0.035658
0.032119
0.057197
0.083637
0.054438
0.057037
0.051842
0.021285
0.040898
0.062268
0.063086
0.037508
0.041089
0.069571
0.052121
0.045099
0.051093
0.064950
0.065914
0.036713
0.020833
0.047979
0.088270
0.052112
0.025792
0.032045
0.061871
0.049759
0.026913
0.062436
0.032147
0.050948
0.051391
0.072040
0.035719
0.044009
0.025617
0.051190
0.031686
0.020425
0.069837
0.053687
0.039753
0.074200
0.047559
0.054662
0.081822
0.036881
0.048467
0.077989
0.044337
0.018609
0.057044
0.070898
0.044422
0.050220
0.035823
0.043777
0.033714
0.036994
0.026210
0.029924
0.069647
0.044731
0.038531
0.035318
0.063131
0.054162
0.035392
0.059480
0.052669
0.045101
0.056714
0.046067
0.042459
0.078357
0.046158
0.046794
0.042539
0.037506
0.034513
0.035097
0.037089
0.068280
0.065631
0.040068
0.023738
0.040102
0.033406
0.059731
0.026676
0.050834
0.082539
0.064033
0.063947
0.039273
0.020286
0.072696
0.048150
0.033838
0.029013
0.018657
0.024806
0.026113
0.018789
0.027542
0.022673
0.019549
0.035060
0.019583
0.021533
0.020677
0.017950
0.032707
0.020601
0.021463
0.021847
0.019629
0.016819
0.019331
0.018824
0.017808
0.016151
0.022873
0.020171
0.019254
0.027550
0.020972
0.020825
0.035412
0.021192
0.017682
0.033139
0.018695
0.026943
0.020992
0.017245
0.027884
0.021420
0.016272
0.020362
0.021779
0.016013
0.020405
0.029554
0.017765
0.030021
0.017213
0.021129
0.019724
0.017134
0.015949
0.023178
0.023556
0.015655
0.020356
0.024427
0.016564
0.028954
0.021175
0.017659
0.019437
0.019220
0.022056
0.020485
0.016552
0.032561
0.017308
0.026023
0.026873
0.017140
0.021000
0.020189
0.017032
0.018733
0.024492
0.016145
0.021326
0.018617
0.016488
0.023152
0.022373
0.020160
0.016646
0.030703
0.033519
0.016712
0.027735
0.021841
0.017055
0.019671
0.022505
0.015993
0.025137
0.018952
0.016772
0.022258
0.015010
0.021392
0.027807
0.015543
0.026405
0.015778
0.020018
0.019454
0.016648
0.022779
0.023487
0.021612
0.026846
0.015869
0.020639
0.019009
0.015814
0.016637
0.020025
0.020415
0.021122
0.027915
0.029003
0.019667
0.017542
0.021197
0.019506
0.016983
0.022493
0.017947
0.016930
0.016909
0.017041
0.016453
0.016454
0.016193
0.015971
0.016240
0.016591
0.020135
0.015965
0.016757
0.016614
0.017096
0.015801
0.015586
0.019473
0.016073
0.015969
0.016228
0.018397
0.016884
0.017427
0.015775
0.020483
0.016017
0.017767
0.016464
0.015953
0.016434
0.019281
0.017251
0.018344
0.017147
0.017061
0.018395
0.016094
0.016611
0.016818
0.028232
0.016622
0.016148
0.016690
0.016397
0.018737
0.016088
0.016425
0.016590
0.017222
0.018417
0.017206
0.015558
0.015635
0.020412
0.019529
0.028215
0.017721
0.016478
0.018614
0.016344
0.020060
0.016376
0.016515
0.017513
0.018366
0.019565
0.018728
0.019706
0.017434
0.017357
0.017142
0.016417
0.016865
0.015944
0.036422
0.076175
0.045842
0.056119
0.022990
0.062898
0.030199
0.021177
0.020157
0.026346
0.032463
0.053170
0.051047
0.034671
0.034213
0.055941
0.026192
0.019184
0.034174
0.020983
0.048981
0.034370
0.020645
0.031844
0.035098
0.064362
0.032514
0.020019
0.079842
0.085116
0.049107
0.038320
0.023638
0.058475
0.049797
0.026516
0.033679
0.035033
0.061929
0.049291
0.018834
0.022650
0.070555
0.024262
0.026129
0.021601
0.034844
0.066772
0.026712
0.022616
0.065868
0.019104
0.020305
0.020233
0.033067
0.027513
0.072231
0.035641
0.049518
0.021145
0.019575
0.019803
0.061265
0.038910
0.033697
0.023901
0.018352
0.023099
0.044614
0.025254
0.026762
0.063440
0.024123
0.027426
0.032889
0.079342
0.027170
0.020689
0.021478
0.024675
0.068302
0.047443
0.024896
0.027078
0.068997
0.022750
0.018631
0.018215
0.019595
0.035207
0.058952
0.018139
0.017665
0.019263
0.020727
0.065779
0.028064
0.021217
0.018269
0.017070
0.016588
0.017096
0.016591
0.016181
0.016356
0.015525
0.021586
0.022576
0.015650
0.016534
0.016350
0.051211
0.032278
0.024879
0.023196
0.028460
0.026788
0.034417
0.022079
0.019168
0.032688
0.031178
0.068531
0.053995
0.033356
0.027386
0.077984
0.033926
0.037394
0.019135
0.031188
0.055367
0.053385
0.047608
0.026994
0.023774
0.027189
0.046139
0.017368
0.046854
0.059644
0.027110
0.035808
0.022354
0.031842
0.028794
0.029785
0.039104
0.084630
0.047070
0.031848
0.025783
0.093207
0.024986
0.030997
0.023022
0.030961
0.019892
0.030978
0.032654
0.021859
0.032995
0.029317
0.064353
0.026127
0.030381
0.020516
0.025187
0.056250
0.033766
0.026428
0.061774
0.057197
0.030568
0.019879
0.023209
0.018155
0.053518
0.036959
0.037303
0.018793
0.068902
0.051977
0.017182
0.025834
0.028290
0.096651
0.108860
0.024518
0.019564
0.019436
0.067402
0.021070
0.021837
0.035498
0.036854
0.082733
0.039932
0.020847
0.035741
0.064270
0.022329
0.024121
0.039629
0.057888
0.042393
0.018236
0.035731
0.019433
0.022511
0.034562
0.053557
0.033770
0.024193
0.024020
0.021257
0.033850
0.031498
0.067257
0.035593
0.023118
0.080537
0.053523
0.036392
0.019993
0.033136
0.078680
0.036850
0.037082
0.021261
0.021266
0.068048
0.029609
0.021575
0.024482
0.092495
0.042810
0.055687
0.022791
0.039308
0.024887
0.037089
0.039624
0.023421
0.046301
0.038026
0.028005
0.024982
0.065869
0.021868
0.022819
0.034333
0.025432
0.068480
0.034720
0.022447
0.021898
0.031598
0.030424
0.045998
0.033234
0.020500
0.042351
0.071148
0.068912
0.072711
0.054345
0.037160
0.021432
0.018113
0.029812
0.029324
0.061421
0.023801
0.033736
0.034240
0.025957
0.025489
0.022747
0.020668
0.037740
0.048816
0.019883
0.019098
0.029755
0.031959
0.022775
0.041670
0.048519
0.040831
0.024897
0.018760
0.020191
0.028094
0.024367
0.028139
0.021052
0.032801
0.083889
0.067638
0.030049
0.022226
0.025764
0.073053
0.030464
0.019484
0.067011
0.049909
0.034786
0.031221
0.026305
0.030647
0.033303
0.061612
0.028790
0.019240
0.017238
0.016829
0.018557
0.017192
0.020416
0.053105
0.051749
0.040745
0.019892
0.021782
0.021222
0.033576
0.049481
0.034998
0.016539
0.032188
0.063317
0.043616
0.030472
0.020683
0.034862
0.019758
0.052075
0.019277
0.019898
0.014910
0.018994
0.039635
0.060831
0.038263
0.022918
0.063892
0.059185
0.024902
0.023680
0.020275
0.031446
0.017935
0.023138
0.061525
0.031197
0.047254
0.067046
0.019420
0.019499
0.034998
0.018792
0.025814
0.031478
0.023424
0.020263
0.033561
0.024652
0.062833
0.021633
0.019665
0.018554
0.019406
0.028930
0.050106
0.046038
0.020357
0.096925
0.079742
0.083098
0.025388
0.038790
0.027536
0.070655
0.027798
0.017768
0.037924
0.032975
0.057317
0.027347
0.020367
0.019697
0.027387
0.069769
0.023942
0.063441
0.023467
0.019339
0.020550
0.039241
0.027338
0.017272
0.031931
0.022541
0.054990
0.019271
0.022229
0.018504
0.057414
0.021878
0.021325
0.026592
0.022721
0.056480
0.055767
0.039310
0.036610
0.067727
0.030529
0.031755
0.025919
0.034133
0.065013
0.047624
0.051816
0.060681
0.039346
0.021503
0.051944
0.027991
0.039638
0.065416
0.026723
0.024543
0.022753
0.051075
0.022223
0.034932
0.066245
0.020266
0.016629
0.019957
0.026249
0.025275
0.090747
0.025053
0.051037
0.019735
0.072700
0.026792
0.017817
0.025380
0.023999
0.047242
0.032617
0.055652
0.032821
0.017341
0.031742
0.060181
0.032169
0.047512
0.018777
0.053717
0.037762
0.016472
0.017038
0.023455
0.021422
0.047003
0.044443
0.031078
0.022685
0.045186
0.059393
0.018536
0.017092
0.022946
0.016149
0.054068
0.063506
0.021350
0.086174
0.034267
0.041320
0.019695
0.045627
0.070969
0.030822
0.038495
0.031382
0.060267
0.070610
0.055397
0.038841
0.075987
0.030967
0.049792
0.024730
0.058620
0.052639
0.038466
0.072873
0.019597
0.039348
0.026833
0.068908
0.051337
0.038640
0.101278
0.053302
0.047405
0.036403
0.023440
0.050478
0.061067
0.050691
0.023862
0.061344
0.045714
0.020397
0.046280
0.026301
0.054146
0.026179
0.041484
0.049686
0.063239
0.018632
0.035153
0.040156
0.060724
0.035642
0.080676
0.072676
0.041430
0.028913
0.036229
0.021545
0.020786
0.034724
0.044847
0.029121
0.081521
0.031566
0.070085
0.023103
0.020947
0.031939
0.024391
0.066953
0.042224
0.076912
0.074273
0.030432
0.025075
0.078881
0.023786
0.019243
0.025160
0.027352
0.056805
0.038362
0.063590
0.074387
0.056016
0.037424
0.023928
0.046856
0.074861
0.041712
0.055202
0.064887
0.053843
0.046408
0.069319
0.053020
0.030875
0.068369
0.036935
0.039082
0.082690
0.062845
0.024789
0.043210
0.032219
0.062064
0.085261
0.031624
0.019476
0.028671
0.069130
0.039945
0.031641
0.041409
0.107582
0.046036
0.031964
0.043308
0.074788
0.032174
0.059339
0.067866
0.042955
0.031431
0.021906
0.062963
0.026888
0.032447
0.034144
0.081588
0.034208
0.067225
0.106281
0.043609
0.028330
0.051600
0.060033
0.025839
0.044884
0.064662
0.083017
0.041640
0.098203
0.062690
0.056482
0.048420
0.078497
0.049387
0.033074
0.091900
0.053588
0.090049
0.051788
0.039773
0.035594
0.031604
0.031657
0.024040
0.034257
0.069872
0.049706
0.020589
0.041481
0.067657
0.025386
0.028098
0.030107
0.093463
0.059663
0.034777
0.077597
0.041963
0.021975
0.049960
0.023010
0.068623
0.022400
0.049366
0.078216
0.058766
0.044023
0.025158
0.050339
0.028311
0.023616
0.021639
0.023984
0.033376
0.042457
0.050730
0.047835
0.038378
0.044636
0.074686
0.032562
