144,266,47,104
143,261,47,109
146,263,49,108
146,262,48,108
150,263,49,106
151,263,47,103
152,263,50,105
155,261,48,106
156,260,49,105
159,259,47,104
164,257,45,107
167,258,45,106
169,257,43,107
172,258,42,107
174,257,43,107
175,258,42,106
179,254,40,105
177,256,42,106
180,255,39,104
183,254,40,105
183,253,40,103
184,253,41,105
187,254,38,102
189,254,39,104
192,252,38,104
195,252,37,103
195,253,36,104
196,251,37,103
196,251,36,104
199,249,37,106
201,248,37,106
201,247,37,107
205,250,39,101
206,250,42,103
206,248,45,102
208,249,47,103
206,249,48,105
211,249,44,105
210,250,46,105
218,247,43,107
223,246,39,106
223,243,36,104
228,243,36,106
228,242,37,107
231,243,37,102
233,245,38,99
232,244,38,107
235,244,41,108
235,244,38,108
236,242,41,110
238,241,41,102
239,241,38,101
242,240,44,103
242,241,43,103
244,241,44,103
247,242,46,100
246,243,42,101
249,241,47,107
249,241,44,105
250,241,48,102
250,239,45,98
251,235,43,97
251,236,44,99
252,235,43,99
253,235,43,97
256,234,43,96
261,232,42,93
263,232,40,94
264,233,41,91
265,233,37,92
267,232,40,97
267,230,40,93
269,229,42,93
266,228,43,98
268,228,41,98
268,228,41,92
269,228,42,92
270,228,41,89
271,227,42,87
272,225,43,92
275,224,41,94
275,225,40,96
275,225,40,95
278,224,41,92
279,223,39,94
281,223,40,97
280,222,39,95
280,221,40,94
281,219,40,94
282,218,40,92
282,217,41,91
283,218,42,86
284,220,41,87
283,217,41,88
283,215,39,90
284,216,41,91
288,215,39,89
290,216,39,95
290,216,39,92
293,216,38,93
292,216,37,91
292,215,38,87
294,214,38,91
295,212,39,94
295,212,39,92
295,213,39,90
298,213,38,87
297,213,40,91
296,212,42,93
296,213,43,95
298,212,40,92
302,210,40,94
303,211,40,93
304,210,41,92
306,211,41,96
306,212,41,95
305,208,42,86
306,207,44,91
308,205,41,92
308,207,42,93
307,206,43,92
307,206,43,88
309,205,42,90
312,203,42,88
312,203,40,90
315,204,41,93
316,204,37,92
317,203,38,92
317,203,37,92
319,201,38,92
319,200,39,88
319,199,38,89
317,198,39,93
318,199,39,92
318,199,40,92
319,196,40,99
322,197,37,95
322,194,39,92
321,197,38,89
321,197,37,88
322,196,36,88
324,197,35,88
325,198,35,88
326,198,36,88
326,196,35,89
325,196,36,88
329,194,34,86
328,195,37,87
329,194,34,88
330,195,37,86
329,195,37,91
330,194,37,92
330,195,35,89
329,193,35,84
330,192,38,88
329,192,36,91
328,192,38,89
332,192,37,88
331,193,38,91
330,192,36,91
331,191,37,90
331,189,38,90
334,189,37,87
332,189,37,86
336,189,38,86
332,191,36,84
331,190,40,82
327,187,42,87
330,187,41,88
335,186,36,86
333,187,39,84
333,186,37,83
336,186,34,83
337,189,34,80
338,188,36,82
339,189,36,83
338,185,37,86
338,186,35,85
340,182,35,87
340,183,35,85
340,182,34,84
342,184,33,85
340,184,35,81
341,185,35,82
342,184,34,82
341,183,34,83
343,184,35,77
343,180,34,84
343,180,35,83
344,182,34,82
345,184,36,82
346,183,34,80
346,183,35,79
346,181,35,81
346,179,36,81
348,182,36,78
349,180,34,79
349,182,36,80
350,181,35,78
349,182,35,77
350,181,34,78
349,180,35,79
349,179,35,81
349,177,34,78
351,179,34,79
351,179,35,80
350,178,36,79
351,178,36,79
352,176,34,77
351,177,36,79
353,175,35,81
353,174,36,80
353,174,36,79
352,174,36,79
353,174,37,77
351,174,38,78
353,177,37,76
353,173,35,78
353,172,35,79
353,171,35,79
358,172,33,77
358,171,34,76
359,170,34,75
359,171,34,76
360,171,34,76
359,171,34,73
360,171,32,73
356,170,36,71
359,170,33,74
359,169,33,72
358,168,35,72
359,170,33,71
362,170,32,71
360,170,35,72
360,170,34,72
365,169,32,70
362,166,35,74
361,165,35,74
365,166,33,73
364,166,33,72
364,166,33,72
366,166,33,72
365,167,32,68
365,165,32,71
371,164,32,70
371,163,30,69
373,161,30,73
373,161,30,71
372,161,31,70
374,161,30,69
375,162,30,68
374,162,30,68
375,161,30,67
374,161,30,69
374,160,31,69
376,159,31,71
376,158,31,72
376,158,31,71
378,160,29,69
379,160,29,68
378,159,29,69
382,158,29,69
379,157,31,74
383,153,29,77
379,156,32,74
384,156,28,70
382,157,30,68
382,158,29,66
381,157,30,66
382,156,30,65
384,155,30,67
382,151,30,73
385,155,31,68
382,155,31,68
384,155,31,69
383,155,31,69
383,154,31,70
383,154,31,70
383,152,31,71
384,154,32,70
384,153,31,67
388,154,29,65
385,156,30,63
385,154,30,66
385,154,31,68
385,154,30,66
387,153,31,67
386,154,32,66
387,154,30,68
388,152,31,72
388,151,32,73
388,151,32,75
389,150,32,72
389,150,32,76
391,150,31,70
391,150,30,69
392,150,29,68
390,150,34,70
386,145,39,78
394,149,30,70
393,148,31,69
393,148,31,71
392,148,33,75
394,148,32,74
396,147,29,66
397,147,30,70
397,145,30,73
397,145,30,73
397,147,29,69
398,147,30,67
399,148,29,66
398,147,31,64
400,145,30,68
401,145,28,68
401,145,29,66
400,146,29,66
403,145,28,67
402,145,29,68
402,144,30,69
404,144,30,68
403,144,29,68
403,143,30,69
403,143,30,68
403,144,30,68
402,143,31,67
401,142,31,68
401,142,30,67
403,141,30,71
402,142,30,67
401,142,31,72
402,142,31,66
402,143,29,66
402,142,29,65
402,141,29,67
402,141,30,67
404,140,29,64
403,140,28,66
403,140,28,67
402,140,29,67
402,141,30,66
401,140,30,68
402,140,29,65
402,139,29,66
402,139,29,66
404,139,29,67
403,139,29,68
404,138,29,68
406,140,28,69
406,138,29,69
406,138,29,68
406,137,29,66
408,136,29,69
408,135,29,68
408,135,30,68
409,136,29,67
410,136,30,67
410,136,30,67
409,135,30,69
410,134,30,65
411,135,29,62
411,134,28,64
413,136,29,65
414,134,29,66
414,134,29,66
414,134,30,65
414,133,30,66
413,133,30,68
414,133,30,64
414,134,29,62
414,135,29,60
413,134,28,62
413,134,27,62
414,133,29,62
413,132,30,64
413,133,29,64
412,134,28,63
413,133,29,64
412,131,29,65
413,132,28,62
414,132,29,64
413,131,30,66
411,130,31,69
411,129,32,66
411,133,30,63
411,133,28,61
410,132,27,62
409,131,29,64
409,132,27,62
407,130,30,74
406,129,30,70
407,130,27,60
404,131,29,67
405,130,29,67
406,130,28,66
406,129,27,65
406,129,27,65
415,129,28,65
407,129,29,66
404,128,31,59
405,129,30,64
401,125,33,70
401,126,34,66
400,126,32,72
399,128,32,63
399,126,31,66
398,125,31,69
399,125,31,70
398,125,31,70
398,126,31,69
399,127,30,65
399,126,29,67
400,126,29,63
401,125,29,61
399,125,29,57
401,127,26,54
401,126,27,56
398,126,29,57
399,125,27,58
400,125,27,56
399,126,28,57
399,125,28,57
399,125,27,57
400,124,28,58
400,124,27,56
400,125,27,55
398,126,27,54
398,125,27,55
399,124,27,55
399,125,27,55
400,124,26,54
400,125,26,52
399,125,26,54
399,125,26,55
399,125,26,55
398,124,26,57
399,124,27,56
399,124,26,56
398,124,25,53
398,125,24,52
397,123,24,52
395,124,26,54
394,123,26,52
395,121,25,51
394,123,25,49
395,122,25,49
395,122,24,50
395,122,24,51
394,121,24,51
394,121,25,51
393,121,24,50
393,121,23,50
392,122,25,51
391,123,23,46
389,122,23,50
388,119,25,54
386,117,26,55
385,120,24,51
386,119,24,48
386,118,24,49
385,119,24,51
382,119,23,46
382,119,23,51
381,119,24,51
381,118,25,50
381,118,24,50
381,118,24,50
381,118,23,51
381,118,23,50
381,118,23,46
381,117,23,47
379,116,24,49
378,117,23,48
377,116,23,49
377,116,23,48
376,117,22,46
376,116,23,46
377,117,22,46
376,115,22,47
376,116,23,48
376,114,23,46
376,115,22,43
375,114,22,41
375,117,20,38
375,117,19,35
375,117,19,35
375,117,19,32
376,117,18,33
374,117,18,34
374,116,19,36
375,115,20,39
374,116,20,37
375,116,19,35
374,118,18,36
374,116,19,34
374,116,20,38
373,114,19,35
375,115,19,36
373,115,19,37
373,115,19,35
373,116,18,35
372,117,19,34
371,114,19,36
