0.001621
0.036242
0.027490
0.040628
0.059587
0.037336
0.018107
0.022114
0.022704
0.053459
0.018644
0.020968
0.033486
0.104651
0.041646
0.045575
0.078456
0.021139
0.026913
0.020584
0.031744
0.068810
0.031728
0.048117
0.039675
0.061466
0.018675
0.018342
0.022258
0.017481
0.080542
0.035452
0.023541
0.033709
0.067189
0.045580
0.022656
0.019705
0.017447
0.023890
0.024426
0.025854
0.017179
0.022617
0.020029
0.024639
0.049612
0.061031
0.041757
0.020278
0.042980
0.072351
0.020683
0.024548
0.045563
0.068299
0.036638
0.022035
0.021137
0.022964
0.082346
0.027351
0.045068
0.042747
0.036603
0.032508
0.019484
0.062771
0.035342
0.023951
0.017007
0.026715
0.031131
0.036022
0.077718
0.022357
0.020304
0.022845
0.063375
0.021329
0.032620
0.049832
0.037360
0.066690
0.036415
0.022506
0.041772
0.059268
0.024913
0.021756
0.020649
0.061287
0.034174
0.031334
0.048887
0.096293
0.019413
0.022580
0.018334
0.026778
0.060163
0.041418
0.024863
0.083175
0.069452
0.029576
0.021948
0.020059
0.049751
0.033914
0.032093
0.031805
0.068920
0.024731
0.022976
0.018767
0.019512
