0.012581
0.032074
0.059012
0.027112
0.021838
0.022959
0.017317
0.022505
0.071543
0.019102
0.017728
0.026601
0.032576
0.050255
0.046270
0.022611
0.017919
0.021791
0.030390
0.027878
0.033243
0.021897
0.032352
0.031105
0.096873
0.026666
0.018666
0.020770
0.068013
0.031625
0.022334
0.025411
0.044899
0.097264
0.030407
0.046340
0.020072
0.056476
0.030407
0.019778
0.022680
0.057568
0.038103
0.048907
0.060403
0.025850
0.021537
0.018832
0.029610
0.023810
0.027882
0.058661
0.063980
0.034223
0.054183
0.024445
0.020091
0.021931
0.020971
0.078240
0.025013
0.052861
0.045362
0.074695
0.017531
0.015898
0.016076
0.016921
0.037949
0.028897
0.033639
0.031306
0.026079
0.062473
0.059921
0.019559
0.016058
0.019082
0.018676
0.016166
0.026278
0.024292
0.034633
0.017493
0.047124
0.049078
0.016104
0.023139
0.018455
0.016329
0.022402
0.033406
0.059531
0.035532
0.048532
0.018247
0.051268
0.021183
0.021255
0.018278
0.021981
0.065352
0.037588
0.020647
0.062943
0.017532
0.058983
0.017625
0.017451
0.017027
0.019766
0.063387
0.018455
0.016501
0.031914
0.029269
0.076428
0.037106
0.021070
0.017276
0.018591
0.018806
0.055265
0.026972
0.016695
0.030801
0.022297
0.074314
0.026510
0.020615
0.021199
0.024034
0.019498
0.056946
0.019973
0.033940
0.032938
0.018852
0.065939
0.042335
0.018845
0.018270
0.016105
0.017000
0.047718
0.030945
0.028663
0.030747
0.018600
0.037848
0.038234
0.023504
0.021628
0.017739
0.021858
0.024441
0.034825
0.034801
0.020394
0.021261
0.069510
0.018182
0.016593
0.020064
0.017813
0.026528
0.025814
0.061042
0.032246
0.018814
0.037346
0.036983
0.074721
0.022646
0.027767
0.025812
0.022180
0.034162
0.040070
0.069056
0.020622
0.054834
0.048733
0.038103
0.037784
0.079497
0.036638
0.017549
0.064516
0.041082
0.035097
0.025455
0.020628
0.031322
0.023689
0.073556
0.040968
0.037345
0.019612
0.075418
0.022453
0.022015
0.021401
0.020567
0.020375
0.025274
0.065360
0.068944
0.020732
0.019905
0.021621
0.053619
0.023176
0.037636
0.045974
0.054100
0.022139
0.019455
0.022164
0.062408
0.029727
0.018362
