120,153,30,78
117,154,32,77
115,154,33,78
115,154,32,79
113,155,29,76
113,154,26,75
111,152,26,75
110,153,27,73
110,154,28,73
109,153,26,74
101,157,31,71
98,164,32,67
109,159,26,68
96,154,35,71
102,158,31,73
89,159,36,70
89,154,32,70
69,165,45,65
33,175,28,63
33,180,26,57
34,181,24,54
33,183,24,53
34,182,24,54
34,183,24,54
35,180,24,55
33,177,28,58
35,180,26,56
33,179,27,55
34,179,26,57
34,180,25,54
33,177,28,58
36,177,29,57
30,176,30,62
31,176,26,59
32,180,25,56
34,180,23,55
34,181,25,55
34,175,27,60
86,156,33,62
30,176,26,65
33,184,25,53
34,183,24,54
35,177,24,58
36,175,28,59
34,183,25,53
34,184,23,52
34,184,23,51
34,177,25,59
33,179,27,55
34,180,26,55
33,182,25,54
33,181,26,54
33,181,24,54
34,180,25,55
32,178,28,56
33,183,26,52
33,181,25,53
35,180,24,54
32,178,27,59
32,181,26,54
33,178,25,56
34,179,27,56
34,175,30,61
99,153,27,75
113,151,30,77
112,154,33,77
115,155,31,76
116,154,32,79
117,154,32,79
119,154,32,78
122,154,32,80
124,153,32,81
127,152,31,82
129,154,31,80
133,152,30,83
136,151,30,83
138,152,32,81
138,155,32,80
139,151,34,84
141,163,33,75
107,157,31,73
86,152,35,63
84,162,41,64
33,172,30,69
82,153,33,70
145,155,30,80
148,156,29,80
150,152,28,81
150,151,32,82
151,151,33,86
155,152,33,85
158,155,34,82
158,153,32,86
158,152,30,81
162,151,32,85
163,153,30,83
162,152,31,83
164,151,31,85
165,153,31,82
167,154,30,83
168,152,27,82
170,153,28,76
172,143,30,87
175,142,35,92
179,138,31,96
177,150,29,85
175,145,31,91
175,148,33,85
177,146,32,89
176,147,31,89
177,155,32,81
176,146,32,89
181,149,32,87
182,155,33,84
185,147,28,90
184,152,32,86
184,153,29,83
183,147,32,90
186,154,31,83
181,161,30,76
188,151,32,86
184,156,33,80
195,161,30,77
197,154,28,81
195,155,33,80
198,152,33,85
198,157,31,78
201,154,30,84
203,154,29,82
202,153,29,77
205,153,30,82
189,153,40,83
147,168,38,69
85,157,33,74
45,161,31,82
47,161,32,79
51,163,33,84
53,161,32,86
55,161,33,85
57,163,35,84
58,162,34,85
60,162,35,85
62,163,36,85
63,163,37,86
68,161,34,86
74,161,31,84
80,162,31,83
84,160,30,85
86,161,30,79
87,161,35,85
88,163,38,86
92,161,37,87
98,158,36,90
102,156,32,83
108,158,30,76
112,161,28,85
112,161,27,82
113,160,32,86
114,160,34,87
116,159,38,88
118,160,37,87
123,161,37,86
130,157,36,90
138,156,28,93
140,158,29,91
142,165,32,81
142,164,35,83
143,164,34,83
144,163,36,83
146,159,39,88
146,162,42,85
152,164,36,82
156,158,34,86
162,161,31,81
164,159,31,85
168,158,32,89
171,158,34,87
174,158,35,88
178,165,31,81
178,170,31,77
180,164,32,83
183,160,33,88
181,158,33,88
190,160,29,86
194,158,29,88
195,160,34,87
195,160,36,87
197,161,31,86
199,159,38,87
201,159,37,89
203,158,37,90
207,155,34,93
213,158,29,89
218,159,26,88
220,156,25,92
221,165,25,82
222,159,28,86
223,165,30,82
224,162,32,85
225,159,32,88
224,162,33,83
184,145,32,82
229,160,35,82
231,151,37,91
233,152,30,95
182,141,29,77
181,148,30,82
239,158,29,88
239,160,34,86
237,156,36,89
241,157,37,87
320,151,31,74
323,154,27,68
322,154,27,69
322,154,27,67
322,155,28,67
320,154,28,70
322,155,28,67
319,153,30,69
322,155,29,69
319,153,30,69
322,153,30,68
318,154,32,71
318,154,30,72
319,154,29,70
320,153,28,71
318,155,30,71
323,153,29,71
321,155,30,67
323,152,29,68
319,152,30,69
322,151,28,66
326,152,27,67
321,153,29,68
325,152,29,69
320,149,32,71
323,152,29,70
323,153,28,71
323,152,30,70
325,150,28,70
321,151,30,71
321,151,29,72
321,152,29,71
322,151,29,70
320,151,28,71
324,150,29,72
322,154,27,70
320,150,29,72
323,148,29,71
320,152,27,67
324,150,28,69
322,153,28,67
322,150,29,73
323,151,29,71
322,150,30,74
323,151,30,71
324,152,30,71
325,153,29,75
325,153,28,70
325,152,29,71
326,151,30,69
325,152,29,70
330,153,29,69
327,153,27,70
325,150,28,73
324,149,30,71
325,154,26,67
325,153,29,70
322,151,31,71
322,154,31,70
324,154,31,70
321,152,30,70
319,152,31,71
320,154,30,68
314,152,33,69
320,152,30,70
318,154,29,68
320,155,29,68
317,154,29,70
318,155,29,69
319,158,29,67
318,155,29,69
320,157,29,69
320,157,29,69
318,156,29,69
317,154,28,71
318,158,28,68
319,156,29,69
319,159,28,69
318,156,30,68
319,157,29,69
317,158,29,68
318,157,29,68
317,157,28,70
318,155,29,69
319,157,29,69
318,154,29,71
319,158,28,67
318,155,29,69
319,159,27,66
318,157,30,68
320,157,29,68
317,155,27,70
315,156,28,69
313,155,30,73
313,154,29,72
311,155,31,72
313,154,32,70
316,156,32,71
316,156,32,69
315,155,31,72
316,155,34,72
316,155,31,68
315,154,29,70
318,156,29,69
316,155,31,71
316,155,32,74
315,155,31,72
316,155,32,71
317,153,31,71
319,156,30,68
319,154,29,71
318,156,29,69
318,154,29,70
318,155,30,70
318,155,29,71
317,154,31,74
318,155,30,70
317,154,30,73
319,154,31,70
320,153,30,71
320,157,28,68
320,155,29,70
319,155,30,71
319,154,29,70
320,155,28,68
318,156,29,69
320,155,29,68
317,155,30,71
318,155,30,72
318,155,29,69
322,154,28,70
322,153,29,69
321,153,29,71
321,153,28,69
320,155,29,69
323,154,29,69
323,153,30,68
324,153,31,69
328,152,29,67
325,152,28,68
330,154,27,68
327,155,28,66
330,154,29,65
330,155,28,67
330,155,27,67
328,155,30,67
334,152,27,70
332,152,27,68
300,154,29,68
334,154,26,69
336,160,28,63
334,157,25,63
338,157,29,65
337,155,31,72
341,154,31,70
342,155,33,71
342,157,32,70
345,155,31,67
318,157,29,68
353,157,26,68
354,156,28,69
352,153,31,72
326,157,29,63
329,159,29,65
332,158,29,67
333,156,30,70
334,158,34,67
336,158,32,69
342,155,29,68
371,157,29,70
342,159,33,65
345,160,34,69
351,159,33,69
355,157,33,72
358,156,32,72
360,155,30,72
365,156,31,77
366,158,31,71
371,159,31,68
370,159,32,70
395,158,29,68
391,158,31,71
397,155,30,73
386,156,29,72
400,154,32,76
388,157,32,70
407,152,29,78
411,154,31,80
401,156,33,75
413,152,31,78
416,149,31,87
409,155,32,85
413,157,31,79
411,155,33,79
414,154,31,77
417,154,29,70
413,156,27,79
416,156,30,86
426,155,30,85
419,155,31,84
416,152,31,81
416,155,30,81
422,151,28,87
416,153,29,79
420,155,28,84
425,155,26,87
421,150,26,79
422,152,26,82
