0.001589
0.018470
0.016263
0.016571
0.016116
0.019748
0.015260
0.019273
0.022818
0.015974
0.031039
0.016706
0.021461
0.045919
0.018232
0.016898
0.016140
0.016198
0.016466
0.026658
0.021317
0.018696
0.020555
0.031089
0.023622
0.031993
0.049984
0.018378
0.015787
0.016189
0.015115
0.015193
0.021695
0.015757
0.031443
0.020053
0.031384
0.020954
0.023090
0.032594
0.021295
0.015905
0.016828
0.019985
0.015537
0.021399
0.015814
0.024886
0.015925
0.022246
0.030769
0.018293
0.019090
0.053211
0.031451
0.019701
0.017743
0.016799
0.015523
0.019929
0.019921
0.022171
0.019471
0.032211
0.027304
0.018144
0.066076
0.023085
0.018836
0.016402
0.016980
0.016363
0.025105
0.025378
0.015521
0.033088
0.029400
0.015640
0.041609
0.023610
0.019306
0.018078
0.020669
0.018428
0.015348
0.016142
0.022736
0.018033
0.022636
0.019454
0.033095
0.021646
0.015531
0.061453
0.039790
0.017013
0.018008
0.017836
0.015933
0.016349
0.018509
0.020463
0.023063
0.019445
0.031187
0.023656
0.020983
0.044929
0.023615
0.017133
0.016187
0.016340
0.016404
0.024438
0.017194
0.019040
0.022390
0.019709
0.019616
0.016328
0.031742
0.030489
0.019661
0.025822
0.025049
0.019693
0.018080
0.018911
0.016891
0.021757
0.024431
0.021411
0.017977
0.022860
0.033005
0.018165
0.017480
0.047594
0.026242
0.016292
0.016980
0.016211
0.015894
0.022083
0.016210
0.019429
0.031503
0.020695
0.030816
0.027473
0.016186
0.015596
0.014987
0.015924
0.022912
0.016558
0.016887
0.019812
0.031990
0.021494
0.028171
0.017900
0.016249
0.018350
0.016137
0.024464
0.016571
0.015096
0.016798
0.024395
0.026880
0.033585
0.018860
0.019532
0.048890
0.019416
0.021070
0.019312
0.015821
0.016601
0.021369
0.017042
0.019173
0.017089
0.032088
0.027919
0.020478
0.058192
0.018782
0.016310
0.015741
0.016638
0.015455
0.025759
0.017936
0.017977
0.018409
0.031366
0.018212
0.029498
0.021609
0.020602
0.016164
0.017151
0.022401
0.017278
0.033820
0.028640
0.016480
0.023865
0.023776
0.018854
0.016325
0.019914
0.021601
0.017306
0.022111
0.015750
0.024097
0.016156
0.017728
0.032018
0.023046
0.038423
0.021701
0.015321
0.024099
0.020975
0.018819
0.020911
0.023397
0.021521
0.033042
0.022989
0.044558
0.040963
0.015801
0.016390
0.019486
0.023633
0.018240
0.020644
0.031718
0.017284
0.046307
0.021953
0.015819
0.015623
0.016960
0.015987
0.021538
0.015533
0.022784
0.017367
0.032953
0.023975
0.040424
0.018126
0.015414
0.017611
0.016671
0.015576
0.021894
0.016426
0.020702
0.016008
0.023839
0.030563
0.021330
0.054191
0.020088
0.015411
0.017824
0.016436
0.025962
0.021085
0.032636
0.019605
0.019207
0.060740
0.017969
0.015772
0.021603
0.016915
0.021034
0.020918
0.024329
0.031965
0.022470
0.040186
0.033501
0.020361
0.017479
0.016425
0.015803
0.021415
0.015801
0.031292
0.015679
0.031550
0.015984
0.040655
0.028699
0.018200
0.016194
0.019201
0.019971
0.020151
0.022999
0.024556
0.019780
0.021930
0.033061
0.021822
0.044583
0.016478
0.018148
0.021094
0.025808
0.019509
0.024022
0.031221
0.023805
0.017904
0.034559
0.032282
0.016800
0.018022
0.016360
0.025494
0.027819
0.016564
0.031909
0.028001
0.052330
0.039357
0.021004
0.016339
0.015585
