0.001895
0.023838
0.020824
0.023908
0.021072
0.027635
0.029687
0.032383
0.018623
0.055537
0.023175
0.017712
0.018529
0.017779
0.018124
0.025941
0.022332
0.025298
0.023668
0.031431
0.017461
0.049277
0.023160
0.021381
0.017365
0.018437
0.023864
0.024472
0.017370
0.032878
0.026177
0.034442
0.048805
0.017279
0.021862
0.029675
0.020591
0.019748
0.031227
0.034240
0.019835
0.061349
0.028527
0.020066
0.025986
0.024078
0.018633
0.034037
0.019573
0.016871
0.018124
0.017041
0.016482
0.017055
0.017437
0.017448
0.017317
0.017151
0.017210
0.019061
0.018168
0.025065
0.037997
0.019007
0.018255
0.022905
0.022251
0.019931
0.046162
0.018956
0.016713
0.037448
0.061198
0.024203
0.018810
0.056801
0.023443
0.021466
0.023980
0.017246
0.018800
0.033919
0.038160
0.072997
0.026038
0.060106
0.034052
0.022744
0.028760
0.029519
0.039062
0.036674
0.017450
0.047702
0.033299
0.019174
0.028072
0.027002
0.022858
