0.003949
0.016895
0.019675
0.033385
0.016741
0.056383
0.023321
0.018051
0.018388
0.017982
0.018441
0.021684
0.021856
0.018154
0.031066
0.026953
0.015914
0.062101
0.020176
0.018992
0.019583
0.018103
0.016842
0.016051
0.016411
0.019950
0.017712
0.023819
0.017023
0.031857
0.026015
0.024529
0.050204
0.017750
0.018786
0.014998
0.015772
0.016370
0.020515
0.019198
0.031223
0.016003
0.017316
0.052344
0.017064
0.015759
0.018669
0.015169
0.017253
0.015413
0.022382
0.016679
0.018237
0.032868
0.021435
0.015011
0.049411
0.019021
0.015424
0.016734
0.014647
0.016313
0.021739
0.016375
0.020311
0.031993
0.026408
0.014365
0.017990
0.015036
0.014511
0.020577
0.014881
0.014727
0.014749
0.014480
0.014608
