0.002680
0.018364
0.017466
0.043057
0.021872
0.017740
0.035206
0.033967
0.036364
0.053070
0.025124
0.018138
0.027416
0.044781
0.027515
0.026323
0.023299
0.032633
0.020201
0.066418
0.017010
0.017110
0.016064
0.031388
0.048979
0.032771
0.018690
0.027977
0.041366
0.053621
0.023700
0.019788
0.020521
0.016954
0.021915
0.024648
0.021712
0.047708
0.026073
0.024405
0.052241
0.019709
0.019037
0.038687
0.018908
0.017384
0.022819
0.016996
0.025063
0.029904
0.032951
0.060205
0.040600
0.059566
0.022626
0.019955
0.022554
0.019943
0.026727
0.045999
0.033865
0.029473
0.021621
0.054760
0.030641
0.028912
0.024012
0.018179
0.023804
0.053581
0.019407
0.026512
0.032376
0.025319
0.023706
0.023315
0.022069
0.019338
0.025153
0.025064
0.034773
0.036439
0.033443
0.022691
0.042111
0.039460
0.065251
0.020749
0.016744
0.017751
0.024013
0.019504
0.069491
0.033717
0.035533
0.051847
0.025790
0.053175
0.022135
0.017925
0.017111
0.016712
0.024218
0.031084
0.025549
0.036533
0.028423
0.064242
0.035792
0.023103
0.018135
0.018303
0.017967
0.017099
0.029556
0.043336
0.031917
0.023398
0.018186
0.058705
0.020523
0.017012
0.016380
0.018985
0.018149
0.017466
0.039430
0.032922
0.026120
0.032928
0.031420
0.068814
0.020288
0.018007
0.018321
0.020139
0.016769
0.018164
0.026596
0.024706
0.029472
0.018754
0.033454
0.024377
0.099328
0.040022
0.024550
0.016029
0.017471
0.017569
0.020173
0.056401
0.033448
0.023109
0.019697
0.074779
0.025300
0.023343
0.016116
0.016451
0.021248
0.054779
0.018024
0.021521
0.016493
0.031210
0.022917
0.044956
0.069363
0.017680
0.052118
0.037789
0.017672
0.018973
0.024996
0.016567
0.030919
0.030823
0.066014
0.024712
0.019866
0.018831
0.024233
0.056823
0.027249
0.033515
0.034750
0.057774
0.027420
0.019251
0.015981
0.019185
0.023017
0.061679
0.017766
0.017919
0.032801
0.031124
0.046832
0.033636
0.017869
0.018138
0.019851
0.032130
0.052302
0.031743
0.016146
0.027138
0.021309
0.049070
0.019177
0.020741
0.023139
0.018464
0.024960
0.053117
0.044999
0.017950
0.051243
0.019913
0.052369
0.017161
0.016490
0.017656
0.016556
0.024620
0.018468
0.019380
0.023699
0.033887
0.021505
0.047710
0.044025
0.051964
0.019498
0.017979
0.017146
0.018661
0.015852
0.023228
0.020599
0.049856
0.025865
0.038722
0.041486
0.026315
0.015497
0.018827
0.017208
0.016159
0.021142
0.051120
0.030154
0.030545
0.018004
0.037059
0.050627
0.066018
0.017604
0.022639
0.018675
0.017081
0.024913
0.053755
0.032542
0.016830
0.082387
0.020418
0.021379
0.017246
0.016873
0.017744
0.021959
0.016147
0.030849
0.024760
0.020621
0.050936
0.016318
0.071471
0.026930
0.019348
0.018512
0.016851
0.051944
0.035886
0.025615
0.060445
0.071730
0.019048
0.025340
0.017276
0.064289
0.038937
0.035060
0.025918
0.016950
0.016853
0.016452
0.016185
0.015280
0.030751
0.025966
0.018865
0.017346
0.017856
0.023554
0.021721
0.017052
0.052656
0.045295
0.023208
0.017170
0.016078
0.019289
0.018819
0.046044
0.016335
0.016229
0.016794
0.017628
0.017479
0.027145
0.024354
0.017260
0.016363
0.017324
0.022478
0.064632
0.070494
0.029330
0.017134
0.019477
0.019144
0.019772
0.016258
0.058865
0.030050
0.018150
0.031327
0.019925
0.017159
0.038912
0.064653
0.018733
0.027219
0.026344
0.018021
0.028105
0.034453
0.049169
0.027941
0.019403
0.058787
0.046867
0.025822
0.018051
0.068786
0.018065
0.022352
0.023881
0.016706
0.017009
0.017652
0.025024
0.025665
0.021122
0.019603
0.020513
0.022011
0.062822
0.043092
0.022387
0.023624
0.028574
0.027138
0.026191
0.021561
0.031994
0.032008
0.039646
0.049132
0.024858
0.022732
0.040154
0.022031
0.019205
