0.010402
0.031803
0.074874
0.035826
0.020774
0.019252
0.019952
0.043660
0.020498
0.026232
0.036677
0.062628
0.038626
0.021004
0.021331
0.021401
0.067681
0.025664
0.021148
0.023271
0.033341
0.069156
0.044808
0.018918
0.026260
0.019109
0.028921
0.022335
0.016988
0.020513
0.034416
0.031059
0.057384
0.016307
0.016555
0.020160
0.028989
0.057668
0.019077
0.020270
0.022146
0.021451
0.017647
0.062472
0.035101
0.019332
0.031886
0.025964
0.043963
0.057778
0.059249
0.019860
0.023110
0.026480
0.051320
0.037392
0.029820
0.023960
0.063764
0.057461
0.037332
0.028335
0.039414
0.076448
0.030710
0.054322
0.035058
0.081436
0.047288
0.042064
0.038862
0.072710
0.026723
0.019542
0.024580
0.069986
0.036112
0.021808
0.061756
0.041158
0.018935
0.048459
0.049692
0.021669
0.018190
0.023164
0.031133
0.022115
0.031503
0.027106
0.072997
0.019718
0.016220
0.016020
0.016948
0.017485
0.017538
0.018905
0.055026
0.018941
0.030523
0.080973
0.029133
0.023425
0.018380
0.015879
0.025216
0.030828
0.054120
0.027893
0.069922
0.056631
0.044582
0.021192
0.019056
0.018506
0.018455
0.021224
0.070806
0.023854
0.031872
0.020432
0.017428
0.027740
0.058084
0.020106
0.023051
0.019201
0.017652
0.026340
0.049423
0.032019
0.025677
0.078262
0.068170
0.021645
0.018838
0.018842
0.021127
0.019503
0.032985
0.037266
0.027893
0.027506
0.030210
0.070073
0.033993
0.017718
0.017501
0.061679
0.024309
0.020237
0.015554
0.021104
0.024391
0.063458
0.021177
0.049873
0.023088
0.021820
0.055091
0.020456
0.018465
0.022024
0.016100
0.021913
0.028165
0.049693
0.054110
0.025102
0.044646
0.025137
0.026051
0.021467
0.020050
0.019770
0.049499
0.064785
0.038993
0.023538
0.070847
0.025988
0.017555
0.017366
0.070261
0.089844
0.017610
0.019186
0.069429
0.022514
0.032154
0.028831
0.066713
0.055165
0.019357
0.019565
0.017681
0.017515
0.017237
0.023791
0.023856
0.037937
0.015741
0.031719
0.030537
0.016052
0.079004
0.035457
0.020540
0.017791
0.017426
0.022336
0.032819
0.019538
0.053639
0.058419
0.036825
0.019978
0.017301
0.015653
0.015277
0.015825
0.019127
0.019368
0.015217
0.018216
0.031675
0.024423
0.017363
0.015326
0.015363
0.015718
0.016111
0.016111
0.018055
0.015705
0.016052
0.015167
0.016077
0.015768
0.015172
0.017405
0.015621
0.016578
0.015979
0.015695
0.017397
0.016234
0.019256
0.016604
0.015903
0.015836
0.015782
0.016739
0.015971
0.015953
0.015538
0.015143
0.015361
0.016812
0.015366
0.015199
0.015644
0.015366
0.015339
0.015082
0.015373
0.015891
0.025571
0.059076
0.020320
0.015789
0.017861
0.021090
0.026144
0.021841
0.042821
0.024162
0.019860
0.045294
0.057918
0.025678
0.018597
0.023710
0.020647
0.063361
0.042876
0.039301
0.041070
0.017286
0.065693
0.028641
0.017882
0.016744
0.018378
0.020331
0.036961
0.022141
0.026315
0.018153
0.033960
0.037200
0.041081
0.018725
0.017671
0.017394
0.022618
0.055905
0.017213
0.030587
0.021684
0.032312
0.027112
0.060985
0.032894
0.016928
0.018763
0.021585
0.019319
0.052569
0.023291
0.032473
0.024007
0.022403
0.064953
0.051720
0.020097
0.019925
0.022215
0.018953
0.020055
0.037004
0.040407
0.034402
0.018605
0.073112
0.049424
0.032913
0.020713
0.022630
0.018369
0.026467
0.018122
0.031479
0.041544
0.021647
0.074709
0.037388
0.054371
0.020886
0.028204
0.058857
0.045962
0.052667
0.056550
0.020642
0.017876
0.019788
0.020593
0.038246
0.039342
0.033891
0.020541
0.066098
0.043425
0.030138
0.015702
0.020214
0.048059
0.028262
0.029627
0.024951
0.031235
0.069924
0.062600
0.018720
0.019760
0.029006
0.051983
0.019562
0.016091
0.019956
0.032441
0.034418
0.051207
0.018613
0.031570
0.042006
0.054578
0.036365
0.022261
0.016240
0.032531
0.029929
0.037310
0.066643
0.026521
0.020035
0.047732
0.018657
0.019930
0.025124
0.026363
0.023796
0.054383
0.018401
0.080255
0.022512
0.019531
0.053932
0.025872
0.016147
0.024060
0.071057
0.038673
0.046050
0.062906
0.018964
0.016908
0.016476
0.018466
0.021615
0.028923
0.067183
0.032552
0.016402
0.023254
0.045144
0.078334
0.016721
0.026390
0.021795
0.016417
0.028123
0.056622
0.035107
0.018139
0.084815
0.036623
0.020215
0.017731
0.017595
0.017742
0.048363
0.058481
0.015449
0.017119
0.032954
0.015947
0.060827
0.052697
0.022330
0.029346
0.025345
0.087935
0.018765
0.032580
0.019756
0.049152
0.022165
0.020797
0.017299
0.018000
0.014965
0.031898
0.039403
0.022383
0.032460
0.023986
0.034278
0.046847
0.051878
0.021143
0.017557
0.016454
0.015942
0.015586
0.025091
0.046393
0.032521
0.018519
0.050465
0.059312
0.024066
0.015971
0.018606
0.018333
0.019768
0.026372
0.037897
0.018815
0.033823
0.017549
0.021234
0.053470
0.040066
0.024283
0.016539
0.017895
0.015143
0.016749
0.022865
0.026090
0.052860
0.030146
0.018194
0.042575
0.024422
0.053273
0.045681
0.022118
0.021737
0.034133
0.059161
0.039820
0.019989
0.024072
0.024513
0.026760
0.053277
0.016178
0.017629
0.016548
0.017602
0.016511
0.023539
0.020889
0.042794
0.036549
0.020531
0.058111
0.037677
0.055697
0.019109
0.024037
0.016233
0.070965
0.019408
0.021838
0.032548
0.018687
0.064790
0.045802
0.019623
0.029040
0.031735
0.043772
0.033073
0.030207
0.018301
0.068547
0.042878
0.018472
0.016083
0.021280
0.018384
0.041965
0.026476
0.016104
0.032180
0.031175
0.065315
0.034197
0.057659
0.019954
0.028805
0.017705
0.033252
0.034052
0.020287
0.019906
0.034631
0.030297
0.019646
0.086865
0.021304
0.019827
0.017820
0.018015
0.029377
0.024255
0.069682
0.025533
0.053122
0.036682
0.051136
0.016979
0.016725
0.018281
0.031976
0.018052
0.027778
0.052771
0.016987
0.070844
0.019494
0.017107
0.051232
0.042840
0.020927
0.028014
0.017445
0.025353
0.031892
0.072223
0.053146
0.021358
0.019675
0.019087
0.028521
0.066081
0.018023
0.027024
0.032974
0.016210
0.068598
0.055838
0.028507
0.021216
0.018662
0.017494
0.016527
0.062450
0.023842
0.024562
0.031784
0.055577
0.063691
0.027745
0.017479
0.019753
0.019747
0.024594
0.039381
0.022191
0.019708
0.016785
0.039347
0.080271
0.028447
0.019635
0.020193
0.059529
0.024211
0.018738
0.033295
0.028160
0.096805
0.028326
0.032235
0.017444
0.026164
0.023110
0.027089
0.036736
0.024330
0.033587
0.045908
0.063020
0.027572
0.018810
0.018506
0.022699
0.017266
0.044996
0.018432
0.024606
0.032192
0.019431
0.032073
0.064286
0.019881
0.015787
0.017805
0.016307
0.026016
0.016447
0.025072
0.028580
0.029695
0.027329
0.018871
0.037466
0.033787
0.069439
0.020412
0.017079
0.018540
0.016372
0.018874
0.024137
0.064415
0.016623
0.032946
0.028229
0.029339
0.025976
0.065905
0.031011
0.018286
0.020804
0.017311
0.016848
0.023798
0.030421
0.030813
0.021678
0.027979
0.058609
0.065750
0.017797
0.017404
0.017133
0.031281
0.043035
0.032360
0.032662
0.017231
0.023585
0.056922
0.028597
0.019977
0.019505
0.017241
0.019333
0.027285
0.060106
0.034840
0.022280
0.069673
0.059914
0.024755
0.021247
0.019098
0.020480
0.051068
0.025067
0.020684
0.036742
0.024767
0.054152
0.054737
0.031156
0.023272
0.067701
0.018471
0.023947
0.019961
0.032976
0.019220
0.029226
0.033284
0.033082
0.062857
0.022834
0.017729
0.016554
0.021624
0.064893
0.028965
0.030019
0.034412
0.017349
0.049132
0.020882
0.017634
0.016932
0.021613
0.017719
0.025560
0.059894
0.030929
0.034636
0.019807
0.057472
0.073234
0.018269
0.017588
0.038372
0.030746
0.023900
0.019062
0.020201
0.022787
0.032797
0.042580
0.060088
0.021121
0.017882
0.031066
0.072281
0.024015
0.025291
0.020201
0.017462
0.032029
0.029080
0.077041
0.017942
0.016414
0.017618
0.021817
0.026895
0.058705
0.032143
0.021662
0.036368
0.089888
0.022571
0.018649
0.018391
0.016802
0.020372
0.020218
0.083467
0.035138
0.017583
0.031479
0.076370
0.018955
0.017091
0.021775
0.017073
0.054126
0.025343
0.032121
0.023516
0.041981
0.076194
0.023786
0.019694
0.019615
0.019870
0.025040
0.041657
0.040921
0.028761
0.047138
0.073876
0.025978
0.017777
0.027429
0.019638
0.029859
0.078171
0.034236
0.036220
0.059390
0.057064
0.037356
0.018358
0.018182
0.021694
0.017839
0.018562
0.022857
0.026803
0.032780
0.031796
0.016671
0.068558
0.045194
0.021646
0.025551
0.018396
0.021165
0.030474
0.042084
0.033204
0.025283
0.079064
0.033172
0.020789
0.017030
0.018589
0.058337
0.026512
0.022574
0.024671
0.020071
0.033308
0.032568
0.081261
0.021827
0.017386
0.018143
0.020773
0.030316
0.058618
0.019808
0.028716
0.020181
0.033144
0.029340
0.059928
0.035732
0.017498
0.019888
0.020319
0.072382
0.028449
0.039266
0.019072
0.032386
0.023868
0.045071
0.037283
0.022276
0.020319
0.019243
0.044723
0.022449
0.017815
0.019184
0.031939
0.027306
0.021381
0.057756
0.021476
0.016989
0.018435
0.018004
0.022636
0.033028
0.024466
0.038125
0.031832
0.020277
0.082546
0.024164
0.016919
0.022114
0.017239
0.019231
0.024140
0.049639
0.057507
0.032710
0.049986
0.022979
0.018251
0.060959
0.041152
0.025874
0.035592
0.020176
0.029816
0.040819
0.018475
0.020462
0.021880
0.023996
0.034849
0.028436
0.032387
0.021803
0.039855
0.036672
0.047696
0.027956
0.026837
0.025428
0.018673
0.059747
0.035253
0.035747
0.029976
0.040456
0.059849
0.020700
0.018153
0.025710
0.029245
0.066243
0.027623
0.020352
0.034813
0.050125
0.054951
0.023373
0.024509
0.018152
0.020633
0.023339
