22,298,65,109
27,295,63,113
29,294,65,113
33,293,64,114
35,293,64,116
35,292,64,116
39,292,62,117
41,293,61,115
59,290,62,109
64,287,68,114
67,288,68,110
69,289,72,112
73,289,69,107
77,289,67,104
81,288,65,103
91,286,59,101
89,285,66,102
100,286,56,97
103,287,58,103
106,287,60,107
105,287,59,108
106,285,64,109
108,284,63,109
114,284,61,111
120,282,62,108
123,281,62,114
127,282,63,108
126,284,67,108
126,285,68,106
127,287,75,105
136,287,71,106
148,286,66,105
154,287,63,105
164,283,61,107
169,284,59,110
172,283,58,110
188,280,54,107
195,280,59,105
196,280,65,103
199,281,70,103
205,279,68,104
208,278,68,105
216,275,62,109
224,274,59,105
229,276,60,107
232,277,62,108
237,272,64,107
243,270,60,109
248,268,61,112
252,269,61,106
256,271,62,104
257,270,64,103
259,271,65,102
262,270,66,107
270,268,62,109
276,268,59,105
280,268,57,106
282,267,57,113
285,269,57,109
288,267,58,109
290,266,56,112
291,265,59,106
296,263,56,110
297,263,57,106
301,262,56,106
305,262,57,100
308,264,59,100
309,264,60,100
317,261,60,101
323,261,60,101
326,261,60,100
330,261,58,101
332,261,58,103
336,259,57,107
336,260,57,101
339,259,58,101
341,258,59,102
344,258,57,98
347,257,58,98
348,259,59,95
349,259,61,96
356,258,59,96
360,257,56,96
363,255,56,96
366,257,55,95
368,258,54,95
368,256,55,94
370,255,56,97
371,255,56,96
371,255,57,97
373,253,55,96
374,253,56,98
375,253,55,96
377,254,54,95
380,255,55,93
381,255,55,92
385,254,56,95
385,254,56,94
385,251,57,96
386,252,56,95
387,250,56,96
389,250,54,97
388,250,54,96
390,250,53,97
389,248,56,105
391,248,58,102
393,246,56,100
391,248,57,97
396,248,53,99
396,247,54,95
396,249,54,95
400,248,54,95
399,249,55,95
402,249,54,93
402,249,53,92
404,249,54,91
406,248,53,91
408,247,53,91
406,248,54,92
410,247,52,92
409,243,53,95
410,245,52,93
410,244,52,94
412,244,52,90
412,243,52,92
415,244,51,94
413,243,53,92
419,244,51,88
417,244,51,88
421,245,52,88
422,243,52,90
425,245,51,88
428,242,51,91
429,242,51,92
431,241,51,90
430,241,51,94
432,241,51,92
434,242,49,92
434,243,52,91
435,241,53,99
437,242,51,99
438,241,52,94
440,240,54,96
439,239,53,95
442,240,49,89
444,240,51,87
443,240,52,87
446,242,52,85
448,241,52,86
446,240,53,89
449,241,53,87
447,239,54,89
450,238,52,91
451,237,51,90
451,237,52,89
451,237,52,91
454,237,51,90
450,234,56,96
451,233,49,104
453,234,52,100
453,233,47,96
456,233,46,88
454,233,48,89
455,233,46,85
455,232,48,85
455,231,48,86
455,230,48,88
455,229,49,88
454,230,51,90
498,275,57,104
566,276,60,112
567,276,58,113
566,273,59,109
566,273,60,112
565,272,61,115
565,272,60,112
565,273,61,111
562,272,62,113
564,272,61,117
564,271,60,114
564,269,62,112
562,268,60,111
562,268,61,109
559,270,62,106
556,268,62,111
554,267,63,108
553,269,62,105
552,267,60,107
551,266,61,105
550,267,61,106
484,265,62,104
549,267,58,104
484,266,60,100
482,265,58,101
482,264,58,102
482,263,57,102
480,263,59,100
480,264,60,100
480,263,57,99
480,264,61,99
480,263,58,98
480,263,55,100
479,263,56,98
479,261,56,99
442,226,44,91
442,224,48,86
442,223,48,85
442,221,45,86
444,224,47,84
442,221,40,87
441,221,43,82
479,258,56,100
538,257,57,101
538,256,58,102
535,256,59,102
538,256,59,104
532,257,61,107
532,256,59,100
530,255,60,101
536,254,56,100
534,255,57,98
534,254,55,100
532,255,55,99
530,255,60,101
533,256,59,103
532,254,55,104
535,253,54,105
533,252,54,103
533,251,54,107
533,251,54,108
532,252,54,104
532,252,53,97
528,252,55,102
529,252,55,96
529,250,53,99
527,249,54,101
527,248,55,102
527,249,52,101
526,250,55,100
526,249,55,101
440,213,47,89
440,212,46,90
439,211,47,87
442,210,47,84
443,211,45,81
444,211,44,82
444,212,43,79
444,214,44,77
444,214,44,80
442,215,47,91
442,214,46,81
440,210,48,94
442,211,45,82
443,211,45,80
442,210,46,79
442,211,44,76
441,211,46,76
439,209,46,80
438,209,46,79
438,209,45,79
439,208,46,79
439,208,44,78
439,209,45,77
440,209,44,77
438,210,43,76
439,211,44,75
438,209,45,79
438,210,45,78
439,209,45,78
440,208,44,79
439,208,44,78
438,209,44,77
439,209,43,74
439,209,43,76
440,210,41,73
439,208,41,73
441,207,42,76
441,207,42,73
440,208,40,71
440,207,41,72
441,209,40,73
440,208,39,73
440,207,42,75
442,208,41,75
441,207,40,74
442,206,41,75
441,207,41,73
440,206,42,71
440,205,42,74
441,206,43,71
442,207,38,69
441,207,41,75
440,206,41,72
440,203,44,70
442,203,41,71
445,203,42,71
446,205,44,76
455,230,44,85
454,229,44,86
452,228,43,84
454,228,42,85
453,228,46,83
449,213,44,101
451,229,42,81
449,228,42,82
449,225,43,88
449,212,49,97
450,200,53,108
446,224,49,86
447,221,45,89
447,208,49,98
456,204,49,100
445,214,46,93
456,202,53,104
453,204,57,107
456,217,53,92
455,219,50,90
484,220,48,94
519,214,49,94
482,217,48,95
482,219,55,93
481,218,52,87
481,216,50,92
443,221,43,84
439,221,46,80
440,221,45,85
440,218,45,84
441,222,45,81
440,219,47,84
441,217,45,82
441,219,45,81
439,218,46,81
477,221,43,81
439,218,46,85
437,216,47,85
436,214,47,94
436,215,47,87
436,215,46,88
437,214,45,87
438,214,43,80
439,214,42,82
439,216,42,80
437,215,43,83
436,214,43,79
436,214,42,80
438,214,42,79
438,213,41,80
437,213,41,76
437,213,41,78
437,213,42,77
437,212,42,79
438,212,41,81
437,212,42,77
437,212,39,73
438,211,40,79
439,213,38,72
438,211,39,75
439,212,38,74
441,212,36,70
438,211,38,71
507,194,42,58
511,196,39,55
509,195,41,57
509,194,39,59
510,195,41,57
510,195,39,55
508,195,41,59
511,195,39,59
510,195,40,57
509,195,38,59
509,195,41,56
508,195,40,56
508,194,39,59
508,194,38,58
510,193,36,64
509,192,39,60
507,192,38,55
509,192,36,50
509,193,36,55
507,193,37,50
510,194,35,52
507,194,39,53
505,192,39,60
507,194,39,59
506,195,39,68
442,207,36,70
441,208,37,68
440,208,37,69
441,208,37,69
440,208,37,70
439,207,38,73
439,205,38,74
440,204,38,72
444,205,35,70
445,205,36,73
443,204,37,71
442,204,36,69
441,204,37,70
440,204,39,76
440,204,40,77
441,203,40,74
441,204,38,74
440,203,38,71
441,203,38,71
441,203,38,71
441,203,38,70
441,202,39,74
443,202,37,72
441,202,38,71
443,200,37,73
443,200,37,73
441,200,39,74
441,200,39,75
440,200,40,74
443,200,38,75
443,199,38,77
440,199,40,73
445,199,37,77
442,199,37,71
442,198,36,70
443,200,36,68
442,198,35,73
440,198,38,72
439,198,40,74
438,198,41,71
500,188,36,68
444,199,36,69
440,199,39,69
441,200,39,68
440,199,40,68
498,189,41,86
469,192,54,89
443,198,37,69
443,198,36,69
442,198,36,67
443,198,37,67
444,198,35,66
445,198,35,66
444,198,37,66
445,197,37,67
444,198,36,63
446,198,36,64
444,199,37,63
446,199,35,63
444,197,37,63
445,198,36,63
445,198,37,63
444,198,38,65
443,197,39,66
445,198,37,63
447,197,35,66
447,196,37,64
448,196,35,64
448,196,36,66
446,195,37,67
448,196,36,66
450,195,38,68
503,197,45,51
527,203,37,66
492,191,44,81
512,195,54,85
566,254,58,100
565,253,55,102
564,253,56,104
567,254,54,102
567,254,54,102
568,256,53,99
563,255,57,96
564,252,57,100
566,252,55,98
564,251,55,100
565,250,55,100
565,250,55,98
565,251,56,98
566,252,56,99
564,252,57,99
566,251,56,98
564,249,56,98
566,250,57,99
566,248,56,98
565,249,56,96
566,249,56,98
563,250,57,95
564,249,55,99
564,248,55,100
562,247,56,95
565,247,53,97
561,247,57,98
563,246,55,101
563,246,55,95
561,247,55,97
563,248,55,96
562,247,55,98
562,246,54,95
561,245,54,94
564,246,50,91
562,244,52,92
563,244,53,96
564,244,52,95
565,245,50,91
561,244,54,94
561,244,52,93
562,243,51,90
560,242,52,93
