0.003176
0.019916
0.052316
0.032154
0.018353
0.026160
0.055051
0.048192
0.019295
0.017499
0.016522
0.020390
0.018324
0.018510
0.025067
0.067101
0.031808
0.021434
0.044307
0.077039
0.024222
0.022249
0.021401
0.017249
0.023699
0.041000
0.030443
0.022799
0.027830
0.032264
0.035252
0.057558
0.020175
0.017807
0.022272
0.018312
0.017128
0.016121
0.020970
0.029745
0.044884
0.031453
0.024358
0.019453
0.063781
0.039228
0.021147
0.018262
0.018442
0.065870
0.035242
0.028255
0.021116
0.034084
0.039532
0.042330
0.048397
0.020905
0.016399
0.017696
0.019273
0.017904
0.025209
0.020604
0.043564
0.033106
0.032836
0.048279
0.050979
0.025052
0.017136
0.017428
0.017428
0.024868
0.041150
0.046319
0.032757
0.017319
0.028344
0.051574
0.044431
0.017995
0.017431
0.017279
0.019468
0.022198
0.022796
0.021712
0.032097
0.029974
0.049143
0.052188
0.017044
0.019220
0.019938
0.055566
0.020615
0.031630
0.028233
0.070048
0.039429
0.017536
0.017898
0.016465
0.020744
0.020276
0.046651
0.060939
0.030968
0.024573
0.018723
0.043197
0.023407
0.017960
0.016834
0.016640
0.015578
0.015471
0.021855
0.016396
0.030227
0.019275
0.031340
0.027942
0.015655
0.016510
0.016147
0.016195
0.015624
0.015647
0.016951
0.015426
0.016039
0.015559
0.015864
0.015687
0.015182
0.015596
0.016018
0.017023
0.017689
0.016073
0.015523
0.015696
0.015567
0.015498
0.015720
0.015824
0.018239
0.016444
0.016257
0.015836
0.015641
0.016335
0.017051
0.017913
0.015762
0.015501
0.016346
0.016319
0.015568
0.016956
0.015951
0.016306
0.015565
0.015699
0.015579
0.016598
0.015409
0.015442
0.015691
0.015607
0.017778
0.017076
0.018517
0.017522
0.017424
0.015834
0.016605
0.015708
0.016247
0.015671
0.015558
0.016319
0.015696
0.016185
0.018289
0.015692
0.016176
0.015650
0.016028
0.015555
0.015792
0.015584
0.015242
0.015564
0.015360
0.018817
0.016059
0.015498
0.015410
0.015479
0.015610
0.015523
0.015873
0.016113
0.015487
0.015661
0.015402
0.015603
0.014951
0.014873
0.015510
0.015335
0.015388
0.015441
0.015535
0.015998
0.016010
0.016235
0.015575
0.017019
0.015725
0.015908
0.016209
0.015829
0.016049
0.017043
0.015448
0.017073
0.015683
0.015961
0.015068
0.015506
0.016029
0.015528
0.015541
0.015229
0.015578
0.015797
0.015553
0.016217
0.015612
0.015727
0.015687
0.015246
0.015414
0.015023
0.015357
0.015765
0.015701
0.015560
0.017273
0.016700
0.015788
0.015861
0.015288
0.015459
0.015436
0.015470
0.015583
0.015868
0.015499
0.015178
0.015341
0.015236
0.017085
0.017875
0.015155
0.015346
0.015868
0.015072
0.017270
0.015910
0.015643
0.015410
0.017249
0.015115
0.015167
0.015490
0.015425
0.014989
0.015290
0.015054
0.015033
0.014832
0.015111
0.015563
0.015387
0.015139
0.017728
0.015113
0.015234
0.015208
0.014973
0.015055
0.015091
0.015256
0.020281
0.015563
0.015649
0.015675
0.016097
0.015533
0.015651
0.017391
0.016058
0.016081
0.016776
0.015082
0.015640
0.015802
0.015823
0.015574
0.015895
0.016919
0.017054
0.017198
0.015373
0.018117
0.015792
0.015718
0.015823
0.015539
0.015476
0.015367
0.019389
0.015636
0.015533
0.015516
0.015509
0.017419
0.015303
0.015531
0.015620
0.015377
0.017591
0.015800
0.015661
0.015716
0.018649
0.015079
0.018051
0.015478
0.016508
0.016006
0.016508
0.015307
0.014996
0.015529
0.017059
0.015513
0.016176
0.015473
0.015574
0.015840
0.015486
0.015246
0.015644
0.016069
0.017437
0.015337
0.015312
0.015750
0.015735
0.015321
0.015222
0.015354
0.015239
0.015136
0.015122
0.015296
0.015192
0.015098
0.015794
0.015873
0.016316
0.015274
0.015096
0.015949
0.014938
0.015197
0.015844
0.015269
0.015328
0.015783
0.015299
0.015090
0.015441
0.016062
0.014930
0.015245
0.015542
0.016754
0.016145
0.015873
0.016130
0.015623
0.016287
0.015287
0.015311
0.015386
0.016528
0.015271
0.016771
0.015464
0.014844
0.015280
0.016011
0.015147
0.015134
0.015110
0.015343
0.015438
0.015773
0.016470
0.015570
0.015804
0.015486
0.015790
0.018209
0.019461
0.049336
0.019779
0.017646
0.017718
0.018741
0.024430
0.016591
0.027368
0.023793
0.033210
0.016611
0.017447
0.060788
0.020834
0.015444
0.015668
0.015455
0.018549
0.019122
0.016369
0.023081
0.017917
0.024201
0.021720
0.032001
0.021799
0.015321
0.019016
0.015355
0.016690
0.016641
0.015743
0.015416
0.016030
0.015038
0.014966
0.015134
0.015230
0.015129
0.015401
0.015361
0.015153
0.015734
0.016338
0.018239
0.015495
0.015967
0.015822
0.016148
0.015859
0.015510
0.015965
0.015646
0.015844
0.016105
0.015990
0.015423
0.015566
0.015743
0.015944
0.019761
0.015707
0.015389
0.016055
0.016399
0.015766
0.018500
0.016031
0.015233
0.015231
0.015567
0.015249
0.015374
0.015079
0.015106
0.015082
0.015165
0.015123
0.014909
0.014868
0.015079
0.015778
