162,161,28,86
164,158,28,81
165,159,30,80
166,160,31,78
167,163,31,74
170,164,31,73
173,163,31,75
173,162,29,74
173,163,29,74
177,161,28,77
178,163,28,74
180,164,28,71
180,164,28,72
181,163,28,75
182,163,28,74
182,162,27,73
184,160,28,74
183,161,29,73
184,159,28,73
185,160,29,75
185,159,30,76
185,159,30,76
185,159,29,76
185,158,29,77
185,158,30,78
186,158,30,79
186,159,30,76
185,158,31,80
185,159,31,77
186,159,30,76
186,159,30,76
185,159,31,79
185,159,31,78
186,160,32,76
184,159,34,77
184,159,34,77
183,159,35,77
183,160,33,77
185,159,33,77
184,159,34,78
183,160,34,76
184,160,32,76
183,160,32,75
183,161,32,74
183,160,32,76
183,160,31,77
183,162,30,76
183,161,29,75
183,161,30,74
182,162,29,74
182,162,29,73
183,163,29,72
182,163,29,73
182,161,30,75
180,162,30,72
179,162,29,72
176,162,30,77
175,162,29,73
174,164,29,71
171,164,29,72
171,161,29,74
171,162,29,71
168,161,29,73
169,162,31,74
168,162,32,74
167,160,32,77
166,160,33,76
166,159,33,76
166,161,32,72
166,160,33,76
166,161,31,74
167,158,31,75
167,158,30,76
168,159,29,77
167,158,27,78
168,157,28,81
165,156,30,78
167,156,29,73
166,155,29,79
165,155,30,80
166,155,30,77
163,155,29,78
165,155,30,81
162,155,30,78
165,154,29,84
162,155,29,80
165,156,28,80
161,156,29,81
165,156,28,80
161,155,29,81
165,156,28,81
161,157,28,79
165,158,28,80
163,158,28,78
163,157,29,82
163,155,30,79
161,155,29,82
165,156,27,82
163,156,27,80
164,156,28,82
162,157,29,80
166,155,28,80
161,156,29,80
166,155,27,81
162,156,28,80
165,155,28,82
161,157,28,79
166,156,27,82
162,157,28,81
166,156,28,80
161,155,28,82
165,156,29,84
163,157,28,81
165,156,28,80
163,156,30,80
165,155,29,80
161,157,28,78
166,156,26,81
162,157,28,80
165,156,27,79
162,156,28,79
165,156,28,82
163,156,28,80
165,156,28,84
162,156,27,79
165,156,28,83
162,157,28,79
166,156,28,82
162,156,28,81
166,155,28,80
162,155,29,81
166,155,28,81
162,155,29,79
166,156,27,81
162,156,29,79
165,154,28,82
161,155,29,81
165,157,27,81
163,155,27,81
165,156,27,80
162,157,28,78
166,155,28,81
161,156,30,79
166,154,27,83
161,157,29,78
165,156,28,81
163,157,28,78
166,156,27,81
162,157,28,79
166,156,27,84
163,157,29,79
165,155,30,82
161,156,28,80
166,156,27,81
162,157,28,79
166,157,27,81
162,156,27,81
166,157,26,78
163,157,27,81
166,156,28,79
163,156,28,82
166,155,29,82
163,156,29,80
165,155,30,81
161,156,28,79
165,155,28,82
163,156,29,78
165,156,28,80
162,156,29,80
166,156,27,80
163,157,28,79
165,155,29,83
162,157,29,76
165,155,29,83
162,156,28,81
166,156,28,81
161,156,29,78
167,156,27,82
162,157,28,78
165,157,28,81
163,156,30,78
166,156,27,81
162,156,29,80
167,155,27,81
162,156,29,78
165,157,27,82
162,157,28,79
165,156,28,81
163,157,28,79
166,155,28,82
162,158,29,78
166,155,28,81
161,157,29,79
166,156,28,81
162,157,30,80
166,155,29,83
161,156,29,79
165,155,28,83
161,156,28,80
165,157,27,81
162,157,28,80
166,155,27,79
162,157,28,78
166,156,27,79
162,157,29,79
166,156,28,79
162,157,29,78
166,155,28,83
161,156,30,79
166,155,28,81
161,156,30,80
167,155,28,80
162,156,29,79
166,155,28,81
162,156,30,79
166,154,28,82
163,156,29,80
167,155,28,83
162,156,29,80
165,155,29,81
164,155,30,80
165,156,30,79
164,156,29,77
166,155,29,81
163,156,30,79
168,157,28,79
165,156,29,76
168,155,29,78
165,157,29,77
168,155,30,81
165,157,30,77
168,156,29,79
166,158,28,76
168,156,29,78
165,157,29,77
167,155,29,78
164,156,30,77
167,158,29,77
164,157,30,78
166,155,30,81
164,157,30,77
165,158,29,71
167,156,27,81
164,156,29,79
166,155,30,81
163,158,30,77
167,157,29,78
165,157,31,78
165,157,31,76
166,157,30,76
166,157,31,74
165,156,31,76
166,157,30,74
165,158,30,76
168,156,30,75
165,157,31,75
166,158,31,74
165,158,31,73
166,158,30,72
165,157,30,75
167,157,31,76
164,156,29,79
167,157,29,76
163,157,29,79
165,157,30,81
161,156,29,80
163,157,30,80
160,158,29,77
159,159,32,78
159,158,32,79
159,160,33,76
158,160,32,77
157,159,33,79
156,160,33,78
156,160,32,78
155,160,32,77
156,161,33,74
156,161,32,73
155,160,33,77
155,161,31,72
156,161,32,73
155,160,33,77
154,159,33,78
155,158,31,80
156,154,32,84
154,155,30,83
157,154,30,84
152,154,31,83
156,152,31,84
153,153,32,79
152,152,33,84
152,154,34,79
151,156,34,80
151,156,32,80
149,157,34,82
149,157,34,80
149,157,34,85
142,160,34,78
139,162,33,73
137,159,31,76
136,160,34,78
135,160,30,72
133,159,31,81
132,160,29,82
130,157,30,82
128,161,32,78
126,162,31,80
124,153,32,89
119,159,35,85
118,157,36,84
118,160,35,87
116,156,35,83
116,152,34,92
116,155,34,91
115,154,34,89
116,153,35,94
114,153,33,83
115,151,33,92
119,154,32,90
119,159,32,85
121,157,31,86
125,157,31,89
124,161,30,80
127,158,30,84
130,161,29,76
130,161,28,77
133,160,28,81
132,162,30,78
133,162,30,76
137,162,29,77
139,162,31,81
143,161,30,81
146,162,29,81
149,159,30,84
150,159,30,83
153,158,29,82
156,156,30,83
159,158,29,78
161,157,28,83
161,157,29,83
164,157,27,83
167,158,29,77
168,158,29,74
174,159,28,77
174,159,29,75
175,159,29,75
178,160,30,76
179,160,31,75
180,160,31,76
182,160,31,76
185,161,29,76
189,160,29,76
190,158,29,80
192,158,28,80
194,156,28,83
198,156,29,82
200,156,30,81
201,156,30,79
205,157,29,81
208,160,30,78
210,160,30,79
215,164,30,78
221,163,33,86
223,159,33,82
226,157,32,85
231,156,32,88
234,159,33,84
236,159,35,84
243,155,32,88
247,156,31,87
253,154,27,85
254,156,27,80
257,154,27,82
257,154,31,82
259,153,31,87
261,153,31,85
263,151,31,86
263,151,31,84
266,150,31,84
267,149,32,86
270,148,32,85
274,147,32,86
274,148,33,89
278,147,33,90
279,146,33,92
279,145,33,92
281,144,34,93
280,144,34,92
283,144,33,92
283,144,33,92
283,144,33,93
284,144,33,90
284,146,32,90
283,146,33,90
285,146,32,90
284,146,32,89
284,146,32,90
284,146,32,90
284,144,32,91
281,144,33,92
281,144,35,92
282,143,34,92
281,143,34,93
283,143,33,93
284,143,32,92
286,143,32,92
285,143,31,93
288,143,31,91
289,144,30,90
291,143,30,93
290,149,28,86
294,144,28,90
291,144,30,91
293,143,30,92
293,142,30,85
294,144,28,81
294,143,27,81
297,142,26,77
298,141,26,72
306,141,26,64
303,143,25,79
302,142,26,81
302,145,26,80
302,145,25,75
303,144,27,83
305,142,27,84
303,141,27,83
303,141,28,89
301,142,28,90
303,144,28,88
300,142,28,87
300,143,28,93
299,141,28,90
298,144,29,87
296,141,28,90
295,139,27,87
296,143,28,88
295,142,28,90
294,141,28,91
294,141,29,88
293,143,29,87
293,142,31,90
292,143,30,89
294,142,32,89
292,141,34,91
293,142,31,88
292,142,34,90
293,142,32,89
293,143,32,89
294,141,33,92
295,140,33,92
294,142,32,91
294,141,32,92
297,142,32,91
297,142,32,92
297,142,31,90
297,142,33,93
298,142,33,93
298,142,33,91
300,142,33,91
300,142,33,91
300,142,34,91
302,142,35,91
302,142,34,91
302,142,34,91
303,143,35,90
302,142,35,92
303,142,34,91
302,142,34,91
303,141,34,91
304,142,36,90
303,142,34,90
305,142,36,91
305,141,36,92
305,142,37,91
306,142,37,91
308,142,37,89
309,142,38,89
312,143,36,89
313,143,35,88
315,140,34,90
314,138,35,91
315,136,36,92
315,136,34,93
316,134,33,93
314,135,34,92
314,134,33,92
314,133,35,91
312,134,34,91
312,133,35,91
312,134,34,91
311,133,34,92
311,134,35,91
311,135,34,91
310,136,33,89
309,136,33,89
309,133,34,90
308,134,34,91
308,134,34,90
308,133,32,89
306,135,32,86
306,135,32,88
305,133,33,91
304,132,32,88
302,134,33,85
301,134,33,88
297,136,36,87
294,135,39,89
295,135,38,89
290,135,36,89
288,133,33,92
285,134,31,91
284,135,31,89
281,135,30,87
277,135,31,89
275,135,30,87
273,135,30,87
272,135,30,88
271,133,31,88
269,134,30,88
266,134,31,86
264,134,32,88
262,134,32,89
257,134,35,89
258,135,34,88
255,134,37,88
254,134,37,87
254,134,36,88
252,133,35,87
245,135,29,89
236,136,37,99
232,136,37,86
237,136,35,90
232,136,35,90
231,136,37,90
230,135,35,95
232,135,35,89
230,134,32,90
229,135,31,87
230,135,30,92
228,134,30,86
226,134,34,90
230,132,31,88
223,135,33,90
225,135,30,82
225,136,28,83
222,136,28,74
218,138,31,82
214,138,35,84
211,136,33,85
207,138,36,86
208,135,35,88
207,135,33,89
207,133,32,89
206,134,31,85
204,135,31,87
203,135,30,86
200,136,29,84
198,134,28,87
197,134,31,87
197,135,30,87
195,135,28,87
196,133,28,85
196,133,28,87
195,134,27,83
194,133,28,89
192,134,30,75
191,133,29,83
189,135,31,84
184,137,32,80
179,137,34,84
178,137,35,86
177,137,33,85
173,134,31,85
173,137,30,84
171,134,29,76
171,134,27,81
170,135,29,86
168,133,28,86
166,134,29,88
164,134,28,84
164,134,29,89
163,134,27,86
161,133,27,89
163,132,26,92
163,134,27,90
160,135,28,86
161,132,27,87
158,133,28,88
157,132,29,87
155,133,31,89
153,136,31,84
149,136,31,81
147,135,31,81
144,137,31,86
142,136,28,72
141,136,28,81
139,134,27,74
139,135,29,76
131,138,35,73
109,127,48,78
130,132,33,82
123,132,37,89
131,135,30,82
128,133,30,69
129,132,28,83
129,134,28,65
125,132,30,80
125,133,29,74
127,133,28,71
127,133,26,70
121,131,30,70
122,134,31,86
120,129,34,85
122,135,31,84
99,140,52,96
117,137,36,77
114,134,34,81
113,134,33,86
114,130,35,88
112,130,36,74
111,132,32,84
89,188,30,73
109,129,33,77
109,134,33,73
103,132,34,84
96,132,36,87
100,130,34,84
101,126,43,84
92,127,39,99
89,119,39,124
90,125,34,102
90,120,35,103
93,122,39,95
89,128,35,103
93,127,33,91
90,124,33,103
93,125,33,93
92,120,35,105
92,125,35,96
93,129,33,88
95,131,33,92
96,122,37,99
103,128,36,100
103,131,36,82
104,126,35,88
106,130,35,87
108,131,36,83
107,133,36,86
108,134,36,82
108,133,37,89
107,134,37,76
106,137,38,88
109,131,39,90
110,133,35,82
107,136,40,91
111,132,35,76
114,133,33,80
112,133,33,86
110,135,34,89
111,132,33,79
111,133,33,82
114,134,33,88
113,134,32,83
115,135,31,83
112,137,35,82
119,137,32,79
118,139,33,82
121,133,32,84
121,133,33,89
126,134,31,89
127,133,29,86
129,135,30,87
130,132,30,91
132,132,30,91
132,135,32,89
131,133,34,90
136,139,31,83
144,135,32,87
146,136,30,86
145,136,30,92
147,136,31,88
149,137,32,89
149,138,32,87
150,136,32,88
153,137,31,86
155,136,33,88
155,137,33,87
158,136,32,89
162,134,31,90
164,133,31,91
165,134,30,91
167,135,30,88
170,134,31,88
169,139,31,83
173,135,31,89
173,138,31,85
173,136,31,87
177,136,30,86
179,136,30,84
181,137,29,85
182,137,29,75
183,137,30,86
186,137,30,85
189,136,30,83
191,135,30,83
194,134,33,86
195,136,33,83
195,134,36,88
195,136,35,87
199,133,32,86
202,133,30,86
203,135,30,85
204,134,31,86
205,136,31,83
204,136,31,82
207,134,30,83
206,137,32,80
207,137,32,81
207,136,32,83
207,137,31,81
210,138,31,81
208,138,31,82
210,137,31,83
209,138,32,82
215,136,32,80
214,136,37,86
215,136,37,88
217,136,38,88
218,135,36,84
221,134,35,86
222,134,34,86
224,134,33,89
227,132,32,87
228,133,30,88
227,133,30,90
227,133,30,91
229,133,31,89
226,133,31,90
225,133,32,87
226,133,32,88
224,133,33,88
223,134,33,88
220,134,35,88
220,135,34,86
216,135,36,86
211,136,34,86
209,136,32,84
208,135,31,82
207,136,31,82
208,135,29,83
208,135,29,81
207,136,28,80
208,134,30,83
206,135,29,86
205,135,27,80
206,134,29,86
204,134,28,84
204,134,28,87
201,133,26,82
201,134,27,84
201,133,29,90
200,134,26,84
200,135,27,85
200,134,28,85
199,135,27,85
198,135,28,88
197,135,27,86
196,133,26,83
193,134,27,88
195,134,27,86
192,134,27,89
191,133,28,85
192,134,28,81
189,133,29,86
191,132,29,89
189,133,29,86
189,135,30,85
188,134,29,84
187,134,30,86
184,135,29,77
177,136,29,77
174,135,30,89
172,134,28,82
168,135,32,89
165,199,32,61
171,139,29,81
166,135,30,88
168,136,30,89
166,133,29,89
165,136,28,88
167,135,27,81
165,133,27,91
165,135,27,92
165,135,25,86
167,133,25,89
163,133,26,90
163,134,27,89
162,135,28,89
161,134,27,91
159,134,31,90
158,134,30,86
155,135,31,86
152,137,32,80
152,135,33,85
151,136,33,85
150,136,33,85
148,135,31,85
145,134,32,94
144,137,31,82
137,135,35,88
134,136,39,88
143,135,29,88
141,139,29,75
135,132,32,87
142,137,29,81
138,136,31,81
135,137,32,82
132,132,32,79
128,136,35,76
126,132,34,85
129,136,30,81
126,132,32,88
122,134,35,87
122,133,32,83
121,135,35,87
119,137,34,78
121,136,34,82
118,138,33,74
117,138,31,80
115,134,33,86
118,135,31,81
118,134,30,79
118,135,29,75
115,136,31,74
113,134,35,76
113,133,33,83
114,134,32,76
113,133,33,82
114,133,32,74
112,132,34,79
112,131,34,80
110,130,35,80
108,133,36,82
107,132,35,85
109,133,34,67
108,134,33,84
106,131,32,76
99,129,44,95
100,127,37,84
99,121,37,97
95,132,39,104
97,128,42,101
91,120,39,103
92,131,41,98
92,125,36,104
90,118,36,99
92,140,53,98
86,116,40,117
88,124,38,99
86,122,44,113
88,112,40,124
87,132,36,97
86,129,39,121
85,134,37,108
86,120,44,118
86,120,42,110
85,117,38,124
82,128,37,114
78,126,36,109
79,124,40,104
79,129,34,108
80,126,35,103
79,129,34,106
76,133,33,98
75,130,38,104
74,129,34,99
78,130,40,103
75,131,33,96
80,121,42,115
76,129,34,100
73,134,33,102
74,132,35,103
71,133,36,105
77,130,34,95
76,136,31,97
74,136,31,102
77,134,32,91
78,123,43,113
75,129,36,101
73,133,35,99
75,126,34,106
72,129,34,103
77,127,36,108
74,133,34,96
77,125,37,114
75,132,34,95
74,129,33,104
75,129,34,100
74,131,34,104
