0.003973
0.017996
0.016369
0.015744
0.016546
0.015931
0.017787
0.020292
0.015227
0.017178
0.016426
0.016290
0.019860
0.019761
0.018950
0.017205
0.016303
0.015945
0.016995
0.017676
0.016025
0.016459
0.016846
0.017910
0.016623
0.015868
0.019077
0.016872
0.018558
0.052822
0.029015
0.017176
0.018638
0.019621
0.057383
0.043377
0.031177
0.016689
0.019058
0.064892
0.042353
0.017556
0.018916
0.016037
0.019731
0.058580
0.028278
0.025962
0.034035
0.018793
0.030776
0.022251
0.021770
0.018116
0.016985
0.016294
0.016019
0.027302
0.016430
0.030213
0.016845
0.020205
0.032273
0.023554
0.016438
0.045214
0.021547
0.022914
