0.007318
0.017667
0.020311
0.023712
0.017851
0.032105
0.027087
0.051697
0.018958
0.017644
0.015393
0.018553
0.017970
0.016362
0.019965
0.019742
0.020065
0.032175
0.031580
0.016733
0.050257
0.028016
0.030558
0.018543
0.017702
0.017412
0.022171
0.017138
0.019487
0.030874
0.031305
0.032593
0.019664
0.018585
0.025364
0.018145
0.017947
0.015698
0.017326
0.020655
0.017228
0.022240
0.034700
0.026452
0.018820
0.050964
0.018998
0.020508
0.020638
0.017085
0.014849
0.018809
0.016792
0.019522
0.031702
0.019966
0.041705
0.025530
0.015808
0.015357
0.020718
0.016411
0.016654
0.020525
0.023175
0.031537
0.025327
0.018583
0.042499
0.040784
0.020311
0.018319
0.017238
0.014993
0.020472
0.017206
0.019801
0.020470
0.032704
0.019502
0.059504
0.019019
0.015287
0.015996
0.016259
0.015028
0.022364
0.016670
0.026565
0.015594
0.030891
0.027967
0.016690
0.042378
0.021454
0.016897
0.016118
0.019270
0.015213
0.020357
0.019479
0.022857
0.033263
