548,198,41,113
543,196,42,112
537,198,45,110
536,200,42,109
533,205,42,102
531,207,43,99
527,214,46,94
527,216,46,93
525,218,47,90
525,219,47,90
525,219,47,88
524,219,47,89
525,219,47,88
525,219,46,89
524,220,46,90
524,221,46,86
524,221,47,88
525,221,46,86
524,221,46,88
524,222,46,85
523,220,47,89
525,221,47,85
524,221,46,88
525,221,46,86
524,221,46,87
524,221,47,87
525,220,46,86
524,219,48,89
525,220,45,88
523,221,47,86
524,220,46,87
524,220,48,87
525,219,46,88
524,220,46,89
526,220,46,87
524,220,46,87
523,220,47,90
525,221,47,86
525,220,46,89
525,218,46,91
525,218,47,88
524,218,48,91
525,217,47,89
525,217,48,92
526,215,46,93
526,212,47,97
527,209,44,99
527,204,43,105
529,197,40,112
529,196,38,110
529,196,39,111
530,197,38,109
529,195,37,112
530,194,38,111
529,194,38,111
529,194,37,109
530,195,38,110
529,195,38,112
528,195,39,112
529,195,38,110
529,195,38,112
530,196,38,110
530,195,38,111
530,195,37,110
529,195,37,109
529,195,39,111
528,195,38,111
530,196,38,109
529,195,37,111
529,196,38,110
529,195,38,112
530,195,38,111
529,195,38,111
529,194,37,112
527,194,38,113
529,194,38,111
529,193,38,112
528,192,38,112
528,192,38,111
528,192,39,113
527,192,40,113
528,192,40,114
528,192,40,114
528,191,39,114
530,191,39,114
530,193,37,112
530,192,38,113
530,194,38,109
530,194,38,110
529,194,38,112
530,195,38,110
529,194,38,111
528,194,38,112
529,195,38,110
529,195,38,110
529,195,38,111
529,194,38,111
529,194,39,110
529,195,38,110
530,195,38,109
530,195,38,110
529,194,37,111
528,195,39,110
530,196,37,110
529,195,38,110
529,194,38,112
529,195,38,110
529,195,37,111
529,194,38,112
529,194,38,109
529,195,38,109
529,195,38,110
530,195,37,111
530,195,37,109
529,194,37,111
530,196,37,109
530,196,36,109
530,195,38,111
531,195,37,111
530,195,36,110
530,194,38,112
530,195,38,110
530,195,37,111
529,196,38,110
530,195,38,111
530,195,38,109
530,194,38,111
529,194,38,110
530,194,38,111
530,195,38,109
530,195,38,110
530,195,38,110
530,195,37,109
530,195,37,110
530,194,37,113
530,195,37,111
530,195,37,110
530,194,38,111
530,196,37,110
530,195,37,111
529,194,38,112
529,194,38,110
529,195,38,111
529,196,39,109
529,195,38,110
529,195,37,111
529,194,38,111
530,195,37,110
530,195,37,110
529,194,38,112
530,195,38,110
529,194,38,111
529,195,38,108
529,195,38,110
528,194,37,111
529,195,37,110
529,195,38,109
528,194,39,111
529,194,38,111
529,194,37,110
530,195,37,110
529,195,38,110
530,195,38,109
528,194,38,109
530,196,38,108
529,194,38,111
529,195,38,110
528,195,38,111
528,195,39,111
529,195,38,111
530,195,38,111
529,194,39,112
528,195,39,110
529,195,38,110
530,196,38,110
529,195,38,112
529,195,38,111
529,195,38,111
529,195,38,111
529,195,38,111
529,195,38,111
529,195,38,111
530,195,37,110
529,195,37,111
530,195,38,112
530,195,38,111
529,195,37,110
529,194,38,111
529,194,38,111
529,195,38,110
529,196,37,110
529,195,37,110
529,194,37,111
529,194,38,110
529,196,38,109
530,195,38,109
529,194,38,110
529,195,37,110
529,195,38,110
529,195,37,109
529,195,38,111
529,195,38,110
529,195,38,110
529,196,38,110
529,195,37,110
530,194,37,112
529,195,38,111
529,196,38,110
530,196,37,110
530,194,37,111
529,195,37,109
528,193,39,112
530,194,37,110
529,194,38,112
529,193,38,112
528,192,38,114
529,192,39,113
529,192,38,112
529,191,39,114
529,192,39,113
529,191,39,113
529,191,40,113
529,191,40,114
529,191,39,113
529,191,39,112
529,191,39,114
530,192,38,114
529,192,39,111
529,192,39,111
529,194,38,110
530,195,38,110
530,195,39,110
530,195,38,108
530,197,37,107
529,198,37,106
529,198,39,109
529,200,39,104
529,199,40,108
529,201,41,105
529,200,41,106
529,200,40,105
529,201,40,105
529,199,39,107
529,200,40,105
529,199,40,107
528,199,40,106
529,199,39,106
528,199,40,107
529,199,39,107
530,199,39,107
529,198,39,106
528,198,39,108
529,199,38,107
529,199,38,107
529,198,39,108
529,198,39,108
528,198,39,108
529,198,38,108
528,197,38,109
530,198,38,108
529,196,37,110
529,196,38,111
529,197,37,107
529,197,37,107
530,196,37,109
530,195,38,110
530,196,37,108
530,195,37,111
530,196,37,107
530,196,37,107
530,196,37,110
530,196,38,109
530,196,37,109
530,196,38,110
531,196,37,109
530,195,37,109
529,195,38,111
530,196,37,108
531,195,36,108
530,195,37,110
530,195,38,110
530,195,38,108
530,194,38,111
530,195,38,110
530,195,37,109
530,195,37,110
530,196,37,110
530,195,37,110
530,195,37,109
529,195,38,110
529,196,37,109
529,195,38,111
530,195,38,110
530,195,37,109
530,195,37,110
530,195,37,111
530,195,37,109
529,195,37,110
529,195,37,110
529,196,38,110
530,196,37,109
530,196,37,110
530,195,38,111
530,196,38,110
530,196,38,109
530,196,37,109
529,195,37,111
529,196,38,109
530,196,38,110
530,196,38,110
529,195,37,110
530,196,37,108
529,195,39,111
530,196,38,109
529,196,37,109
529,195,37,111
529,195,38,112
530,196,39,111
529,195,37,109
529,195,38,111
530,196,38,109
529,195,37,110
529,196,37,110
529,195,37,110
528,195,38,110
529,195,38,110
529,195,37,110
529,196,38,108
530,196,37,109
529,195,38,111
530,195,38,110
529,196,38,110
530,196,38,108
530,195,38,109
530,196,37,108
530,194,38,111
529,195,38,110
529,194,38,110
529,196,38,108
529,195,38,110
529,195,38,111
530,195,38,109
530,195,37,109
530,196,37,108
530,195,38,110
530,195,38,110
530,194,37,111
530,196,38,108
530,195,38,109
530,196,38,107
529,195,38,110
529,195,38,110
529,195,38,110
530,196,38,109
530,194,38,110
530,195,38,111
530,195,39,111
529,195,38,110
530,196,38,108
530,195,38,109
530,195,38,110
531,196,37,108
530,196,37,107
529,195,38,109
530,195,37,109
530,195,38,108
530,195,38,108
530,195,38,109
529,195,37,109
529,195,38,109
529,195,38,110
527,195,39,109
529,195,39,111
529,194,39,112
529,195,39,112
529,194,38,111
531,194,38,112
530,194,37,112
520,197,47,120
514,196,55,123
524,194,47,120
530,195,40,111
527,196,38,110
529,196,40,111
528,194,38,112
528,195,39,110
528,196,39,110
530,195,39,110
529,195,39,109
529,195,39,108
529,194,38,110
529,195,39,110
530,195,38,109
530,195,39,111
529,194,38,112
529,195,39,110
529,194,39,111
530,195,39,110
529,193,38,111
530,194,39,110
530,193,39,111
529,194,40,111
529,194,39,111
529,194,39,110
529,193,39,111
529,193,39,112
529,193,39,113
530,194,39,111
529,193,38,112
529,193,39,113
529,193,39,114
529,194,39,111
529,193,38,111
529,194,38,110
528,193,39,113
528,194,39,112
529,194,38,112
528,194,38,111
529,194,38,111
529,194,38,110
529,194,38,110
528,194,38,110
529,194,38,111
529,194,38,112
528,194,39,111
529,194,38,111
528,193,38,113
529,193,39,111
529,193,38,112
529,193,37,111
529,194,38,111
529,194,38,110
529,194,38,111
528,193,38,113
528,194,38,111
530,193,37,112
529,192,38,112
530,193,37,111
530,193,36,110
529,192,38,113
529,194,38,111
528,194,39,109
528,195,37,109
528,195,37,109
528,195,38,110
528,195,38,110
529,195,38,109
528,195,38,111
529,195,37,110
529,195,38,110
529,195,37,108
529,196,36,109
529,195,37,110
529,195,38,109
529,195,38,109
528,194,38,112
529,194,37,112
529,192,39,113
529,192,38,111
529,192,38,111
529,192,37,111
529,191,38,112
529,192,37,110
529,192,38,112
528,192,38,112
529,192,38,111
528,192,38,112
529,193,38,109
530,193,37,109
529,193,38,113
529,194,37,111
530,194,37,111
529,193,38,110
530,193,37,110
529,193,38,111
530,194,37,108
530,195,36,109
529,195,36,108
529,195,37,108
528,194,38,111
529,195,37,109
529,195,38,111
530,195,38,110
530,195,38,109
530,194,37,109
531,194,37,108
530,195,38,110
530,196,37,108
530,196,36,107
529,196,38,110
528,198,38,107
529,198,38,106
529,198,38,108
530,198,38,107
530,198,38,107
529,199,38,107
529,199,39,107
531,199,39,106
531,199,38,106
530,199,39,106
531,199,39,107
530,199,39,106
531,199,39,106
530,199,38,108
528,198,38,109
530,198,39,108
531,197,38,107
530,197,38,107
529,197,38,109
530,198,38,108
529,198,38,108
530,198,38,107
530,199,38,106
529,197,37,109
529,198,37,107
529,198,37,106
530,199,38,105
529,197,37,108
530,198,38,109
530,199,39,106
531,199,38,107
530,199,39,108
530,199,38,107
530,199,38,106
530,199,37,107
529,199,38,108
529,199,37,105
529,197,38,110
529,200,39,105
530,199,39,106
530,200,38,103
529,199,38,107
530,200,39,106
530,201,38,105
530,201,39,106
530,199,39,107
530,199,39,107
530,200,39,106
530,199,39,105
530,199,39,106
530,200,39,106
530,200,39,107
530,199,39,105
531,200,39,106
530,199,38,107
529,199,38,107
530,199,38,108
531,199,38,107
530,197,37,108
530,197,38,108
529,198,38,108
529,199,38,107
530,199,37,107
531,198,37,107
530,197,38,109
531,199,38,107
530,198,37,108
530,197,38,110
530,197,38,109
530,198,38,107
530,197,38,109
530,197,38,108
529,198,37,108
531,198,37,106
530,198,38,107
530,198,37,107
530,197,38,109
530,198,38,108
530,197,38,109
530,198,38,106
529,197,38,109
529,197,38,108
530,197,38,108
531,198,38,107
530,198,38,106
530,198,37,105
530,197,38,107
529,197,38,109
531,198,38,107
530,197,38,107
529,196,38,108
530,197,38,106
528,196,39,109
529,197,39,107
529,197,38,109
529,198,39,106
528,196,39,108
529,198,38,107
529,197,38,108
529,197,38,107
529,197,38,108
530,198,38,107
529,196,38,109
530,197,38,107
529,197,38,107
529,196,38,107
529,198,38,107
530,198,38,108
529,197,38,110
529,197,38,107
528,197,38,109
528,197,39,108
530,197,39,109
530,198,39,107
529,197,38,107
528,197,38,109
529,198,39,108
529,197,38,110
528,196,39,109
529,198,39,109
530,197,38,107
529,197,38,108
529,197,38,109
530,196,38,109
529,197,38,107
529,196,38,110
529,197,37,108
529,196,38,109
530,196,39,109
529,196,39,108
529,197,38,107
529,198,38,105
529,197,39,108
529,197,38,109
529,197,38,108
530,197,38,107
529,196,37,108
528,197,38,108
529,197,37,107
529,196,38,110
530,198,38,107
529,196,38,110
528,197,38,109
531,198,37,106
530,197,37,107
529,197,39,109
530,197,38,107
530,197,38,107
529,196,38,107
529,197,39,108
530,198,38,107
529,200,40,106
529,203,46,103
527,205,47,103
526,211,49,98
527,213,49,95
525,216,50,94
525,220,48,90
524,222,47,89
524,222,47,86
523,221,48,87
524,222,45,86
523,222,47,85
524,222,47,86
524,221,47,87
524,221,46,87
524,222,45,86
525,222,46,85
523,221,48,89
525,221,47,86
524,221,47,88
524,221,46,88
524,221,47,88
525,221,45,87
524,220,46,89
525,219,46,90
524,217,47,92
526,215,46,93
526,213,46,96
527,208,43,100
526,207,44,101
526,203,44,104
526,202,42,106
526,199,40,109
525,196,39,111
524,195,40,113
524,194,40,113
522,195,40,112
520,194,40,113
519,194,41,113
517,194,40,114
517,193,39,113
514,193,39,114
512,193,38,114
512,192,39,115
510,190,39,117
508,195,38,111
505,190,39,115
505,195,39,110
505,189,40,117
505,194,41,112
505,190,40,114
504,190,42,113
506,191,41,111
507,191,38,108
506,189,37,111
507,190,36,111
505,190,37,110
505,192,38,107
505,190,38,110
505,195,36,104
505,187,38,113
505,196,35,103
507,190,36,111
505,191,36,109
504,192,37,106
506,191,37,109
507,189,39,110
508,197,38,100
507,192,41,106
506,198,44,99
507,196,44,102
506,197,44,100
506,202,43,95
507,191,42,106
507,200,39,97
507,196,40,102
508,189,41,108
508,196,38,101
508,196,38,101
511,193,37,105
510,192,37,110
511,191,36,111
511,190,38,115
514,190,39,113
515,191,40,112
516,190,38,113
517,189,38,112
516,190,37,114
518,190,38,109
518,188,37,114
516,189,43,111
514,189,41,111
516,193,48,110
519,190,47,114
518,192,45,113
520,191,44,112
520,190,44,113
522,190,43,113
529,185,41,116
531,185,41,115
531,185,40,113
533,185,40,113
532,186,40,114
532,186,38,113
532,187,39,113
531,187,39,112
530,186,39,113
529,186,39,114
529,187,39,114
528,186,39,115
528,186,40,116
527,188,40,112
526,187,40,113
528,187,40,112
526,187,40,113
527,188,40,111
526,187,40,115
528,187,40,113
527,187,40,114
526,187,41,114
527,188,40,111
527,188,40,114
528,188,39,113
528,188,40,114
528,188,39,114
528,187,40,113
527,188,39,114
528,188,40,112
528,187,39,113
529,187,39,113
528,188,40,115
528,187,39,113
529,188,40,113
529,187,40,116
529,189,39,112
528,188,39,115
529,187,40,115
529,188,39,112
528,188,40,116
528,188,40,114
530,187,40,113
528,187,40,114
529,188,39,111
528,187,40,114
529,188,40,112
528,186,40,116
529,188,40,113
529,187,41,117
529,187,39,112
528,186,40,116
529,188,40,112
528,187,40,114
528,187,40,114
529,188,40,113
529,188,39,112
529,187,40,116
530,187,40,112
529,187,40,115
529,186,40,114
529,187,40,115
528,187,40,115
529,187,39,113
529,186,40,114
529,188,40,112
528,187,40,114
529,187,40,114
529,187,39,114
529,187,40,113
529,187,39,115
530,188,40,112
528,187,40,113
530,188,39,112
529,187,39,114
529,187,39,115
529,188,39,113
529,187,39,113
528,186,40,117
529,187,40,115
529,188,41,114
530,188,39,114
529,187,39,113
530,187,39,115
530,187,39,115
529,187,40,116
529,187,40,113
530,188,39,112
530,188,39,113
531,188,40,113
528,185,40,115
530,187,39,113
529,186,41,116
531,188,39,112
530,187,40,115
530,187,39,113
529,187,40,115
529,187,40,114
528,187,39,115
530,187,39,117
528,187,39,113
531,187,43,115
530,185,39,110
528,185,39,106
530,184,37,111
529,183,40,120
529,185,41,115
530,184,40,117
530,185,40,117
530,185,40,115
529,186,41,116
529,186,40,115
528,185,42,117
529,185,42,116
529,185,41,114
528,184,42,118
529,185,41,116
529,186,41,116
530,186,39,115
530,185,39,117
529,185,38,117
529,185,39,117
528,183,39,119
529,184,41,116
528,183,38,116
529,182,38,117
528,183,38,117
528,184,38,115
528,184,37,119
527,183,40,116
527,183,39,116
526,183,39,116
527,186,39,115
525,187,41,112
524,187,42,113
526,187,43,113
526,188,40,111
526,189,42,113
525,187,41,111
524,187,42,113
523,187,43,115
522,190,41,111
521,191,42,111
521,188,41,112
520,191,41,110
518,192,42,106
518,191,42,106
515,191,43,110
512,191,43,104
514,190,39,110
509,193,41,103
503,190,47,108
505,192,42,106
503,192,42,102
502,192,38,99
497,192,40,99
493,193,37,104
493,192,37,103
491,191,35,104
488,188,35,107
482,193,36,102
469,181,43,109
465,189,46,104
457,188,50,103
449,186,51,107
441,188,59,110
450,187,49,109
454,196,40,95
442,193,46,98
444,190,43,107
441,189,45,108
434,188,51,116
435,193,51,110
441,196,46,108
444,193,45,111
441,194,47,110
440,197,50,109
446,195,48,110
446,199,48,109
453,198,46,107
471,194,41,104
540,209,45,103
