0.003107
0.048199
0.025994
0.021058
0.019811
0.017875
0.026126
0.020373
0.015238
0.031735
0.018885
0.041104
0.041886
0.049062
0.020887
0.024807
0.017692
0.016482
0.019218
0.029228
0.016040
0.031117
0.028180
0.015789
0.054514
0.038119
0.029406
0.032793
0.024072
0.017366
0.016897
0.025654
0.020791
0.032781
0.016359
0.037738
0.039679
0.024894
0.022921
0.018939
0.018027
0.023355
0.019541
0.022722
0.033856
0.029251
0.020532
0.069089
0.026828
0.025781
0.017645
0.018181
0.017186
0.020250
0.019914
0.020524
0.019037
0.031224
0.025963
0.090055
0.030715
0.017558
0.018013
0.017562
0.023353
0.019243
0.018511
0.032290
0.028148
0.028348
0.035238
0.024838
0.016497
0.019585
0.026207
0.019761
0.018495
0.016790
0.027015
0.033932
0.030690
0.017268
0.064511
0.021429
0.019416
0.019957
0.019279
0.023298
0.027019
0.015851
0.022071
0.030863
0.024653
0.015915
0.021114
0.032966
0.036956
0.018676
0.019177
0.016478
0.024300
0.018157
0.030602
0.016572
0.016891
0.069829
0.021161
0.034240
0.021687
0.019610
0.021719
0.019532
0.016423
0.026448
0.031127
0.022309
0.034488
0.063299
0.020543
0.019330
0.027701
0.019060
0.021861
0.015512
0.023315
0.016235
0.022942
0.015846
0.031378
0.028627
0.017785
0.064308
0.019438
0.031554
0.019544
0.020263
0.015862
0.024074
0.015993
0.027984
0.033071
0.016948
0.018111
0.068814
0.019955
0.017146
0.016432
0.019157
0.017577
0.022280
0.021043
0.022127
0.017856
0.032227
0.020746
0.048301
0.042139
0.018216
0.015723
0.015373
0.022101
0.022582
0.021596
0.026521
0.032235
0.021771
0.040881
0.038906
0.023057
0.017646
0.016404
0.021343
0.016623
0.016382
0.022445
0.023577
0.020177
0.030755
0.029466
0.018630
0.048190
0.027625
0.016269
0.017329
0.017899
0.019384
0.022220
0.025649
0.018446
0.024736
0.036541
0.016758
0.066784
0.054457
0.035637
0.020180
0.019883
0.044267
0.023578
0.021015
0.040388
0.022488
0.034406
0.020689
0.066780
0.037039
0.019025
0.020376
0.041145
0.019400
0.028550
0.018337
0.024485
0.018626
0.031875
0.029319
0.020422
0.063622
0.018622
0.016070
0.018328
0.017277
0.022988
0.023069
0.019309
0.021726
0.017251
0.032391
0.019748
0.089192
0.032108
0.017734
0.024301
0.017583
0.018741
0.016804
0.026321
0.016289
0.021663
0.016773
0.032432
0.029123
0.017953
0.034095
0.048838
0.021224
0.022343
0.017924
0.016803
0.016731
0.024476
0.016724
0.018944
0.036110
0.023551
0.015306
0.023062
0.046098
0.022084
0.015823
0.015222
0.028346
0.020634
0.019698
0.023267
0.016252
0.027302
0.018539
0.031002
0.033134
0.068215
0.017272
0.021861
0.017552
0.018025
0.018291
0.018786
0.015738
0.022868
0.019030
0.029354
0.032647
0.030995
0.020155
0.049542
0.018893
0.021148
0.017388
0.019449
0.019041
0.018869
0.025000
0.031778
0.021437
0.023033
0.050298
0.023051
0.015897
0.017044
0.018878
0.018373
0.021776
0.022625
0.022264
0.024553
0.020949
0.033121
0.028603
0.031304
0.036859
0.021902
0.020998
0.020230
0.019497
0.026253
0.027838
0.025885
0.032233
0.017046
0.044466
0.033514
0.022116
0.016639
0.021853
0.022754
0.017927
0.025225
0.017396
0.018006
0.018233
0.032306
0.027501
0.019375
0.059554
0.038178
0.018003
0.015709
0.016429
0.015761
0.016870
0.015910
0.023560
0.016606
0.023818
0.017406
0.030239
0.021337
0.052663
0.055437
0.017993
0.018011
0.016387
0.026321
0.018996
0.017716
0.016064
0.016017
0.022700
0.016007
0.017565
0.021775
0.031253
0.020108
0.058201
0.023790
0.026360
0.019255
0.031501
0.017586
0.016010
0.024236
0.016570
0.021175
0.016231
0.020833
0.032243
0.021758
0.026433
0.053979
0.032054
0.029377
0.021204
0.026727
0.018705
0.018090
0.019656
0.032247
0.018393
0.041718
0.043699
0.017449
0.021201
0.015273
0.033852
0.017099
0.019847
0.016920
0.032754
0.024887
0.017842
0.041656
0.021677
0.017459
0.016703
0.017773
0.021344
0.025335
0.019761
0.019659
0.018364
0.031407
0.026453
0.017525
0.040812
0.022005
0.024527
0.034932
0.015309
0.019422
0.018587
0.029589
0.019852
0.049080
0.032887
0.019166
0.066596
0.033312
0.018942
0.020468
0.037284
0.020365
0.030248
0.025860
0.028301
0.037880
0.016148
0.028011
0.035815
0.020345
0.022316
0.036233
0.037942
0.016299
0.023000
0.039903
0.026765
0.033103
0.021611
0.061904
0.031940
0.032006
0.032201
0.017819
0.040534
0.027246
0.027014
0.022739
0.033712
0.031932
0.029939
0.053129
0.047099
0.033690
0.018596
0.032150
0.017200
0.023825
0.031842
0.024783
0.033880
0.045732
0.026318
0.073787
0.042096
0.020344
0.032934
0.022685
0.017957
0.017017
0.025455
0.021162
0.037370
0.038277
0.023556
0.067268
0.036915
0.032397
0.025926
0.025609
0.020842
0.030354
0.034260
0.023993
0.049916
0.025626
0.085790
0.047155
0.030322
0.034139
0.024303
0.025944
0.037372
0.035238
0.019250
0.027091
0.043084
0.023638
0.036254
0.018196
0.019744
0.026823
0.016865
0.033243
0.033065
0.032409
0.022899
0.044960
0.017740
0.071091
0.049900
0.025004
0.024620
0.023714
0.023270
0.035468
0.026434
0.039531
0.031322
0.048622
0.059235
0.037366
0.046353
0.025328
0.033143
0.040465
0.022908
0.036171
0.046074
0.032610
0.021708
0.043766
0.039845
0.019605
0.031996
0.019406
0.025915
0.023947
0.030632
0.039380
0.064050
0.041910
0.021017
0.025133
0.021760
0.021096
0.018591
0.040974
0.028269
0.016768
0.038836
0.021072
0.018552
0.037877
0.031173
0.017492
0.031576
0.026459
0.023736
0.031702
0.023913
0.045111
0.041914
0.017102
0.039938
0.027585
0.018674
0.017910
0.043053
0.037624
0.022138
0.040170
0.025678
0.063416
0.041734
0.035156
0.038551
0.020860
0.039446
0.028754
0.032993
0.029853
0.084876
0.033958
0.029405
0.043772
0.023030
0.024537
0.018048
0.041090
0.018621
0.021262
0.048501
0.025271
0.018968
0.054837
0.024656
0.037059
0.019798
0.030293
0.021318
0.033751
0.046303
0.028244
0.035909
0.056303
0.037220
0.015814
0.027634
0.017933
0.038842
0.021259
0.029596
0.022603
0.027086
0.029174
0.036087
0.024423
0.053972
0.025909
0.020293
0.038927
0.022206
0.040783
0.026914
0.044868
0.019801
0.038214
0.040061
0.025044
0.017683
0.020529
0.034230
0.016242
0.039635
0.036473
0.023210
0.034619
0.019109
0.069776
0.023283
0.033542
0.020551
0.018084
0.033747
0.028765
0.029279
0.039967
0.036063
0.029491
0.034454
0.020718
0.030673
0.040199
0.020146
0.039710
0.022190
0.019754
0.053479
0.025705
0.022547
0.032611
0.017908
0.021109
0.018261
0.020748
0.025940
0.035678
0.047598
0.031193
0.044414
0.043054
0.026602
0.024762
0.032302
0.020202
0.031671
0.020844
0.033396
0.031276
0.027347
0.032699
0.060071
0.022522
0.028300
0.020952
0.018705
0.036108
0.027337
0.019816
0.032622
0.027917
0.065300
0.041069
0.019283
0.023948
0.028184
0.025933
0.025060
0.021655
0.043607
0.034006
0.019982
0.062464
0.037846
0.029110
0.034756
0.029077
0.017285
0.033199
0.032507
0.023763
0.044036
0.054648
0.031672
0.024239
0.022454
0.024476
0.018108
0.016691
0.016176
0.030735
0.022763
0.028200
0.045987
0.016659
0.074579
0.041548
0.020907
0.042943
0.016315
0.027427
0.026010
0.018918
0.024483
0.022130
0.022314
0.036714
0.029018
0.017906
0.055839
0.019150
0.018835
0.016812
0.016339
0.018764
0.018053
0.017323
0.031098
0.027959
0.017287
0.031305
0.026110
0.018694
0.052093
0.018839
0.016239
0.019840
0.018819
0.018888
0.023178
0.019892
0.018733
0.021220
0.032197
0.022058
0.016700
0.068669
0.019184
0.019697
0.017400
0.019558
0.017919
0.025530
0.017371
0.020257
0.017759
0.032631
0.027862
0.058266
0.042974
0.020719
0.017909
0.018455
0.016731
0.016087
0.014764
0.026597
0.024842
0.033902
0.019518
0.033077
0.039429
0.018009
0.016779
0.019143
0.017045
0.016361
0.028628
0.017783
0.022377
0.037731
0.028972
0.076920
0.044732
0.024192
0.019846
0.021122
0.016142
0.020459
0.015682
0.022404
0.023526
0.032225
0.019844
0.019373
0.048009
0.017744
0.020278
0.020794
0.018790
0.018293
0.020803
0.019079
0.020990
0.014855
0.026753
0.030173
0.020395
0.018869
0.063531
0.024401
0.018955
0.016087
0.016002
0.038844
0.023820
0.019652
0.024396
0.015052
0.031836
0.019988
0.017322
0.062734
0.024698
0.024330
0.036362
0.021253
0.020601
0.018669
0.020881
0.028883
0.018333
0.015913
0.031598
0.026898
0.045196
0.040254
0.040843
0.033110
0.030459
0.028229
0.017454
0.026071
0.015544
0.025295
0.017726
0.034924
0.020770
0.047876
0.028604
0.024798
0.019312
0.019516
0.017297
0.016993
0.017952
0.023026
0.022720
0.019075
0.030297
0.025884
0.059697
0.036787
0.021599
0.019571
0.018594
0.032084
0.019859
0.018271
0.019141
0.021733
0.023954
0.015694
0.020968
0.031990
0.015113
0.038326
0.048667
0.022570
0.025642
0.021045
0.022351
0.017577
0.018660
0.016958
0.022999
0.022815
0.016230
0.018408
0.032324
0.028133
0.017084
0.045366
0.023118
0.018533
0.018920
