572,29,15,35
571,26,16,41
571,26,16,41
572,25,15,41
571,26,15,40
571,25,16,42
570,26,16,41
570,27,16,38
571,27,16,40
571,27,16,39
570,27,16,39
571,27,16,40
571,26,16,41
571,28,16,40
570,28,16,40
570,27,15,40
570,27,16,42
570,26,16,43
570,27,16,41
570,26,16,42
569,27,16,41
569,26,16,42
568,26,16,44
568,26,16,40
569,27,16,40
568,27,16,41
569,27,16,40
569,29,16,40
569,29,16,39
569,27,16,39
569,27,16,40
569,28,16,40
569,28,16,41
570,27,16,40
569,29,16,40
536,27,15,39
569,27,16,42
569,28,16,42
569,28,16,42
569,28,16,41
568,28,16,41
568,27,16,42
568,28,16,41
567,27,16,42
567,28,16,42
568,28,16,41
567,28,16,41
568,29,16,41
567,29,16,40
569,28,16,42
568,28,16,41
568,27,16,41
568,28,17,40
569,28,16,42
568,28,16,41
568,28,16,42
567,28,17,45
567,29,17,41
568,28,16,42
567,29,16,42
567,29,17,41
567,28,17,42
566,28,17,43
566,27,16,43
566,28,16,43
566,28,16,42
566,29,16,42
566,28,17,43
565,28,17,42
567,28,16,41
565,28,17,43
567,28,16,39
566,29,17,41
566,28,16,42
566,28,17,41
566,29,16,42
565,29,17,43
566,28,16,42
564,29,16,43
564,29,17,44
564,28,17,43
563,29,17,41
562,29,16,41
563,29,17,41
563,29,17,42
561,29,17,42
560,28,17,40
561,29,17,42
560,29,16,41
560,30,17,41
559,29,17,40
559,30,17,41
559,30,17,42
559,29,17,42
559,29,17,41
558,29,17,43
560,30,16,42
558,28,17,43
558,29,17,42
558,30,17,42
556,30,18,43
558,30,17,41
557,29,17,42
556,30,17,41
556,29,17,41
554,29,17,42
555,29,18,43
553,30,18,41
553,30,18,42
553,30,18,42
553,31,17,40
552,31,18,40
552,31,18,42
553,31,17,40
551,29,18,42
553,30,18,41
552,30,17,41
552,30,17,41
551,30,17,41
533,28,16,36
551,30,17,41
545,30,18,42
548,30,18,42
535,29,16,41
548,30,17,40
546,30,19,42
537,27,18,42
546,30,19,42
544,30,19,43
543,29,18,43
540,27,20,42
541,28,20,44
540,27,20,47
541,27,19,45
541,27,20,46
541,27,18,44
541,27,18,44
541,27,17,44
542,27,17,46
541,28,18,46
540,27,18,46
540,27,19,45
540,28,19,45
540,25,19,46
542,26,19,40
543,25,18,42
544,25,17,37
545,26,16,35
542,25,18,41
544,25,17,37
543,24,18,38
546,25,16,37
548,26,15,34
548,26,14,35
549,25,15,35
549,24,15,37
551,24,15,36
551,26,15,36
551,25,15,36
553,24,14,33
552,24,15,37
554,23,15,36
554,23,15,38
555,23,16,37
556,24,15,37
557,23,14,37
559,23,15,37
560,21,15,38
560,23,16,38
563,24,15,35
563,23,15,35
564,23,14,36
564,23,14,35
564,22,15,35
566,23,15,36
567,23,14,34
567,22,14,36
568,24,15,35
569,23,14,33
569,23,14,31
570,23,14,32
571,23,14,31
574,24,14,31
575,23,14,31
576,22,14,31
576,23,14,32
577,22,14,32
578,23,15,33
579,22,15,35
580,23,14,32
580,23,14,30
582,23,14,30
581,23,14,35
581,22,15,34
583,22,15,34
583,22,15,35
584,23,16,35
584,23,15,35
584,22,15,35
585,23,15,34
585,22,15,34
586,23,15,34
586,21,16,35
585,21,16,36
588,20,16,37
588,23,14,36
587,22,15,35
589,21,16,35
588,21,16,38
588,21,15,37
588,20,16,38
591,21,15,37
589,21,15,37
590,21,15,37
591,21,15,37
592,19,15,38
591,20,15,36
592,17,14,39
593,18,15,37
593,19,15,37
594,21,14,34
595,19,14,35
596,21,13,34
596,17,13,37
596,18,13,34
598,20,12,34
597,18,12,34
599,17,11,36
598,16,11,37
598,19,12,35
598,19,11,34
599,20,10,32
600,17,10,34
599,16,10,36
600,20,10,34
599,15,10,38
600,16,10,40
599,19,10,35
600,19,10,36
600,20,10,35
598,21,10,33
600,21,10,36
599,18,10,34
599,24,10,35
594,19,12,36
597,19,11,38
600,23,10,36
597,21,12,34
599,21,10,37
597,21,12,38
594,30,15,30
598,23,12,35
591,18,13,35
599,21,11,37
596,23,12,33
599,20,10,38
596,19,12,36
594,26,14,33
596,26,13,32
598,19,12,40
596,22,13,36
598,22,12,37
592,20,13,35
597,21,11,35
600,21,10,36
597,20,12,36
595,20,12,41
598,24,12,34
592,20,13,37
596,26,11,30
599,20,10,35
597,19,11,39
597,22,11,38
593,20,13,37
597,21,12,38
592,15,14,42
596,27,13,33
591,25,17,33
597,20,12,39
592,20,14,38
597,24,12,33
597,17,11,40
596,25,13,35
598,24,12,35
586,19,15,37
596,26,13,34
595,26,13,35
598,24,12,37
596,21,12,35
600,22,10,47
599,28,11,49
598,28,11,46
598,31,11,40
599,34,11,36
599,32,11,38
597,33,11,37
599,33,11,38
596,33,13,38
596,34,13,38
594,33,15,41
594,33,15,40
592,34,16,40
591,33,16,41
589,34,16,37
588,34,16,41
587,35,16,38
586,35,16,42
584,35,17,39
583,37,16,38
582,36,16,39
580,37,16,38
579,37,16,34
578,36,17,35
576,38,17,37
575,39,16,34
574,39,16,33
573,39,16,33
570,38,16,35
568,38,17,36
568,39,15,37
565,40,17,37
564,39,17,40
563,39,17,40
562,40,17,37
559,40,17,36
558,40,18,40
557,39,18,39
555,40,19,36
552,42,19,37
550,41,19,42
548,41,20,41
546,43,20,43
543,42,22,43
542,43,21,44
540,42,21,44
536,43,23,44
537,43,22,44
535,43,22,46
534,42,23,47
529,43,24,45
529,43,23,47
528,45,22,44
526,45,23,46
524,46,22,44
523,47,22,44
522,47,23,45
519,46,23,46
518,47,22,46
515,48,23,45
515,48,22,45
511,49,23,45
510,50,23,44
508,50,22,46
507,50,21,44
505,51,23,47
504,50,22,47
502,52,21,45
499,53,21,46
497,52,22,45
498,52,21,47
496,53,22,46
492,53,21,48
492,54,20,45
490,54,21,47
488,55,20,47
487,56,19,47
485,56,19,46
485,56,19,46
481,56,21,48
468,45,20,50
470,47,22,56
468,47,25,59
468,47,23,56
471,56,23,51
467,53,23,53
466,44,24,61
466,56,21,51
464,55,20,52
463,58,20,50
462,62,20,46
464,61,18,47
460,62,20,47
457,63,21,47
465,44,21,53
453,64,21,46
450,64,21,52
450,64,21,48
449,64,21,50
447,64,21,51
445,66,21,49
444,65,21,48
464,47,21,48
463,47,22,49
463,45,23,50
463,47,21,49
462,46,22,49
461,45,22,49
461,45,22,50
460,46,22,51
460,46,22,50
459,46,22,50
460,47,24,50
459,46,23,50
459,46,23,49
460,46,23,49
459,46,22,50
460,47,23,50
460,47,22,49
460,47,22,50
458,46,22,51
460,46,22,50
459,47,21,50
458,46,22,51
458,47,23,51
457,48,22,50
457,49,22,49
457,48,21,51
457,47,21,50
456,47,21,51
456,47,22,52
455,48,22,50
455,48,22,50
454,49,20,50
455,47,20,51
453,47,21,52
453,47,21,52
453,49,22,50
451,48,22,50
453,49,22,50
451,50,21,50
451,50,21,49
451,51,20,50
449,51,20,49
449,50,21,51
451,51,20,49
449,53,20,48
449,50,20,52
449,55,19,47
448,51,19,49
447,51,20,49
447,52,20,50
446,51,21,50
446,49,20,52
448,52,19,49
444,54,20,48
445,50,21,52
445,51,21,51
445,52,18,50
444,48,21,53
444,52,19,50
445,49,20,54
443,49,21,54
442,48,20,53
441,48,21,55
417,47,21,54
441,50,20,53
438,50,21,53
440,52,20,51
439,53,20,51
418,49,20,53
438,52,19,50
438,51,20,53
438,52,20,53
438,53,19,52
436,51,20,52
436,53,20,52
436,52,20,53
436,52,21,53
436,52,21,53
430,53,22,54
430,54,21,53
429,52,21,53
428,53,21,53
428,52,20,54
425,52,22,53
411,50,20,53
428,52,21,53
427,53,20,53
426,54,20,53
425,54,20,54
424,55,20,53
424,53,20,53
423,54,20,53
423,52,21,55
423,53,21,54
422,56,20,54
421,54,20,55
420,55,22,54
420,55,21,53
418,56,21,54
420,55,21,53
417,55,22,53
417,55,20,54
416,54,20,54
416,54,21,54
415,54,20,54
413,52,21,55
412,53,20,54
412,53,22,56
410,54,21,55
410,52,21,55
409,53,23,55
409,54,21,53
407,52,23,57
407,52,22,57
408,53,22,54
407,53,21,55
408,55,20,55
405,53,23,56
406,54,22,56
404,53,22,56
403,56,20,53
404,55,21,54
403,53,20,57
402,53,22,59
402,55,20,56
401,53,21,57
401,51,20,58
401,53,18,57
400,54,20,57
399,54,21,57
399,54,21,57
399,68,18,43
399,55,20,56
397,55,22,58
396,56,22,56
395,56,21,57
395,55,22,56
394,56,21,57
394,55,21,57
393,55,20,57
393,55,21,58
392,54,22,59
392,55,22,58
392,56,22,56
392,56,21,55
391,56,21,57
391,55,21,57
389,55,21,57
389,54,22,58
388,56,22,56
386,57,21,55
385,57,22,57
385,55,23,60
384,57,24,58
383,58,21,56
381,61,21,53
391,60,17,54
369,59,22,54
376,59,21,54
375,58,23,54
347,59,20,51
390,54,19,55
388,53,19,58
345,59,21,51
344,59,22,51
389,56,19,54
386,57,21,53
387,57,22,55
344,62,20,50
368,63,26,51
362,60,22,54
362,58,24,56
386,56,20,54
385,56,22,57
385,56,20,56
384,55,21,56
383,57,22,56
383,57,19,54
384,57,19,54
383,58,20,55
383,58,20,54
383,58,21,55
382,57,20,56
338,62,21,56
382,61,20,53
382,58,22,57
382,60,21,55
380,60,21,55
381,61,21,55
381,60,20,54
382,67,19,49
382,58,19,57
380,60,20,55
381,61,20,55
380,61,19,53
380,59,19,54
379,59,21,57
379,61,19,55
380,59,20,55
379,61,19,55
379,61,20,54
381,60,19,55
380,62,19,55
380,59,20,56
380,61,19,55
378,61,22,54
379,59,20,55
329,62,21,53
297,65,26,57
295,63,29,60
294,66,30,57
290,65,29,58
289,65,31,59
287,65,28,58
287,64,27,59
283,63,28,59
281,64,29,59
280,65,30,58
280,66,29,57
278,65,30,59
278,66,28,58
278,65,27,58
275,65,28,59
272,64,27,59
269,64,28,59
267,65,27,58
267,65,27,58
263,65,30,59
261,65,31,58
261,64,30,58
260,65,30,58
258,64,30,58
256,64,29,58
257,64,27,59
254,63,28,59
253,63,28,60
252,63,29,61
251,63,30,58
249,64,31,59
247,64,33,59
248,65,31,59
246,63,30,59
245,64,29,59
244,63,29,60
244,63,27,60
243,64,26,59
241,65,25,59
239,63,27,60
239,64,26,59
237,64,27,59
234,64,28,59
235,64,27,61
235,64,27,60
235,65,27,58
235,65,25,57
233,63,28,60
232,58,29,67
233,58,30,68
231,59,32,67
233,65,31,60
233,59,30,65
233,61,30,64
232,61,29,64
233,65,28,60
231,60,28,65
233,58,27,67
232,58,25,69
229,55,30,71
229,62,29,65
227,59,30,67
229,53,31,73
304,67,23,55
306,69,23,56
343,68,20,55
339,67,21,57
306,69,22,56
306,70,21,54
305,69,23,55
305,70,22,56
305,69,23,57
306,70,23,59
339,70,21,55
305,70,21,56
306,69,22,57
346,69,21,56
336,71,21,54
331,74,22,54
337,66,23,59
333,70,23,57
332,70,21,59
300,70,23,56
346,67,22,57
345,66,22,56
342,68,25,57
332,67,27,60
343,67,23,60
330,68,23,58
300,69,24,62
330,71,22,54
327,70,23,59
298,70,23,60
300,70,23,61
322,70,23,58
338,69,26,60
322,69,22,58
298,70,22,57
252,70,27,62
253,68,29,67
255,68,28,63
265,65,25,50
295,69,23,58
320,71,24,58
321,71,22,56
322,72,21,55
321,71,22,56
322,72,22,56
320,71,24,57
320,71,23,59
322,71,22,57
321,72,22,57
321,71,22,58
319,71,24,60
271,59,22,48
269,59,24,52
269,61,25,51
291,69,23,60
269,66,26,50
289,69,23,64
268,68,26,47
252,71,26,65
269,65,28,61
288,70,24,61
250,70,27,66
250,70,28,66
248,69,27,66
262,65,34,63
248,71,27,67
246,71,27,66
247,70,26,66
276,66,25,48
245,72,27,67
247,72,27,66
246,72,26,66
247,72,27,66
245,71,28,66
245,72,29,66
246,72,27,66
245,71,27,66
245,71,28,67
244,71,27,67
243,72,28,67
244,72,28,67
243,72,28,67
243,72,27,66
276,69,24,45
277,65,24,50
275,64,25,55
238,71,30,67
239,71,28,67
280,75,24,58
319,77,24,61
332,71,26,62
329,72,26,61
330,72,25,63
325,73,27,64
329,74,24,62
328,74,26,63
328,74,25,64
323,75,26,64
331,76,23,62
329,75,23,63
312,80,23,58
331,74,22,63
313,78,24,59
313,76,26,61
316,76,27,59
313,78,25,60
330,74,23,63
312,80,25,61
329,74,24,60
329,74,23,62
329,75,24,61
328,75,24,62
329,75,24,63
328,74,23,62
327,74,25,63
327,73,24,63
327,74,24,64
326,75,25,64
302,80,25,62
320,78,27,64
302,80,27,61
326,77,25,64
328,75,23,65
327,76,24,64
328,75,23,65
326,76,24,64
324,75,25,63
325,75,24,65
325,76,24,64
297,79,26,61
295,78,25,63
325,77,24,64
294,80,30,63
323,77,26,66
293,80,27,63
294,79,29,64
320,76,26,67
322,76,26,64
288,79,29,65
321,77,25,66
317,78,27,65
321,76,25,67
319,77,27,66
320,77,24,65
321,78,23,65
321,77,24,65
321,78,24,65
321,77,23,66
321,77,24,66
320,78,23,64
320,77,26,66
319,77,26,67
319,77,24,67
319,76,25,65
317,78,26,65
319,79,24,64
263,81,25,63
316,79,26,66
317,79,24,65
316,79,26,66
315,79,25,66
313,79,26,66
312,78,26,64
312,78,26,66
313,79,26,66
310,80,26,67
314,80,24,67
308,81,27,65
258,81,25,62
313,80,24,66
305,82,28,66
310,81,26,68
310,80,25,67
310,81,25,67
310,80,26,67
310,80,24,67
309,80,27,68
304,83,27,65
307,82,26,68
308,82,24,67
308,83,24,66
305,83,26,67
304,83,26,67
305,83,24,67
299,83,25,63
303,82,26,68
304,83,26,68
304,83,24,68
302,83,24,67
302,84,26,68
303,84,24,68
302,85,25,68
303,84,25,69
302,84,25,69
304,83,25,69
253,83,29,65
302,83,27,69
304,84,24,69
304,85,25,68
303,85,23,68
301,86,26,68
302,86,24,67
303,86,24,67
248,88,25,66
259,88,24,67
284,87,31,67
302,85,25,69
246,87,25,66
253,88,28,66
245,85,25,66
250,84,29,69
299,87,27,70
245,88,24,65
245,87,25,67
246,89,24,65
250,89,25,67
302,86,24,71
301,86,26,68
301,85,26,68
302,86,26,71
301,85,28,71
302,86,27,72
302,87,26,70
301,87,28,70
302,87,28,70
303,89,25,69
302,88,27,69
302,88,26,70
301,89,26,70
301,88,27,71
299,89,28,69
298,88,29,70
299,88,28,71
299,88,28,72
299,88,28,72
300,89,28,72
300,89,28,71
300,89,27,72
301,89,28,71
301,89,27,72
302,90,28,72
301,89,29,72
302,89,30,73
300,90,30,72
302,88,29,73
302,89,29,73
302,89,29,73
303,91,27,71
303,91,27,70
303,91,27,70
302,92,28,70
304,92,27,72
302,92,27,71
302,92,29,71
301,92,30,72
300,93,30,72
301,93,29,72
300,94,31,71
301,94,30,71
301,95,27,71
301,96,29,71
303,95,29,71
303,95,27,72
303,95,27,71
303,95,26,71
301,95,26,72
301,95,29,72
301,96,27,72
299,96,30,71
298,96,27,72
298,97,29,71
298,97,28,70
297,98,27,70
297,98,27,69
297,98,29,70
295,98,27,70
296,96,28,71
294,97,28,71
294,97,26,72
293,97,28,72
293,99,27,72
293,98,26,72
294,97,27,73
292,99,29,71
291,99,30,73
292,98,29,74
292,98,32,74
292,97,29,74
264,102,31,69
291,98,28,74
289,99,31,71
288,99,34,74
289,99,30,72
348,60,32,57
345,61,34,55
291,100,28,73
291,100,26,71
291,100,27,72
289,101,30,72
288,100,30,73
291,99,27,73
289,100,29,70
289,99,29,73
287,100,30,74
287,101,31,74
288,101,31,74
288,100,31,75
290,102,29,74
253,100,28,75
257,104,31,69
291,99,30,76
291,100,31,75
291,101,30,75
291,101,32,76
292,99,30,77
292,101,29,76
291,101,29,76
291,102,30,75
285,103,34,75
291,101,31,76
288,103,30,75
290,104,29,75
290,104,27,76
289,103,28,76
290,103,27,76
290,104,27,76
289,103,26,76
289,103,28,78
288,104,28,78
286,105,28,77
287,104,31,78
287,104,30,78
287,104,28,78
287,105,27,78
286,105,28,78
286,105,28,77
286,104,28,79
285,105,27,79
286,105,28,79
284,105,28,79
284,105,29,78
285,107,28,76
284,106,28,78
282,106,30,78
282,108,30,76
277,108,32,77
280,107,29,77
278,107,30,79
278,106,30,78
275,106,32,80
275,106,30,79
276,107,30,79
274,107,29,78
275,106,31,77
275,107,28,78
275,108,29,80
274,109,28,79
274,108,29,80
272,107,30,81
272,108,30,80
272,107,30,81
272,108,30,81
272,108,30,81
270,109,30,81
269,110,32,80
269,110,31,80
271,111,31,80
269,111,30,79
269,112,30,79
269,111,30,80
268,111,29,80
267,111,31,81
268,111,31,80
266,111,30,81
266,111,31,81
265,112,30,81
266,111,30,81
266,112,30,81
266,113,31,81
266,112,30,80
265,113,31,80
265,113,30,81
265,113,31,82
266,111,30,81
265,112,30,82
266,112,31,84
265,113,31,82
264,113,31,82
264,114,30,82
263,115,31,82
264,115,31,81
262,116,31,82
263,116,30,81
261,115,32,82
261,115,30,81
261,116,30,81
257,118,31,79
261,116,29,81
259,117,29,82
260,117,29,82
259,118,29,81
260,118,28,82
259,117,28,82
259,117,29,83
259,117,30,83
259,117,29,83
260,117,29,83
260,117,28,81
260,117,28,83
259,117,30,83
260,117,30,84
260,118,30,84
259,119,30,84
259,119,30,83
260,119,30,84
261,120,28,83
260,121,28,84
258,121,32,83
258,121,30,83
258,121,30,83
257,121,32,84
257,120,32,84
258,119,32,85
258,121,31,84
259,122,31,83
259,123,31,83
259,123,30,82
261,123,30,83
261,123,30,84
261,122,31,84
263,122,29,85
262,122,30,83
260,123,33,84
263,122,31,84
262,123,32,86
262,125,33,85
262,124,32,86
263,123,30,86
264,124,31,85
264,124,29,85
222,135,31,76
260,127,34,85
266,126,29,85
264,126,31,86
266,127,29,85
265,125,31,86
265,125,31,87
264,127,35,86
265,126,33,87
266,127,34,87
266,128,33,86
267,128,33,87
269,128,33,87
267,130,35,85
268,129,34,87
267,129,35,86
267,129,35,86
269,128,35,89
268,129,36,87
269,129,34,88
268,130,35,87
192,132,35,86
197,135,31,79
221,138,30,81
270,133,33,83
268,135,33,82
219,141,33,81
214,136,38,85
269,132,35,88
269,131,36,88
263,132,40,86
271,133,33,88
270,133,34,88
239,137,36,84
269,135,37,87
194,138,35,86
219,140,30,83
196,135,36,87
200,134,40,92
195,133,41,90
201,141,39,82
197,134,38,90
210,140,35,88
220,143,35,86
215,142,34,86
275,138,33,89
275,138,31,89
275,138,30,91
275,139,30,89
276,139,29,88
274,138,32,91
275,138,33,90
215,142,35,88
274,138,34,89
206,141,39,88
193,136,39,95
192,143,38,89
195,139,34,91
198,143,40,88
194,138,36,93
218,148,35,85
199,141,36,89
198,146,38,84
195,146,38,84
193,139,38,94
192,141,39,91
187,140,43,95
188,142,42,94
194,140,38,97
185,141,44,93
185,139,45,94
185,141,46,92
183,139,48,95
184,140,48,95
182,142,50,98
181,143,50,93
191,143,42,94
186,142,45,94
186,148,45,92
202,145,37,95
199,143,33,95
199,147,35,93
199,148,38,92
200,145,34,94
197,145,38,97
199,142,36,97
200,147,36,92
200,147,35,93
200,149,34,91
201,151,34,88
201,149,34,91
203,149,34,90
202,149,32,92
203,149,31,91
199,147,35,92
204,150,32,87
203,148,32,91
202,150,34,89
205,151,34,90
202,149,34,94
206,154,35,89
205,150,34,94
208,154,35,91
204,149,35,95
204,153,36,93
205,150,31,89
205,151,38,93
205,151,33,92
206,152,34,94
205,151,34,96
204,152,34,93
203,148,36,98
207,153,32,90
207,152,32,93
203,154,35,93
202,154,37,91
204,154,34,89
203,155,34,92
201,152,34,91
204,154,33,89
203,157,35,91
200,158,37,90
204,155,33,89
201,156,38,92
201,156,36,92
202,159,36,90
201,158,37,91
200,159,38,91
203,163,34,86
200,153,39,100
201,155,39,97
201,154,38,100
204,153,38,102
198,153,43,102
202,154,39,102
200,156,36,100
202,155,33,98
243,172,33,84
199,157,37,99
200,158,35,100
201,158,39,101
195,157,42,102
200,155,38,105
199,157,37,100
199,158,37,103
199,158,35,99
200,160,35,101
197,159,37,100
199,160,38,103
199,162,34,101
196,163,36,101
198,160,38,102
199,162,36,103
198,162,36,104
198,163,35,102
199,162,36,103
199,162,34,102
196,164,36,101
198,161,35,106
199,163,34,105
200,164,36,105
200,166,31,104
201,166,35,105
200,166,35,106
201,168,35,103
200,166,34,104
202,167,37,106
199,167,37,104
201,166,36,106
199,168,35,105
202,168,38,107
202,169,40,104
202,167,43,107
199,168,40,110
200,168,37,112
203,170,37,106
250,180,34,104
321,170,38,107
322,171,41,105
324,171,40,104
325,173,40,104
326,172,38,106
327,172,40,105
327,172,39,103
327,171,42,109
325,171,46,109
324,170,46,108
324,170,48,108
326,173,46,109
326,173,46,108
327,175,44,109
331,175,42,109
330,176,43,109
331,176,43,108
331,178,43,107
333,177,43,108
331,176,44,108
331,177,43,109
333,176,43,110
333,176,43,112
334,177,44,112
335,179,42,111
336,179,42,111
335,179,41,111
337,179,40,113
337,179,40,111
337,179,41,113
339,179,39,113
339,180,43,112
338,179,43,113
337,180,44,115
336,180,43,113
335,182,45,113
335,182,45,111
334,183,46,111
336,182,45,111
340,184,42,111
339,185,40,112
340,186,39,112
339,184,40,113
339,185,42,111
337,185,43,111
337,184,46,111
337,184,43,114
339,186,45,112
339,186,41,114
340,187,43,114
342,188,40,113
343,189,39,115
343,189,39,115
344,191,40,115
344,191,40,113
345,191,42,113
344,190,43,114
343,190,42,112
344,192,44,115
345,192,43,113
345,192,43,115
348,194,41,115
349,195,40,116
348,196,39,117
350,196,39,116
351,196,38,114
350,195,41,115
351,195,41,117
275,205,56,116
350,197,45,117
353,198,41,116
356,199,43,116
355,200,42,116
355,201,42,115
356,201,41,116
358,202,40,116
359,202,40,115
362,203,39,114
363,202,39,116
363,203,40,115
363,204,39,116
366,204,40,118
367,206,39,117
367,206,39,116
367,207,38,119
369,208,37,117
369,208,38,119
370,208,37,118
371,209,38,118
371,208,37,119
372,208,37,120
372,207,37,121
374,208,39,122
375,210,40,120
375,211,41,120
377,212,41,121
376,212,40,121
378,212,41,121
378,213,44,120
378,212,43,120
381,212,43,121
381,212,42,121
386,212,40,122
388,213,40,124
388,213,40,125
389,215,40,123
390,216,40,122
391,217,38,124
391,217,39,123
393,219,40,123
395,217,40,123
394,218,42,125
395,217,41,125
396,217,41,125
397,217,44,126
397,218,44,125
400,218,46,127
398,219,46,127
401,220,49,127
402,222,46,125
402,222,43,127
403,221,41,128
405,222,41,129
406,222,42,128
405,222,43,128
406,221,42,128
408,220,43,128
410,223,41,127
408,222,44,130
412,224,43,129
411,225,45,127
411,225,45,129
413,227,42,126
410,229,45,128
412,230,44,130
414,229,42,131
412,228,43,132
411,229,47,129
414,230,45,130
412,229,48,130
416,230,44,130
416,230,44,132
417,231,45,132
416,232,55,133
418,232,50,135
412,234,58,135
420,233,52,134
422,235,47,132
423,238,47,129
422,233,49,134
426,230,44,140
337,260,49,125
321,254,62,127
424,178,48,106
430,181,46,112
432,185,44,74
435,185,46,98
438,193,50,93
435,190,55,104
428,240,57,136
449,191,47,99
431,238,59,139
431,240,49,134
428,241,53,138
469,195,48,104
474,197,46,107
477,198,48,107
478,200,50,107
486,202,49,109
489,202,51,110
492,205,53,109
496,205,51,111
438,247,47,140
441,247,44,141
440,247,45,140
442,247,47,141
440,247,49,143
443,248,48,143
534,216,48,118
534,218,54,120
444,253,46,141
439,252,52,143
444,252,45,145
553,226,54,121
557,225,53,124
565,231,45,123
570,230,40,123
573,232,35,121
578,234,31,114
585,238,25,115
586,240,23,117
590,253,20,106
581,285,27,79
564,350,46,25
580,349,30,32
576,362,34,27
590,332,19,57
587,361,23,34
592,364,18,33
581,366,25,33
550,381,52,19
538,377,57,28
563,373,45,44
542,385,63,26
557,387,51,31
556,392,52,27
561,398,46,26
573,402,36,29
570,407,39,22
580,416,30,23
583,421,27,24
588,424,22,21
594,430,16,18
590,409,17,37
566,415,38,31
571,377,36,70
562,310,41,67
489,281,44,107
448,277,55,159
450,277,56,161
450,278,56,160
453,277,58,162
451,280,57,159
451,279,63,160
450,281,65,160
450,282,64,162
449,283,67,161
451,285,63,161
453,285,61,162
453,287,60,160
455,287,58,160
457,287,58,161
457,288,58,160
460,287,59,161
461,287,60,161
462,289,58,161
464,289,57,161
465,293,57,157
467,294,55,156
468,296,55,154
470,298,53,152
471,297,56,153
472,299,57,151
471,300,58,150
472,298,60,152
467,299,64,151
471,297,65,152
468,298,68,150
471,300,66,150
472,300,66,149
