0.003886
0.031158
0.017679
0.041831
0.029067
0.022186
0.018937
0.025838
0.022231
0.015295
0.022869
0.031703
0.022905
0.039583
0.030057
0.015539
0.018075
0.014915
0.033304
0.018239
0.022133
0.031929
0.032501
0.056837
0.019504
0.017401
0.017012
0.018260
0.016882
0.020621
0.019357
0.029041
0.016658
0.032224
0.026086
0.018161
0.046496
0.017339
0.027601
0.017137
0.021173
0.016322
0.019392
0.024455
0.031878
0.023595
0.036481
0.038930
0.018044
0.016760
0.015979
0.017624
0.023769
0.015831
0.022345
0.038559
0.018868
0.019554
0.052105
0.020972
0.028071
0.018506
0.016626
0.018058
0.022254
0.021160
0.022702
0.018117
0.022259
0.032650
0.017699
0.023957
0.020280
0.018132
0.020321
0.018066
0.018497
0.024625
0.017216
0.022004
0.029543
0.031553
0.020639
0.044773
0.025325
0.025179
0.016502
0.016714
0.019272
0.015592
0.016394
0.023742
0.018595
0.021415
0.021437
0.031903
0.022477
0.041973
0.032486
0.021302
0.016916
0.018661
0.015795
0.020405
0.030015
0.021717
0.032032
0.028323
0.087900
0.040485
0.022731
0.019174
0.019737
0.020839
0.017452
0.022929
0.032021
0.022265
0.020917
0.057801
0.028546
0.019843
0.018821
0.016907
0.015556
0.016231
0.023550
0.017259
0.019204
0.020717
0.034120
0.016590
0.024815
0.049889
0.022216
0.040812
0.044848
0.021553
0.031251
0.018622
0.032413
0.022760
0.059696
0.018924
0.016976
0.023740
0.021994
0.020989
0.020572
0.019952
0.019726
0.024357
0.032117
0.017999
0.029200
0.019773
0.018276
0.020065
0.018016
0.015594
0.015794
0.022347
0.018009
0.022142
0.022416
0.018289
0.044820
0.028403
0.021193
0.051028
0.020680
0.015211
0.016137
0.015629
0.015358
0.015045
0.020564
0.015366
0.018051
0.020842
0.032078
0.023449
0.017702
0.080104
0.031339
0.026843
0.018291
0.016768
0.024246
0.016073
0.022124
0.017459
0.025156
0.015370
0.066507
0.018048
0.017614
0.015779
0.025232
0.019343
0.022731
0.021573
0.031978
0.025210
0.019220
0.043551
0.028241
0.018526
0.020421
0.018142
0.017612
0.015201
0.025204
0.022418
0.018101
0.031298
0.028460
0.051259
0.030559
0.018318
0.016578
0.015171
0.015298
0.016891
0.025549
0.024551
0.016862
0.024154
0.031047
0.020225
0.034149
0.031746
0.018660
0.018834
0.018080
0.019255
0.015897
0.015795
0.022934
0.018305
0.019959
0.019858
0.032771
0.024276
0.018799
0.059981
0.016875
0.019527
0.016737
0.016927
0.022246
0.029972
0.016335
0.023560
0.029156
0.019933
0.019816
0.052437
0.026698
0.017501
0.018600
0.022652
0.018297
0.015625
0.016237
0.022182
0.017109
0.021324
0.039856
0.032002
0.018477
0.033747
0.037878
0.019964
0.017484
0.034959
0.021840
0.017146
0.020709
0.024858
0.020029
0.036083
0.021358
0.065390
0.021225
0.018523
0.017615
0.016788
0.018347
0.016189
0.025023
0.028057
0.031889
0.018093
0.017862
0.081814
0.021649
0.022675
0.038641
0.018860
0.017828
0.022076
0.017205
0.024267
0.031984
0.020503
0.022289
0.060522
0.034213
0.017514
0.022392
0.022947
0.016513
0.015767
0.017375
0.018651
0.016415
0.024781
0.017785
0.033067
0.026727
0.021425
0.056557
0.022540
0.028116
0.018043
0.019599
0.019251
0.020015
0.018125
0.034026
0.018370
0.034624
0.028123
0.055187
0.043986
0.031155
0.019916
0.018958
0.017555
0.025361
0.019765
0.024892
0.018550
0.033189
0.027214
0.016326
0.080657
0.020007
0.021363
0.017062
0.018148
0.016689
0.019744
0.025282
0.015594
0.032950
0.031722
0.015720
0.064620
0.040801
0.028127
0.026125
0.021317
0.019868
0.022148
0.022519
0.018852
0.032658
0.027054
0.016645
0.021513
0.046117
0.032687
0.023826
0.016049
0.020507
0.017187
0.016550
0.023536
0.016946
0.021384
0.025278
0.031067
0.020237
0.023938
0.059183
0.033243
0.031537
0.018909
0.026381
0.022872
0.016930
0.023787
0.033496
0.020718
0.037793
0.039284
0.019526
0.019805
0.020295
0.016367
0.021070
0.019723
0.022460
0.037535
0.028274
0.016985
0.030282
0.019395
0.016212
0.017568
0.026270
0.017812
0.019057
0.022410
0.039478
0.021224
0.050787
0.018228
0.016618
0.017428
0.016568
0.017331
0.022038
0.033698
0.031339
0.032324
0.016987
0.021246
0.044832
0.018465
0.016765
0.016171
0.017655
0.016865
0.025463
0.027598
0.032977
0.018811
0.019709
0.059060
0.018575
0.017117
0.016413
0.018911
0.021263
0.023721
0.022114
0.026451
0.034773
0.019817
0.035314
0.026438
0.019118
0.045219
0.031812
0.017661
0.029495
0.023059
0.020997
0.020411
0.015787
0.027753
0.017251
0.032723
0.023501
0.023714
0.045365
0.022566
0.021776
0.025832
0.029668
0.015262
0.023675
0.021723
0.038013
0.032872
0.020181
0.047486
0.019769
0.026758
0.020175
0.034618
0.032269
0.027424
0.029216
0.023427
0.033534
0.017644
0.024493
0.053401
0.033186
0.020628
0.020808
0.024844
0.033924
0.023450
0.037670
0.045071
0.024514
0.030175
0.063303
0.045910
0.021365
0.029202
0.039352
0.019471
0.020861
0.024579
0.023757
0.019106
0.023894
0.027959
0.042103
0.029499
0.038828
0.041703
0.031987
0.024402
0.015279
0.045000
0.035644
0.024580
0.032846
0.024488
0.024393
0.022525
0.039140
0.026205
0.065276
0.038775
0.023540
0.032424
0.018002
0.018658
0.032314
0.027926
0.030582
0.022901
0.040566
0.017177
0.057694
0.037059
0.031689
0.025506
0.020420
0.026439
0.027072
0.033340
0.031821
0.023093
0.072814
0.021663
0.022333
0.025383
0.029297
0.024434
0.026930
0.045697
0.030461
0.051112
0.035338
0.036528
0.036174
0.030979
0.022264
0.017760
0.022697
0.038359
0.030420
0.034865
0.038847
0.022569
0.019506
0.030333
0.018721
0.023834
0.035215
0.018778
0.035347
0.033121
0.030248
0.056680
0.019411
0.016076
0.020105
0.045655
0.019073
0.021408
0.035432
0.021890
0.041973
0.035502
0.018257
0.053943
0.038816
0.029310
0.028241
0.020473
0.016401
0.030116
0.020965
0.029471
0.017576
0.026238
0.030352
0.039293
0.038072
0.069995
0.033077
0.043281
0.017169
0.026649
0.045567
0.021948
0.034104
0.025975
0.030754
0.025151
0.034449
0.021022
0.058481
0.030359
0.028601
0.020542
0.021555
0.035617
0.020543
0.030035
0.033555
0.028450
0.032767
0.018442
0.054009
0.047051
0.047993
0.018673
0.023664
0.037272
0.034317
0.027310
0.030198
0.035616
0.032698
0.017443
0.056196
0.037519
0.020731
0.029643
0.021023
0.018670
0.026402
0.030528
0.023959
0.038518
0.025867
0.033613
0.037734
0.019688
0.029949
0.018054
0.039204
0.040620
0.018235
0.031824
0.034287
0.028255
0.037556
0.037941
0.045534
0.017708
0.021013
0.028449
0.024561
0.034455
0.034982
0.032954
0.019546
0.030292
0.041456
0.019392
0.018300
0.019310
0.030604
0.033083
0.038390
0.021370
0.061784
0.018903
0.032270
0.021250
0.016867
0.029937
0.021967
0.027601
0.023339
0.027756
0.044532
0.025619
0.048690
0.037152
0.019611
0.026417
0.026422
0.029645
0.022721
0.021957
0.028562
0.040161
0.023038
0.062109
0.036615
0.025934
0.029552
0.018755
0.029013
0.034830
0.027227
0.017601
0.032606
0.024925
0.032270
0.032134
0.046565
0.021525
0.059263
0.027626
0.023522
0.045572
0.023054
0.019757
0.028704
0.025134
0.027150
0.022326
0.038196
0.023522
0.020704
0.063454
0.022805
0.017435
0.025426
0.025339
0.024210
0.016257
0.035006
0.036166
0.034511
0.022377
0.058459
0.033113
0.025697
0.022505
0.027406
0.020223
0.022131
0.016983
0.048279
0.027658
0.062463
0.038089
0.023712
0.031863
0.046680
0.017538
0.031157
0.038629
0.015516
0.043556
0.032740
0.069708
0.027324
0.035748
0.025499
0.019473
0.029733
0.033491
0.033854
0.026995
0.051887
0.040598
0.017645
0.027092
0.024673
0.031367
0.025742
0.029997
0.035275
0.031461
0.062674
0.033649
0.036464
0.016905
0.026499
0.023748
0.026758
0.022110
0.034940
0.050267
0.028329
0.064625
0.035064
0.024000
0.029318
0.024276
0.032138
0.034412
0.032610
0.017296
0.057970
0.040907
0.018226
0.020250
0.031868
0.029181
0.025316
0.018870
0.025893
0.029130
0.031168
0.017066
0.019433
0.043518
0.033843
0.016840
0.015759
0.019945
0.020508
0.035993
0.029685
0.021291
0.031792
0.024555
0.016534
0.049384
0.019477
0.022212
0.024268
0.017709
0.016350
0.023559
0.022399
0.020351
0.033653
0.019252
0.020059
0.031661
0.018695
0.020669
0.015301
0.018333
0.016188
0.016127
0.036884
0.021681
0.025284
0.019974
0.031834
0.019180
0.067279
0.025187
0.025659
0.017178
0.016368
0.018766
0.020489
0.022798
0.020169
0.030813
0.031825
0.018080
0.056531
0.019874
0.037127
0.028108
0.019443
0.019606
0.019684
0.017420
0.017365
0.023612
0.031812
0.024578
0.021240
0.046241
0.017421
0.024496
0.020079
0.017788
0.018934
0.017063
0.022965
0.017281
0.028590
0.017905
0.031864
0.027220
0.039031
0.034686
0.027904
0.019968
0.018105
0.021197
0.018060
0.021712
0.038322
0.019946
0.034963
0.019204
0.029958
0.046505
0.017564
0.016561
0.017060
0.017339
0.015129
0.021554
0.023971
0.019828
0.031337
0.029961
0.018258
0.059497
0.020442
0.014862
0.014890
0.023277
0.019990
0.017628
0.024666
0.019668
0.026598
0.022411
0.035241
0.020609
0.056652
0.020907
0.031475
0.016649
0.016472
0.017185
0.015241
0.016179
0.016407
0.025051
0.029257
0.032350
0.025022
0.019662
0.030952
0.018014
0.016916
0.025460
0.029894
0.021319
0.022851
0.016536
0.031004
0.028894
0.017831
0.029571
0.037912
0.019302
0.023335
0.026169
0.019046
0.019864
0.018174
0.021296
0.027610
0.018340
0.017815
0.031142
0.016648
0.066377
0.020557
0.019320
0.018130
0.021284
0.016509
0.022285
0.020147
0.021459
0.016380
0.019846
0.031972
0.026299
0.016572
0.065506
0.027602
0.041724
0.023981
0.019545
0.023780
0.024701
0.017612
0.020897
0.031382
0.022379
0.016890
0.058534
0.024027
0.019876
0.017339
0.016969
0.022294
0.017157
0.017737
0.034825
0.024245
0.017621
0.053734
0.018796
0.019835
0.017577
0.019355
0.017322
0.015457
0.017650
0.021400
0.023885
0.017791
0.020619
0.034148
0.020586
0.023046
0.051858
0.021915
0.016837
0.019437
0.021615
0.019647
0.020314
0.030982
0.017203
0.020565
0.030692
0.025130
0.020733
0.045743
0.022035
0.015543
0.017859
0.017737
0.017804
0.018808
0.017615
0.016631
0.018327
0.031178
0.028131
0.022523
0.028434
0.035115
0.020087
0.018818
0.021874
0.017260
0.015317
0.016267
0.016170
0.028789
0.023129
0.021299
0.022796
0.031942
0.022242
0.016965
0.072551
0.019092
0.017671
0.016502
0.033772
0.017605
0.016429
0.017203
0.023397
0.025838
0.017760
0.027302
0.032357
0.018186
0.032542
0.024327
0.019788
0.016744
0.022754
0.023634
0.022738
0.021303
0.021654
0.016717
0.032165
0.026680
0.018668
0.040975
0.035600
0.030426
0.018913
0.018747
0.014179
0.022126
0.016230
0.034835
0.025596
0.018102
0.056974
0.016525
0.018440
0.016313
0.017212
0.015932
0.017352
0.016755
0.024971
0.031671
0.019307
0.032103
0.023192
0.020856
0.053843
0.026607
0.019971
0.016262
0.020641
0.023438
0.034255
0.018223
0.024306
0.033021
0.018128
0.023903
0.062257
0.027349
0.020195
0.041811
0.025865
0.023004
0.021814
0.034485
0.027322
0.033150
0.017067
0.018832
0.063148
0.017017
0.016130
0.016660
0.015431
0.022855
0.021154
0.018965
0.022850
0.031243
0.019466
0.023241
0.033566
0.027037
0.016676
0.016256
0.018570
0.017259
0.022467
0.021124
0.026920
0.018325
0.033739
0.020651
0.019526
0.061357
0.023344
0.018309
0.016087
0.015445
0.020271
0.016265
0.017574
0.017041
0.022469
0.016947
0.020719
0.018397
0.032083
0.030097
0.018398
0.056796
0.026185
0.019114
0.018430
0.017600
0.023874
0.017122
0.021722
0.029182
0.031106
0.024318
0.022573
0.049434
0.034002
0.019646
0.016921
0.017376
0.017618
0.017888
0.019453
0.017109
0.020815
0.019834
0.016062
0.020340
0.036703
0.016824
0.025245
0.025304
0.016711
0.016349
0.017805
0.017267
0.016730
0.023850
0.018057
0.025166
0.026388
0.032077
0.020068
0.068303
0.018001
0.015511
0.016434
0.018399
0.017067
0.015989
0.021937
0.033882
0.026906
0.031903
0.016341
0.018029
0.062730
0.025806
0.015833
0.015540
0.018458
0.022512
0.020703
0.023840
0.026561
0.019123
0.031579
0.027894
0.017421
0.022737
0.020412
0.015180
0.019901
0.015779
0.024179
0.018738
0.030458
0.019123
0.043601
0.031642
0.017391
0.015593
0.017056
0.015428
0.017670
0.031039
0.030175
0.016312
0.019250
0.032092
0.025838
0.015266
0.038510
0.036223
0.015824
0.028836
0.016098
0.024224
0.026194
0.020937
0.031599
0.023429
0.019586
0.024692
0.030028
0.017494
0.019134
0.016777
0.018731
0.026629
0.030127
0.017372
0.033776
0.024500
0.020318
0.044794
0.017712
0.020242
0.020069
0.021473
0.027230
0.028968
0.020329
0.032517
0.015365
0.017685
0.072130
0.035158
0.019946
0.016704
0.021937
0.019248
0.015514
0.022002
0.031105
0.024069
0.028325
0.064280
0.018631
0.015018
0.018073
0.015255
0.016499
0.026229
0.017374
0.017380
0.017953
0.032146
0.027102
0.018028
0.053424
0.020834
0.021065
0.015888
0.015494
0.015727
0.021043
0.016205
0.029087
0.025258
0.031543
0.021818
0.023339
0.047694
0.016825
0.017567
0.016747
0.015040
0.026670
0.029312
0.020322
0.032569
0.024132
0.018333
0.044740
0.027633
0.015917
0.016224
0.016532
0.016349
0.023354
0.023435
0.016998
0.031955
0.019749
0.041657
0.055215
0.022867
0.028205
0.018692
0.021406
0.023414
0.015822
0.025844
0.017621
0.035341
0.022722
0.015888
0.066064
0.031331
0.017809
0.016431
0.016972
0.018755
0.016961
0.019346
0.020781
0.022221
0.020327
0.032670
0.028775
0.018171
0.065756
0.020526
0.016872
0.016636
0.018094
0.017446
0.025442
0.027111
0.022165
0.032025
0.031438
0.014963
0.052744
0.024041
0.018265
0.020220
0.020273
0.018200
0.021655
0.017149
0.024036
0.017579
0.023320
0.021364
0.017297
0.021804
0.033777
0.020480
0.017635
0.051973
0.016489
0.022777
0.018492
0.018343
0.017043
0.016069
0.020176
0.018466
0.021422
0.024174
0.015484
0.033215
0.028421
0.018511
0.063405
0.021935
0.020538
0.025400
0.017347
0.020252
0.021280
0.017244
0.022846
0.018212
0.031113
0.027380
0.017712
0.046726
0.030759
0.021259
0.017229
