0.005147
0.020182
0.023576
0.018455
0.017261
0.030915
0.016894
0.022871
0.024805
0.016436
0.016212
0.029774
0.026475
0.018699
0.017003
0.031965
0.028301
0.014937
0.022190
0.054587
0.024865
0.015540
0.019602
0.017046
0.016250
0.024103
0.024382
0.025969
0.032944
0.019357
0.022459
0.062865
0.024776
0.017115
0.021018
0.019284
0.023784
0.015701
0.020835
0.017075
0.031966
0.017524
0.046032
0.024947
0.016934
0.019345
0.016602
0.021182
0.024552
0.021481
0.016606
0.030787
0.030181
0.015613
0.021812
0.046781
0.017483
0.019787
0.030510
0.025174
0.030502
0.019072
0.031510
0.026400
0.022675
0.038506
0.035583
0.017600
0.024901
0.018297
0.016114
0.023189
0.022352
0.031844
0.026782
0.018783
0.046188
0.018217
0.015716
0.022995
0.017538
0.016577
0.023952
0.016746
0.018874
0.035599
0.016851
0.026222
0.023067
0.021880
0.018877
0.021442
0.026931
0.021563
0.033086
0.030878
0.058933
0.020493
0.017789
0.018960
0.016906
0.018933
0.016914
0.020129
0.033806
0.018772
0.030475
0.027679
0.017736
0.050169
0.022112
0.016164
0.014876
0.028380
0.030699
0.025695
0.034573
0.017706
0.050185
0.022378
0.016579
0.019624
0.015463
0.016131
0.040531
0.041669
0.035516
0.017996
0.036990
0.048260
0.031902
0.024005
0.022296
0.030268
0.027233
0.035016
0.026702
0.057234
0.029018
0.019603
0.036286
0.046318
0.034804
0.045550
0.020661
0.039301
0.025737
0.017914
0.051134
0.029704
0.034987
0.026476
0.021636
0.042490
0.019784
0.040069
0.034552
0.029226
0.058060
0.046442
0.019898
0.034226
0.036323
0.019500
0.032458
0.037434
0.023316
0.026011
0.051602
0.032084
0.018649
0.029209
0.031097
0.022772
0.024728
0.026447
0.039897
0.035471
0.072164
0.025810
0.020962
0.019835
0.032470
0.017779
0.023522
0.020551
0.021045
0.033406
0.040364
0.063346
0.023470
0.032940
0.028407
0.021233
0.032100
0.022156
0.020352
0.018926
0.022955
0.046756
0.020851
0.040655
0.038312
0.027059
0.025411
0.017885
0.022904
0.019920
0.034846
0.026466
0.025843
0.040384
0.019749
0.060183
0.028940
0.017432
0.042086
0.017728
0.043252
0.037428
0.016779
0.045243
0.018583
0.017266
0.050969
0.024656
0.020501
0.023248
0.017820
0.020980
0.021989
0.032566
0.021775
0.050135
0.021574
0.050044
0.018345
0.024422
0.032365
0.018861
0.029629
0.018012
0.019592
0.040798
0.053152
0.057726
0.025438
0.026930
0.019449
0.037981
0.034979
0.018751
0.043905
0.031286
0.020583
0.040983
0.020077
0.018322
0.026096
0.016518
0.025456
0.028404
0.033298
0.032573
0.049250
0.022210
0.023422
0.038348
0.015017
0.019598
0.018934
0.021725
0.031742
0.025137
0.029169
0.052689
0.021673
0.042825
0.020460
0.054370
0.027297
0.029494
0.057904
0.041036
0.029262
0.050460
0.041937
0.019253
0.035153
0.033515
0.016591
0.021401
0.030619
0.037738
0.029469
0.073768
0.030143
0.019028
0.018389
0.035677
0.018181
0.036353
0.045642
0.017063
0.023313
0.030467
0.021935
0.048461
0.038071
0.018017
0.023526
0.016449
0.036576
0.022238
0.021661
0.019408
0.031254
0.049469
0.025970
0.055191
0.042432
0.023316
0.022665
0.019376
0.032780
0.021196
0.031537
0.026514
0.031790
0.033483
