0.023997
0.029496
0.031075
0.017708
0.020275
0.021140
0.020105
0.016171
0.017899
0.031894
0.028891
0.020347
0.066528
0.023244
0.022129
0.017500
0.016275
0.021536
0.021983
0.017921
0.026912
0.032109
0.023433
0.021403
0.023042
0.020449
0.016111
0.016329
0.016437
0.015563
0.016555
0.015790
0.016255
0.023978
0.017169
0.021325
0.031255
0.030140
0.024537
0.024431
0.016829
0.014615
0.014571
0.025366
0.015393
0.020960
0.017830
0.018143
0.031765
0.019811
0.018594
0.063885
0.019518
0.016525
0.019604
0.025906
0.025822
0.034074
0.027631
0.016427
0.037758
0.026460
0.020469
0.016653
0.019026
0.021663
0.017130
0.017929
0.015258
0.031651
0.022732
0.028911
0.077265
0.018934
0.017324
0.017637
0.026238
0.021313
0.020256
0.030852
0.017442
0.015689
0.060459
0.027037
0.021230
