0.003639
0.022823
0.019078
0.016566
0.023983
0.018430
0.015733
0.021918
0.026529
0.015876
0.021345
0.016810
0.018890
0.017243
0.018561
0.021410
0.019627
0.015913
0.023068
0.024226
0.020183
0.016590
0.024004
0.019837
0.016813
0.020577
0.024200
0.021763
0.018330
0.022573
0.020443
0.026815
0.015693
0.021252
0.020173
0.027277
0.016659
0.023644
0.017066
0.020179
0.019222
0.019595
0.031561
0.017007
0.016016
0.016775
0.020385
0.017739
0.016110
0.029156
0.026981
0.018410
0.020035
0.015262
0.017887
0.017279
0.017955
0.017039
0.040127
0.078281
0.024018
0.024162
0.045868
0.019465
0.033433
0.030610
0.034708
0.028795
0.043383
0.025292
0.026010
0.017839
0.028875
0.018061
0.032058
0.043816
0.023955
0.045807
0.031667
0.045716
0.050580
0.032868
0.039226
0.018995
0.017579
0.021160
0.028049
0.032792
0.035233
0.029460
0.041578
0.065689
0.020351
0.034211
0.038068
0.023752
0.028154
0.038146
0.019413
0.048634
0.019896
0.019326
0.033650
0.016548
0.036732
0.023522
0.018541
0.046445
0.025290
0.050474
0.041420
0.038544
0.017713
0.028064
0.019254
0.017184
0.023834
0.033917
0.032840
0.032954
0.061648
0.028681
0.042040
0.031528
0.026793
0.023574
0.047824
0.033164
0.019589
0.049359
0.037716
0.024637
0.027759
0.034200
0.039719
0.023458
0.033039
0.031070
0.021949
0.051661
0.027161
0.026530
0.023420
0.025276
0.044548
0.019441
0.026347
0.026012
0.022419
0.019919
0.037398
0.028897
0.018300
0.059817
0.019177
0.042234
0.015577
0.036434
0.040626
0.023183
0.024575
0.046390
0.021814
0.077693
0.044392
0.031598
0.018562
0.033190
0.018373
0.040648
0.039953
0.034438
0.031793
0.037256
0.061780
0.023579
0.048660
0.020516
0.028482
0.022660
0.016386
0.029514
0.029686
0.022908
0.026639
0.031642
0.019005
0.045614
0.023514
0.016928
0.016905
0.030088
0.016527
0.021531
0.017535
0.031475
0.024312
0.030943
0.021525
0.016450
0.028986
0.030641
0.020444
0.017054
0.027903
0.019846
0.023751
0.021359
0.020375
0.033406
0.021569
0.017416
0.064348
0.019154
0.020939
0.017095
0.017234
0.024063
0.017633
0.017836
0.020472
0.031610
0.018123
0.017155
0.069122
0.032264
0.015489
0.018487
0.015133
0.015311
0.020946
0.018365
0.026269
0.020102
0.031503
0.024476
0.018789
0.062481
0.019287
0.017274
0.015569
0.016226
0.017360
0.019425
0.016141
0.022205
0.020542
0.019866
0.018549
0.031114
0.026808
0.025073
0.024811
0.035687
0.016931
0.015180
0.015113
0.019486
0.024031
0.016618
0.018196
0.020417
0.017742
0.024926
0.033175
0.020467
0.029681
0.035038
0.019209
0.029654
0.019105
0.018871
0.018692
0.022358
0.016936
0.024190
0.036908
0.015610
0.017735
0.061438
0.038589
0.019572
0.030143
0.025404
0.017217
0.021919
0.017987
0.022470
0.017036
0.033156
0.027590
0.017134
0.049213
0.031821
0.023335
0.017930
0.017585
0.016324
