0.008608
0.016642
0.019148
0.015956
0.019109
0.016062
0.019855
0.018528
0.017181
0.027799
0.019704
0.017877
0.021404
0.017827
0.028300
0.016458
0.017764
0.033218
0.057227
0.022146
0.020764
0.026659
0.019709
0.025570
0.021730
0.031935
0.030218
0.059832
0.026363
0.028626
0.041457
0.019272
0.021708
0.030609
0.026090
0.040299
0.035735
0.019500
0.056440
0.039110
0.017781
0.035309
0.018742
0.034845
0.026304
0.034916
0.028064
0.054651
0.029825
0.018243
0.022039
0.031861
0.025312
0.025532
0.034638
0.032664
0.021978
0.049043
0.058850
0.023559
0.031012
0.023587
0.030864
0.018392
0.024876
0.043313
0.020761
0.039170
0.031256
0.043598
0.019993
0.022164
0.047468
0.025460
0.018892
0.026350
0.024525
0.025250
0.021537
0.043002
0.020760
0.037919
0.022292
0.027813
0.038951
0.020397
0.022996
0.029991
0.034721
0.020082
0.031944
0.035992
0.016201
0.040711
0.051029
0.051128
0.021678
0.037074
0.020458
0.035123
0.023547
0.041027
0.043069
0.034102
0.029675
0.051657
0.022911
0.018958
0.028045
0.031574
0.016073
0.022750
0.023012
0.030548
0.019521
0.044469
0.035533
0.055606
0.018624
0.024740
0.017844
0.036202
0.028356
0.032397
0.029064
0.038108
0.052034
0.028057
0.016549
0.020722
0.018990
0.024355
0.016273
0.015752
0.022987
0.017825
0.027559
0.018146
0.032088
0.022131
0.040244
0.029932
0.020061
0.016744
0.017058
0.020904
0.016475
0.025240
0.020786
0.027508
0.020400
0.032000
0.024959
0.040184
0.045459
0.021574
0.025565
0.022433
0.018633
0.018695
0.020730
0.022883
0.018877
0.031673
0.027714
0.017140
0.022249
0.033581
0.019977
0.029936
0.024592
0.015504
0.021480
0.027998
0.018564
0.026258
0.033700
0.019625
0.017059
0.056913
0.020172
0.016325
0.017074
0.016232
0.016757
0.027811
0.037300
0.019967
0.032197
0.026515
0.017058
0.056731
0.018621
0.018911
0.014567
0.022978
0.017920
0.016616
0.027393
0.020124
0.017618
0.026872
0.031074
0.020222
0.075298
0.027130
0.019061
0.017589
0.020166
0.019034
0.021493
0.018375
0.033243
0.020241
0.059292
0.032262
0.018857
0.016836
0.024616
0.015819
0.015439
0.018259
0.020371
0.028869
0.018358
0.031366
0.027861
0.018699
0.022606
0.036100
0.018841
0.016583
0.017943
0.016200
0.026823
0.018706
0.024877
0.019505
0.032038
0.025907
0.018455
0.057249
0.017772
0.026840
0.021606
0.019768
0.016557
0.023739
0.027897
0.019558
0.032233
0.025795
0.024898
0.045735
0.017751
0.018389
0.019528
0.018875
0.017848
0.017524
0.022928
0.025694
0.024407
0.022118
0.033018
0.019492
0.048598
0.016435
0.017200
0.016879
0.025976
0.019040
0.019645
0.020444
0.033340
0.019080
0.018472
0.042463
0.020148
0.017660
0.017381
0.017127
0.015796
0.016437
0.024061
0.023025
0.017366
0.031483
0.028133
0.048201
0.048567
0.020957
0.018202
0.016979
0.021550
0.016387
0.017982
0.021906
0.016589
0.027517
0.017143
0.031480
0.027765
0.017596
0.019976
0.025501
0.018348
0.017915
0.016564
0.015638
0.016371
0.032726
0.019874
0.035075
0.027495
0.019591
0.062846
0.025806
0.020093
0.020581
0.017007
0.023602
0.019949
0.021403
0.026485
0.033221
0.022965
0.051440
0.036334
0.020257
0.017605
0.018618
0.017850
0.017714
0.022334
0.016204
0.032165
0.024226
0.032008
0.025256
0.020355
0.061911
0.017586
0.018808
0.018680
0.019582
0.022883
0.021570
0.020552
0.032696
0.025834
0.019320
0.045474
0.019449
0.018681
0.016952
0.016551
0.016667
0.018248
0.021639
0.018115
0.020831
0.032387
0.027254
0.024153
0.026251
0.026756
0.017133
0.016276
0.022765
0.017814
0.019515
0.021768
0.022897
0.025142
0.027994
0.031846
0.020964
0.040152
0.022324
0.019313
0.016772
0.018728
0.017816
0.016966
0.017782
0.017565
0.018751
0.030738
0.032439
0.033753
0.017899
0.040274
0.026924
0.021409
0.016606
0.024412
0.015936
0.015958
0.021060
0.015919
0.019118
0.016282
0.027028
1.912186
0.017198
0.020089
0.018265
0.016273
0.027127
0.021601
0.032351
0.031156
0.020714
0.081180
0.022588
0.016193
0.019897
0.019766
0.016428
0.020969
0.021801
0.021146
0.019936
0.041959
0.017564
0.047670
0.027184
0.021116
0.017882
0.018651
0.016794
0.016450
0.019318
0.024013
0.046425
0.017433
0.019965
0.032043
0.026501
0.018528
0.059212
0.018458
0.016186
0.019640
0.037177
0.021828
0.017219
0.017614
0.020269
0.027905
0.024727
0.034612
0.017331
0.018416
0.068028
0.018897
0.016821
0.018346
0.031479
0.017552
0.022924
0.022844
0.018977
0.018546
0.031853
0.017838
0.044132
0.053503
0.026900
0.023712
0.026049
0.017643
0.016506
0.023608
0.031506
0.017008
0.051753
0.026003
0.026657
0.022138
0.022137
0.022415
0.023125
0.019113
0.018424
0.026504
0.031185
0.022921
0.040048
0.018620
0.016959
0.020275
0.017343
0.018105
0.020982
0.025928
0.028973
0.033025
0.018089
0.061805
0.024814
0.021011
0.019596
0.018571
0.026193
0.020053
0.023955
0.018981
0.031263
0.020788
0.020567
0.062907
0.020170
0.018480
0.016841
0.018720
0.022830
0.025638
0.032158
0.017410
0.050720
0.039263
0.021687
0.019112
0.021588
0.019584
0.024104
0.020291
0.016892
0.019816
0.031142
0.027557
0.019225
0.057384
0.020937
0.020476
0.023556
0.020692
0.016799
0.025023
0.024066
0.017799
0.031310
0.031671
0.016779
0.061527
0.039253
0.019791
0.020296
0.022259
0.023467
0.016919
0.032898
0.018666
0.019204
0.063158
0.035539
0.033290
0.018405
0.022248
0.020298
0.020369
0.020964
0.027906
0.029059
0.029466
0.017996
0.027515
0.039279
0.018141
0.024844
0.020208
0.035411
0.025789
0.022046
0.032793
0.029169
0.016835
0.038015
0.020643
0.017849
0.016804
0.018157
0.030879
0.017414
0.027575
0.016673
0.025114
0.031893
0.031955
0.026412
0.028126
0.022800
0.030880
0.019004
0.020758
0.017952
0.016736
0.025020
0.018162
0.017423
0.021383
0.031280
0.023145
0.033461
0.056495
0.029136
0.021520
0.020624
0.020696
0.028417
0.037089
0.018232
0.032028
0.027709
0.021199
0.048301
0.020900
0.035217
0.019761
0.017211
0.022124
0.017941
0.019817
0.030926
0.027580
0.017160
0.022088
0.041400
0.019178
0.020523
0.039150
0.019484
0.016800
0.015807
0.022381
0.017765
0.025933
0.018826
0.031955
0.030026
0.057866
0.034348
0.020991
0.020804
0.020359
0.018323
0.024540
0.022990
0.016454
0.021018
0.031944
0.024024
0.016032
0.047015
0.027395
0.017743
0.016776
0.020596
0.016397
0.022303
0.021317
0.025127
0.029871
0.032202
0.022521
0.036695
0.051134
0.018824
0.019443
0.019117
0.021155
0.042582
0.021777
0.032499
0.029765
0.066236
0.026753
0.041445
0.017877
0.018203
0.017715
0.021984
0.021676
0.027489
0.025810
0.024518
0.031931
0.043914
0.028286
0.018190
0.017056
0.037264
0.017710
0.021430
0.023543
0.036363
0.030354
0.015524
0.089150
0.019685
0.021487
0.017358
0.023417
0.024153
0.019014
0.024749
0.019242
0.018506
0.031386
0.030037
0.015752
0.041051
0.039770
0.019515
0.029629
0.023351
0.018048
0.030317
0.018227
0.017230
0.022127
0.032877
0.022537
0.022909
0.050675
0.031191
0.030237
0.023892
0.026104
0.022252
0.021274
0.020792
0.031707
0.026880
0.017657
0.075502
0.020253
0.017304
0.019943
0.017586
0.017032
0.022036
0.016421
0.018422
0.019724
0.031188
0.025165
0.023856
0.062173
0.027108
0.021403
0.040418
0.021368
0.018438
0.020752
0.022036
0.022264
0.032666
0.020779
0.051955
0.033801
0.023887
0.021512
0.017003
0.018485
0.019932
0.024722
0.015947
0.022219
0.032397
0.017767
0.067143
0.034333
0.024581
0.017364
0.020157
0.016248
0.016284
0.016621
0.017587
0.027295
0.023865
0.031918
0.020390
0.016080
0.050599
0.018354
0.019597
0.031036
0.017531
0.016845
0.016146
0.024796
0.016418
0.023052
0.019653
0.028866
0.017743
0.026157
0.046722
0.031995
0.017523
0.021016
0.016370
0.023647
0.016346
0.017774
0.022728
0.032109
0.019550
0.049165
0.042157
0.017913
0.031113
0.023209
0.023165
0.022926
0.023996
0.017593
0.032889
0.017660
0.015338
0.015800
0.015877
0.015626
0.015754
0.015758
0.015619
0.015738
0.015816
0.018336
0.015599
0.015827
0.018989
0.015847
0.015728
0.015530
0.015918
0.015325
0.015882
0.018585
0.024383
0.015379
0.015203
0.015119
0.015445
0.015674
0.015477
0.015464
0.015628
0.015694
0.015416
0.015330
0.015339
0.017135
0.022968
0.018004
0.020297
0.015658
0.018588
0.018963
0.018140
0.020111
0.020777
0.016236
0.022009
0.018543
0.016198
0.019569
0.020626
0.017270
0.015154
0.018969
0.016227
0.023242
0.014981
0.019259
0.019952
0.016235
0.030884
0.064762
0.022547
0.018809
0.025813
0.015812
0.030280
0.028904
0.027680
0.018832
0.032773
0.022592
0.037712
0.056017
0.017764
0.022624
0.027585
0.036795
0.044931
0.033331
0.019432
0.062092
0.033081
0.020207
0.022594
0.017904
0.034607
0.022089
0.029931
0.025035
0.035872
0.022579
0.049445
0.028737
0.030954
