0.016694
0.017558
0.020151
0.021735
0.017745
0.030841
0.029427
0.022304
0.062407
0.035898
0.033459
0.018448
0.016218
0.016568
0.024415
0.019173
0.021174
0.030108
0.023851
0.016237
0.053568
0.015606
0.022672
0.019836
0.015462
0.016507
0.023135
0.022681
0.017280
0.030578
0.024492
0.018693
0.053491
0.025136
0.017646
0.015578
0.017686
0.017156
0.018126
0.019389
0.024093
0.023873
0.031734
0.022801
0.017387
0.045884
0.017038
0.017076
0.017364
0.016285
0.018434
0.018863
0.024964
0.023988
0.018424
0.024397
0.023375
0.030360
0.017031
0.051600
0.020109
0.032652
0.030013
0.026720
0.016883
0.017066
0.021707
0.019352
0.037097
0.031927
0.033066
0.068221
0.023788
0.019854
0.018531
0.036554
0.020919
0.034275
0.035930
0.038868
0.052581
0.048073
0.033458
0.052228
0.016562
0.026403
0.036139
0.029443
0.022770
0.022622
0.037417
0.018900
0.061823
0.050843
0.020406
0.030250
0.023603
0.034375
0.038637
0.021859
0.034752
0.037674
0.029958
0.068499
0.027248
0.032667
0.038696
0.016715
0.018425
0.035107
0.034717
0.031854
0.019779
0.043736
0.028247
0.032746
0.042948
0.016778
0.038601
0.032037
0.044488
0.034375
0.052648
0.021577
0.019419
0.031812
0.028641
0.019660
0.034959
0.033545
0.018862
0.049968
0.036437
0.023157
0.039757
0.020151
0.019774
0.030589
0.022393
0.035864
0.037642
0.064107
0.023298
0.028006
0.021665
0.022450
0.030176
0.020931
0.042149
0.052659
0.024720
0.057396
0.043662
0.017928
0.042478
0.033460
0.039243
0.018921
0.022799
0.039535
0.020266
0.046552
0.034299
0.020449
0.036496
0.033120
0.034053
0.016674
0.022632
0.027430
0.032469
0.026788
0.074644
0.029626
0.031933
0.036795
0.025174
0.038595
0.036228
0.032223
0.024060
0.059398
0.030897
0.019122
0.020808
0.031142
0.019701
0.021212
0.036175
0.023082
0.030437
0.042994
0.036614
0.052029
0.017653
0.022630
0.026127
0.035212
0.019554
0.036102
0.024477
0.038364
0.038393
0.038040
0.036940
0.045605
0.025151
0.023955
0.016902
0.044057
0.021481
0.037133
0.018480
0.020285
0.032606
0.034132
0.021358
0.051813
0.029421
0.023056
0.020503
0.027361
0.030443
0.039138
0.018373
0.031386
0.038077
0.041190
0.058438
0.022136
0.032032
0.018418
0.020159
0.018108
0.021767
0.031045
0.021230
0.054921
0.033887
0.040880
0.017514
0.027968
0.032687
0.029318
0.025901
0.031768
0.034824
0.029497
0.022713
0.069226
0.037755
0.023101
0.036355
0.040520
0.019259
0.017642
0.040416
0.017570
0.068968
0.031673
0.045861
0.019219
0.023200
0.033016
0.025301
0.025084
0.035461
0.027421
0.063483
0.044231
0.016889
0.029931
0.018799
0.031707
0.016551
0.022477
0.025545
0.033295
0.032410
0.020848
0.041494
0.034410
0.018215
0.031151
0.028530
0.024463
0.020579
0.032910
0.032446
0.019845
0.065181
0.037637
0.030989
0.030169
0.040213
0.018212
0.021380
0.027444
0.044117
0.045561
0.052391
0.020020
0.045694
0.016715
0.038982
0.041308
0.018111
0.028509
0.033418
0.022124
0.020251
0.049709
0.048584
0.026375
0.025418
0.029286
0.044263
0.027660
0.037878
0.021689
0.059490
0.039675
0.033023
0.029104
0.029034
