0.012519
0.036371
0.028258
0.015429
0.017402
0.017849
0.021577
0.021837
0.029850
0.023293
0.031914
0.018825
0.019325
0.057271
0.017946
0.016433
0.017607
0.020861
0.021814
0.018803
0.030882
0.017327
0.033100
0.025384
0.039735
0.043323
0.023811
0.015034
0.018537
0.016464
0.016450
0.022497
0.025982
0.018574
0.032314
0.019537
0.063998
0.045460
0.031395
0.019797
0.015472
0.020644
0.016631
0.020069
0.015631
0.031988
0.024031
0.016787
0.046485
0.023815
0.026402
0.016647
0.016642
0.016000
0.024743
0.017367
0.021175
0.017939
0.033215
0.025930
0.053895
0.039955
0.021615
0.018492
0.018849
0.017790
0.022357
0.020272
0.021786
0.024653
0.032297
0.026083
0.016550
0.034127
0.028569
0.019029
0.019395
0.017204
0.021617
0.029512
0.019602
0.019175
0.022077
0.032066
0.025824
0.019693
0.053535
0.017133
0.019552
0.019125
0.024511
0.021059
0.018362
0.019725
0.017182
0.032513
0.023582
0.026845
0.023818
0.026765
0.021044
0.019075
0.023163
0.017828
0.019371
0.022647
0.017938
0.021504
0.019381
0.031989
0.024315
0.016665
0.038291
0.026453
0.020401
0.017721
0.020487
0.020307
0.017733
0.024498
0.015338
0.019310
0.015120
0.031892
0.028734
0.041949
0.038847
0.021131
0.015740
0.016113
0.017802
0.015347
0.016276
0.021790
0.016058
0.020889
0.016444
0.030331
0.020985
0.032035
0.053792
0.016658
0.014482
0.018422
0.014927
0.019164
0.022442
0.019727
0.020087
0.017198
0.022403
0.018664
0.016970
0.017794
0.017429
0.016937
0.021363
0.025765
0.015197
0.023156
0.032006
0.022704
0.016763
0.021652
0.042761
0.019735
0.015029
0.018996
0.022690
0.015836
0.015785
0.019810
0.022632
0.016218
0.015060
0.031800
0.028278
0.014304
0.057658
0.018674
0.017269
0.017289
0.020161
0.017817
0.016007
0.019896
0.019664
0.016748
0.018975
0.030935
0.017855
0.059949
0.035364
0.021075
0.019545
0.017413
0.019702
0.018146
0.017454
0.034108
0.021711
0.016675
0.032903
0.020729
0.030927
0.046562
0.016115
0.022244
0.034216
0.020165
0.020236
0.018381
0.026562
0.032691
0.032951
0.018821
0.050539
0.020888
0.017168
0.018934
0.017673
0.015699
0.019829
0.017020
0.021287
0.016593
0.032337
0.026017
0.020791
0.026922
0.017012
0.016641
0.016197
0.016165
0.016037
0.015441
0.023464
0.015471
0.019978
0.040636
0.032359
0.016402
0.026540
0.036271
0.018825
0.015073
0.016316
0.019508
0.016866
0.028642
0.016815
0.027106
0.022054
0.033239
0.021275
0.023157
0.028731
0.028961
0.019445
0.016937
0.018577
0.021682
0.022010
0.029111
0.026373
0.030976
0.017779
0.025035
0.049473
0.016746
0.018245
0.033105
0.015498
0.017084
0.018435
0.023068
0.017896
0.015776
0.030974
0.029968
0.015183
0.021515
0.043851
0.021930
0.019026
0.027468
0.038076
0.017548
0.018791
0.018414
0.023839
0.019900
0.022735
0.019542
0.030346
0.024339
0.069139
0.024410
0.017110
0.017946
0.024421
0.015695
0.015277
0.017026
0.021922
0.017065
0.030574
0.014496
0.035960
0.035632
0.016758
0.019523
0.018604
0.016621
0.017076
0.020209
0.017849
0.021426
0.017739
0.031992
0.024301
0.040424
0.023738
0.028166
0.018803
0.019793
0.021449
0.015355
0.021623
0.036138
0.026520
0.016708
0.052597
0.018643
0.015952
0.015576
0.015345
0.016486
0.015410
0.023248
0.017797
0.030848
0.024663
0.032187
0.022802
0.021059
0.045392
0.023897
0.015869
0.021007
0.017990
0.019117
0.017209
0.017132
0.032434
0.031943
0.028496
0.035789
0.027310
0.019707
0.018712
0.017934
0.016477
0.017521
0.023141
0.015862
0.018530
0.028103
0.031570
0.016248
0.059568
0.033915
0.031911
0.016191
0.015400
0.016462
0.015699
0.016307
0.023018
