560,150,39,34
558,138,36,42
552,130,35,39
548,126,36,35
539,120,37,35
534,120,37,35
526,126,36,36
522,121,34,40
518,114,35,39
514,110,32,36
506,107,35,37
500,108,34,37
497,104,34,39
493,101,34,36
484,95,35,35
482,94,33,35
479,91,32,38
471,84,32,37
468,83,33,36
464,82,33,37
462,78,32,36
455,75,32,32
451,73,32,34
448,70,33,33
442,66,30,32
440,63,31,34
433,58,31,34
431,56,31,34
428,54,30,32
423,47,31,35
419,46,32,34
416,44,32,34
415,42,31,33
411,38,30,32
407,36,31,32
407,35,30,32
405,32,31,32
403,29,30,31
402,30,31,32
400,30,30,33
398,31,32,32
397,31,31,31
396,32,30,31
395,32,30,31
394,32,30,31
392,33,31,31
391,33,31,30
389,33,31,31
389,33,32,31
390,32,32,33
392,33,31,34
392,32,33,32
399,34,31,33
401,36,32,36
402,45,32,34
405,64,32,37
407,77,33,40
408,86,32,33
407,84,34,32
409,85,33,33
410,88,33,35
411,99,35,41
412,108,35,41
413,118,35,34
413,118,35,36
415,122,35,35
415,126,35,35
417,133,36,37
420,147,35,36
419,146,36,37
419,150,37,36
419,154,38,35
422,170,37,37
422,171,37,38
424,175,37,37
426,185,37,39
425,191,39,37
425,195,39,37
427,205,38,40
429,209,37,38
430,213,39,40
432,223,38,42
431,230,39,39
433,242,41,40
433,252,39,36
435,252,39,40
435,257,36,39
435,260,36,38
437,258,39,40
436,258,39,41
439,254,40,44
442,257,40,42
445,259,40,40
449,261,36,40
455,261,35,40
458,264,36,38
462,266,37,36
467,270,36,39
500,272,33,37
487,272,46,38
481,263,44,41
476,262,36,38
484,260,32,41
481,259,32,41
477,257,36,42
482,258,34,43
481,257,33,41
482,257,32,39
484,253,29,40
480,252,34,41
473,255,38,39
472,251,36,39
471,250,36,39
471,250,35,38
471,249,35,39
472,246,34,39
471,243,36,42
469,237,34,42
467,235,35,41
467,231,38,41
462,227,36,38
461,224,38,41
461,221,39,39
457,216,38,38
455,214,38,40
454,212,36,39
453,211,35,39
451,207,37,37
449,204,37,39
448,201,38,38
448,199,37,39
446,195,37,38
444,193,36,38
444,191,35,39
442,189,36,38
442,185,33,37
441,181,34,39
439,180,37,38
437,178,35,38
433,176,36,43
425,183,41,38
433,174,39,35
437,167,34,37
434,165,35,41
435,162,34,35
435,161,33,31
433,159,34,32
431,156,35,33
429,157,33,33
429,155,32,32
429,155,33,33
428,148,34,33
432,146,31,32
430,143,32,35
435,142,25,35
433,137,24,36
432,135,25,36
429,135,29,36
425,131,33,34
424,129,33,34
424,128,33,36
425,126,33,33
423,123,34,35
425,122,32,35
423,119,30,35
424,117,31,34
423,116,31,36
416,108,31,37
410,106,30,36
408,105,28,37
392,102,32,29
390,100,28,33
385,95,29,35
376,92,33,33
374,91,34,34
370,88,29,33
365,86,30,34
358,80,32,35
349,79,32,32
346,77,34,32
342,74,34,34
336,71,32,33
333,68,33,32
329,66,33,34
327,64,31,34
322,61,31,32
318,59,31,33
315,57,32,33
308,54,32,30
306,52,32,32
303,50,32,32
298,47,31,32
296,45,33,32
293,43,32,33
290,41,30,31
288,39,30,32
286,37,31,31
280,34,31,32
278,32,31,31
276,30,30,31
273,28,31,32
270,26,30,30
269,24,29,31
267,23,29,33
265,22,31,31
262,19,30,31
259,17,31,32
261,19,30,31
269,23,31,32
272,27,31,31
275,29,31,31
280,34,31,30
284,35,30,31
287,37,30,30
292,42,32,31
293,44,32,31
296,45,33,31
305,49,31,31
307,50,31,32
309,52,32,32
313,54,32,33
318,58,32,32
322,62,32,31
325,62,32,33
332,66,32,32
334,69,33,31
337,69,34,33
346,75,33,33
349,76,33,33
353,78,32,33
356,81,34,32
364,84,33,33
367,87,33,32
371,88,34,35
378,93,34,32
382,95,34,33
385,95,36,34
395,100,34,33
399,101,32,35
402,104,34,35
410,107,34,34
414,110,34,35
419,111,34,36
422,113,36,36
430,118,37,34
434,121,36,34
438,121,34,35
450,125,35,35
454,127,35,36
457,129,36,36
465,134,37,35
471,135,36,36
476,137,34,36
484,140,37,36
489,144,37,35
494,145,38,37
503,150,38,35
509,150,36,37
514,154,36,36
524,158,38,36
527,160,39,37
532,162,39,37
539,162,38,38
549,168,37,35
554,170,38,36
558,172,38,37
569,177,38,35
575,178,38,37
581,180,38,37
593,183,35,38
598,183,29,41
606,178,23,47
608,180,20,49
611,189,18,54
604,206,25,52
605,209,24,62
601,205,28,74
595,213,33,79
594,227,35,68
593,235,36,63
594,249,35,63
579,258,50,47
572,267,54,55
561,265,63,76
505,272,91,102
553,215,76,133
557,241,72,125
561,251,68,109
568,252,61,106
571,257,58,95
576,257,53,91
573,242,56,92
582,252,47,84
583,244,46,92
582,245,47,97
557,248,61,95
526,249,80,120
570,226,59,64
565,251,61,79
556,269,66,83
518,266,81,88
592,234,37,62
602,233,27,51
602,240,27,40
600,240,28,39
600,240,29,39
600,240,29,39
598,239,31,40
598,238,31,41
597,237,31,41
597,237,32,40
596,237,32,40
595,236,32,40
595,236,34,40
593,235,35,40
564,222,40,39
550,215,44,40
540,210,43,39
515,197,42,40
503,192,42,39
492,188,41,38
470,174,40,38
458,171,40,38
449,165,40,39
428,156,40,38
417,151,40,37
408,146,38,36
388,136,39,39
380,132,36,35
369,129,38,35
351,119,36,37
341,116,36,35
333,110,36,36
315,102,36,36
308,98,35,35
300,94,35,35
291,91,35,35
276,82,34,35
268,80,34,34
261,76,34,34
245,67,34,34
238,64,34,33
232,60,33,34
217,55,33,33
210,51,34,33
206,48,31,32
190,42,32,32
184,38,33,32
178,34,32,35
167,33,36,30
161,27,28,32
152,24,32,32
150,20,38,34
187,2,34,33
203,0,34,28
238,0,37,22
257,0,36,21
278,0,37,22
315,0,39,33
334,5,42,39
353,14,42,39
375,25,42,40
417,54,44,43
440,73,44,45
486,117,42,47
509,143,44,50
530,170,45,47
559,164,43,39
573,155,42,35
588,151,41,39
599,148,30,45
602,145,27,56
597,163,29,63
600,151,28,67
610,148,19,48
606,165,23,38
596,182,33,42
591,194,37,44
586,210,37,38
588,201,36,43
588,188,36,38
589,184,36,38
590,183,36,38
591,185,37,37
591,196,37,40
592,205,36,43
592,216,35,46
593,216,35,42
593,211,35,40
592,209,36,38
589,209,38,38
585,214,41,38
579,219,46,42
576,216,39,41
569,209,38,38
567,211,39,38
565,215,40,39
561,220,39,39
556,213,40,42
553,215,40,42
551,219,40,40
548,214,39,41
545,214,40,43
544,215,39,43
540,214,41,43
532,204,42,44
522,196,42,43
505,187,39,39
500,179,38,39
494,175,38,37
485,166,37,38
475,158,36,38
472,154,34,37
468,151,36,36
457,143,33,37
453,140,36,36
449,136,36,36
442,128,35,37
436,122,34,36
431,118,35,35
426,115,34,34
419,107,34,36
415,105,35,36
410,98,33,35
407,96,32,33
404,94,34,34
400,91,33,32
393,84,32,33
388,81,34,35
385,78,34,33
380,71,33,34
378,70,32,34
372,63,31,34
369,62,32,33
362,56,31,34
359,53,32,33
355,48,32,33
352,46,32,32
349,44,31,31
347,42,31,32
342,36,31,32
339,34,29,31
337,31,29,32
332,28,30,32
330,26,31,32
328,22,31,32
324,19,29,31
322,17,29,32
320,14,30,32
316,11,30,29
314,8,31,32
313,9,32,31
313,7,33,33
311,6,34,35
312,10,31,31
312,10,31,29
311,11,31,29
310,10,32,30
307,10,31,30
305,9,32,29
304,10,32,29
303,9,32,30
302,8,31,29
303,7,31,30
303,7,33,30
307,11,30,28
310,11,30,29
310,13,31,29
315,13,29,30
315,14,29,30
316,15,29,30
317,17,30,30
319,19,30,30
320,20,30,31
321,21,29,31
323,22,29,31
323,25,30,31
325,27,30,29
326,29,30,31
328,29,30,31
330,30,31,31
330,31,30,30
333,34,31,31
334,35,32,32
336,35,30,33
339,40,29,30
341,41,30,31
342,42,30,32
343,42,31,32
345,43,32,32
346,45,33,31
350,49,32,31
351,50,32,31
354,51,31,31
355,53,30,31
357,53,31,31
359,55,31,31
360,56,31,30
362,58,30,30
366,62,31,30
366,64,32,31
370,63,31,32
371,64,31,32
374,66,32,32
376,67,32,32
378,69,31,32
381,71,32,32
383,72,32,32
386,72,31,33
389,73,31,33
391,75,31,33
392,78,31,32
394,80,32,31
396,81,32,32
399,81,32,32
401,83,31,32
404,84,32,32
407,88,31,30
409,89,31,31
413,90,33,33
415,91,32,33
417,92,32,34
421,93,32,34
424,95,32,33
427,97,32,34
429,97,33,34
431,100,32,34
434,101,34,34
436,102,34,34
442,108,35,32
446,108,35,33
449,109,37,33
451,110,35,34
453,112,34,33
457,113,35,34
459,115,34,34
461,115,36,35
467,118,34,34
470,119,34,35
474,122,34,34
477,123,34,34
480,123,37,35
482,125,36,34
486,125,35,35
492,129,33,34
494,129,34,35
497,131,35,35
500,133,34,33
504,132,32,34
502,131,36,33
503,135,35,34
504,136,35,35
506,139,35,36
508,146,33,34
510,145,34,36
510,148,34,34
511,150,34,35
514,154,34,35
519,154,33,35
531,153,35,37
534,153,37,37
539,152,37,37
551,153,37,35
557,153,37,36
568,152,37,36
574,151,36,37
580,151,37,38
589,150,36,35
589,148,37,37
590,146,36,39
592,151,35,35
589,155,37,35
589,157,36,37
589,159,36,37
585,163,36,35
584,165,35,37
582,167,35,36
580,173,36,34
579,174,36,35
577,175,36,36
576,179,35,35
573,181,37,37
574,183,36,37
571,188,37,36
572,190,34,35
570,192,37,36
568,195,38,35
568,196,37,37
567,198,36,38
564,203,38,37
564,205,37,38
563,206,37,38
563,209,38,38
562,211,38,38
562,215,37,36
562,216,37,38
561,220,38,37
561,222,37,39
561,224,37,39
560,226,39,41
560,228,38,42
556,228,37,41
553,231,36,39
551,231,35,38
547,229,36,39
545,229,36,40
544,229,35,40
539,227,38,38
537,227,38,39
533,225,38,39
528,226,40,39
528,225,40,39
524,226,41,38
520,223,40,38
519,223,40,39
517,223,40,39
515,223,38,38
513,223,38,38
511,221,40,38
507,219,38,40
505,217,38,39
500,214,38,40
498,212,41,39
496,210,41,42
495,204,40,47
494,207,41,44
494,202,42,49
494,205,41,46
495,208,43,46
498,216,40,40
502,215,38,41
508,218,38,40
514,219,36,40
517,221,36,37
521,225,38,38
526,226,38,38
530,228,38,38
534,228,39,40
535,225,35,40
534,222,36,39
532,222,37,39
531,220,39,40
530,219,38,40
530,219,38,39
530,217,38,39
530,215,39,37
529,213,38,37
527,212,39,38
527,210,39,39
526,208,40,39
527,206,40,40
524,204,40,40
521,205,36,39
522,207,36,39
522,207,36,39
527,211,43,38
532,212,40,38
541,215,36,38
544,219,35,38
545,208,34,41
546,196,36,46
546,193,37,38
546,190,38,34
546,168,34,34
547,166,31,31
547,169,29,37
546,166,32,37
547,147,31,50
548,131,33,46
543,120,27,47
540,118,45,42
554,84,54,47
564,69,54,54
559,61,64,54
551,91,52,46
557,94,48,46
555,116,43,51
552,118,32,39
550,107,32,43
543,98,33,38
541,98,33,35
538,99,38,36
533,106,40,41
529,114,39,42
526,123,38,40
523,132,38,40
524,129,37,36
528,125,37,37
531,126,37,37
533,132,37,37
536,142,35,40
537,152,36,41
536,154,36,42
533,144,39,42
529,136,39,37
528,136,39,36
526,135,38,37
521,142,38,39
519,148,39,42
517,158,38,40
517,146,38,43
513,129,39,40
515,124,36,40
514,123,37,38
513,122,38,35
510,128,40,35
508,134,40,38
507,141,39,40
494,120,39,38
485,109,39,41
477,104,40,41
462,100,39,36
454,100,39,38
438,107,40,40
429,113,41,42
419,122,40,42
403,148,42,42
395,165,43,45
385,183,44,44
374,207,42,44
372,194,39,37
371,183,38,39
368,173,38,40
363,163,38,40
360,162,39,39
357,161,39,40
353,168,39,38
350,173,40,41
348,182,41,43
346,193,40,41
340,222,43,47
338,227,36,46
333,219,37,44
326,209,40,39
324,206,40,38
313,164,40,49
310,141,40,47
305,97,39,47
303,83,37,42
299,71,38,36
296,59,36,36
290,43,37,37
288,39,35,36
285,37,35,35
284,36,35,34
280,42,34,33
279,47,34,37
277,55,33,38
273,76,33,39
269,89,35,40
268,80,35,44
263,51,34,37
263,39,32,37
259,20,31,35
257,15,34,32
256,12,32,32
252,8,34,31
251,8,35,33
249,12,33,31
245,24,31,34
244,34,32,34
242,45,33,36
242,39,32,41
239,18,31,34
238,12,31,33
237,5,31,32
235,0,30,32
233,0,32,32
233,0,32,33
230,8,34,33
229,13,33,34
229,6,31,36
225,0,35,34
228,0,35,35
233,8,34,34
240,13,30,34
240,10,30,32
242,7,31,33
244,8,31,31
248,14,30,34
250,19,30,29
253,16,29,33
255,14,30,34
257,15,31,32
259,17,31,32
264,19,30,32
269,18,31,34
271,21,30,33
273,22,31,32
277,21,30,32
280,24,31,30
283,24,31,31
288,25,31,31
289,24,32,31
291,25,32,31
297,27,31,31
301,28,31,32
303,28,31,32
305,29,30,31
308,30,31,31
311,30,30,33
313,31,30,32
316,32,31,32
320,32,30,32
322,32,31,33
325,32,31,32
329,33,30,32
332,33,31,33
334,33,32,34
338,35,31,34
342,37,31,33
345,38,31,32
348,38,31,31
349,38,31,32
355,41,33,31
357,40,32,32
358,40,34,32
361,41,33,31
372,45,35,35
379,51,33,36
387,60,35,35
405,73,35,35
410,78,36,34
420,83,33,37
424,89,36,35
440,100,36,34
449,105,37,35
464,116,36,37
473,123,37,36
479,129,38,37
496,141,39,37
505,147,37,35
513,152,38,37
530,166,38,38
539,172,39,38
547,178,40,37
557,185,39,37
577,197,38,39
586,204,40,40
596,210,32,40
607,208,21,51
610,200,19,45
615,193,14,39
617,194,12,32
618,190,10,41
619,197,10,38
618,201,11,43
616,191,12,37
614,187,15,37
610,186,18,35
608,184,21,37
600,192,29,40
595,192,34,54
588,188,40,56
580,185,40,35
570,185,38,37
562,188,41,38
556,192,40,38
548,191,39,42
547,184,37,40
544,173,35,38
542,172,35,37
534,178,37,37
532,182,37,41
528,183,38,42
524,172,36,38
521,170,37,38
517,171,38,39
516,175,36,37
511,173,37,37
510,168,37,38
503,166,38,38
502,167,38,38
501,166,37,37
495,162,38,36
494,161,38,38
493,160,36,39
488,156,35,36
486,154,35,38
485,152,36,37
480,151,36,39
480,149,37,38
476,148,33,37
475,146,35,38
475,146,35,38
475,147,36,38
477,147,35,38
481,148,35,38
484,149,36,38
487,151,37,38
492,153,35,36
499,157,36,36
505,159,36,37
509,161,37,37
511,158,36,37
511,154,36,39
511,151,35,38
507,147,35,37
501,144,37,39
499,143,38,40
489,144,37,38
483,147,37,38
474,157,37,41
469,166,36,37
467,163,36,40
464,159,38,38
459,156,37,35
457,157,38,38
451,162,37,45
448,169,37,40
446,167,37,42
445,171,37,40
445,170,36,39
447,170,36,39
454,169,38,39
460,169,37,39
465,170,39,39
478,171,38,38
485,171,37,37
492,172,40,37
501,167,36,38
503,160,37,37
502,157,38,36
498,154,39,38
491,152,36,34
488,149,37,40
486,148,38,42
484,145,37,37
480,142,39,43
475,137,38,39
473,135,37,42
470,134,37,38
466,131,39,44
466,130,38,44
466,130,39,43
465,129,40,44
465,128,39,46
466,128,39,46
467,129,40,44
468,131,39,44
469,131,39,45
469,131,40,45
471,131,40,46
471,131,39,45
472,131,39,46
472,131,40,47
474,130,40,43
474,128,39,47
475,125,40,43
476,118,38,43
476,117,38,42
477,114,36,43
479,107,39,41
479,105,38,39
480,102,37,38
480,92,38,42
478,83,38,44
477,76,43,40
477,66,39,38
476,62,40,39
475,53,38,38
473,51,39,39
474,50,38,40
475,52,38,40
476,56,38,40
475,62,39,40
476,68,42,42
476,76,41,40
479,92,45,40
480,102,40,46
485,118,42,46
487,125,42,50
489,131,44,48
491,134,41,39
495,140,39,37
497,141,40,41
498,142,40,42
498,141,43,46
496,139,45,46
495,135,44,46
490,129,45,45
481,114,39,44
477,107,39,45
469,91,39,44
465,83,41,42
461,76,37,39
458,73,37,45
453,67,38,41
448,66,40,49
446,68,42,61
446,70,39,41
445,73,39,40
444,81,38,42
444,85,39,46
446,95,40,46
449,109,39,44
452,117,41,44
454,125,41,45
464,136,38,45
467,141,38,43
468,145,39,44
467,145,39,44
464,143,38,41
460,136,40,45
454,127,41,49
444,102,39,60
442,87,37,64
436,64,37,50
431,55,37,41
429,52,37,43
422,47,36,37
418,47,38,37
416,49,37,36
409,60,39,39
406,68,37,42
403,61,37,48
403,51,36,45
401,38,39,40
403,24,38,38
402,23,37,35
402,20,37,36
401,25,39,36
400,28,39,39
401,35,38,41
399,55,38,42
399,68,40,41
399,83,38,45
401,78,44,59
402,50,42,50
404,28,44,49
406,0,45,35
390,0,61,34
384,9,50,41
382,0,45,33
382,8,51,42
385,0,47,35
442,44,45,38
474,50,33,34
517,74,26,23
520,72,23,23
525,72,23,23
514,74,32,27
534,72,38,26
529,70,43,33
508,74,60,43
460,76,38,54
460,104,40,49
463,125,41,48
465,104,38,38
465,99,39,38
467,94,38,40
468,92,37,38
468,96,37,37
468,100,38,35
469,114,38,38
469,124,38,38
469,134,36,47
468,143,40,44
469,127,38,44
468,123,39,38
468,119,39,36
467,118,39,37
466,120,39,37
466,126,38,39
467,142,36,39
466,154,37,39
466,143,40,46
470,118,38,39
474,108,37,41
482,97,40,38
485,95,39,38
489,95,37,37
493,100,38,38
496,105,37,38
498,113,37,38
500,124,37,39
505,149,38,47
507,154,36,43
510,145,36,40
512,138,36,37
516,131,36,36
519,131,36,34
521,134,36,34
525,144,35,38
526,150,37,41
527,156,38,41
529,141,37,39
532,135,38,37
533,135,37,37
536,142,38,36
536,148,38,39
538,155,38,39
540,146,37,45
542,135,38,34
541,131,38,35
543,130,37,37
542,133,38,37
542,136,39,37
542,143,38,37
541,140,39,38
540,138,38,37
540,141,38,37
540,144,39,36
537,159,40,43
536,167,41,38
538,154,40,49
542,131,39,42
544,123,41,40
546,112,40,40
549,111,39,38
549,111,41,40
551,113,40,40
554,125,42,41
555,134,41,42
554,144,44,45
557,174,43,47
560,193,40,47
560,213,41,49
560,236,41,52
564,233,41,46
566,222,41,44
568,214,41,41
574,205,40,40
574,203,40,40
575,204,40,40
578,212,41,41
581,219,40,41
582,228,40,43
583,253,40,47
584,267,40,52
586,280,39,46
589,272,39,45
592,263,35,40
596,262,33,40
599,261,29,41
601,254,28,52
604,275,25,44
607,284,22,49
607,298,22,47
611,305,18,43
614,301,15,40
614,297,15,52
612,312,17,45
608,291,21,63
602,284,27,60
599,288,30,50
589,278,39,43
580,264,41,44
577,260,38,41
571,250,39,40
544,233,44,42
557,240,40,39
510,215,46,44
480,205,44,40
464,199,42,38
439,186,43,40
428,182,42,39
412,173,38,39
401,170,40,38
393,165,38,37
385,163,38,35
367,153,38,38
361,150,35,36
352,146,36,35
340,137,34,37
344,141,35,35
348,144,36,36
353,150,36,36
358,155,37,36
360,157,36,37
362,162,35,36
367,166,37,37
369,167,36,37
371,169,37,37
372,173,37,35
378,176,38,36
381,179,36,36
383,181,38,36
387,183,38,38
390,186,38,37
392,189,38,38
397,194,38,37
402,197,37,37
404,197,38,38
406,199,38,38
410,205,38,35
413,205,40,38
416,207,40,39
420,210,38,38
423,214,40,38
427,215,38,40
430,216,39,40
436,222,39,39
439,224,38,39
442,227,38,39
445,230,38,39
452,231,37,40
455,233,37,41
457,237,40,39
458,240,40,38
468,245,40,37
472,245,38,40
473,247,39,39
480,250,40,40
482,252,40,40
486,254,40,40
492,259,40,39
494,255,40,41
490,249,40,42
488,240,42,43
481,227,53,41
479,221,41,41
478,216,39,40
476,205,38,38
475,202,39,37
473,198,39,38
472,186,38,40
472,184,38,38
471,179,38,39
471,175,38,39
469,165,37,38
468,162,37,37
467,158,38,37
467,149,37,38
469,146,35,37
468,143,36,38
469,133,35,38
468,131,34,36
468,127,35,36
469,119,35,36
468,117,35,35
469,113,33,36
469,110,35,35
470,101,33,36
469,100,33,34
470,97,33,34
471,90,33,36
471,87,34,36
471,84,33,34
473,76,32,35
474,74,32,34
474,71,34,33
474,66,35,34
475,64,36,34
468,56,35,36
462,56,35,34
458,58,35,33
450,51,34,35
447,51,33,35
445,49,32,36
443,48,31,34
437,45,32,32
433,43,33,33
431,41,33,34
427,39,31,33
424,36,32,32
421,34,32,32
419,32,31,33
415,30,30,31
411,27,29,32
409,25,31,33
406,20,31,35
402,20,30,31
401,17,32,33
400,15,31,34
396,14,30,32
396,11,32,32
394,7,32,34
391,5,32,34
390,6,33,32
390,5,33,30
389,5,32,31
387,2,31,30
385,0,31,30
382,0,32,27
380,0,32,27
378,0,31,27
376,0,34,24
373,0,40,25
373,0,38,26
372,0,31,26
370,0,31,28
368,0,31,30
368,2,30,29
367,2,30,30
365,3,30,31
364,6,30,29
365,6,30,30
364,8,31,30
364,9,30,30
363,10,30,30
362,10,30,31
362,12,30,31
364,14,29,30
364,14,29,31
364,15,29,32
364,17,30,31
364,18,29,31
364,18,30,32
364,20,29,30
365,22,29,30
366,24,29,30
367,24,30,31
367,26,30,31
367,26,30,31
371,29,32,32
378,35,34,33
383,40,33,33
395,49,32,33
400,54,33,31
407,58,33,32
420,66,35,35
427,72,34,34
433,77,35,33
447,85,35,35
454,91,35,36
461,95,37,34
476,103,35,36
482,110,37,34
493,116,34,35
506,125,38,37
516,131,37,37
522,136,36,36
540,145,35,38
546,151,39,38
556,158,39,36
