0.004971
0.019261
0.029113
0.040719
0.038502
0.020949
0.020292
0.019727
0.017885
0.032748
0.030411
0.038217
0.048764
0.017944
0.021823
0.018752
0.024596
0.017774
0.028529
0.032457
0.017195
0.016777
0.034122
0.019415
0.020108
0.018353
0.023454
0.023980
0.026234
0.019445
0.028082
0.031338
0.020783
0.016313
0.045373
0.023033
0.017876
0.022870
0.020724
0.019781
0.016363
0.023618
0.021757
0.016239
0.022185
0.030842
0.015502
0.036364
0.046534
0.017344
0.022464
0.015454
0.023397
0.016371
0.019578
0.023679
0.030195
0.014758
0.016779
0.048085
0.026405
0.025031
0.020035
0.023590
0.018469
0.021889
0.017732
0.023044
0.017039
0.026059
0.024558
0.031233
0.024023
0.039653
0.050821
0.018769
0.019320
0.018069
0.025910
0.016804
0.017090
0.015691
0.031200
0.018987
0.016827
0.064833
0.016646
0.017490
0.016329
0.017341
0.018843
0.026361
0.018081
0.016749
0.020107
0.031722
0.025433
0.019532
0.028297
0.028527
0.031190
0.018173
0.017326
0.017393
0.022279
0.023214
0.023552
0.033811
0.024152
0.016995
0.050139
0.019013
0.018317
0.020325
0.015332
0.015028
0.025217
0.023500
0.027025
0.031673
0.014511
0.017975
0.060760
0.019879
0.016225
0.016187
0.016038
0.015764
0.017802
0.017862
0.023679
0.018174
0.025310
0.024436
0.016425
0.035306
0.017362
0.021107
0.032354
0.022877
0.019418
0.061164
0.036433
0.018415
0.018607
0.018354
0.017730
0.023701
0.022106
0.021898
0.032284
0.017384
0.020196
0.055065
0.019850
0.017278
0.015371
0.022251
0.023042
0.016302
0.051883
0.030842
0.015881
0.034403
0.043275
0.016162
0.015501
0.016499
0.020446
0.017335
0.015540
0.034052
0.029370
0.018400
0.032081
0.027474
0.050909
0.021644
0.017012
0.019030
0.029957
0.015404
0.032234
0.022520
0.022960
0.019291
0.031276
0.017704
0.043667
0.047424
0.027530
0.017118
0.026303
0.017081
0.023918
0.019063
0.017296
0.020792
0.034250
0.022200
0.048657
0.036143
0.020860
0.020127
0.016500
0.019111
0.018588
0.027142
0.018655
0.035270
0.021752
0.025798
0.037037
0.020954
0.018304
0.015129
0.016267
0.015960
0.015629
0.015978
0.019656
0.021709
0.019656
0.021278
0.015177
0.028253
0.024756
0.027335
0.020257
0.018187
0.018303
0.018613
0.015818
0.016500
0.023116
0.016974
0.022106
0.015635
0.030809
0.027147
0.017152
0.048609
0.043401
0.028932
0.027984
0.026551
0.017399
0.022148
0.018068
0.020042
0.018889
0.032638
0.026160
0.031656
0.032329
0.020931
0.019028
0.016168
0.025925
0.017775
0.021317
0.025045
0.025693
0.031196
0.018727
0.015329
0.039950
0.032463
0.016207
0.029483
0.015490
0.014696
0.022468
0.023878
0.015978
0.031218
0.029994
0.015322
0.033306
0.049174
0.037294
0.023109
0.024698
0.019419
0.024784
0.019775
0.021270
0.018632
0.032846
0.027290
0.017261
0.023714
0.020941
0.020438
0.015115
0.015569
0.015723
0.022905
0.021176
0.023891
0.030862
0.032850
0.016969
0.017842
0.061731
0.017294
0.016760
0.016162
0.021317
0.025274
0.028373
0.021025
0.036985
0.015985
0.035451
0.033289
0.042261
0.020310
0.016282
0.017911
0.018713
0.016703
0.026451
0.022089
0.017930
0.016553
0.017050
0.032151
0.027122
0.032748
0.017546
0.027710
0.035574
0.017444
0.014359
0.015160
0.015766
0.017421
0.018072
0.022571
0.020100
0.016630
0.020623
0.016019
0.019384
0.031192
0.019068
0.055674
0.033430
0.016268
0.016640
0.016713
0.014843
0.019523
0.015655
0.019027
0.017784
0.031970
0.025835
0.019190
0.054117
0.025619
0.021379
0.016756
0.019785
0.019185
0.024283
0.024207
0.019714
0.017556
0.032119
0.027794
0.016757
0.077461
0.017326
0.019905
0.024773
0.015575
0.014922
0.017644
0.016847
0.020092
0.018083
0.028852
0.016183
0.030493
0.030288
0.029348
0.064568
0.022887
0.017235
0.017132
0.014857
0.015274
0.016253
0.018830
0.016205
0.034753
0.026945
0.019613
0.032271
0.025406
0.016347
0.041145
0.031780
0.021545
0.018051
0.023742
0.018386
0.017597
0.026163
0.017777
0.036168
0.023837
0.023886
0.061596
0.022361
0.016156
0.016156
0.021674
0.029869
0.017250
0.020104
0.022534
0.020337
0.032150
0.025815
0.020174
0.050517
0.020272
0.015480
0.017036
0.016460
0.016632
0.020347
0.015775
0.016073
0.022437
0.019310
0.034033
0.023692
0.031138
0.025019
0.064213
0.019360
0.018293
0.014782
0.015741
0.036475
0.027311
0.015432
0.019585
0.030631
0.030299
0.053330
0.016171
0.015035
0.021965
0.030566
0.020020
0.020808
0.023595
0.020313
0.018978
0.031354
0.023089
0.019513
0.059525
0.026572
0.016014
0.016387
0.019420
0.022466
0.018899
0.027122
0.019860
0.030188
0.018883
0.060944
0.021187
0.019753
0.023236
0.014460
0.025804
0.017534
0.017342
0.024249
0.032475
0.023188
0.050512
0.017538
0.016692
0.017847
0.016305
0.014534
0.015074
0.020921
0.023423
0.027513
0.015185
0.020719
0.030666
0.022957
0.017629
0.069376
0.019514
0.016557
0.017168
0.016699
0.020176
0.020734
0.015674
0.024944
0.016652
0.031129
0.027082
0.022289
0.060600
0.017301
0.017764
0.017431
0.020974
0.018026
0.015493
0.015713
0.022186
0.015389
0.030010
0.022713
0.030114
0.028064
0.065633
0.029834
0.021128
0.018620
0.016541
0.019351
0.022644
0.015515
0.032238
0.028811
0.015099
0.031399
0.047048
0.025957
0.017053
0.018846
0.027010
0.019367
0.017733
0.027048
0.018429
0.020416
0.022174
0.032092
0.029199
0.068555
0.027153
0.017067
0.016521
0.017461
0.016432
0.016366
0.021950
0.029042
0.016535
0.017571
0.030440
0.030704
0.051689
0.042846
0.018423
0.018625
0.016558
0.016366
0.015521
0.015918
0.021586
0.015141
0.023121
0.019773
0.030292
0.025505
0.020489
0.061090
0.029444
0.018866
0.017440
0.015036
0.014527
0.016532
0.026286
0.017853
0.015339
0.017410
0.032489
0.026513
0.019634
0.039575
0.026325
0.016549
0.018913
0.015348
0.016560
0.015033
0.015914
0.019032
0.025395
0.029940
0.020504
0.016900
0.057295
0.025347
0.015949
0.016439
0.015757
0.014520
0.014786
0.016110
0.019047
0.020995
0.023400
0.017585
0.030713
0.023211
0.030596
0.053629
0.021765
0.016778
0.016887
0.021280
0.025882
0.016714
0.018784
0.014777
0.031217
0.029945
0.015879
0.060717
0.039676
0.019389
0.018009
0.016067
0.020006
0.017809
0.016155
0.016966
0.025283
0.021008
0.022352
0.022058
0.031462
0.017827
0.018860
0.041484
0.021683
0.021178
0.015234
0.018589
0.030814
0.041373
0.015548
0.019942
0.015609
0.031601
0.030025
0.015718
0.031864
0.042300
0.020415
0.018190
0.016151
0.019722
0.022055
0.019588
0.018584
0.017849
0.025020
0.022833
0.031658
0.016464
0.017980
0.032357
0.026959
0.018138
0.044743
0.022845
0.016474
0.021141
0.016957
0.017081
0.018447
0.019863
0.015686
0.021663
0.015570
0.032521
0.031543
0.014760
0.051219
0.025428
0.024349
0.018273
0.017755
0.026777
0.017963
0.025554
0.020902
0.019860
0.022372
0.033258
0.023165
0.030496
0.019280
0.019513
0.019557
0.017236
0.022058
0.016170
0.018316
0.026000
0.016027
0.026057
0.023197
0.032156
0.019943
0.025768
0.057127
0.017684
0.024877
0.016414
0.039816
0.015590
0.039961
0.031842
0.031584
0.033863
0.042557
0.048285
0.019722
0.036056
0.036719
0.023570
0.027137
0.039830
0.029756
0.032219
0.051581
0.026269
0.040842
0.040166
0.023357
0.026865
0.023679
0.031580
0.046413
0.054791
0.022823
0.025820
0.019496
0.018849
0.016109
0.027818
0.033400
0.043481
0.031411
0.042150
0.042628
0.016957
0.033044
0.026189
0.026485
0.016771
0.026118
0.037495
0.028555
0.034228
0.030649
0.061644
0.037130
0.016732
0.048274
0.030831
0.019651
0.029807
0.022314
0.024605
0.035325
0.020375
0.015715
0.059159
0.025459
0.024430
0.040562
0.021829
0.016239
0.035267
0.022379
0.017229
0.046561
0.028335
0.050484
0.025804
0.035774
0.021469
0.025777
0.015578
0.017969
0.022587
0.031396
0.019158
0.045531
0.031969
0.019708
0.066075
0.039248
0.038766
0.027123
0.022254
0.042295
0.020122
0.035816
0.026557
0.016735
0.069145
0.034893
0.039069
0.018266
0.027807
0.039107
0.017750
0.027956
0.017767
0.031671
0.026819
0.041537
0.029725
0.058326
0.037342
0.018337
0.029904
0.018999
0.016443
0.026067
0.030019
0.022702
0.026585
0.037552
0.054067
0.039655
0.022254
0.026724
0.014436
0.031669
0.030875
0.022474
0.016293
0.030134
0.042174
0.025864
0.060742
0.046937
0.022934
0.023699
0.034464
0.019966
0.022746
0.015358
0.036357
0.018227
0.035893
0.033659
0.019952
0.056747
0.028704
0.018155
0.025344
0.034959
0.022691
0.033718
0.030535
0.042720
0.043200
0.033790
0.034946
0.027690
0.031046
0.023567
0.024142
0.022302
0.035901
0.030730
0.036690
0.046497
0.031118
0.023460
0.037047
0.016885
0.028813
0.025123
0.036350
0.018936
0.033630
0.019632
0.064532
0.037705
0.034025
0.032576
0.022835
0.040155
0.023778
0.016239
0.040948
0.032341
0.073431
0.058482
0.043550
0.020812
0.015002
0.021083
0.016679
0.024129
0.017448
0.033872
0.035207
0.022529
0.074211
0.040381
0.022323
0.031766
0.017066
0.027893
0.037507
0.024247
0.020983
0.038923
0.019736
0.037816
0.059890
0.023898
0.040590
0.017664
0.039690
0.034142
0.019542
0.022909
0.038040
0.028629
0.041183
0.042806
0.057622
0.017769
0.036430
0.031892
0.016065
0.033418
0.031301
0.035461
0.033980
0.036373
0.056508
0.029435
0.017424
0.026256
0.028446
0.025261
0.019696
0.022796
0.018543
0.034210
0.031502
0.027864
0.019226
0.066938
0.022145
0.031657
0.039615
0.016245
0.032892
0.035439
0.034326
0.028317
0.021269
0.054289
0.019053
0.023671
0.016421
0.032155
0.016923
0.016954
0.033817
0.032633
0.032479
0.025097
0.044704
0.028064
0.024619
0.018981
0.018378
0.022505
0.017566
0.022804
0.019679
0.031621
0.021675
0.028320
0.038785
0.019452
0.029145
0.032868
0.041451
0.017461
0.037540
0.026450
0.040453
0.023859
0.025791
0.044319
0.026152
0.067137
0.045117
0.021956
0.022484
0.042344
0.037626
0.016199
0.026084
0.037210
0.024104
0.044881
0.032857
0.065400
0.022682
0.027508
0.043093
0.016132
0.037812
0.044846
0.018207
0.040720
0.024498
0.050107
0.039097
0.021168
0.040854
0.017601
0.018495
0.032583
0.019515
0.021380
0.020526
0.018832
0.032851
0.024958
0.032545
0.021020
0.039247
0.032793
0.023730
0.034736
0.028767
0.026850
0.034541
0.036367
0.036883
0.026098
0.063703
0.020432
0.032630
0.032700
0.020103
0.025376
0.024911
0.019094
0.040916
0.019442
0.019524
0.046236
0.020565
0.017657
0.015478
0.015030
0.015628
0.023078
0.025458
0.019958
0.034697
0.020155
0.055200
0.030378
0.017401
0.017702
0.016599
0.018600
0.015010
0.022668
0.019069
0.018499
0.031091
0.020393
0.020400
0.052285
0.021763
0.016787
0.017113
0.015678
0.015654
0.015756
0.026907
0.017071
0.019081
0.017583
0.042646
0.021416
0.021899
0.052483
0.017937
0.017106
0.017358
0.016693
0.018094
0.021281
0.020412
0.023890
0.029497
0.032403
0.019230
0.052368
0.023968
0.017429
0.014664
0.014984
0.023574
0.023867
0.018794
0.048177
0.031537
0.015139
0.019955
0.015957
0.015146
0.028095
0.019624
0.027318
0.020208
0.031379
0.027925
0.028818
0.041962
0.020707
0.019147
0.019287
0.016582
0.019217
0.025066
0.016206
0.023627
0.016415
0.023924
0.020779
0.032093
0.021610
0.022375
0.055365
0.022281
0.015592
0.025780
0.019226
0.020859
0.031616
0.016261
0.023853
0.015489
0.032109
0.019529
0.016160
0.064396
0.026669
0.020755
0.038952
0.017214
0.015975
0.015167
0.018146
0.022509
0.015962
0.032654
0.028017
0.016291
0.062779
0.028092
0.020997
0.027339
0.017121
0.015521
0.026514
0.018096
0.015809
0.024256
0.023003
0.016421
0.070521
0.017754
0.018578
0.018651
0.017676
0.019717
0.015964
0.018676
0.016783
0.019472
0.024114
0.029948
0.025501
0.037221
0.028394
0.015090
0.014952
0.015286
0.019935
0.017416
0.018596
0.019772
0.021950
0.023592
0.032033
0.020788
0.029532
0.045967
0.032875
0.015712
0.015480
0.016010
0.014468
0.015014
0.024836
0.016438
0.028115
0.034930
0.018074
0.020489
0.047228
0.023619
0.021218
0.018504
0.016189
0.021439
0.035658
0.015423
0.031705
0.026678
0.015372
0.070849
0.023580
0.018889
0.016682
0.015584
0.021239
0.016221
0.016317
0.024035
0.018683
0.021222
0.021268
0.032297
0.025962
0.041967
0.041049
0.018293
0.020405
0.033697
0.017477
0.016739
0.016103
0.023786
0.017661
0.026377
0.016369
0.033132
0.023880
0.029244
0.060067
0.020763
0.016137
0.016905
0.014933
0.017296
0.018771
0.020774
0.027028
0.017378
0.028191
0.018143
0.032327
0.027849
0.016617
0.057793
0.016951
0.017837
0.018744
0.020767
0.016703
0.015367
0.015137
0.021197
0.020915
0.024635
0.021169
0.032160
0.022424
0.016796
0.053148
0.023771
0.023518
0.017874
0.038505
0.018318
0.015301
0.018363
0.020629
0.016121
0.024247
0.016623
0.017503
0.034348
0.026687
