0.003794
0.023458
0.031036
0.022009
0.027214
0.032514
0.016834
0.016763
0.016027
0.028712
0.025229
0.019314
0.034492
0.028519
0.049162
0.018698
0.017714
0.022122
0.017572
0.025225
0.034688
0.025213
0.034647
0.028384
0.017824
0.021075
0.017319
0.022225
0.021945
0.022853
0.031488
0.024574
0.020670
0.059205
0.030460
0.020295
0.018827
0.019848
0.016454
0.018910
0.016596
0.017785
0.025409
0.031453
0.026251
0.072786
0.033057
0.018705
0.020780
0.021268
0.020184
0.029393
0.024904
0.033221
0.021302
0.068328
0.017771
0.015245
0.017846
0.017077
0.020584
0.026945
0.018296
0.021756
0.017810
0.031446
0.018353
0.018737
0.076697
0.019569
0.016814
0.038171
0.017442
0.019089
0.037403
0.017845
0.022264
0.017545
0.020240
0.030951
0.025198
0.046413
0.040758
0.016682
0.021333
0.016565
0.019905
0.029443
0.021601
0.026614
0.024150
0.032642
0.017346
0.019043
0.052776
0.016022
0.019554
0.016342
0.016956
0.019180
0.022175
0.018350
0.031990
0.029125
0.018608
0.055460
0.017312
0.025930
0.020604
0.019736
0.020019
0.037972
0.026775
0.031724
0.018439
0.040384
0.024366
0.017003
0.017085
0.019354
0.029532
0.018946
0.016123
0.020142
0.022900
0.032972
0.020129
0.018223
0.054909
0.018269
0.018092
0.017645
0.016712
0.021682
0.017250
0.034814
0.017477
0.023364
0.059560
0.020332
0.017089
0.025511
0.016771
0.021354
0.021914
0.024340
0.034524
0.023392
0.063240
0.035585
0.024843
0.016983
0.017490
0.016874
0.017279
0.022724
0.031116
0.018908
0.031922
0.025136
0.021914
0.052936
0.021273
0.017720
0.018459
0.017937
0.019633
0.018292
0.023747
0.016317
0.023294
0.032530
0.018869
0.031024
0.025124
0.016709
0.017693
0.017339
0.016168
0.020093
0.022495
0.018441
0.019205
0.019946
0.031939
0.026493
0.019685
0.053566
0.031464
0.018678
0.020928
0.017671
0.018371
0.022762
0.018319
0.029101
0.023586
0.033920
0.021817
0.021045
0.059400
0.026154
0.016572
0.016509
0.017565
0.016991
0.018689
0.022867
0.019389
0.028853
0.019895
0.031439
0.027756
0.016529
0.039951
0.018586
0.021084
0.017405
0.017500
0.019875
0.018898
0.015757
0.028375
0.018599
0.030699
0.030285
0.036996
0.019950
0.045079
0.022107
0.023908
0.018020
0.018308
0.020754
0.018039
0.021976
0.023079
0.032694
0.017566
0.052421
0.021895
0.020679
0.018537
0.019503
0.019156
0.019713
0.019352
0.033544
0.017873
0.051396
0.038192
0.017494
0.022390
0.017638
0.016154
0.024221
0.022712
0.031534
0.028442
0.017413
0.061651
0.017860
0.019368
0.016406
0.018022
0.021148
0.018997
0.027117
0.024201
0.031847
0.017756
0.053809
0.022422
0.017818
0.021068
0.022705
0.020306
0.018178
0.019873
0.025478
0.031687
0.037535
0.021835
0.023863
0.016771
0.018803
0.027874
0.029989
0.028738
0.035915
0.019260
0.049366
0.022099
0.021182
0.019697
0.022752
0.028124
0.025950
0.023518
0.022341
0.026825
0.033622
0.020370
0.030838
0.050926
0.016727
0.018453
0.016882
0.017556
0.022368
0.022507
0.020085
0.033981
0.018257
0.047018
0.056540
0.039735
0.019078
0.018186
0.018143
0.021103
0.024618
0.018587
0.031268
0.027690
0.024060
0.058263
0.033993
0.026734
0.027872
0.020586
0.020509
0.018610
0.020577
0.019803
0.025517
0.036496
0.033845
0.015443
0.064911
0.055786
0.039436
0.023195
0.021044
0.018137
0.043512
0.026307
0.033799
0.032075
0.021486
0.061803
0.027396
0.016325
0.018348
0.018177
0.022590
0.016910
0.021835
0.022319
0.029512
0.016628
0.045837
0.019106
0.016917
0.017433
0.018190
0.022395
0.018233
0.021808
0.034392
0.039348
0.029043
0.077513
0.046517
0.026443
0.022767
0.020463
0.019855
0.022330
0.024005
0.020403
0.042771
0.019297
0.065328
0.024096
0.023094
0.021432
0.018937
0.022323
0.024218
0.026988
0.025258
0.018681
0.026547
0.032654
0.019214
0.050639
0.025223
0.020802
0.015963
0.019735
0.017290
0.018773
0.022716
0.016621
0.017233
0.028404
0.027402
0.033410
0.017357
0.057249
0.038620
0.019673
0.020050
0.024892
0.031680
0.020949
0.029081
0.053932
0.042098
0.021720
0.018800
0.018461
0.023340
0.026541
0.022912
0.034786
0.021738
0.059187
0.024108
0.018725
0.030199
0.019542
0.021339
0.017346
0.024023
0.031416
0.023781
0.019744
0.041724
0.018707
0.020936
0.026886
0.016849
0.016842
0.023158
0.030510
0.035351
0.034369
0.030552
0.049553
0.020868
0.022828
0.021602
0.019551
0.025215
0.020565
0.022366
0.034106
0.021122
0.087124
0.029121
0.019121
0.018577
0.023381
0.018255
0.021808
0.020396
0.022954
0.023066
0.034584
0.019105
0.074867
0.033190
0.021345
0.018538
0.020401
0.032095
0.020627
0.026062
0.033683
0.020598
0.052577
0.022915
0.020072
0.021472
0.025734
0.017055
0.017217
0.025033
0.025352
0.021030
0.021102
0.035738
0.017679
0.051658
0.028379
0.018216
0.017341
0.018864
0.024117
0.017628
0.023781
0.018615
0.019384
0.027618
0.032012
0.019799
0.024235
0.024151
0.018849
0.022844
0.025695
0.023806
0.024806
0.035251
0.025622
0.064228
0.022493
0.017853
0.020393
0.024914
0.021755
0.019426
0.033707
0.022058
0.072848
0.021494
0.023611
0.021445
0.017071
0.023943
0.024539
0.022571
0.037869
0.024988
0.071807
0.025896
0.017672
0.022830
0.017011
0.017690
0.018312
0.027158
0.030600
0.024208
0.019493
0.043996
0.019742
0.019122
0.027081
0.018528
0.025714
0.030485
0.022074
0.036513
0.020598
0.065376
0.037709
0.023644
0.039328
0.019443
0.018298
0.034109
0.021070
0.021064
0.031001
0.033641
0.019742
0.042743
0.041665
0.023893
0.018131
0.019881
0.027678
0.019518
0.016952
1.011216
0.041613
0.024325
0.018665
0.018403
0.016250
0.020441
0.020643
0.018000
0.022786
0.031590
0.024172
0.049741
0.039256
0.021241
0.017064
0.018724
0.017381
0.016757
0.017723
0.023034
0.017322
0.028953
0.019078
0.032852
0.021595
0.038629
0.019442
0.016549
0.018040
0.017308
0.017968
0.018784
0.020406
0.024997
0.017955
0.028959
0.033336
0.018716
0.026823
0.048303
0.018587
0.017565
0.019390
0.016816
0.018428
0.021925
0.023108
0.017205
0.033536
0.029312
0.017663
0.021991
0.040033
0.018253
0.017338
0.017713
0.017192
0.017457
0.025082
0.019703
0.030387
0.033382
0.020382
0.051873
0.017692
0.016040
0.017690
0.017287
0.031661
0.033458
0.029981
0.018601
0.032040
0.023756
0.017763
0.018230
0.021425
0.018691
0.020936
0.054168
0.021350
0.017577
0.020905
0.019196
0.027118
0.022569
0.025975
0.024298
0.035985
0.017136
0.016769
0.018897
0.017029
0.017874
0.017951
0.016860
0.016185
0.016859
0.017806
