0.001240
0.032596
0.024810
0.020182
0.019332
0.022254
0.030348
0.022350
0.032836
0.020220
0.059351
0.029363
0.017449
0.017178
0.018389
0.021543
0.022307
0.027179
0.029187
0.016077
0.024683
0.036415
0.026686
0.020514
0.016383
0.015726
0.015476
0.022290
0.017815
0.017727
0.032739
0.025177
0.021833
0.055861
0.030671
0.019693
0.038688
0.016652
0.028537
0.018699
0.020709
0.018593
0.031708
0.027459
0.020263
0.067890
0.037982
0.016891
0.020087
0.021294
0.025510
0.019518
0.024051
0.016065
0.032948
0.027177
0.015764
0.020386
0.018888
0.025708
0.017914
0.016898
0.018583
0.016505
0.016968
0.025109
0.019109
0.021037
0.018882
0.032091
0.017455
0.021158
0.065219
0.042843
0.020687
0.038477
0.017109
0.018577
0.020568
0.042085
0.029699
0.025809
0.034840
0.024274
0.078668
0.021239
0.033974
0.021131
0.034079
0.054624
0.018243
0.027070
0.022670
0.042651
0.024333
0.037063
0.019998
0.062867
0.046427
0.024592
0.027785
0.021593
0.032088
0.030391
0.018259
0.032919
0.028252
0.022293
0.022612
0.033178
0.020847
0.077365
0.049053
0.023410
0.032990
0.022228
0.017958
0.029989
0.032271
0.022294
0.048295
0.023073
0.052904
0.040183
0.027899
0.033641
0.019423
0.033659
0.019680
0.020795
0.037439
0.040709
0.032805
0.029591
0.046439
0.044115
0.018149
0.020902
0.032155
0.023714
0.042642
0.050065
0.028138
0.073821
0.026594
0.044099
0.023935
0.023438
0.037732
0.023657
0.039076
0.026880
0.020767
0.039086
0.021223
0.051457
0.030307
0.024031
0.033352
0.027131
0.041562
0.031088
0.019406
0.032595
0.031000
0.075045
0.031513
0.023326
0.035498
0.019243
0.023000
0.024238
0.034940
0.021718
0.033978
0.029052
0.047135
0.025903
0.063405
0.028843
0.020421
0.022103
0.031897
0.044496
0.017513
0.028619
0.027874
0.025003
0.022552
0.048104
0.025325
0.031417
0.065737
0.038619
0.021322
0.024309
0.043999
0.027944
0.027964
0.041791
0.024175
0.069615
0.028823
0.024990
0.018701
0.029252
0.020709
0.033696
0.045274
0.029931
0.055523
0.047027
0.032463
0.021586
0.017757
0.033810
0.026904
0.026775
0.023736
0.032633
0.036127
0.037530
0.058634
0.045369
0.020078
0.023101
0.047060
0.024629
0.029847
0.037001
0.023656
0.039686
0.051106
0.045233
0.024248
0.037534
0.038932
0.040638
0.024976
0.031761
0.034196
0.048996
0.024250
0.027536
0.039784
0.031362
0.024118
0.039211
0.042704
0.029068
0.022114
0.026488
0.046256
0.033467
0.036515
0.032126
0.027733
0.020833
0.027161
0.044084
0.034579
0.019692
0.050577
0.019387
0.018187
0.029356
0.024493
0.025529
0.037740
0.020209
0.031555
0.032174
0.033800
0.032292
0.056212
0.043976
0.030236
0.021443
0.037659
0.035857
0.028548
0.025280
0.034836
0.029014
0.022402
0.062951
0.031693
0.037806
0.040032
0.032416
0.022086
0.028187
0.035208
0.031499
0.033923
0.019509
0.028832
0.030603
0.021309
0.020251
0.033075
0.023308
0.019887
0.019727
0.026646
0.044713
0.027295
0.030007
0.064917
0.053792
0.038729
0.036379
0.020306
0.023565
0.035514
0.023403
0.038832
0.021958
0.052384
0.026291
0.031126
0.045460
0.024994
0.022764
0.026911
0.019544
0.040201
0.021335
0.049556
0.037304
0.024087
0.031100
0.021250
0.040418
0.020627
0.028593
0.021909
0.025340
0.042526
0.024609
0.074521
0.044026
0.026849
0.031728
0.022130
0.019765
0.041160
0.016943
0.036935
0.037048
0.041031
0.046562
0.032603
0.030466
0.030736
0.033612
0.043273
0.022318
0.043523
0.021161
0.065496
0.040977
0.034824
0.017437
0.019030
0.034383
0.028711
0.031438
0.025699
0.038040
0.032657
0.061052
0.021042
0.039505
0.020073
0.031522
0.027391
0.031447
0.045133
0.022573
0.040534
0.080663
0.020933
0.017181
0.036026
0.041334
0.024081
0.036983
0.049095
0.027380
0.067284
0.036139
0.028992
0.023844
0.025957
0.035454
0.019398
0.024445
0.022866
0.031953
0.025449
0.020882
0.060063
0.017008
0.016630
0.033629
0.017976
0.016783
0.018250
0.022171
0.028235
0.017009
0.023345
0.036065
0.018114
0.049433
0.047125
0.026135
0.018107
0.018332
0.029270
0.018457
0.022814
0.016556
0.031826
0.033389
0.020371
0.048980
0.022582
0.017935
0.016411
0.021134
0.019492
0.026235
0.030899
0.017764
0.024564
0.030963
0.020698
0.062077
0.019059
0.016453
0.015831
0.034442
0.033266
0.025888
0.021657
0.029974
0.034254
0.030758
0.039861
0.041202
0.037093
0.034792
0.016570
0.019495
0.016531
0.017713
0.028120
0.024894
0.018285
0.033335
0.027869
0.022479
0.063354
0.021544
0.020590
0.039001
0.021063
0.019038
0.017478
0.020523
0.016137
0.018597
0.025263
0.078061
0.025946
0.027642
0.018556
0.019734
0.017662
0.021783
0.022150
0.021033
0.031024
0.027907
0.018904
0.053080
0.045976
0.025084
0.020815
0.026167
0.025290
0.019618
0.018116
0.025617
0.031801
0.018951
0.019336
0.056382
0.043371
0.018065
0.018991
0.016152
0.017751
0.021263
0.018002
0.017852
0.020530
0.031886
0.020982
0.065301
0.042526
0.022449
0.024772
0.018653
0.029958
0.016436
0.020572
0.017994
0.024482
0.032584
0.022445
0.048160
0.040233
0.017235
0.022593
0.019233
0.024954
0.017501
0.022297
0.033669
0.016386
0.040358
0.034366
0.022793
0.018432
0.023392
0.018379
0.024075
0.018758
0.021657
0.035480
0.031409
0.079503
0.022904
0.022987
0.017498
0.015763
0.018723
0.017298
0.017542
0.018311
0.026928
0.036500
0.021704
0.020879
0.032946
0.020614
0.041876
0.029464
0.015248
0.030931
0.017087
0.025246
0.018323
0.018659
0.022011
0.033200
0.016215
0.039823
0.049102
0.020405
0.017694
0.020411
0.022180
0.017448
0.017438
0.024774
0.017301
0.018406
0.025003
0.031911
0.018428
0.030167
0.043896
0.041339
0.018072
0.020061
0.023532
0.020321
0.016644
0.020427
