0.001928
0.018128
0.027340
0.032341
0.020004
0.046239
0.047720
0.020416
0.015915
0.019526
0.019237
0.016338
0.028437
0.016013
0.026554
0.028776
0.033441
0.039096
0.021168
0.029147
0.021804
0.020659
0.020045
0.022022
0.024062
0.017569
0.018253
0.032200
0.029176
0.020262
0.069427
0.020447
0.021168
0.044475
0.016834
0.023679
0.016947
0.026505
0.018296
0.033388
0.028180
0.019618
0.056580
0.023416
0.022678
0.015678
0.017025
0.018485
0.017574
0.017340
0.025020
0.038253
0.024609
0.023708
0.047489
0.020562
0.019706
0.017184
0.024028
0.016651
0.020321
0.024335
0.029615
0.026443
0.031168
0.016906
0.019385
0.045063
0.030370
0.021414
0.021313
0.018417
0.030058
0.026402
0.016484
0.029052
0.030284
0.018485
0.017684
0.036943
0.029962
0.018655
0.017055
0.026436
0.032293
0.017082
0.025570
0.024971
0.019865
0.020034
0.031123
0.025965
0.017837
0.043422
0.028775
0.018794
0.018501
0.016663
0.016780
0.022722
0.024346
0.017942
0.021520
0.031934
0.017985
0.077779
0.032065
0.021092
0.022924
0.019956
0.020668
0.026923
0.016982
0.016393
0.017072
0.032085
0.029911
0.044885
0.046134
0.022815
0.027803
0.017612
0.016098
0.016368
0.017269
0.023567
0.020258
0.017632
0.035741
0.019609
0.018024
0.060663
0.023566
0.017472
0.017015
0.016989
0.018508
0.015579
0.032027
0.044711
0.022294
0.034394
0.020234
0.048001
0.027292
0.024958
0.018070
0.019021
0.022543
0.018267
0.019909
0.033082
0.025049
0.019598
0.070570
0.028805
0.026618
0.021430
0.018186
0.018973
0.033614
0.018088
0.032037
0.026679
0.017816
0.056656
0.022565
0.018152
0.018563
0.019048
0.019311
0.018708
0.021739
0.016373
0.024090
0.017855
0.030212
0.025573
0.032666
0.063937
0.020258
0.019588
0.035550
0.022566
0.017910
0.031269
0.028847
0.017410
0.040789
0.018908
0.018643
0.035479
0.019911
0.018978
0.026864
0.022465
0.020805
0.029697
0.032413
0.016697
0.022552
0.054533
0.018272
0.016305
0.017859
0.017310
0.015495
0.023549
0.028736
0.018835
0.035629
0.025920
0.018836
0.062546
0.023371
0.018451
0.018771
0.025504
0.019041
0.019799
0.041651
0.035311
0.018442
0.042499
0.030464
0.018782
0.017104
0.016216
0.016700
