477,262,36,102
474,258,36,116
472,258,36,114
471,257,36,114
467,256,36,115
467,258,36,113
464,256,37,115
463,257,36,112
461,254,36,113
460,256,36,111
457,255,39,112
455,256,40,110
454,258,39,108
453,260,38,107
452,259,37,109
452,257,38,111
450,259,38,107
449,253,40,113
448,255,38,108
448,254,38,110
446,251,37,112
446,250,39,111
447,250,37,109
449,253,36,104
448,245,38,112
449,246,38,109
449,243,37,112
448,246,38,108
449,246,39,109
450,246,37,109
449,246,39,108
453,241,35,107
451,239,36,110
453,242,35,102
453,241,34,103
454,241,34,101
452,234,36,108
451,232,37,109
451,234,37,104
453,231,36,103
455,229,35,101
454,228,35,100
455,230,35,97
456,227,32,101
455,231,34,95
457,219,33,102
455,225,34,95
457,235,33,84
456,235,34,83
465,232,31,79
462,227,29,79
465,222,34,85
461,216,34,97
455,212,39,103
463,226,33,85
462,207,35,103
459,214,36,96
501,205,32,102
465,205,34,104
460,206,38,100
461,207,35,100
464,211,33,96
466,208,32,94
466,202,34,97
467,200,34,94
505,198,29,91
503,196,31,98
506,196,30,95
506,192,31,95
505,188,32,94
505,189,33,94
505,184,33,94
506,186,33,98
507,185,32,94
506,185,34,100
507,184,33,102
504,182,35,103
507,179,32,91
506,180,33,90
507,177,33,86
509,176,32,90
508,177,33,94
509,176,33,93
510,176,34,97
509,171,34,99
512,171,33,99
510,169,35,98
511,167,35,99
513,165,33,97
511,165,35,100
513,164,34,102
509,162,37,105
483,152,32,89
481,149,34,96
483,147,33,83
479,147,37,95
483,146,32,88
480,148,36,96
483,147,32,94
482,148,34,96
479,147,35,94
478,147,35,91
475,147,37,98
476,147,34,91
475,148,35,84
475,146,35,85
475,148,33,78
474,149,33,76
474,149,33,75
474,148,34,79
477,147,31,80
475,147,33,75
474,147,35,77
475,148,34,74
474,148,35,78
471,147,38,80
472,145,37,81
472,145,35,79
469,141,38,79
470,140,36,77
468,137,36,79
467,136,38,80
467,137,38,81
466,137,39,84
466,137,36,81
466,140,37,79
467,140,36,79
468,139,35,78
468,136,37,81
470,132,34,79
470,127,34,81
471,125,33,79
470,122,35,84
469,120,35,85
469,121,36,84
470,120,36,84
470,122,36,85
471,123,36,82
471,122,34,79
470,119,35,80
470,115,34,75
468,112,36,78
468,110,34,79
468,109,34,80
468,109,34,77
468,110,34,78
469,108,34,80
468,107,34,82
469,111,34,78
468,110,32,81
470,111,31,77
472,109,31,77
471,110,31,76
473,103,32,80
471,109,32,76
471,99,33,78
472,101,31,75
470,104,32,75
471,103,31,72
470,104,32,72
469,102,32,75
468,101,31,73
471,97,37,84
469,97,34,75
500,94,32,87
501,94,32,90
502,94,32,86
501,94,32,92
502,95,32,90
501,94,31,90
502,92,31,90
500,91,32,90
501,89,31,89
500,89,31,90
499,88,31,91
498,89,32,91
496,89,32,88
497,88,32,89
497,88,31,90
496,87,30,90
494,85,31,89
466,61,32,73
465,59,34,83
463,59,35,84
464,65,37,85
453,71,39,87
459,61,38,82
487,78,34,86
460,73,35,78
458,63,35,87
489,75,32,83
489,73,31,86
486,71,32,86
459,56,32,89
457,60,33,87
456,62,33,86
454,68,34,78
392,57,35,78
390,60,41,76
375,58,38,76
394,60,36,76
391,61,39,75
382,58,35,76
393,58,38,75
395,58,41,78
391,56,38,76
457,61,28,80
398,57,34,75
395,57,37,76
394,59,41,74
389,54,40,78
396,59,37,75
393,56,35,79
396,56,34,78
391,58,36,75
391,58,34,77
392,60,36,74
389,59,37,76
389,58,36,73
389,58,34,76
392,57,36,78
385,54,37,77
393,60,36,73
393,57,32,76
385,59,36,75
389,59,36,74
391,60,31,75
390,56,33,74
386,56,33,76
384,55,32,76
384,57,31,75
378,54,35,76
371,59,40,76
427,57,39,78
422,54,40,75
384,53,32,77
386,56,29,72
388,53,29,70
389,52,27,60
421,48,28,56
389,47,29,54
423,53,29,73
414,56,34,79
419,58,32,77
406,49,31,72
409,51,31,71
402,43,30,65
406,45,29,64
397,44,31,59
409,42,29,52
395,56,28,77
396,55,24,72
394,55,25,66
392,48,28,85
