0.002839
0.019445
0.027064
0.043838
0.027388
0.023448
0.019245
0.027682
0.021140
0.018495
0.032955
0.026394
0.031496
0.065336
0.020898
0.017009
0.019173
0.019473
0.034651
0.016487
0.021260
0.021092
0.030521
0.022433
0.017849
0.043687
0.032717
0.031156
0.021196
0.017366
0.016580
0.016604
0.021115
0.018846
0.018626
0.018728
0.031863
0.018837
0.018960
0.065450
0.023975
0.032658
0.019909
0.036977
0.024576
0.024694
0.026756
0.034587
0.077880
0.038718
0.026635
0.049225
0.018708
0.025465
0.030403
0.036585
0.033804
0.035649
0.048921
0.105862
0.062121
0.045013
0.053649
0.022393
0.039008
0.022330
0.036730
0.048157
0.024368
0.063035
0.037188
0.032294
0.016263
0.024094
0.018924
0.044276
0.023867
0.023820
0.040790
0.028530
0.059104
0.020198
0.038012
0.039118
0.021676
0.031231
0.027103
0.025752
0.032349
0.038032
0.053963
0.030166
0.041142
0.022611
0.031441
0.026680
0.022936
0.026228
0.027523
0.026688
0.038252
0.066094
0.037133
0.033114
0.022050
0.028599
0.019282
0.020633
0.025991
0.036736
0.030214
0.029219
0.055826
0.033711
0.043429
0.039062
0.024931
0.041448
0.024598
0.033604
0.036128
0.033000
0.079275
0.022827
0.038000
0.022840
0.040656
0.024081
0.037508
0.034713
0.025117
0.054963
0.040258
0.019456
0.051619
0.039808
0.042042
0.021764
0.025591
0.035479
0.034556
0.026744
0.071092
0.040937
0.024858
0.023930
0.043356
0.029058
0.040401
0.049751
0.032585
0.028775
0.058944
0.044717
0.023543
0.035655
0.028807
0.022453
0.047198
0.024617
0.033627
0.057274
0.037461
0.025892
0.030706
0.030688
0.026927
0.018885
0.021501
0.045460
0.033699
0.066123
0.055553
0.038023
0.020400
0.028363
0.026047
0.043153
0.019624
0.031841
0.036921
0.021376
0.030002
0.027277
0.022093
0.034288
0.040875
0.020579
0.042785
0.035145
0.059285
0.037530
0.043534
0.032446
0.032809
0.019055
0.031415
0.023794
0.040657
0.027811
0.032480
0.070109
0.025403
0.030766
0.024327
0.035928
0.026094
0.035337
0.047768
0.027093
0.045633
0.021993
0.041216
0.041067
0.027405
0.026716
0.045048
0.032926
0.043116
0.062310
0.044147
0.019252
0.037339
0.035736
0.035278
0.020899
0.038148
0.031793
0.046329
0.034299
0.024430
0.059283
0.022347
0.027114
0.033626
0.019620
0.030760
0.033741
0.041936
0.037630
0.019921
0.070516
0.032643
0.019351
0.024083
0.045403
0.026483
0.035912
0.040483
0.022549
0.028148
0.041584
0.023142
0.057023
0.025772
0.033177
0.030590
0.046386
0.042614
0.052969
0.039363
0.056459
0.083836
0.075276
0.074636
0.024996
0.041452
0.021487
0.030365
0.021526
0.031021
0.022922
0.028054
0.044600
0.031358
0.027606
0.056407
0.032823
0.038176
0.033746
0.023919
0.032058
0.035287
0.043989
0.025927
0.056432
0.035753
0.033571
0.025093
0.038995
0.027203
0.045059
0.021360
0.071891
0.028477
0.038042
0.038238
0.020046
0.028928
0.032214
0.019000
0.035624
0.038539
0.019698
0.061591
0.041690
0.040635
0.017051
0.027145
0.035047
0.027972
0.038572
0.028692
0.040641
0.024211
0.064270
0.022066
0.039169
0.034167
0.035534
0.023321
0.028008
0.044498
0.026028
0.071327
0.030045
0.035742
0.017724
0.025678
0.039138
0.025086
0.019257
0.033110
0.022799
0.026126
0.055769
0.030449
0.048106
0.030882
0.018160
0.020000
0.050679
0.020097
0.033644
0.019647
0.037359
0.020983
0.040709
0.022711
0.043153
0.041630
0.057376
0.041619
0.031710
0.036672
0.016805
0.016364
0.039429
0.025686
0.043080
0.025902
0.053116
0.042211
0.044058
0.020261
0.021282
0.023644
0.035208
0.045503
0.020242
0.031201
0.029851
0.040005
0.042394
0.049829
0.045295
0.022556
0.037740
0.037403
0.036084
0.020045
0.034264
0.047229
0.020825
0.042715
0.026202
0.021641
0.020866
0.030284
0.017992
0.023020
0.017598
0.030618
0.034955
0.022320
0.017922
0.052935
0.041132
0.026915
0.019206
0.023630
0.017040
0.017821
0.023567
0.020597
0.021850
0.031948
0.023610
0.033847
0.066649
0.026994
0.022274
0.028955
0.015320
0.018535
0.023388
0.016959
0.019405
0.031601
0.028083
0.018474
0.046637
0.019147
0.019784
0.020611
0.020686
0.038292
0.018472
0.017734
0.022508
0.038471
0.033652
0.024239
0.041179
0.020412
0.027761
0.019617
0.015103
0.015386
0.025456
0.017025
0.020021
0.017370
0.032099
0.027684
0.021324
0.066168
0.020320
0.028605
0.023153
0.018431
0.016776
0.015096
0.024194
0.018572
0.025609
0.015333
0.031315
0.028911
0.015553
0.041202
0.022711
0.022421
0.017905
0.027697
0.018484
0.018069
0.017965
0.023899
0.019279
0.024443
0.018353
0.032012
0.027199
0.017958
0.031568
0.052154
0.019852
0.016309
0.020267
0.038377
0.027451
0.015283
0.018905
0.034336
0.020127
0.017763
0.076056
0.024194
0.017038
0.020286
0.019416
0.018322
0.020736
0.019504
0.023004
0.015837
0.032354
0.028519
