0.006247
0.052041
0.045513
0.037054
0.085858
0.031929
0.037753
0.048313
0.103990
0.063431
0.038786
0.114844
0.037424
0.035730
0.023680
0.052881
0.106429
0.059538
0.073128
0.057150
0.046622
0.052176
0.023462
0.028659
0.063414
0.071997
0.039259
0.082948
0.093791
0.021955
0.089398
0.035813
0.029121
0.101505
0.046618
0.053664
0.086833
0.082540
0.042717
0.021765
0.026285
0.048180
0.085088
0.048497
0.022807
0.033839
0.092778
0.054351
0.047842
0.023154
0.039523
0.071272
0.101343
0.022076
0.051458
0.085265
0.068250
0.031046
0.070346
0.077745
0.042327
0.046730
0.058121
0.032902
0.036621
0.031299
0.075576
0.061710
0.035065
0.107503
0.061320
0.035021
0.042102
0.089296
0.042340
0.049865
0.104992
0.078411
0.058231
0.056624
0.091890
0.034209
0.043782
0.027764
0.041500
0.064510
0.092638
0.093290
0.054588
0.058717
0.096070
0.062714
0.089053
0.044411
0.047832
0.114566
0.056930
0.040717
0.093000
0.041633
0.031391
0.028093
0.046346
0.102421
0.048517
0.093546
0.058331
0.039318
0.077435
0.042573
0.074335
0.051148
0.079351
0.055668
0.033049
0.020378
0.027782
0.063298
0.041510
0.091844
0.074045
0.072918
0.049326
0.055382
0.096603
0.046385
0.086777
0.054808
0.082515
0.054374
0.073025
0.044461
0.055265
0.038214
0.054767
0.024473
0.039406
0.038234
0.082523
0.077782
0.037780
0.082929
0.046525
0.044909
0.075307
0.021055
0.063048
0.040004
0.037599
0.092994
0.053975
0.031716
0.078398
0.043169
0.088943
0.071235
0.038251
0.033752
0.049146
0.084676
0.057058
0.050770
0.065346
0.099565
0.052961
0.076463
0.118201
0.049032
0.036875
0.091671
0.024963
0.025446
0.027173
0.045072
0.100360
0.082148
0.073287
0.074477
0.053889
0.051677
0.037605
0.071955
0.040567
0.098496
0.120190
0.061568
0.081506
0.030754
0.056746
0.027051
0.097322
0.054355
0.034791
0.045904
0.084187
0.033173
0.073936
0.056773
0.052384
0.086910
0.074760
0.053290
0.031641
0.045603
0.020551
0.056851
0.064460
0.053008
0.104325
0.066566
0.075145
0.086155
0.042297
0.042874
0.049756
0.050432
0.022837
0.042243
0.024238
0.044166
0.019391
0.104449
0.076342
0.076450
0.053938
0.048776
0.032507
0.017873
0.033053
0.027713
0.075723
0.021127
0.056718
0.078490
0.047964
0.060004
0.078956
0.047045
0.023632
0.019466
0.034913
0.033621
0.066750
0.067691
0.045937
0.031459
0.047974
0.074714
0.064683
0.057588
0.076794
0.055133
0.070477
0.051803
0.019282
0.036374
0.068378
0.024493
0.033188
0.080784
0.095215
0.074118
0.060199
0.069420
0.051000
0.037482
0.030815
0.058400
0.061657
0.021935
0.072639
0.050770
0.081469
0.062911
0.048983
0.031080
0.059463
0.118068
0.044529
0.062691
0.079894
0.022730
0.027890
0.031916
0.041972
0.059919
0.076979
0.095294
0.063615
0.037167
0.028391
0.030004
0.064648
0.055130
0.022489
0.087303
0.073850
0.041409
0.036755
0.031983
0.081947
0.031895
0.031801
0.037502
0.064593
0.032931
0.038967
0.035160
0.090100
0.053617
0.050398
0.019419
0.026598
0.086967
0.044114
0.059117
0.020189
0.059139
0.035945
0.050575
0.037604
0.032347
0.075871
0.095895
0.027370
0.041238
0.033211
0.024851
0.058651
0.022687
0.047077
0.058589
0.100657
0.047684
0.086741
0.065766
0.029619
0.040054
0.099384
0.103740
0.036225
0.029260
0.037960
0.069006
0.062203
0.092521
0.055796
0.033926
0.056749
0.072768
0.032229
0.047571
0.033150
0.072594
0.060277
0.052003
0.084248
0.060647
0.022978
0.060860
0.063260
0.060776
0.046738
0.058787
0.106653
0.069612
0.095629
0.071434
0.042116
0.085183
0.038046
0.071884
0.059136
0.084982
0.065173
0.032574
0.078174
0.043891
0.023296
0.048162
0.028367
0.071942
0.035568
0.070511
0.097466
0.078157
0.082333
0.078598
0.035419
0.022258
0.078998
0.034896
0.057071
0.100839
0.039772
0.034237
0.054469
0.091142
0.030220
0.035550
0.042387
0.026230
0.061641
0.095836
0.041478
0.123581
0.066118
0.038089
0.077147
0.035856
0.029133
0.036909
0.084202
0.078077
0.050315
0.063032
0.087396
0.044111
0.043711
0.028462
0.101945
0.056851
0.101888
0.059412
0.053571
0.022057
0.042713
0.034362
0.028513
0.038880
0.060376
0.040388
0.032693
0.102007
0.057604
0.083935
0.069931
0.042830
0.069486
0.059346
0.057107
0.020061
0.023596
0.082661
0.047098
0.019876
0.018199
0.031889
0.016598
0.019152
0.078472
0.052137
0.039632
0.074713
0.067748
0.037654
0.094088
0.046852
0.028173
0.023514
0.073131
0.040989
0.085626
0.020175
0.019131
0.024150
0.071591
0.056340
0.026603
0.032469
0.020064
0.079747
0.042279
0.019047
0.018361
0.061690
0.075680
0.030764
0.038901
0.031703
0.091189
0.048244
0.032148
0.019929
0.015841
0.033069
0.024773
0.042342
0.121750
0.061844
0.070266
0.079387
0.018327
0.024249
0.020114
0.018165
0.028951
0.022134
0.020819
0.021586
0.031714
0.026546
0.076936
0.078805
0.022482
0.023454
0.016899
0.048709
0.065339
0.028930
0.071015
0.063958
0.094373
0.037932
0.025223
0.032015
0.055825
0.036802
0.021068
0.041653
0.022667
0.018207
0.016705
0.018415
0.018471
0.018111
0.039410
0.061464
0.076679
0.089393
0.035806
0.030424
0.064851
0.073570
0.039075
0.021385
0.034067
0.025696
0.102163
0.036547
0.055634
0.028500
0.022375
0.022459
0.085096
0.023181
0.052287
0.026795
0.016525
0.016402
0.018131
0.066942
0.042451
0.036607
0.085732
0.101995
0.076103
0.057231
0.044173
0.062251
0.054873
0.027380
0.036031
0.031944
0.016611
0.045361
0.082944
0.026885
0.079414
0.034685
0.021757
0.022078
0.041062
0.100784
0.071374
0.044558
0.084992
0.022899
0.021459
0.018914
0.078398
0.024921
0.038735
0.037445
0.088417
0.024107
0.021253
0.021613
0.019292
0.024170
0.021025
0.076375
0.073297
0.079298
0.047376
0.063883
0.021907
0.022388
0.025796
0.034491
0.030291
0.034239
0.027215
0.083148
0.061777
0.054755
0.026597
0.019792
0.018548
0.016016
0.016290
0.017685
0.046783
0.066101
0.026164
0.028006
0.057426
0.083654
0.024556
0.074521
0.018517
0.020086
0.018087
0.019376
0.029573
0.051948
0.032129
0.023418
0.023800
0.023591
0.018257
0.031925
0.024090
0.059591
0.063531
0.021392
0.022653
0.019896
0.018599
0.024338
0.039361
0.046469
0.089895
0.041498
0.034102
0.019689
0.029396
0.019234
0.019767
0.024158
0.037035
0.029766
0.032872
0.085582
0.036241
0.024925
0.072557
0.084123
0.072948
0.030605
0.025757
0.037611
0.028746
0.026854
0.019906
0.020746
0.023740
0.017696
0.018470
0.093386
0.034297
0.035961
0.036243
0.048372
0.020711
0.019549
0.031114
0.016514
0.017366
0.025836
0.023943
0.023377
0.047917
0.025838
0.111534
0.054394
0.025909
0.019566
0.033434
0.023119
0.085415
0.020208
0.050461
0.031848
0.021188
0.032700
0.019768
0.034370
0.025566
0.058636
0.069896
0.065734
0.077831
0.025659
0.023220
0.030261
0.020492
0.022925
0.023798
0.022978
0.022905
0.033625
0.069722
0.066310
0.063028
0.073374
0.029523
0.049217
0.029367
0.048340
0.047513
0.028538
0.030511
0.018168
0.019278
0.049384
0.095998
0.062768
0.050343
0.019226
0.025754
0.020833
0.021655
0.055620
0.025421
0.026716
0.066833
0.077213
0.035545
0.131221
0.025794
0.050101
0.020161
0.022537
0.019218
0.081058
0.033736
0.060260
0.032148
0.021452
0.020843
0.042749
0.079956
0.086900
0.050361
0.050032
0.052825
0.051722
0.021844
0.021224
0.020197
0.021604
0.023522
0.019205
0.023586
0.023350
0.025758
0.072275
0.084021
0.047645
0.048323
0.045002
0.095885
0.021593
0.020722
0.021965
0.032377
0.021486
0.052775
0.101826
0.066727
0.036107
0.044860
0.034611
0.026137
0.041025
0.023308
0.026525
0.034178
0.018259
0.053151
0.095399
0.039939
0.094902
0.061535
0.031367
0.026694
0.039047
0.031689
0.064130
0.020042
0.030459
0.026072
0.018931
0.022699
0.057951
0.039577
0.054143
0.081806
0.060690
0.073708
0.070441
0.025455
0.021873
0.026190
0.019954
0.025359
0.082719
0.059731
0.056031
0.066405
0.035787
0.040986
0.022026
0.026976
0.024419
0.019401
0.026352
0.034253
0.017414
0.061244
0.058128
0.037869
0.022706
0.026410
0.018245
0.018969
0.022328
0.026392
0.025177
0.022079
0.032017
0.025007
0.073287
0.041482
0.028883
0.019930
0.022674
0.019928
0.025773
0.022393
0.027992
0.026942
0.030428
0.061975
0.068802
0.068418
0.038523
0.028589
0.020279
0.021816
0.076044
0.037093
0.039975
0.054993
0.054994
0.024709
0.018300
0.028328
0.022724
0.019844
0.023463
0.029933
0.018595
0.021976
0.047378
0.091106
0.031290
0.055387
0.023402
0.021770
0.025016
0.039888
0.055691
0.082618
0.033808
0.017744
0.021307
0.088844
0.041867
0.020869
0.025577
0.022356
0.088744
0.024548
0.025570
0.037032
0.031051
0.023163
0.020062
0.020900
0.029510
0.085351
0.049530
0.066594
0.075161
0.038610
0.040569
0.026442
0.021023
0.038523
0.047184
0.026261
0.089537
0.053899
0.068276
0.019041
0.019213
0.030073
0.030571
0.018910
0.033158
0.025983
0.063595
0.085437
0.034860
0.044167
0.067652
0.067541
0.038816
0.025894
0.029671
0.037058
0.028475
0.044777
0.060194
0.022445
0.019890
0.021703
0.028189
0.063785
0.093001
0.027135
0.049773
0.024425
0.024809
0.020778
0.023428
0.017664
0.028279
0.024577
0.027635
0.096376
0.090024
0.056487
0.041046
0.067786
0.038021
0.019693
0.022648
0.022334
0.020279
0.029372
0.033866
0.084536
0.041994
0.034999
0.070096
0.093539
0.033504
0.027527
0.026225
0.049424
0.027785
0.059095
0.018379
0.020584
0.020415
0.015545
0.019610
0.024690
0.019816
0.021424
0.024756
0.021288
0.043794
0.023321
0.072815
0.037427
0.019769
0.018048
0.021162
0.032591
0.030532
0.034043
0.022356
0.061174
0.036275
0.031962
0.020064
0.019338
0.048569
0.073217
0.051482
0.044502
0.066118
0.032004
0.030209
0.034075
0.065552
0.045939
0.020347
0.015698
0.018139
0.019695
0.019589
0.025033
0.025538
0.072497
0.098863
0.039022
0.050767
0.074745
0.064917
0.019456
0.019205
0.016768
0.021900
0.021096
0.023647
0.037950
0.031585
0.052676
0.059456
0.116721
0.048270
0.042008
0.087969
0.044512
0.033410
0.031425
0.042964
0.023197
0.062974
0.021079
0.068855
0.027465
0.027490
0.033022
0.023159
0.072906
0.023876
0.055790
0.021362
0.018709
0.017951
0.023120
0.035813
0.027279
0.045273
0.090589
0.031919
0.023989
0.018441
0.018761
0.021737
0.017224
0.018481
0.025579
0.022897
0.080165
0.081788
0.054201
0.042070
0.023823
0.047535
0.044256
0.064593
0.022336
0.021516
0.026059
0.032426
0.078903
0.073147
0.050505
0.024461
0.022885
0.029357
0.024907
0.026568
0.020966
0.047810
0.089456
0.102507
0.069072
0.031797
0.043419
0.055669
0.058163
0.079266
0.028570
0.016948
0.018654
0.020740
0.017336
0.021973
0.036525
0.056144
0.049847
0.077494
0.062335
0.057144
0.052011
0.066895
0.037668
0.020212
0.029382
0.033239
0.019844
0.042578
0.029804
0.028450
0.034141
0.018762
0.098160
