275,217,18,21
273,217,18,23
270,217,19,22
268,217,18,23
266,217,19,22
262,217,19,20
262,216,18,22
259,215,19,22
258,213,18,24
256,212,18,25
254,205,18,30
251,210,19,25
252,208,18,27
251,207,19,28
248,208,20,25
248,205,19,27
247,208,20,24
247,209,20,25
247,209,20,24
250,208,17,25
250,207,17,25
250,209,18,23
252,209,18,23
252,208,18,26
256,210,17,24
256,211,16,24
259,211,15,24
258,211,17,23
260,214,17,23
262,216,18,21
264,218,18,20
267,217,18,22
268,217,18,21
271,216,18,23
272,218,18,20
275,219,19,21
277,218,17,22
278,219,17,22
280,215,16,24
281,217,17,21
283,217,17,22
283,217,17,22
283,217,18,22
284,216,17,24
285,215,17,24
285,215,17,24
284,216,17,25
284,216,17,23
283,217,18,24
283,216,17,26
279,217,19,25
279,217,18,25
277,218,19,25
277,218,19,25
273,218,19,22
270,218,19,23
269,218,20,22
266,217,19,25
264,216,20,26
263,217,19,23
261,216,18,24
258,214,19,25
255,216,20,24
253,213,19,25
251,213,20,24
249,212,20,27
246,211,22,29
244,208,22,29
243,208,23,31
241,206,23,30
241,207,22,29
239,208,23,29
237,204,23,33
237,207,22,30
237,204,22,31
239,207,20,27
239,207,19,29
236,207,22,26
236,209,22,28
237,206,22,29
236,208,24,29
236,206,24,32
239,209,23,28
238,208,22,27
238,208,22,30
238,208,23,30
239,207,24,29
241,208,23,29
242,209,23,28
242,208,23,30
243,209,23,29
244,204,21,33
244,208,22,28
244,207,22,29
244,209,23,29
244,210,22,28
244,209,22,28
245,208,20,31
244,207,21,29
242,209,23,27
242,209,23,28
240,210,23,28
240,208,23,26
238,208,23,28
237,209,22,27
235,207,24,29
235,207,22,27
233,207,23,27
232,207,24,28
231,206,23,26
227,206,25,28
226,206,25,26
227,207,23,25
227,207,23,25
225,205,23,34
222,201,25,31
224,202,22,31
222,205,22,27
223,202,22,32
222,203,23,28
206,194,36,43
218,195,27,48
214,206,30,51
221,200,25,44
221,197,25,40
224,200,23,34
226,205,22,29
228,211,22,24
229,209,22,27
228,209,25,23
232,209,23,27
234,208,23,25
236,207,23,25
238,207,23,29
241,206,25,29
242,202,24,30
245,202,24,30
246,200,24,30
249,200,23,32
249,202,24,27
253,200,22,29
254,201,22,25
256,200,22,25
257,199,22,25
258,197,22,26
259,198,22,25
259,198,22,24
258,198,23,24
259,197,21,26
259,198,22,25
258,198,22,25
259,198,21,26
256,201,23,24
255,203,23,25
256,204,21,24
254,202,22,26
252,207,20,26
252,206,21,29
251,210,21,24
250,212,20,24
249,213,20,26
246,214,22,27
243,214,23,28
242,216,21,28
241,218,22,28
240,217,21,31
238,217,22,30
235,217,23,32
230,219,22,25
228,219,21,26
227,221,21,24
227,221,20,24
227,221,20,24
228,220,19,25
225,221,22,25
225,220,21,25
226,220,20,26
226,220,20,25
226,221,20,23
226,220,21,25
225,214,22,31
228,212,19,31
228,213,21,27
227,213,22,26
228,211,22,25
228,210,23,27
228,208,23,24
226,203,25,29
228,206,25,27
228,200,25,33
226,204,29,28
231,204,24,28
234,204,21,28
236,203,20,29
227,199,27,39
237,201,22,30
237,203,21,28
240,200,20,32
240,204,21,27
240,199,22,33
240,202,24,29
242,200,24,32
242,202,24,32
243,202,24,30
244,201,22,32
244,200,24,33
247,200,21,33
246,200,24,34
248,201,22,31
249,201,22,31
251,203,22,30
251,200,21,29
252,201,22,29
252,201,22,27
254,201,22,27
256,201,21,29
256,202,21,27
258,202,21,27
258,202,21,27
258,201,21,27
259,202,22,26
260,202,21,27
261,203,20,26
262,203,20,27
262,203,21,26
262,204,21,26
264,205,19,26
264,207,19,25
266,209,19,24
267,211,18,25
266,212,18,23
267,213,19,24
266,218,20,25
267,220,19,25
265,220,20,27
267,222,18,25
265,222,19,25
266,224,19,25
265,226,20,25
265,227,20,26
265,228,20,25
266,228,19,25
265,228,19,27
265,230,19,25
266,229,19,24
265,231,19,23
266,233,20,23
265,233,20,24
266,234,19,24
266,235,19,25
266,236,19,23
267,237,19,23
267,237,20,24
268,234,19,27
268,235,19,25
268,232,20,26
268,230,20,26
269,229,20,23
271,226,19,25
272,226,19,24
273,226,19,24
274,226,19,24
275,223,18,24
275,223,19,24
277,223,19,24
277,223,19,24
278,222,19,24
278,220,19,28
279,221,19,24
281,217,17,27
281,219,19,23
282,219,18,22
283,214,17,27
284,216,17,25
284,218,18,22
283,215,19,25
284,214,17,28
285,217,17,24
285,218,17,23
284,219,18,24
285,213,17,29
285,219,18,23
285,220,18,23
284,219,18,26
285,218,17,26
283,220,18,26
283,222,18,24
282,223,19,24
280,226,19,22
280,228,18,21
280,227,18,25
278,227,18,24
278,229,18,23
277,230,19,24
275,230,19,24
273,229,19,25
269,228,20,26
269,226,19,25
267,226,19,25
264,226,19,25
263,225,19,25
259,224,18,23
257,223,18,24
254,219,18,24
250,218,19,25
247,212,18,27
244,214,20,28
242,210,19,27
236,211,21,25
233,207,21,27
230,207,22,27
227,206,22,29
226,202,22,34
223,202,23,31
221,205,23,28
220,206,22,25
219,206,23,26
218,207,23,25
218,206,21,27
218,206,22,26
218,207,22,25
220,206,22,25
221,208,21,24
225,206,20,27
226,209,21,23
230,209,20,25
229,211,21,24
232,211,21,24
237,212,21,25
239,212,20,26
248,212,17,26
251,213,17,24
254,214,18,23
257,213,18,24
262,215,19,22
264,215,19,21
269,212,18,23
272,213,18,23
275,211,18,25
277,212,18,23
280,210,18,23
281,209,17,23
283,209,18,23
284,210,18,23
284,211,18,24
284,209,18,25
283,211,20,24
283,212,19,23
281,213,19,23
281,213,19,23
280,212,19,24
277,213,20,22
274,212,20,24
272,213,21,23
268,213,20,26
264,212,19,23
263,213,20,25
259,209,20,27
253,210,22,24
252,211,21,25
247,209,21,27
243,210,23,27
243,203,23,31
238,203,21,26
237,202,20,28
228,204,23,24
226,202,24,30
224,201,23,29
219,201,23,27
216,200,26,27
214,201,23,24
212,198,23,27
209,198,21,26
208,200,22,25
207,200,21,24
204,199,21,25
205,200,21,22
203,201,21,24
204,200,20,22
203,200,21,24
204,200,20,22
203,200,22,24
204,200,20,24
205,201,20,24
205,201,21,25
206,200,21,24
206,199,22,22
207,201,21,22
207,200,21,24
208,198,22,25
209,199,22,25
210,197,21,23
210,195,20,27
210,196,21,25
210,196,21,26
210,196,21,23
209,196,21,24
208,196,21,24
208,197,21,24
206,199,21,24
205,198,22,23
203,196,22,27
200,197,21,31
200,196,20,29
198,195,22,26
195,194,21,29
193,196,22,25
189,196,22,26
185,195,23,27
182,194,23,27
179,197,23,24
177,190,25,31
174,193,22,27
170,195,23,25
169,191,26,26
170,183,43,38
182,138,64,63
155,106,114,106
195,6,70,113
195,5,71,76
222,6,44,65
222,6,45,95
198,6,68,89
201,5,66,68
196,6,71,70
221,6,46,78
217,7,52,78
199,6,69,73
201,7,69,71
203,7,67,69
228,6,44,91
206,3,68,72
210,6,65,69
219,6,57,75
210,6,67,72
235,7,43,64
232,7,47,77
237,5,44,78
239,6,43,71
237,7,45,74
240,6,43,77
240,7,44,83
238,5,46,66
237,4,48,80
240,7,46,82
239,6,48,65
239,7,48,77
226,7,60,93
232,10,59,106
233,7,55,99
234,6,58,103
232,6,59,102
234,8,60,103
233,7,62,102
236,7,59,103
238,4,58,100
240,6,57,104
241,7,57,99
243,5,56,104
245,7,55,98
246,6,56,100
246,5,55,102
247,7,56,71
250,8,53,62
254,8,54,71
252,6,54,66
255,6,54,74
255,6,53,67
256,7,56,71
259,7,53,67
259,8,55,69
260,8,53,66
261,6,53,69
261,6,54,70
261,6,54,68
264,8,55,70
263,7,53,68
265,8,55,70
265,7,53,64
266,7,55,69
267,8,52,70
268,7,53,70
268,7,53,72
268,7,52,64
268,8,55,69
267,6,54,67
270,7,55,73
267,6,55,73
269,6,56,69
271,7,56,72
270,6,58,73
269,7,57,70
271,6,60,74
269,7,61,68
271,7,61,79
269,7,64,65
269,6,64,79
269,9,66,72
277,9,60,70
292,7,43,75
279,8,57,74
294,8,41,71
284,11,50,81
281,9,55,73
276,10,60,97
263,6,73,77
264,8,69,68
270,8,62,78
264,8,68,71
262,8,68,78
271,7,58,67
262,6,65,75
260,8,66,64
263,7,61,73
258,8,64,73
255,10,64,91
257,6,61,69
264,6,54,74
254,7,64,69
254,6,63,76
253,6,62,79
251,6,62,65
250,6,66,74
248,6,65,69
251,6,62,75
246,7,66,74
246,8,65,64
246,6,64,77
274,7,33,73
269,7,39,72
269,8,37,73
265,7,40,77
259,5,46,61
260,5,43,73
254,7,47,74
238,7,59,99
233,4,63,74
232,6,61,65
237,6,54,92
233,4,58,100
231,3,57,100
229,5,57,96
226,4,59,106
224,5,59,92
225,5,58,103
221,5,62,65
223,4,59,74
220,6,60,62
221,4,60,76
223,8,55,90
219,7,60,106
217,6,59,102
215,6,62,98
216,6,60,100
213,5,61,96
218,4,55,94
220,8,53,107
214,4,57,74
213,6,54,88
214,8,54,103
210,6,56,92
210,5,56,92
208,6,55,93
208,7,55,97
204,5,57,94
206,6,55,96
204,5,57,96
202,5,58,92
203,4,56,65
200,4,59,60
199,5,62,93
201,4,59,94
199,4,62,86
200,4,60,85
203,4,57,86
201,6,58,86
195,6,66,86
202,5,60,82
199,5,60,80
203,6,58,78
201,6,60,63
190,7,70,72
185,6,74,77
183,6,76,76
184,6,71,97
179,5,75,92
180,5,72,88
178,6,73,81
179,5,69,94
174,4,74,99
170,6,75,89
173,4,74,95
171,5,74,96
170,5,74,98
169,5,74,94
170,5,75,91
170,6,73,89
169,7,76,82
171,10,72,81
172,8,73,92
172,9,70,92
172,10,73,93
178,13,65,99
175,12,69,92
175,12,65,90
175,15,69,63
180,12,66,75
182,14,63,74
179,15,67,68
180,14,66,77
180,15,65,82
179,15,64,81
178,14,67,88
175,16,71,62
180,13,67,76
181,14,64,72
183,15,62,80
182,15,62,74
180,14,65,80
181,15,62,72
181,12,66,55
177,13,68,58
181,14,61,83
177,14,67,65
178,13,69,75
181,13,66,74
182,10,67,75
180,12,65,54
186,13,59,52
187,14,59,56
181,13,65,53
179,13,66,51
199,13,47,50
197,14,48,62
186,14,59,52
178,13,66,54
185,13,58,53
185,14,58,60
180,12,66,54
178,14,65,53
203,13,44,56
182,14,61,62
181,11,63,63
181,11,66,60
184,11,61,84
179,8,67,92
178,6,67,100
176,8,71,64
177,9,68,91
176,6,71,94
176,5,71,96
176,4,71,94
179,5,70,91
179,4,69,104
179,5,70,71
182,5,66,94
182,4,69,96
182,4,68,93
183,3,68,99
184,5,68,92
188,7,66,110
185,5,69,101
187,4,67,101
190,5,68,101
189,4,70,102
191,6,70,71
192,5,70,68
197,4,66,90
198,3,70,96
204,3,65,98
198,5,72,100
197,6,73,97
198,4,75,100
198,4,76,97
226,6,47,97
209,7,67,91
211,6,66,99
208,7,69,70
237,9,42,96
223,9,60,87
214,6,69,101
221,4,64,108
221,4,68,98
228,4,61,103
224,3,65,102
226,4,65,92
232,4,62,93
231,6,61,110
234,7,63,98
233,7,63,101
235,6,63,96
237,5,65,102
239,7,64,94
240,6,66,97
241,6,65,104
241,5,66,72
241,6,67,99
243,7,66,100
242,6,67,77
270,8,38,67
244,12,70,63
244,8,69,72
249,10,65,94
246,6,67,105
247,5,68,110
246,4,69,108
247,6,69,104
247,6,68,101
248,6,70,94
250,5,69,70
249,4,70,68
251,6,71,73
252,7,71,65
253,7,71,71
257,10,71,71
258,10,71,67
259,8,72,76
260,8,72,74
263,8,71,65
264,8,74,71
266,6,71,75
271,9,69,95
272,5,68,73
271,6,68,72
275,9,72,69
277,8,66,69
277,8,65,71
278,8,65,70
279,8,66,67
281,8,66,72
281,9,65,69
282,9,66,75
285,13,65,93
283,7,69,75
281,9,70,77
289,13,65,96
287,7,67,78
287,9,68,66
290,9,67,74
291,8,65,70
293,8,66,74
293,9,66,72
294,8,68,71
294,8,67,72
296,9,68,75
301,9,63,65
305,8,60,73
314,10,54,74
303,10,64,78
308,8,59,72
301,10,66,77
302,9,67,65
299,8,68,77
293,9,72,68
292,8,74,73
291,9,73,70
291,9,72,72
292,10,71,74
290,7,69,67
290,9,69,69
289,7,67,73
286,7,68,69
286,10,68,68
284,7,67,69
283,6,67,74
279,8,72,71
278,8,72,67
278,7,71,69
276,9,72,70
274,6,72,63
274,7,72,69
272,8,74,69
270,8,74,66
268,8,72,68
266,6,72,71
265,5,73,79
263,7,75,67
261,7,75,69
262,7,73,67
259,6,74,70
258,7,73,65
255,5,74,66
254,7,74,69
253,7,72,65
248,7,71,71
248,7,71,74
273,6,41,64
244,7,71,67
238,7,74,69
236,8,75,69
235,8,72,91
235,6,70,97
233,7,68,91
232,6,69,77
258,6,38,70
253,7,45,74
248,8,46,75
251,6,42,71
248,8,43,77
242,7,47,76
245,6,40,78
240,7,41,84
240,7,39,77
234,6,44,72
232,6,44,68
231,6,43,74
231,6,42,70
228,5,45,70
225,7,47,93
202,4,69,68
201,6,70,96
200,4,70,96
200,4,70,73
211,6,58,69
203,7,64,61
196,5,72,70
205,5,64,68
198,7,69,72
203,6,64,68
202,5,63,60
194,4,71,85
194,3,71,84
203,4,61,66
195,5,63,89
188,4,73,97
189,4,69,97
183,4,72,99
180,6,73,67
176,4,71,61
178,5,69,98
175,1,70,97
176,3,67,98
174,3,69,99
176,2,66,101
176,1,64,105
175,3,64,98
177,1,62,97
174,2,64,95
174,4,64,85
175,4,62,63
171,3,67,66
172,3,66,72
170,2,67,64
166,1,72,66
166,4,73,71
164,1,73,61
164,3,74,67
166,3,73,69
165,2,73,65
173,4,67,67
173,3,66,86
170,3,67,108
170,2,68,96
168,2,69,106
171,4,66,106
172,2,65,102
172,4,66,103
173,3,65,105
173,4,64,99
172,5,66,98
172,5,64,101
172,4,64,100
171,4,67,100
171,5,66,101
170,5,66,103
170,6,66,90
168,6,68,91
166,5,70,90
167,6,70,69
163,7,73,57
168,8,69,95
164,7,70,91
162,6,74,59
162,13,72,65
165,9,71,56
172,11,65,82
169,10,65,62
188,13,47,89
169,9,62,57
173,11,63,58
181,12,53,56
177,12,56,63
166,10,58,57
188,9,45,63
169,10,64,56
171,13,64,63
164,10,70,54
162,11,72,67
162,10,72,69
162,10,73,73
164,9,71,92
164,8,70,100
163,7,72,99
163,7,73,104
163,5,70,97
163,5,71,98
165,6,69,94
166,7,71,89
168,5,71,95
171,4,68,95
171,6,68,93
173,6,68,94
175,6,66,90
178,7,68,92
179,5,66,93
180,5,67,98
182,7,67,93
184,5,68,104
184,5,68,102
185,6,68,99
188,2,67,106
190,3,66,104
191,4,66,107
193,4,67,106
193,4,68,108
195,4,65,108
198,4,65,110
198,6,66,99
199,3,69,114
206,5,62,109
204,5,66,101
206,5,70,109
210,4,66,111
213,3,65,108
210,4,68,101
215,4,65,108
214,4,65,95
217,5,64,90
230,5,51,99
216,4,68,101
216,5,74,101
218,5,72,103
220,4,70,105
231,6,62,99
233,5,62,109
230,5,65,95
235,7,63,112
235,6,62,75
246,5,55,78
250,5,53,93
240,5,63,91
244,6,59,96
245,7,60,104
244,7,61,65
246,9,62,81
249,7,60,89
248,6,62,91
246,7,66,100
249,7,66,108
251,5,66,109
250,5,67,99
252,6,69,92
258,6,64,95
259,7,67,99
262,6,66,79
265,11,66,102
265,8,69,65
270,8,70,69
271,7,68,69
272,5,69,72
275,7,73,66
278,7,74,67
278,9,68,75
281,10,65,70
281,9,65,75
282,11,66,77
287,10,62,72
288,10,64,82
292,10,61,75
287,8,68,72
290,8,66,77
291,9,66,84
297,8,61,73
296,10,62,76
294,9,68,73
301,8,61,72
293,9,70,71
295,9,70,74
306,9,60,83
309,9,60,70
319,8,50,79
305,8,63,71
309,10,59,80
309,9,59,72
315,11,52,82
313,9,57,75
319,9,51,75
317,9,54,72
321,11,50,76
316,11,56,75
318,10,55,70
331,11,41,74
318,12,54,68
318,10,55,83
316,10,60,71
318,11,57,75
319,10,57,74
333,9,43,76
320,11,60,68
327,9,52,77
340,10,40,78
327,8,61,75
334,10,51,70
342,12,44,78
323,12,63,66
331,10,56,71
328,11,62,74
334,10,57,65
340,11,51,73
337,11,55,72
344,11,49,65
332,12,61,66
333,9,61,69
335,9,58,67
340,10,52,76
333,11,61,65
342,10,52,77
333,10,61,67
338,10,56,91
336,10,58,70
348,11,45,78
333,12,61,66
335,10,59,71
334,9,58,70
340,12,53,71
337,11,57,70
343,12,49,71
334,13,59,70
337,10,56,65
342,11,52,71
335,11,58,79
343,13,51,70
334,12,59,69
339,9,55,70
344,12,48,73
338,12,55,75
351,13,41,75
339,11,53,87
338,12,54,64
348,11,47,69
337,10,55,73
342,13,50,72
335,12,60,65
348,12,46,77
334,13,62,70
336,11,57,65
342,12,54,71
334,13,60,69
337,11,56,69
346,12,48,74
333,11,62,62
339,9,55,76
336,12,59,72
333,11,61,69
332,10,63,74
331,12,64,71
330,12,68,73
329,13,74,62
328,13,76,77
325,13,82,63
318,15,90,65
321,15,73,73
315,15,83,64
310,12,103,69
310,15,88,75
344,14,47,73
344,15,44,69
342,15,40,75
326,14,54,65
332,14,55,70
303,17,53,71
285,115,36,59
283,142,34,39
283,145,29,27
285,148,24,20
283,148,25,19
282,144,24,21
281,147,24,17
282,144,23,20
284,146,20,20
286,146,20,19
286,149,23,18
289,149,22,18
294,156,24,19
297,156,23,21
296,152,23,24
298,156,25,24
297,155,26,22
299,157,24,23
301,160,26,24
305,155,24,23
307,157,26,26
313,152,25,24
316,151,25,23
321,152,26,23
329,143,24,23
332,136,22,27
332,136,25,24
334,125,23,26
331,126,26,23
332,130,26,20
330,116,24,27
328,124,26,20
324,120,24,19
321,115,23,18
320,99,22,28
312,104,26,29
307,84,23,28
307,81,21,25
307,79,20,22
309,50,21,32
316,45,22,37
316,35,29,31
320,30,31,28
328,22,30,28
339,20,28,27
345,18,27,28
357,20,28,31
374,5,29,33
376,10,30,38
384,32,25,35
396,46,27,26
403,50,25,30
416,60,27,22
422,62,24,20
