0.005450
0.032395
0.099354
0.055996
0.085608
0.056739
0.045732
0.064261
0.023097
0.030356
0.021333
0.044518
0.031995
0.059712
0.079854
0.055573
0.061378
0.039850
0.041436
0.037257
0.064147
0.085578
0.034919
0.030803
0.034769
0.058101
0.076657
0.065603
0.055862
0.040784
0.066243
0.047885
0.023122
0.046916
0.066998
0.031872
0.065762
0.088038
0.082420
0.038106
0.057530
0.065345
0.039094
0.047571
0.033456
0.091410
0.033091
0.038997
0.077932
0.024738
0.018298
0.027139
0.018560
0.109171
0.104192
0.060874
0.036770
0.064108
0.064687
0.036451
0.114052
0.019896
0.055720
0.080081
0.063203
0.049339
0.111310
0.031245
0.046035
0.026065
0.074061
0.090714
0.053406
0.038002
0.038606
0.074071
0.050856
0.044477
0.096841
0.030565
0.031963
0.051595
0.088894
0.037379
0.023416
0.032854
0.057439
0.093038
0.040159
0.085603
0.085802
0.047811
0.022608
0.077040
0.048668
0.034945
0.035573
0.028345
0.079146
0.075437
0.030302
0.036418
0.076233
0.073329
0.074054
0.047972
0.041610
0.038506
0.057931
0.073077
0.053101
0.021897
0.069234
0.109746
0.067752
0.079144
0.037463
0.042508
0.079936
0.090256
0.050494
0.045196
0.024680
0.058408
0.043448
0.038253
0.030236
0.071187
0.092595
0.079681
0.076281
0.048832
0.073724
0.037773
0.022486
0.028167
0.040746
0.069632
0.077518
0.057210
0.078934
0.074041
0.054550
0.044270
0.028120
0.057842
0.029931
0.055263
0.046556
0.078639
0.070738
0.035434
0.020797
0.078550
0.050600
0.023223
0.049900
0.027071
0.063587
0.056455
0.098540
0.048144
0.026116
0.034770
0.052214
0.072335
0.025083
0.037846
0.036562
0.046172
0.086351
0.085205
0.096335
0.061398
0.038648
0.038988
0.065466
0.027411
0.049304
0.061547
0.081302
0.027527
0.023988
0.050689
0.073346
0.048584
0.049042
0.020160
0.054289
0.072489
0.076926
0.023373
0.085459
0.038214
0.048298
0.021144
0.079276
0.113672
0.065423
0.077853
0.055016
0.051574
0.079395
0.048666
0.020103
0.038751
0.055083
0.040661
0.063680
0.055277
0.068668
0.038322
0.060427
0.086167
0.034813
0.022262
0.078738
0.063781
0.028441
0.041791
0.056397
0.075250
0.052274
0.037427
0.069737
0.082367
0.038915
0.031388
0.083681
0.033417
0.025602
0.055675
0.054744
0.069658
0.027246
0.038589
0.069195
0.041274
0.037347
0.037922
0.088933
0.080217
0.101141
0.060904
0.068332
0.092404
0.050723
0.034941
0.035465
0.033802
0.092185
0.061040
0.057756
0.104381
0.024303
0.042008
0.025503
0.056585
0.085924
0.052484
0.056662
0.073689
0.043888
0.029155
0.022409
0.043072
0.076943
0.020067
0.019933
0.065424
0.062014
0.020173
0.048908
0.073660
0.031531
0.048800
0.020900
0.051042
0.093286
0.054236
0.093430
0.037422
0.021944
0.036564
0.033821
0.038751
0.079947
0.052867
0.036261
0.044337
0.060183
0.025295
0.049314
0.055338
0.047703
0.062709
0.054178
0.074377
0.054113
0.021488
0.049900
0.029378
0.072589
0.070882
0.036843
0.076945
0.089902
0.050576
0.053669
0.078906
0.022661
0.028274
0.054068
0.097605
0.032963
0.023663
0.037529
0.078045
0.021908
0.021204
0.037668
0.052435
0.056499
0.089811
0.085918
0.047277
0.094441
0.045420
0.045942
0.075920
0.032974
0.034854
0.069570
0.082080
0.046278
0.051538
0.050605
0.098684
0.063607
0.053825
0.074053
0.026008
0.079007
0.045898
0.097640
0.067305
0.063616
0.071584
0.042922
0.038434
0.058874
0.088606
0.065500
0.037652
0.107391
0.054880
0.053961
0.040220
0.082130
0.061416
0.044834
0.021395
0.097142
0.023019
0.040400
0.025773
0.034355
0.083202
0.090439
0.055999
0.099318
0.101003
0.038175
0.058188
0.022844
0.033730
0.073514
0.032611
0.031237
0.037784
0.043642
0.070354
0.049108
0.087091
0.072871
0.047570
0.035089
0.080500
0.038110
0.117176
0.073036
0.023209
0.063812
0.045095
0.081506
0.038946
0.038883
0.040991
0.091000
0.077097
0.052827
0.091184
0.041564
0.089948
0.057202
0.094690
0.035860
0.024884
0.039666
0.061138
0.072301
0.031837
0.067302
0.066637
0.089148
0.043223
0.055929
0.042836
0.072189
0.043135
0.048922
0.063398
0.019241
0.036507
0.021679
0.099552
0.049644
0.038639
0.044370
0.052063
0.051784
0.026455
0.087224
0.020061
0.034276
0.019785
0.076950
0.070667
0.021730
0.077764
0.055456
0.108354
0.046119
0.097007
0.042704
0.027563
0.033693
0.028324
0.087409
0.030115
0.019783
0.071432
0.107327
0.041095
0.023533
0.037395
0.072581
0.082602
0.037543
0.036981
0.103747
0.039392
0.024575
0.022139
0.091505
0.101154
0.026280
0.064220
0.075053
0.048975
0.051965
0.081651
0.043714
0.090827
0.059663
0.072657
0.053089
0.039771
0.058390
0.018884
0.023374
0.073999
0.040463
0.102654
0.077775
0.083848
0.073500
0.044302
0.078552
0.073575
0.040281
0.038015
0.062942
0.030273
0.043016
0.038989
0.053569
0.075840
0.055374
0.066924
0.078204
0.044667
0.029986
0.045381
0.041995
0.072165
0.037932
0.055424
0.077192
0.064606
0.074489
0.054662
0.041483
0.105763
0.066918
0.074498
0.038191
0.036976
0.024830
0.082328
0.074403
0.040054
0.126387
0.054605
0.026781
0.044640
0.029911
0.082503
0.020557
0.060319
0.048983
0.092728
0.062926
0.077974
0.048661
0.033722
0.081279
0.043576
0.032631
0.071221
0.069572
0.023690
0.056646
0.050740
0.103709
0.043744
0.043140
0.035728
0.063760
0.031748
0.019263
0.023164
0.049949
0.118338
0.097413
0.061737
0.056960
0.026215
0.088478
0.049778
0.059335
0.022862
0.032933
0.034149
0.020546
0.083650
0.033468
0.054324
0.023802
0.078044
0.065054
0.020770
0.029384
0.033440
0.020264
0.039299
0.072934
0.029675
0.019991
0.019120
0.068801
0.045833
0.038430
0.019368
0.040369
0.069498
0.035186
0.058830
0.021459
0.021472
0.018078
0.017795
0.018811
0.037920
0.050471
0.070886
0.076453
0.095545
0.035698
0.031636
0.039285
0.020837
0.067816
0.037681
0.033281
0.040050
0.048992
0.025201
0.040269
0.022047
0.019905
0.087034
0.024755
0.025961
0.033207
0.029535
0.031348
0.029897
0.026086
0.020101
0.019785
0.020701
0.025195
0.022970
0.046868
0.119607
0.072924
0.036356
0.047973
0.056636
0.028205
0.024237
0.016458
0.022659
0.017775
0.033346
0.025569
0.061227
0.095843
0.071599
0.055078
0.050811
0.061292
0.046570
0.036974
0.025664
0.063648
0.022277
0.020930
0.021355
0.020472
0.032331
0.086034
0.035521
0.033884
0.028675
0.080336
0.082608
0.028663
0.020761
0.024516
0.018883
0.094933
0.039351
0.019657
0.054477
0.021996
0.087818
0.018674
0.018459
0.021816
0.041738
0.032001
0.028985
0.091254
0.072022
0.053021
0.078929
0.060888
0.041255
0.027155
0.058535
0.030106
0.035460
0.020800
0.020143
0.065434
0.022618
0.027050
0.036748
0.041415
0.072904
0.048864
0.020271
0.063352
0.071917
0.019887
0.019766
0.019693
0.018370
0.084598
0.023767
0.063559
0.084239
0.022443
0.020596
0.021190
0.018236
0.047819
0.071050
0.046288
0.099192
0.064421
0.026763
0.056457
0.049511
0.031276
0.025906
0.023568
0.059420
0.054072
0.073418
0.048003
0.034635
0.034457
0.035522
0.078056
0.064643
0.061313
0.022371
0.019657
0.027050
0.033972
0.024966
0.020696
0.016478
0.021532
0.060440
0.050433
0.021069
0.059424
0.038922
0.022816
0.047020
0.067454
0.076843
0.037478
0.037428
0.030134
0.019187
0.061422
0.019638
0.049507
0.061988
0.023251
0.031854
0.023957
0.021246
0.034370
0.020394
0.070568
0.049574
0.039250
0.043927
0.018276
0.022927
0.085676
0.053436
0.037398
0.021168
0.086056
0.022074
0.019320
0.019892
0.016814
0.075816
0.021221
0.061542
0.066268
0.049136
0.028958
0.033760
0.031198
0.020072
0.051713
0.041452
0.021263
0.033231
0.019895
0.062478
0.029670
0.018222
0.021158
0.029835
0.053616
0.044977
0.031660
0.037362
0.059826
0.071023
0.018490
0.020244
0.022522
0.032821
0.019407
0.019564
0.027921
0.032394
0.018999
0.111401
0.046335
0.023817
0.017633
0.020537
0.019067
0.016040
0.016490
0.023147
0.019603
0.032220
0.073205
0.021673
0.069544
0.066576
0.045634
0.050755
0.064023
0.074994
0.027182
0.023312
0.036129
0.025355
0.027156
0.034289
0.018679
0.041322
0.077365
0.064036
0.048161
0.027093
0.087099
0.043799
0.024230
0.022011
0.025961
0.027369
0.024452
0.036524
0.056890
0.034423
0.017697
0.019269
0.072020
0.026583
0.026227
0.074895
0.081592
0.032077
0.020563
0.030124
0.017451
0.023830
0.053833
0.066251
0.037265
0.068213
0.053775
0.044128
0.033167
0.066462
0.025154
0.023545
0.072384
0.031389
0.047103
0.044895
0.018116
0.035266
0.072935
0.043655
0.021572
0.040090
0.025581
0.025147
0.020108
0.032424
0.075465
0.047207
0.034909
0.022512
0.066419
0.049070
0.041948
0.029393
0.044698
0.069588
0.062512
0.025095
0.019345
0.016738
0.014997
0.022998
0.041115
0.061023
0.108211
0.048762
0.039564
0.075811
0.031972
0.025724
0.017278
0.026948
0.016736
0.032066
0.030371
0.063360
0.035686
0.020965
0.089783
0.052433
0.042678
0.033605
0.050686
0.041090
0.072749
0.022374
0.021109
0.029899
0.021538
0.018234
0.025480
0.020380
0.022708
0.019739
0.048535
0.069564
0.035250
0.026029
0.018007
0.031713
0.110637
0.025385
0.046376
0.062597
0.036645
0.019680
0.062613
0.033808
0.029068
0.032625
0.049819
0.051796
0.091962
0.019508
0.019159
0.028207
0.019736
0.023654
0.016934
0.021069
0.082705
0.024380
0.084628
0.068277
0.049687
0.020974
0.018204
0.022498
0.018191
0.030659
0.032984
0.030167
0.032777
0.016152
0.022458
0.073273
0.019864
0.019135
0.016185
0.019410
0.016269
0.028446
0.037361
0.084295
0.085228
0.023093
0.017250
0.018895
0.069327
0.019878
