0.006999
0.077912
0.028450
0.044040
0.026052
0.050270
0.082097
0.033681
0.067314
0.063326
0.095968
0.046180
0.029124
0.036855
0.036885
0.050480
0.023075
0.019441
0.015412
0.021013
0.024141
0.071817
0.095233
0.049396
0.047469
0.037388
0.055193
0.024476
0.023214
0.020880
0.033766
0.028776
0.048615
0.061329
0.115344
0.024242
0.049500
0.021629
0.023755
0.019259
0.022907
0.019056
0.018322
0.035557
0.020201
0.051439
0.023856
0.094444
0.103608
0.058882
0.025581
0.030145
0.057517
0.059163
0.034494
0.028862
0.022519
0.021882
0.040830
0.072797
0.082921
0.029191
0.067019
0.060280
0.023131
0.027031
0.017458
0.022508
0.025524
0.021915
0.021226
0.044398
0.021699
0.069252
0.055290
0.059906
0.021597
0.063570
0.047095
0.036017
0.035607
0.024459
0.022673
0.020692
0.015439
0.018285
0.017284
0.015893
0.016544
0.020911
0.017618
0.018397
0.028355
0.063729
0.070858
0.041063
0.052053
0.061439
0.025193
0.020002
0.028904
0.031292
0.030499
0.067844
0.051864
0.017768
0.081868
0.023095
0.033737
0.069474
0.086629
0.044095
0.033206
0.029444
0.064145
0.022058
0.033762
0.030530
0.017677
0.109133
0.090138
0.055855
0.067213
0.070745
0.052197
0.045067
0.023457
0.089963
0.049836
0.026583
0.031086
0.030021
0.127508
0.039258
0.045692
0.053569
0.059602
0.070636
0.033452
0.025815
0.043995
0.023346
0.076710
0.043571
0.118807
0.070366
0.050248
0.082281
0.069380
0.065942
0.028217
0.028645
0.042355
0.077923
0.063747
0.047889
0.076276
0.053122
0.031298
0.055830
0.068073
0.035571
0.036982
0.045530
0.033115
0.103905
0.057431
0.045391
0.062133
0.062581
0.041440
0.070448
0.048602
0.025258
0.031632
0.043857
0.027997
0.082260
0.042475
0.087782
0.062435
0.058162
0.045050
0.029484
0.089107
0.044367
0.020261
0.053879
0.029457
0.039165
0.116557
0.052301
0.071462
0.039176
0.027973
0.069817
0.061211
0.043710
0.036984
0.039293
0.064160
0.059229
0.041784
0.052822
0.051059
0.054569
0.027298
0.036149
0.056864
0.054058
0.020473
0.047587
0.088158
0.043747
0.086608
0.051285
0.038361
0.025930
0.085784
0.037081
0.032765
0.026605
0.056276
0.044704
0.064013
0.081030
0.062003
0.065367
0.061592
0.041413
0.073726
0.049782
0.067953
0.040313
0.057400
0.077640
0.041501
0.029712
0.087834
0.041703
0.071775
0.083426
0.034725
0.020170
0.056650
0.069670
0.049908
0.035919
0.037599
0.113694
0.046787
0.045979
0.082213
0.024888
0.019035
0.030789
0.044568
0.109966
0.066685
0.020708
0.023481
0.088607
0.037179
0.056305
0.019089
0.039770
0.062564
0.039374
0.028214
0.023836
0.059309
0.049899
0.069025
0.054250
0.075870
0.022079
0.017774
0.035173
0.060997
0.034176
0.068471
0.041781
0.098622
0.058741
0.041407
0.040141
0.077160
0.037755
0.038862
0.023600
0.089243
0.051093
0.091462
0.062561
0.059073
0.078881
0.042557
0.058916
0.024142
0.031404
0.089060
0.040826
0.103709
0.047107
0.062489
0.036385
0.099591
0.046225
0.042353
0.040190
0.022721
0.064805
0.073575
0.049978
0.077653
0.070477
0.044650
0.040339
0.067182
0.045534
0.057286
0.029329
0.111097
0.051237
0.021765
0.033451
0.047778
0.078827
0.026894
0.044271
0.131092
0.061384
0.057332
0.087664
0.040174
0.019369
0.034962
0.056529
0.036790
0.037579
0.023193
0.101842
0.047956
0.044185
0.047856
0.069573
0.054919
0.049936
0.089413
0.061928
0.061040
0.051027
0.079074
0.084570
0.119790
0.047123
0.049185
0.048878
0.070844
0.045844
0.040681
0.046936
0.088630
0.050348
0.091286
0.043655
0.037374
0.024741
0.059360
0.061078
0.043598
0.048420
0.070975
0.061139
0.064405
0.069783
0.087449
0.084065
0.030809
0.052535
0.049198
0.071788
0.032614
0.026060
0.020441
0.060189
0.076157
0.083107
0.090508
0.048957
0.051461
0.085133
0.050833
0.029328
0.034920
0.109736
0.089719
0.058880
0.064558
0.060867
0.029353
0.046003
0.109683
0.027843
0.037597
0.050540
0.105507
0.089742
0.069523
0.067466
0.062423
0.082290
0.040253
0.027635
0.050482
0.083954
0.054880
0.051562
0.088565
0.048063
0.076902
0.061432
0.074342
0.111391
0.053683
0.089504
0.029795
0.034474
0.082034
0.098333
0.044322
0.039320
0.021274
0.076547
0.040652
0.025007
0.043201
0.068602
0.036972
0.054747
0.119709
0.053479
0.069644
0.088777
0.039893
0.031403
0.023576
0.062961
0.071375
0.056064
0.090028
0.063297
0.038689
0.048429
0.083812
0.037744
0.024695
0.025280
0.101979
0.051492
0.022235
0.020992
0.057296
0.060415
0.033061
0.030386
0.046157
0.075820
0.073771
0.052868
0.065831
0.045276
0.030526
0.019987
0.067397
0.098539
0.061004
0.085580
0.052099
0.046954
0.079823
0.025474
0.023717
0.040277
0.079658
0.035598
0.116033
0.068101
0.057166
0.061098
0.059956
0.042379
0.022656
0.056467
0.076239
0.048681
0.032142
0.022847
0.030173
0.091825
0.048683
0.082050
0.098454
0.051644
0.063579
0.077176
0.039245
0.037453
0.022041
0.067641
0.084709
0.061636
0.062986
0.063583
0.044732
0.049418
0.097169
0.027019
0.034921
0.034367
0.092556
0.070910
0.050309
0.077896
0.060631
0.023927
0.037951
0.032522
0.066237
0.074372
0.042386
0.027945
0.040093
0.077721
0.033478
0.040066
0.025593
0.040024
0.071199
0.036555
0.039464
0.020720
0.027825
0.060959
0.031869
0.023617
0.079936
0.036608
0.100823
0.048530
0.039665
0.071618
0.050044
0.024683
0.036639
0.022058
0.091555
0.037846
0.055506
0.096181
0.031964
0.035310
0.031988
0.067262
0.047865
0.044445
0.067211
0.065850
0.057021
0.097395
0.060338
0.092294
0.027029
0.066694
0.065262
0.068352
0.048563
0.036248
0.073310
0.073297
0.044645
0.088126
0.082070
0.106557
0.046591
0.038861
0.044785
0.097517
0.046422
0.061825
0.092552
0.032116
0.041280
0.055800
0.054362
0.068136
0.076088
0.023486
0.033594
0.030107
0.090528
0.058935
0.035266
0.051171
0.104276
0.050123
0.023318
0.065632
0.083266
0.064260
0.030064
0.045506
0.074124
0.049019
0.024348
0.027347
0.040725
0.091827
0.060142
0.056621
0.063315
0.025202
0.065824
0.059929
0.050677
0.059042
0.081933
0.083011
0.033185
0.029090
0.044867
0.074773
0.045974
0.020587
0.035094
0.029510
0.063093
0.066421
0.040751
0.043843
0.036470
0.023692
0.026184
0.079985
0.032690
0.050513
0.022198
0.018708
0.038800
0.045016
0.025672
0.027792
0.067083
0.086107
0.047818
0.019961
0.050213
0.044157
0.019772
0.034815
0.019907
0.019594
0.063797
0.080141
0.042268
0.020207
0.074355
0.029534
0.019951
0.018780
0.018476
0.021140
0.031435
0.027116
0.074223
0.107790
0.068359
0.023279
0.024013
0.024754
0.042979
0.061499
0.037076
0.026521
0.061984
0.030851
0.074354
0.034595
0.075038
0.039210
0.023800
0.026674
0.022607
0.034823
0.028472
0.019404
0.048662
0.019422
0.020311
0.023150
0.026514
0.070807
0.030903
0.035781
0.023163
0.070155
0.085208
0.022727
0.019389
0.017392
0.036144
0.090735
0.038288
0.021147
0.034266
0.019322
0.021847
0.022738
0.029301
0.074233
0.018671
0.100188
0.039716
0.071853
0.050653
0.065397
0.021461
0.022964
0.028327
0.081448
0.022156
0.078995
0.096625
0.043496
0.104388
0.032671
0.023108
0.022686
0.017804
0.019171
0.021760
0.021101
0.055734
0.036012
0.099093
0.047435
0.046243
0.088156
0.045300
0.029551
0.025884
0.067397
0.026350
0.036086
0.020441
0.030802
0.066032
0.043542
0.021761
0.040612
0.064918
0.037832
0.020731
0.020589
0.055659
0.089385
0.063321
0.053551
0.030593
0.041935
0.028462
0.050909
0.067109
0.023952
0.018371
0.018428
0.021986
0.055720
0.050015
0.039818
0.029377
0.073825
0.020600
0.025141
0.019604
0.022312
0.022111
0.029240
0.033691
0.028727
0.019317
0.091046
0.041976
0.024490
0.019224
0.026839
0.023616
0.021225
0.038295
0.020775
0.062965
0.021869
0.034769
0.026889
0.054085
0.061307
0.077380
0.023311
0.017925
0.024438
0.025019
0.029639
0.022572
0.020135
0.034099
0.066880
0.060650
0.022816
0.063627
0.038421
0.025320
0.025292
0.037361
0.075009
0.078299
0.023685
0.019889
0.018510
0.092781
0.028976
0.027102
0.030105
0.052487
0.049528
0.042382
0.064067
0.022612
0.017285
0.025882
0.016455
0.109016
0.026289
0.033542
0.033509
0.056331
0.054410
0.020464
0.021231
0.017090
0.016227
0.015944
0.017598
0.026994
0.066119
0.050805
0.117852
0.062315
0.033999
0.020465
0.023824
0.024655
0.020674
0.047738
0.023468
0.021541
0.033384
0.018609
0.054045
0.059420
0.079295
0.075026
0.049361
0.090353
0.029309
0.022350
0.023549
0.021304
0.086943
0.026944
0.053163
0.027591
0.022444
0.026246
0.045790
0.101593
0.046355
0.038030
0.042961
0.017434
0.018569
0.016932
0.016083
0.015136
0.015618
0.019948
0.073602
0.068543
0.052158
0.042996
0.029189
0.022711
0.061247
0.017819
0.018095
0.024943
0.017452
0.017622
0.020163
0.016633
0.016773
0.031037
0.018094
0.035413
0.084441
0.026145
0.018534
0.021127
0.019516
0.020374
0.019433
0.019534
0.020958
0.018403
0.022686
0.017584
0.018025
0.017002
0.030641
0.022068
0.041321
0.017424
0.016506
0.018857
0.062360
0.025123
0.018614
0.019338
0.018416
0.017305
0.022026
0.071713
0.021985
0.031814
0.018309
0.017470
0.021097
0.017528
0.019245
0.066473
0.032757
0.020769
0.017673
0.017650
0.017625
0.019564
0.019750
0.018730
0.016961
0.017641
0.019374
0.016830
0.058473
0.053218
0.053017
0.020051
0.047537
0.058394
0.022007
0.017653
0.017911
0.020230
0.019074
0.016254
0.021153
0.023616
0.021333
0.016234
0.016928
0.017565
0.017369
0.044937
0.079014
0.034538
0.019797
0.053460
0.035048
0.073049
0.037488
0.019167
0.018389
0.034781
0.028561
0.025361
0.035081
0.042526
0.074009
0.066006
0.021592
0.019690
0.019486
0.020339
0.025302
0.026825
0.099719
0.034184
0.020502
0.023057
0.051098
0.044313
0.018167
0.041310
0.042050
0.027430
0.086547
0.036955
0.053341
0.046678
0.022419
0.088790
0.049849
0.024916
0.029664
0.023063
0.019002
0.033404
0.024263
0.058496
0.132222
0.050672
0.025421
0.029187
0.113772
0.048353
0.059174
0.020184
0.020304
0.019411
0.045778
0.043868
0.019928
0.033445
0.028500
0.089313
0.092254
0.058147
0.048923
0.062873
0.066447
0.032468
0.027710
0.019715
0.033445
0.029741
0.047945
0.067230
0.047491
0.037235
0.037423
0.023756
0.020829
0.019869
0.066994
0.029844
0.033610
0.022204
0.031012
0.033067
0.015928
0.025427
0.067877
0.064546
0.056492
0.050559
0.028284
0.078111
0.072220
0.021337
0.020177
0.021730
0.020684
0.019111
0.023944
0.035712
0.025829
0.036502
0.101998
0.059960
0.036641
0.026643
0.025701
0.032815
0.018581
0.017486
0.033519
0.080689
0.094167
0.063689
0.026860
0.055487
0.057798
0.041038
0.081997
0.050330
0.027919
0.025656
0.033157
0.037098
0.047853
0.049196
0.023638
0.023226
0.067570
0.018365
0.017946
0.090825
0.045836
0.063183
0.049886
0.024300
0.063627
0.065387
0.059087
0.017895
0.018692
0.020572
0.077437
0.023895
0.027656
0.043130
0.044532
0.071613
0.107053
0.031982
0.020527
0.026824
0.033125
0.027169
0.068284
0.038211
0.022718
0.034883
0.023312
0.044568
0.043722
0.097628
0.073723
0.070629
0.023435
0.034545
0.023070
0.027538
0.026379
0.053713
0.057081
0.026685
0.018296
0.019184
0.025787
0.032510
0.017699
0.046593
0.081641
0.083200
0.050590
0.078380
0.056968
0.050795
0.069601
0.031248
0.025823
0.035327
0.034501
0.055960
0.034581
0.083865
0.040176
0.048164
0.057087
0.022578
0.066959
0.060831
0.030320
0.056284
0.068060
0.027899
0.020007
0.022073
0.020650
0.025762
0.028378
0.028702
0.032380
0.075908
0.091932
0.043049
0.026388
0.022271
0.026511
0.023763
0.086692
0.033779
0.031747
0.020355
0.063195
0.070740
0.094004
0.036772
0.023948
0.020043
0.058312
0.070644
0.076800
0.023281
0.062565
0.026100
0.022201
0.020501
0.053510
0.027359
0.032958
0.045321
0.052359
0.071754
0.037642
0.020341
0.019944
0.021894
0.018896
0.027819
0.090362
0.071033
0.076450
0.059073
0.069311
0.069746
0.022554
0.023675
0.026523
0.022892
0.023128
0.026975
0.057132
0.092114
0.042536
0.108509
0.067777
0.025485
0.063281
0.023592
0.023263
0.036674
0.016925
0.022149
0.028058
0.022900
0.034351
0.027900
0.082427
0.098337
0.069557
0.064545
0.051992
0.028351
0.073061
0.037759
0.024678
0.019213
0.041661
0.031695
0.095865
0.067447
0.067782
0.045850
0.062561
0.043615
0.021484
0.038036
0.021607
0.023012
0.035737
0.025935
0.039318
0.100875
0.071911
0.065581
0.083922
0.091974
0.035409
0.040725
0.031973
0.059111
0.051635
0.050535
0.023777
0.028019
0.043723
0.108176
0.065899
0.043913
0.023949
0.087134
0.020899
0.025521
0.027256
0.024865
0.017184
0.035472
0.032540
0.030277
0.104521
0.098490
0.047331
0.052235
0.092906
0.028840
0.021990
0.021822
0.027916
0.038005
0.036033
0.034002
0.067049
0.036556
0.018247
0.023757
0.017933
0.019815
0.091009
0.093436
0.050864
0.049290
0.078619
0.041824
0.026766
0.030399
0.020257
0.018696
0.031204
0.035346
0.055145
0.064280
0.055570
0.044245
0.040072
0.052036
0.028342
0.020005
0.023343
0.023268
0.073842
0.055892
0.021817
0.019684
0.080722
0.022901
0.038573
0.019509
0.056575
0.030608
0.028189
0.049552
0.027069
0.017977
0.016260
0.016728
0.024779
0.019134
0.026548
0.035079
0.034249
0.096647
0.029081
0.018211
0.016436
0.017539
0.023703
0.022589
0.022056
0.033916
0.029489
0.044863
0.072778
0.040612
0.018704
0.030310
0.029894
0.025039
0.020093
0.039851
0.030289
0.082733
0.048676
0.024764
0.022607
0.017782
0.017921
0.021188
0.023518
0.027529
0.077221
0.114397
0.044871
0.058378
0.099712
0.025529
0.057371
0.038218
0.073354
0.025545
0.041465
0.095685
0.065382
0.061525
0.045866
0.088167
0.038010
0.060283
0.067096
0.043103
0.067407
0.030654
0.067585
0.065032
0.058810
0.075126
0.058870
0.028395
0.073265
0.076655
0.021860
0.114295
0.067627
0.053063
0.092832
0.098853
0.061660
0.069484
0.026827
0.057826
0.046676
0.055700
0.061414
0.092081
0.055035
0.037638
0.090271
0.068754
0.049094
0.032949
0.070119
0.026916
0.033342
0.037654
0.057241
0.053478
0.033504
0.070166
0.061135
0.032509
0.059672
0.042331
0.034013
0.078404
0.086305
0.061051
0.069395
0.061366
0.040689
0.047873
0.019101
0.047187
0.039476
0.069110
0.029734
0.022930
0.026522
0.038800
0.075470
0.072785
0.032884
0.092887
0.042886
0.046693
0.024766
0.082999
0.023374
0.043626
0.042460
0.066432
0.078262
0.019529
0.042853
0.059401
0.074857
0.038749
0.080444
0.055239
0.050105
0.074483
0.077229
0.032267
0.030555
0.046628
0.056691
0.025809
0.045017
0.048414
0.063029
0.088131
0.043932
0.027707
0.092797
0.078497
0.048847
0.053407
0.056468
0.042650
0.029528
0.023667
0.059148
0.092708
0.086638
0.062701
0.041209
0.089217
0.027830
0.025043
0.034325
0.027355
0.094644
0.070710
0.052601
0.031863
0.076604
0.060431
0.043743
0.036561
0.071271
0.027201
0.064590
0.087528
0.045374
0.024680
0.091617
0.050164
0.025220
0.042809
0.045104
0.067842
0.022331
0.064727
0.063348
0.073825
0.049407
0.054047
0.050505
0.052737
0.040391
0.063400
0.093770
0.040690
0.025553
0.020099
0.018918
0.039426
0.034551
0.038110
0.050800
0.060933
0.092108
0.043548
0.028044
0.046572
0.078182
0.036179
0.040195
0.020511
0.067307
0.070691
0.059017
0.040530
0.043576
0.094733
0.045121
0.051021
0.044375
0.053001
0.046252
0.112229
0.065793
0.040093
0.084755
0.055061
0.033043
0.038140
0.084057
0.049580
0.084088
0.082006
0.042584
0.019497
0.036927
0.057061
0.033483
0.030200
0.021522
0.017136
0.015600
0.030642
0.065215
0.119016
0.056595
0.054914
0.083372
0.055853
0.113206
0.022588
0.036084
0.021398
0.069898
0.085844
0.027642
0.027015
0.094768
0.038286
0.063710
0.045753
0.022627
0.030911
0.034240
0.100920
0.047363
0.025953
0.043059
0.076803
0.057065
0.071143
0.092744
0.038322
0.021613
0.056363
0.072004
0.024839
0.038309
0.022225
0.070238
0.058735
0.027067
0.042189
0.024933
0.079294
0.079943
0.036620
0.082162
0.045264
0.021117
0.017366
0.059361
0.112066
0.039827
0.026095
0.075482
0.064445
0.056722
0.041965
0.041875
0.065666
0.021013
0.074684
0.035048
0.049915
0.033754
0.082689
0.044214
0.029642
0.034054
0.058949
0.064186
0.042139
0.088253
0.065771
0.026083
0.058416
0.043885
0.094933
0.029691
0.042416
0.062103
0.098073
0.061877
0.028771
0.033913
0.063943
0.050203
0.085974
0.049445
0.071686
0.051417
0.059028
0.091590
0.052542
0.049290
0.073451
0.045480
0.068836
0.093526
0.027549
0.043565
0.049707
0.020369
0.094792
0.051549
0.045799
0.098315
0.051854
0.021348
0.027819
0.031507
0.049933
0.042485
0.075318
0.027173
0.021225
0.060417
0.052785
0.035748
0.024856
0.080290
0.096745
0.078781
0.105330
0.060960
0.037705
0.080839
0.025454
0.021456
0.047292
0.031751
0.078922
0.088733
0.037111
0.028759
0.048146
0.056986
0.070310
0.024055
0.055092
0.093611
0.064169
0.036012
0.044082
0.050254
0.092722
0.047138
0.025167
0.040939
0.085067
0.058787
0.065227
0.048204
0.024203
0.027652
0.024923
0.117447
0.098787
0.101940
0.036268
0.018623
0.058472
0.103419
0.034611
0.109102
0.058253
0.066978
0.095130
0.055695
0.036050
0.039837
0.065834
0.034968
0.043077
0.034007
0.081717
0.026096
0.047153
0.082268
0.084859
0.044121
0.027429
0.058670
0.041316
0.062755
0.064375
0.061227
0.048188
0.022264
0.043115
0.090998
0.043310
0.123834
0.065001
0.037838
0.038810
0.041242
0.046955
0.071688
0.031059
0.029392
0.042995
0.112446
0.067055
0.051926
0.094486
0.066818
0.066654
0.027535
0.078862
0.065974
0.038862
0.035505
0.045545
0.087399
0.066014
0.073653
0.095177
0.067888
0.058560
0.093394
0.037733
0.042033
0.038015
0.068061
0.097972
0.071739
0.030689
0.102997
0.042057
0.044377
0.105353
0.023487
0.070627
0.079329
0.069705
0.048723
0.052988
0.072181
0.070401
0.050517
0.062233
0.020601
0.042727
0.068162
0.052742
0.042952
0.033781
0.095835
0.065503
0.052660
0.069802
0.046765
0.055466
0.087257
0.050239
0.019596
0.030436
0.082861
0.034828
0.033208
0.095862
0.093380
0.074651
0.054466
0.044542
0.022431
0.037707
0.047039
0.067175
0.020946
0.053013
0.106604
0.072767
0.089220
0.052114
0.051589
0.031850
0.034600
0.067633
0.049379
0.048633
0.067475
0.083063
0.040058
0.068038
0.022848
0.035170
0.089772
0.021273
0.020205
0.018788
0.075666
0.076150
0.084039
0.031578
