38,144,25,86
36,144,26,83
38,144,29,85
38,144,27,84
38,143,27,84
38,143,27,84
39,143,27,85
39,143,29,85
40,143,28,85
39,144,27,84
40,143,28,85
39,144,28,85
40,144,29,85
40,144,28,85
40,143,30,85
40,143,30,85
41,144,30,85
41,144,30,84
42,144,30,84
42,143,30,84
41,144,29,83
43,143,32,86
41,143,30,85
42,144,31,86
41,144,29,84
40,144,29,84
40,144,28,85
40,144,28,85
39,144,28,86
40,144,29,85
38,144,27,84
39,143,29,86
38,145,28,84
38,144,28,85
38,143,29,86
38,144,28,86
38,142,31,87
37,144,29,85
39,142,32,87
37,142,32,87
38,144,30,85
38,143,30,86
38,143,31,87
37,144,31,86
37,143,32,87
37,143,31,87
37,143,30,86
37,143,30,87
37,143,30,87
38,143,30,83
37,142,29,84
37,143,32,84
37,144,31,83
38,142,32,86
37,142,28,76
38,143,25,66
39,143,26,67
38,144,25,68
37,143,26,72
37,143,26,73
38,143,27,75
38,144,27,84
38,143,25,74
37,142,27,82
36,144,28,83
38,143,27,74
36,143,27,74
36,143,28,71
36,143,28,77
35,143,28,75
36,144,27,70
35,144,28,73
35,143,28,72
35,143,28,73
8,123,32,70
20,117,32,70
35,146,30,76
20,112,35,77
28,114,35,89
34,143,35,81
33,144,32,76
43,107,29,79
34,142,30,77
34,141,31,83
33,143,30,81
34,145,30,72
34,144,31,80
34,145,29,77
34,145,30,80
34,143,29,82
35,145,27,81
34,144,29,83
36,144,32,84
34,144,32,84
34,145,33,84
34,145,33,85
33,144,32,86
35,145,33,85
34,144,32,86
34,144,33,86
34,144,32,86
35,145,34,85
34,145,32,85
35,145,33,84
35,145,31,84
35,144,33,85
34,145,32,84
35,145,34,85
34,144,31,84
34,145,32,84
34,144,32,84
35,145,35,84
35,146,32,84
35,145,33,85
34,145,32,85
35,145,34,84
35,145,32,84
35,144,34,84
34,146,32,84
36,144,33,84
35,144,32,84
34,145,32,84
35,144,33,84
34,145,32,85
35,145,32,84
35,144,31,84
35,145,31,83
35,145,29,84
36,144,31,84
34,145,31,84
34,144,32,84
35,145,31,84
35,145,32,84
35,145,32,83
35,144,31,84
34,145,30,84
34,145,30,84
35,144,31,83
35,144,32,84
34,144,31,85
34,144,30,83
36,145,31,83
35,144,32,84
35,145,31,84
35,145,32,84
35,145,33,84
35,144,32,84
35,144,32,84
34,145,30,83
34,145,30,83
35,145,30,83
35,145,31,84
34,144,32,84
35,145,32,83
35,145,31,84
35,145,33,85
35,144,31,84
35,144,32,84
35,146,32,84
35,145,32,84
35,145,31,83
35,145,31,84
35,144,31,84
34,145,31,84
35,145,31,84
35,145,31,84
35,144,32,84
35,145,32,84
36,146,32,84
34,145,32,84
35,145,31,84
35,145,31,84
36,145,32,84
35,144,31,83
35,145,32,84
35,144,32,85
35,145,32,84
35,145,32,84
34,144,31,84
34,145,32,84
35,144,32,84
35,146,32,84
34,145,32,84
34,144,30,83
35,144,31,84
34,145,31,84
35,146,32,84
35,145,32,84
34,145,32,85
35,145,32,84
34,144,32,84
34,144,31,84
34,144,32,84
34,145,33,85
34,145,32,84
34,144,31,84
34,144,31,83
34,145,31,83
34,145,31,84
35,145,31,84
34,146,31,84
34,144,32,84
34,145,32,84
34,146,32,84
35,145,31,83
34,145,32,85
34,145,31,84
34,145,31,83
34,145,30,84
34,144,32,84
35,145,32,83
34,144,32,84
35,145,31,84
34,145,31,84
34,145,31,84
34,145,31,83
35,145,30,83
34,145,31,84
34,145,31,84
34,144,31,84
35,144,32,84
34,144,31,84
34,145,30,84
34,144,30,84
35,144,31,84
34,145,33,85
35,145,33,83
35,145,30,84
35,144,32,84
35,145,31,84
34,145,31,83
35,145,31,84
35,145,31,84
35,145,32,84
35,144,30,83
34,144,31,84
35,145,31,83
35,145,32,84
34,145,32,84
35,144,32,84
34,145,32,84
35,145,32,84
35,145,31,83
35,145,31,84
34,146,31,83
35,145,32,84
35,145,31,84
34,145,32,84
34,145,33,84
34,145,32,84
34,145,31,84
35,144,32,83
34,145,32,84
34,144,32,84
34,145,31,82
34,144,31,84
34,144,32,84
34,145,32,84
33,145,32,85
34,145,31,84
35,145,32,84
34,144,32,84
34,145,32,84
35,145,32,83
34,145,31,84
35,145,32,84
34,145,32,83
34,144,32,84
35,144,33,84
34,145,33,84
34,145,32,84
34,144,32,83
34,146,32,84
34,145,32,84
35,145,33,84
34,144,32,84
35,144,32,84
34,146,33,84
35,144,32,84
34,145,32,84
33,145,32,84
34,145,32,84
35,144,31,84
35,145,33,84
34,145,31,83
34,145,31,84
34,146,32,84
35,145,33,84
34,145,32,84
33,144,32,84
35,146,31,83
34,145,33,84
33,145,32,83
34,145,31,84
34,145,32,84
34,145,31,83
34,144,31,83
34,145,32,84
34,145,32,83
34,145,33,84
35,145,32,84
35,146,33,84
34,144,31,84
34,145,31,84
34,144,32,84
35,146,32,83
34,144,32,84
34,144,32,84
34,145,31,84
34,145,32,84
34,145,32,83
33,144,31,83
35,145,30,83
34,145,31,84
34,144,32,83
34,144,32,84
34,146,31,84
35,145,32,83
34,145,33,84
34,145,32,84
34,144,31,83
35,146,31,83
34,145,31,84
34,145,33,84
34,144,32,84
34,144,32,83
34,145,31,84
34,145,30,84
35,145,33,84
34,144,31,84
34,145,32,84
34,146,34,84
33,145,31,83
34,145,31,83
34,145,32,84
34,145,32,83
34,144,33,84
34,145,32,84
34,145,31,84
34,145,33,83
34,145,31,84
34,145,31,83
34,145,31,84
34,144,32,84
35,146,31,83
35,145,32,83
34,144,31,83
35,145,31,84
35,145,32,85
34,145,33,84
35,145,33,84
34,145,32,84
35,145,32,84
35,144,32,84
35,144,32,84
34,145,30,84
35,144,31,84
34,145,30,84
35,144,31,84
34,145,32,85
34,145,32,84
34,144,31,84
34,144,31,84
35,144,31,85
34,144,31,86
36,145,31,85
34,145,30,85
36,146,31,84
37,147,31,84
38,147,30,84
39,147,31,85
40,146,30,85
42,146,30,85
42,146,29,85
44,145,31,85
44,145,31,84
44,147,32,85
47,147,32,86
46,148,31,86
48,150,32,85
49,148,32,86
49,148,31,86
49,148,32,86
50,148,32,86
51,148,33,86
52,150,33,87
54,150,33,87
54,152,33,85
56,151,32,87
57,151,32,87
56,151,33,87
59,150,34,89
58,150,33,90
59,151,33,89
59,152,34,89
61,153,34,88
61,154,33,87
61,154,33,87
62,153,34,87
64,154,35,89
66,155,36,91
66,157,35,90
66,158,33,90
67,158,34,91
68,156,34,91
68,156,34,92
69,157,36,93
69,156,35,95
71,159,34,93
70,159,35,94
72,161,34,92
73,161,34,92
74,160,34,91
75,160,35,93
76,161,36,94
77,162,35,94
78,164,35,94
80,165,35,94
82,165,35,94
84,163,35,94
85,162,36,96
85,162,35,97
87,164,35,98
90,167,35,96
90,166,35,98
92,167,35,95
94,165,36,97
95,166,36,98
99,168,36,97
100,170,35,97
104,171,34,97
106,169,36,98
108,170,36,99
108,170,36,100
110,172,36,98
112,173,35,97
112,174,36,99
114,175,36,99
114,173,36,97
116,174,36,99
116,174,36,101
119,175,35,101
120,176,34,100
121,177,34,101
120,178,37,102
121,177,36,101
123,177,36,101
123,177,37,101
124,179,38,102
126,181,38,100
126,180,38,102
127,181,38,102
127,181,39,103
128,181,39,106
130,180,39,104
131,180,38,104
132,181,38,104
136,184,38,104
135,183,38,104
137,185,37,105
139,185,38,105
142,185,39,106
143,183,38,106
145,184,40,109
149,187,39,106
151,188,39,107
152,189,39,107
154,190,41,107
153,190,42,109
157,189,42,109
164,189,40,110
165,192,43,107
165,193,46,109
169,193,45,111
176,193,42,111
185,193,37,110
191,191,35,114
196,193,35,112
203,197,36,110
208,197,35,112
211,198,33,111
214,195,33,113
216,195,34,113
219,193,35,112
220,194,38,111
220,192,35,113
222,196,41,112
220,193,39,112
229,195,34,107
228,196,35,111
231,197,33,104
229,198,34,110
232,198,35,112
230,199,36,111
232,201,36,108
235,201,37,108
235,200,39,111
233,202,42,110
233,203,43,112
232,205,47,111
240,206,40,112
245,205,38,111
249,205,38,112
250,204,38,113
251,206,38,113
251,208,38,111
253,210,37,110
255,212,38,113
253,212,42,111
251,212,45,110
252,212,48,114
253,213,50,117
254,215,46,116
256,218,48,115
257,220,49,115
258,218,50,116
259,219,50,116
264,217,49,117
263,219,51,121
264,219,52,122
267,221,51,122
270,222,49,121
273,224,50,120
279,224,46,119
282,224,44,120
286,225,43,123
287,228,44,123
291,231,43,122
292,231,42,122
296,231,43,122
295,229,43,123
296,230,46,126
297,231,47,128
300,235,46,126
300,234,46,127
304,234,46,127
304,235,47,129
306,237,47,128
306,236,47,129
308,239,48,130
310,241,46,129
310,242,47,131
315,242,46,131
317,243,45,129
316,242,46,129
319,245,45,130
318,247,45,131
319,249,45,128
319,249,45,130
321,249,45,131
323,248,46,134
323,249,45,135
324,249,45,136
326,253,40,135
328,254,39,134
330,251,43,136
332,251,44,137
337,251,47,137
340,251,48,138
341,251,49,137
344,251,53,139
346,253,55,141
345,255,55,141
347,255,52,141
352,254,48,141
352,255,47,141
357,254,47,141
358,255,48,140
359,255,49,141
358,257,49,139
359,257,51,141
359,259,53,140
357,259,52,140
359,258,52,141
359,259,53,142
360,258,52,142
361,259,52,142
361,259,50,143
362,259,49,143
364,260,47,142
365,259,46,142
366,260,47,143
368,260,46,143
369,260,46,142
369,259,46,143
369,259,47,144
369,259,48,143
368,260,49,143
370,260,48,143
371,260,47,142
372,260,46,142
371,260,45,143
372,261,45,142
371,260,44,141
370,260,43,142
370,260,43,142
370,261,44,143
370,259,43,142
369,260,43,142
369,261,42,142
368,260,42,142
368,261,43,142
367,261,43,142
367,260,43,142
366,260,44,141
366,261,45,141
365,260,44,141
365,262,45,141
365,262,45,141
364,262,45,140
365,262,46,141
365,263,46,141
366,262,45,141
366,263,45,142
368,264,44,141
368,264,45,144
371,264,44,143
370,264,45,142
372,266,45,142
371,264,46,143
372,265,46,142
371,266,46,143
371,266,47,144
370,266,47,145
370,266,47,146
369,267,47,145
369,267,45,145
368,267,46,146
366,268,46,146
364,269,44,144
365,268,46,145
362,268,47,145
361,269,47,145
361,268,46,146
359,268,46,146
358,269,47,146
358,268,47,146
357,268,46,146
357,269,46,146
355,269,46,144
355,270,47,145
356,269,46,144
354,269,45,143
352,270,45,143
355,269,44,140
352,271,45,139
349,271,45,133
350,265,44,142
348,266,43,144
349,266,41,140
346,265,43,146
341,265,48,144
336,265,50,145
335,266,51,143
333,266,51,143
335,265,49,143
331,264,49,144
331,263,49,144
328,263,51,145
327,263,50,143
325,263,48,143
324,262,46,142
321,262,45,142
321,262,43,141
321,261,42,142
320,259,42,143
319,260,41,144
318,259,43,143
318,259,43,142
317,258,43,141
317,259,45,141
317,258,45,141
315,258,45,141
313,258,46,142
309,258,49,142
307,258,50,142
309,258,48,142
307,258,45,141
307,256,43,141
304,256,44,140
303,255,44,139
301,254,44,139
299,254,44,139
299,254,43,138
297,254,44,140
296,252,43,139
294,252,43,141
293,250,42,140
292,249,43,138
290,248,43,137
287,248,43,136
288,248,43,138
285,249,44,135
282,247,45,136
282,247,44,135
279,244,44,135
279,243,43,135
277,241,43,135
277,241,44,136
274,242,44,136
274,242,43,135
273,241,42,134
272,240,43,137
271,239,42,133
271,236,41,132
270,236,42,132
268,235,42,130
267,235,42,130
266,234,42,130
265,234,42,129
265,232,40,128
265,230,40,127
264,229,41,129
264,228,41,129
264,228,40,128
265,228,41,128
264,227,41,125
266,227,41,127
266,225,42,128
268,223,40,127
270,221,40,126
269,220,40,126
272,222,40,123
271,222,40,124
273,219,39,123
273,217,41,123
274,214,39,121
244,193,38,106
274,204,41,125
257,194,45,115
269,196,45,142
273,197,44,139
280,199,42,136
298,197,36,109
312,199,39,102
321,198,48,105
343,200,40,104
357,198,44,103
279,202,41,117
277,202,42,115
278,203,41,117
276,202,42,116
275,199,41,117
275,199,42,116
273,200,41,114
273,200,41,114
273,200,40,113
271,199,40,111
270,197,40,112
269,195,40,112
267,195,40,112
267,196,39,111
266,196,38,111
265,194,38,110
262,192,39,109
261,192,38,110
260,192,37,109
257,191,38,107
256,188,38,107
253,187,38,108
253,189,39,106
252,188,38,105
252,187,38,106
252,185,36,104
252,183,36,106
251,184,36,106
249,184,36,104
249,184,34,104
247,183,35,103
245,182,36,102
244,180,36,102
243,180,36,102
243,180,36,101
242,180,36,100
241,180,36,99
239,179,35,102
239,179,35,100
237,176,35,99
235,175,36,101
233,176,36,102
231,176,36,102
231,177,35,100
228,176,36,101
227,175,36,101
225,174,37,101
224,173,37,101
222,173,37,101
221,172,37,100
220,174,35,99
219,173,35,100
216,172,36,100
214,171,36,100
214,171,35,99
212,170,35,98
211,170,35,99
209,171,35,99
207,171,35,98
206,171,33,98
203,171,34,98
201,170,35,98
200,170,34,98
197,169,34,98
196,169,34,97
195,169,35,97
194,169,35,98
193,169,34,97
191,167,34,98
190,167,34,98
188,166,35,97
187,165,35,99
187,165,32,82
187,165,30,76
186,166,29,67
182,166,28,65
178,162,29,76
177,159,31,82
173,161,32,94
171,161,34,91
169,162,33,71
168,162,33,80
166,161,34,86
164,161,35,88
161,161,34,90
159,160,34,97
158,160,33,97
154,161,35,95
153,162,36,95
151,161,34,96
150,160,34,94
146,158,31,95
143,159,30,95
140,158,29,95
138,158,29,93
135,159,30,92
132,158,31,94
125,158,33,92
122,157,35,91
120,157,35,92
119,155,33,96
112,154,31,93
108,155,33,92
107,156,33,93
104,156,32,92
104,155,29,92
101,154,29,94
98,153,28,94
95,154,29,94
93,153,30,94
90,153,32,94
90,154,31,94
88,154,31,94
87,153,32,93
86,153,33,95
85,153,32,94
84,152,32,94
84,153,32,94
82,151,32,94
83,152,33,94
83,151,32,94
83,151,32,93
82,151,32,93
82,151,32,93
82,150,33,94
81,150,33,94
80,150,33,94
80,151,33,93
80,151,33,93
78,150,33,94
78,152,34,93
77,150,32,94
77,151,33,94
77,151,33,94
76,150,33,94
74,150,33,95
75,151,34,94
74,150,33,94
73,150,34,95
73,151,34,94
73,150,33,93
74,150,33,94
74,151,33,94
74,151,34,94
76,151,32,92
75,150,33,94
76,150,33,94
77,151,33,94
76,150,33,94
76,150,34,94
76,150,33,94
76,150,33,94
77,150,33,94
76,150,34,94
76,150,34,94
75,150,35,94
76,150,35,94
75,149,36,95
74,150,37,95
74,150,37,94
74,149,37,94
72,149,39,95
74,149,40,95
71,149,40,94
71,149,39,95
71,150,40,94
71,150,38,94
73,150,36,93
70,149,39,94
65,151,43,93
66,150,41,94
70,150,37,94
72,150,35,94
74,151,33,94
74,150,33,95
72,150,35,95
71,150,36,95
74,150,34,95
70,150,38,95
71,150,38,94
72,151,36,93
74,150,35,94
73,151,36,93
73,151,36,93
73,150,38,93
74,151,37,92
72,151,37,93
74,151,37,93
73,151,37,93
73,150,38,93
72,150,38,94
73,150,38,94
73,151,38,94
73,150,38,93
73,150,38,94
72,150,39,94
71,150,40,94
72,150,39,94
72,150,40,94
73,150,40,94
73,149,39,95
75,150,38,94
76,150,36,93
77,150,34,93
78,150,35,93
77,149,34,94
76,149,36,94
77,150,35,93
76,150,37,95
76,149,36,95
77,150,36,94
74,149,38,94
76,149,37,94
75,149,38,94
77,149,38,95
75,148,39,95
76,149,37,94
75,150,36,94
76,150,36,93
75,150,37,94
76,150,37,94
75,149,37,94
74,150,39,94
75,149,39,95
75,149,39,95
77,149,37,95
75,150,38,94
76,150,37,94
75,150,38,94
76,149,38,95
75,150,37,94
77,150,36,95
76,150,36,94
77,150,35,94
75,149,37,95
76,148,37,94
75,149,37,83
75,149,37,90
75,149,37,94
75,150,34,94
77,151,35,93
76,151,34,93
75,151,35,93
76,151,34,93
75,150,35,94
76,151,34,94
77,151,34,94
75,150,34,94
77,150,34,93
74,151,36,95
76,150,35,94
75,150,35,94
77,150,35,94
74,149,36,95
76,150,36,94
76,150,35,94
77,149,35,94
74,151,36,94
77,149,36,94
75,150,37,94
75,150,36,94
76,151,36,93
76,150,35,94
75,149,37,94
74,151,37,94
77,150,36,94
75,150,34,94
77,151,33,93
77,151,33,93
76,151,33,93
77,151,33,93
76,150,34,93
76,149,35,94
76,152,35,92
77,150,34,94
77,151,34,93
76,150,33,93
77,150,33,93
76,150,33,93
78,151,32,93
76,150,33,93
77,150,33,94
77,151,33,93
77,150,33,93
77,149,33,93
76,150,33,93
78,150,32,93
76,149,33,94
77,152,33,91
78,151,32,91
77,150,33,93
79,152,34,92
79,151,33,93
80,152,33,92
81,151,32,92
80,150,32,93
81,151,32,92
80,150,32,93
81,152,32,91
81,151,32,92
82,153,32,91
81,152,32,91
80,151,33,92
81,152,32,92
81,152,32,92
81,151,31,91
82,152,31,90
82,152,31,90
82,152,32,91
82,151,31,91
82,152,32,91
81,151,32,91
82,151,31,91
82,151,32,91
82,152,32,90
82,151,32,92
82,152,31,91
83,152,32,91
82,152,32,91
82,152,32,91
81,151,32,92
82,151,32,91
82,152,32,91
82,152,32,91
82,152,32,91
82,152,32,90
82,152,33,91
82,152,32,92
82,152,32,91
82,152,32,91
82,152,32,91
82,152,33,91
83,152,32,91
82,152,32,92
82,152,32,91
81,152,32,91
81,152,32,91
82,152,32,91
82,152,32,91
83,152,32,91
81,151,32,92
82,153,32,91
82,152,32,91
82,153,32,90
82,152,32,90
82,152,32,91
81,151,32,92
81,152,32,91
81,152,33,92
81,152,33,92
82,151,33,92
81,152,32,91
82,153,33,91
81,151,33,92
81,151,32,92
82,152,32,91
81,151,32,92
81,152,33,92
81,151,32,92
81,152,33,91
81,151,32,92
81,152,33,92
79,151,34,93
81,152,33,91
81,152,32,91
81,152,32,91
80,151,32,91
81,151,33,92
81,151,32,91
81,151,32,91
81,152,33,91
81,151,33,92
81,152,32,91
80,151,32,90
81,152,33,91
80,151,33,92
81,152,33,91
81,152,32,92
81,152,32,90
81,152,32,90
82,152,33,92
81,151,33,92
81,152,33,92
83,151,33,92
82,153,32,90
83,152,33,91
83,153,33,91
84,153,34,91
84,152,34,91
84,153,35,92
85,154,35,91
85,156,35,90
85,156,34,90
87,156,35,90
89,154,35,87
89,155,36,90
91,156,36,91
92,156,36,90
93,159,37,89
94,159,36,90
93,158,37,91
93,157,36,91
95,156,38,90
95,157,44,93
95,159,45,93
95,160,47,94
97,160,46,94
96,161,47,93
97,160,45,94
99,160,43,93
103,161,39,94
104,162,37,94
108,162,35,93
108,164,35,93
110,163,36,94
111,163,37,94
113,161,37,97
114,161,38,97
115,163,39,97
114,163,39,99
116,164,39,98
116,165,39,98
119,165,38,99
122,164,36,98
122,164,37,97
126,166,35,97
128,169,33,97
128,170,34,96
129,169,35,97
129,167,35,99
129,168,37,99
129,169,38,102
130,171,37,99
129,172,37,99
132,172,37,98
131,172,37,100
131,172,37,100
134,171,37,102
136,173,36,102
136,175,36,101
137,175,36,101
138,177,37,103
139,174,37,103
139,174,38,104
138,175,39,104
137,176,42,106
138,177,41,105
137,179,43,105
138,178,43,105
139,178,43,106
138,177,43,107
138,178,45,109
139,179,45,110
138,179,47,110
142,181,47,109
142,180,47,111
143,181,45,109
143,180,48,110
141,181,49,111
139,182,52,111
133,186,61,110
135,186,61,110
136,186,57,111
134,187,58,110
134,188,58,109
137,189,56,108
141,191,53,108
144,192,49,108
150,195,46,107
152,196,47,107
149,194,49,108
143,195,50,108
153,195,42,109
150,195,45,110
154,195,43,110
152,194,47,112
149,194,48,113
153,195,43,113
155,194,39,112
153,194,41,112
129,206,63,99
150,197,43,112
158,195,39,116
157,195,39,116
153,196,42,116
155,198,41,115
154,197,43,117
152,196,45,118
154,197,45,118
157,198,47,119
157,199,44,118
157,199,44,120
158,198,47,119
156,198,45,120
157,199,39,118
156,199,37,119
157,199,38,118
154,200,35,119
159,200,37,116
153,200,38,119
152,200,44,118
154,201,44,120
153,200,44,120
159,201,43,118
177,204,43,117
157,201,40,122
155,203,38,118
156,204,33,121
159,204,39,119
155,205,40,119
155,205,38,117
154,206,41,117
153,205,39,118
151,206,37,118
153,205,37,119
153,206,39,120
155,208,42,119
153,209,40,120
203,204,44,110
155,211,40,116
210,206,39,109
159,213,39,115
211,205,37,111
159,214,41,115
211,205,37,108
217,213,35,98
218,208,35,101
218,205,37,102
218,212,36,93
214,205,40,102
213,205,42,103
213,206,43,102
211,203,45,103
211,206,44,98
170,222,39,122
206,199,47,115
206,202,45,114
181,218,40,126
202,198,44,105
203,193,40,119
184,221,36,130
192,217,40,132
191,208,41,118
190,219,40,128
195,224,41,125
197,221,44,131
197,220,46,131
197,218,52,136
197,219,51,137
199,224,50,133
173,189,47,111
168,183,53,116
214,227,55,133
215,218,58,135
158,179,58,109
240,240,46,128
247,235,50,136
251,236,51,135
257,237,49,129
257,241,49,132
261,240,49,133
268,241,49,132
269,241,49,131
270,239,51,135
276,246,49,130
276,245,51,132
277,247,48,130
283,249,50,129
281,245,50,135
282,246,49,134
286,247,49,135
289,252,46,130
286,253,49,129
286,256,50,128
278,255,57,128
279,253,60,133
278,257,60,133
283,253,52,137
287,251,50,139
282,253,56,138
278,251,60,142
279,245,68,149
276,249,68,143
135,165,53,106
137,166,46,103
137,167,44,103
134,165,45,103
137,163,44,102
132,163,45,100
131,164,47,101
127,164,48,102
127,164,49,102
125,165,50,102
125,163,48,102
124,162,46,103
125,160,44,99
125,159,44,99
124,160,44,100
123,160,43,97
117,161,45,97
114,160,44,99
114,160,43,99
111,159,43,100
111,159,41,98
110,157,37,97
110,157,37,98
108,155,38,96
106,157,39,95
102,157,41,95
97,157,44,96
95,157,45,96
92,156,45,98
92,153,43,97
92,154,42,96
93,153,38,94
91,154,35,90
91,155,35,91
87,154,35,93
83,152,36,93
79,152,38,93
77,151,39,92
74,150,40,94
72,149,40,94
69,149,41,92
68,150,40,94
67,150,40,93
66,149,39,93
64,148,39,93
64,148,38,91
63,147,36,92
61,149,35,90
62,148,35,90
59,149,34,91
58,147,34,90
56,147,34,89
54,146,34,89
51,145,36,89
50,145,37,90
47,145,37,90
45,143,38,92
44,143,38,91
43,143,37,90
42,144,38,90
40,144,38,90
39,142,37,90
38,141,37,89
38,142,36,90
35,143,35,88
34,144,34,88
33,144,33,87
32,144,32,86
31,143,32,84
28,142,31,85
27,142,31,83
24,141,31,85
23,142,30,83
22,141,29,83
20,141,29,83
19,143,28,81
20,141,27,84
20,142,27,83
20,140,27,85
18,140,28,83
20,141,30,81
19,141,33,82
18,140,37,82
18,141,39,82
17,140,40,84
18,139,39,84
18,141,39,82
19,141,36,82
19,139,34,82
19,140,32,84
17,139,33,85
17,139,32,84
16,139,34,84
16,140,34,85
15,140,35,83
15,139,35,82
15,140,34,83
15,140,34,83
15,141,33,82
17,141,33,81
17,141,33,83
17,141,33,82
16,139,34,84
18,140,36,82
18,141,35,84
18,139,36,86
18,141,36,84
17,140,36,86
19,140,35,84
18,142,35,84
18,142,36,83
18,141,37,85
18,142,36,84
20,141,35,83
19,142,35,83
19,142,36,84
20,143,35,83
21,143,35,83
20,142,34,85
22,145,33,83
22,146,32,83
25,145,32,83
25,145,32,83
26,144,34,84
26,144,35,85
25,144,36,87
26,143,37,87
26,145,38,87
26,145,39,88
25,145,39,89
26,146,39,88
27,146,38,86
27,144,38,87
28,145,37,87
29,145,38,89
29,146,37,90
32,148,35,88
32,149,35,87
34,150,35,87
34,148,35,90
37,148,36,89
35,148,36,90
37,148,37,88
36,149,39,91
36,148,39,90
37,147,39,90
37,150,39,89
39,151,38,88
39,150,39,90
40,150,38,90
40,150,38,89
41,151,38,90
42,150,37,92
44,153,37,93
44,154,37,91
45,154,37,90
46,155,36,89
48,154,35,91
48,153,36,90
48,155,36,92
48,154,37,92
50,155,36,88
50,155,36,89
50,157,36,86
51,158,36,89
51,159,36,84
53,158,37,91
53,159,36,88
52,157,37,90
54,158,37,89
54,159,38,93
55,160,37,92
56,162,37,92
57,163,36,92
58,163,36,89
59,162,37,90
60,161,37,89
58,162,37,91
60,162,37,91
61,163,36,88
60,164,36,91
60,165,37,89
62,166,36,90
60,166,36,91
61,166,37,91
60,167,37,90
59,167,39,97
61,166,39,98
60,167,39,100
62,168,38,98
62,169,38,99
63,168,39,100
64,168,38,100
66,167,41,103
65,168,41,102
66,168,41,103
67,169,42,102
66,169,42,103
68,171,42,102
69,171,42,103
70,171,43,104
71,170,42,104
71,170,42,105
73,170,43,105
73,171,43,106
76,171,42,106
76,173,42,106
76,173,43,107
79,173,41,106
79,172,42,108
81,173,40,109
84,173,39,108
84,171,40,110
87,171,39,108
92,172,38,103
91,173,39,108
95,172,39,107
91,175,41,107
96,175,40,106
97,173,40,105
96,176,39,106
100,174,37,109
99,171,38,116
100,176,40,111
102,177,38,111
106,181,37,107
107,181,35,108
109,182,37,110
110,180,39,111
113,181,40,109
115,181,39,112
117,181,40,113
119,183,39,112
120,183,40,113
122,185,41,114
125,185,39,112
125,185,39,112
128,184,39,116
129,183,38,114
131,184,38,114
135,186,37,114
135,187,37,113
136,188,38,115
138,188,38,114
142,190,37,116
141,188,42,118
143,189,42,116
147,189,42,121
146,188,43,115
150,189,43,111
151,191,43,115
153,193,43,106
153,193,43,88
155,193,43,83
154,192,42,85
159,192,45,101
162,192,45,92
161,193,50,117
163,194,43,86
166,196,47,95
171,197,46,118
171,197,44,90
175,197,45,104
177,198,50,121
176,197,49,123
179,197,49,123
183,199,48,125
182,201,47,122
185,203,44,117
189,205,38,107
191,203,42,121
193,204,42,126
196,203,42,123
200,204,42,123
201,205,41,121
203,208,43,124
208,209,46,123
210,208,42,122
214,208,46,126
218,209,45,127
221,210,43,127
223,212,42,125
225,211,45,127
225,215,44,123
229,213,45,129
233,214,48,134
234,213,47,130
235,213,50,129
240,216,47,127
242,216,46,128
246,218,45,126
249,220,44,126
251,221,45,126
256,221,45,128
261,220,46,130
265,220,46,132
268,223,46,134
269,223,46,128
273,227,45,130
276,227,46,128
279,227,45,132
283,227,49,133
286,228,45,131
292,226,47,134
295,230,49,133
297,231,45,132
300,233,48,132
306,232,49,132
311,232,48,139
312,234,48,133
317,233,54,144
319,234,52,137
324,236,52,138
325,238,51,136
329,239,52,135
333,240,52,132
332,240,54,139
338,240,48,139
338,243,51,142
343,245,49,142
351,250,59,155
351,252,61,166
356,256,60,160
361,256,64,159
363,258,64,156
365,259,63,146
366,262,60,142
373,265,56,140
378,265,53,140
382,266,52,147
383,270,54,150
382,274,56,147
381,274,58,148
382,275,57,147
381,275,57,149
381,275,54,149
381,273,53,152
382,273,52,151
383,275,51,149
387,276,49,150
393,276,46,150
394,277,47,150
396,277,48,148
397,277,51,149
394,278,54,149
391,277,61,150
389,278,65,153
392,278,70,153
393,278,70,155
398,278,71,155
399,278,72,155
403,279,69,154
409,279,67,154
409,280,68,154
414,279,68,154
418,280,68,154
424,278,66,154
429,278,64,153
428,278,64,154
427,277,66,153
424,277,68,154
421,279,70,153
416,278,74,154
414,276,76,156
416,275,76,153
418,275,73,152
426,273,70,154
427,273,69,154
426,271,68,155
425,272,69,154
425,271,68,154
426,271,67,153
428,271,67,155
435,272,59,152
441,273,48,151
448,276,45,143
446,275,46,137
446,276,49,137
443,275,52,137
444,273,51,140
440,272,55,143
438,271,56,143
438,271,53,142
438,269,52,143
436,268,51,149
432,266,52,151
424,268,60,151
417,268,64,150
415,268,65,152
412,267,68,152
410,265,70,153
401,264,76,150
383,260,84,153
384,262,78,155
388,263,67,152
397,263,59,151
393,261,60,151
394,261,62,151
392,260,63,148
395,258,58,144
395,258,58,145
392,256,60,148
388,256,65,147
379,255,74,146
375,253,77,149
372,252,81,150
367,249,78,146
353,250,80,144
348,247,83,143
346,249,79,146
348,248,74,144
348,247,72,144
347,246,76,147
348,245,76,147
348,243,74,145
347,240,73,147
346,238,70,143
346,239,66,141
344,238,68,143
344,241,67,141
344,243,65,137
343,244,63,136
340,241,63,139
337,240,59,134
336,238,56,130
335,237,54,129
332,235,52,135
334,234,50,136
332,235,51,136
331,235,50,135
329,235,50,135
329,235,49,134
327,235,48,130
327,235,49,129
324,233,49,132
322,232,48,131
322,230,46,131
318,227,49,124
314,225,51,125
312,225,51,125
307,226,54,132
302,227,56,132
301,227,56,132
300,227,57,131
298,227,57,130
294,226,58,131
294,225,57,131
295,222,53,125
294,220,53,126
297,219,52,127
294,218,54,129
294,219,55,130
294,219,54,130
294,219,52,126
292,218,53,128
286,217,55,129
287,216,53,130
284,214,48,126
280,210,49,125
276,209,50,125
272,209,53,125
271,208,53,128
271,208,50,123
270,207,50,123
268,208,52,124
266,205,52,123
264,205,54,123
262,204,53,122
261,204,54,123
262,205,54,122
262,206,53,120
260,204,54,122
258,204,54,120
257,200,50,119
255,198,48,120
253,198,47,122
252,198,45,121
251,199,45,119
240,192,47,108
246,191,44,113
245,193,45,116
243,193,43,115
242,192,41,110
246,192,41,105
246,189,41,108
247,188,41,115
244,188,43,116
241,187,43,112
236,188,48,114
235,188,49,114
235,187,48,112
239,186,43,110
239,186,42,110
238,184,40,108
237,186,38,103
238,185,35,99
238,187,35,99
238,188,34,101
239,187,34,99
240,184,36,101
239,183,38,104
237,181,38,103
234,181,44,107
224,181,51,106
215,182,56,102
211,181,60,108
210,179,59,106
208,178,56,105
209,177,54,107
208,177,53,107
207,176,50,105
206,176,49,107
207,176,43,107
208,178,40,102
205,177,38,103
207,176,38,99
205,175,37,90
202,174,37,92
196,175,38,93
194,173,39,93
191,175,39,93
184,174,40,89
181,173,42,95
179,171,43,92
174,170,41,91
168,169,39,84
163,168,41,91
157,169,43,96
140,168,41,83
138,166,36,89
132,168,38,88
127,168,37,79
126,168,38,80
123,164,38,82
117,164,38,92
110,165,40,106
105,165,45,103
103,164,44,104
100,164,41,102
95,164,45,104
90,163,47,104
83,163,50,104
80,161,53,104
80,161,53,106
82,159,48,106
86,161,39,96
85,159,39,100
84,160,40,97
79,160,43,100
73,160,49,103
67,159,53,103
61,157,59,103
58,157,61,102
61,157,55,103
60,156,55,103
66,156,47,100
65,158,46,100
63,158,45,98
68,158,40,97
68,156,41,96
67,157,42,97
64,155,45,97
61,155,46,97
59,153,46,97
57,151,45,98
55,151,46,98
54,152,48,98
52,152,48,97
52,153,48,97
48,150,50,97
51,150,45,94
55,149,39,95
58,149,36,93
58,150,35,90
57,150,36,91
55,149,36,93
51,148,38,93
49,147,39,90
46,148,41,90
44,147,41,92
41,146,44,93
38,147,43,93
39,145,38,91
39,144,37,90
40,145,35,89
40,145,35,88
39,146,34,88
38,146,34,87
35,145,36,88
33,145,37,88
30,144,38,89
28,143,38,89
26,142,39,89
24,142,39,90
24,141,39,89
22,142,40,89
21,143,40,89
20,144,40,88
20,143,40,89
19,142,40,87
18,141,39,86
19,140,38,86
18,141,37,85
21,141,34,86
20,142,31,82
18,143,29,81
17,141,27,83
16,140,28,80
15,141,29,83
15,140,30,83
12,140,32,79
10,142,35,79
7,141,39,82
5,140,36,85
4,140,36,84
4,139,36,85
4,139,37,87
3,140,37,87
6,139,37,83
7,140,36,86
8,140,38,87
9,139,38,86
10,140,39,85
11,142,37,85
13,140,37,82
13,139,36,85
12,140,36,85
12,142,35,82
13,142,35,82
13,142,35,82
12,142,35,81
14,142,35,80
13,143,36,81
14,142,34,81
15,142,35,81
15,143,34,81
22,143,33,81
26,143,34,83
26,142,36,84
26,144,35,85
27,143,36,82
27,145,36,85
27,145,35,82
28,145,36,83
28,145,36,83
28,145,36,83
29,145,35,81
28,145,35,81
29,145,36,81
29,145,35,82
28,145,36,83
29,146,35,82
30,146,34,81
32,146,35,80
32,147,36,81
34,146,36,82
35,147,36,81
35,147,36,81
36,147,37,80
37,146,36,81
37,148,37,77
36,147,38,78
38,148,37,78
36,147,38,78
36,148,38,79
37,147,38,79
38,149,35,77
39,149,34,76
39,150,34,81
44,149,31,78
42,150,33,82
43,152,34,81
43,150,35,85
43,151,36,86
43,151,38,88
43,150,38,89
44,151,39,90
43,155,39,91
45,154,38,86
44,154,38,86
44,153,37,88
46,154,37,88
46,154,36,87
47,155,36,91
47,155,35,89
48,156,35,89
49,157,34,87
49,157,35,87
51,160,35,85
50,157,36,89
52,158,36,87
50,158,38,93
50,159,39,93
51,160,40,94
50,161,40,93
50,160,40,94
50,160,39,91
51,161,38,90
51,161,38,88
50,160,38,91
53,162,36,86
53,161,37,95
53,162,37,94
55,162,36,92
58,162,35,91
57,161,36,89
58,163,38,91
57,164,39,91
58,163,40,97
57,164,41,94
59,167,41,92
60,165,40,94
60,165,40,96
61,166,39,94
62,165,39,95
63,166,38,95
63,165,40,100
65,166,39,100
67,167,39,101
68,167,40,99
69,168,40,102
72,168,40,96
77,168,37,93
79,168,38,94
81,167,39,98
82,168,41,100
83,168,41,100
84,169,42,97
86,170,42,101
85,170,42,101
86,171,42,100
89,171,42,99
87,171,44,102
90,170,44,101
91,169,45,101
91,169,44,107
93,170,44,107
93,170,44,107
94,171,44,106
94,172,44,106
97,171,42,102
97,172,44,105
97,173,43,104
99,171,44,104
98,172,44,105
98,171,46,106
98,173,47,106
98,174,48,107
98,174,48,107
97,176,48,106
95,176,47,106
97,175,47,106
95,176,48,107
94,175,48,107
94,175,48,107
92,176,51,109
93,175,49,110
92,177,48,109
92,177,47,108
94,178,44,107
94,179,43,106
95,179,42,105
97,181,43,103
97,179,42,106
98,180,43,106
98,180,43,105
98,179,43,107
98,180,43,106
98,181,42,106
98,183,42,106
97,184,42,108
95,185,42,106
94,184,43,109
93,182,44,110
92,184,45,109
92,183,45,109
91,185,44,109
92,185,45,110
91,185,44,111
93,186,43,108
94,184,42,111
95,186,43,111
96,185,42,109
97,186,42,108
97,187,43,109
