0.023291
0.049870
0.041657
0.099567
0.044324
0.038852
0.071660
0.060477
0.055770
0.049897
0.022979
0.022051
0.094051
0.044968
0.050468
0.100056
0.062664
0.026905
0.068150
0.045790
0.021365
0.026262
0.068916
0.033329
0.062335
0.063592
0.045676
0.085927
0.025774
0.044863
0.042096
0.018733
0.070546
0.033895
0.043405
0.023387
0.018262
0.032094
0.019805
0.023950
0.067816
0.079671
0.063899
0.028091
0.020941
0.022590
0.062057
0.041598
0.021310
0.036555
0.089468
0.046851
0.020597
0.026848
0.018979
0.046619
0.041648
0.032771
0.072719
0.022046
0.019280
0.019655
0.026301
0.018222
0.034310
0.071651
0.032029
0.019126
0.054790
0.020324
0.052179
0.055894
0.030106
0.103851
0.049293
0.031035
0.099660
0.072478
0.021297
0.082640
0.059167
0.036631
0.069935
0.046423
0.037472
0.021380
0.062651
0.026769
0.037042
0.034345
0.029367
0.035429
0.034156
0.019430
0.018502
0.019009
0.025215
0.029071
0.025301
0.036530
0.069840
0.037730
0.021518
0.019886
0.021059
0.030446
0.068148
0.018891
0.046241
0.025662
0.041173
0.051233
0.023884
0.049866
0.071517
0.072526
0.021972
0.066360
0.069978
0.025847
0.020624
0.020064
0.019275
0.024983
0.067143
0.021961
0.042866
0.061402
0.027434
0.059350
0.062287
0.026277
0.036572
0.031702
0.061813
0.067486
0.063438
0.030744
0.030965
0.023930
0.024496
0.022563
0.038831
0.037743
0.056707
0.061670
0.044936
0.030517
0.028759
0.035223
0.024674
0.034151
0.054975
0.066575
0.024372
0.019908
0.024457
0.015910
0.020634
0.024213
0.066543
0.106285
0.072400
0.020922
0.021300
0.081789
0.020402
0.022163
0.023143
0.065830
0.020058
0.081977
0.033210
0.034915
0.020747
0.024161
0.020876
0.028290
0.031749
0.027841
0.036176
0.055251
0.026384
0.042581
0.039915
0.034432
0.020605
0.058339
0.091603
0.022749
0.055597
0.051943
0.016616
0.020989
0.019327
0.029492
0.023791
0.031019
0.060810
0.065314
0.030058
0.028818
0.075728
0.018554
0.023683
0.038884
0.023280
0.052103
0.044098
0.084640
0.075292
0.047355
0.079974
0.062784
0.042978
0.029816
0.069120
0.047695
0.023918
0.032097
0.022178
0.091678
0.033974
0.021822
0.020015
0.025833
0.040741
0.026550
0.025119
0.046248
0.076146
0.036838
0.023121
0.020568
0.018947
