110,96,24,46
108,95,25,49
109,95,25,48
110,97,25,48
112,97,25,49
113,97,25,49
113,98,26,50
115,99,26,50
116,100,26,51
116,101,26,51
117,100,26,51
117,102,27,51
118,102,27,52
118,102,27,52
119,103,27,52
119,103,27,52
120,104,27,53
122,105,27,53
123,106,27,53
125,107,28,54
127,109,28,54
127,109,28,54
128,109,29,55
129,110,29,55
131,110,30,55
131,110,29,56
132,111,29,56
134,113,30,56
136,114,30,57
136,115,30,57
137,115,29,57
138,117,30,58
139,117,30,58
140,119,30,58
140,119,32,57
141,119,32,57
140,120,31,54
141,121,32,57
143,123,31,52
141,124,32,57
141,125,32,59
142,126,32,59
142,126,33,61
142,128,33,62
142,129,32,62
144,129,33,63
143,130,32,63
143,131,33,64
143,132,33,64
143,133,33,65
142,133,34,65
142,134,35,65
141,135,35,66
140,138,36,66
140,139,35,66
140,139,35,67
138,142,38,67
135,144,37,69
134,145,38,69
131,149,38,69
129,148,39,70
126,150,39,73
125,151,40,73
121,153,40,74
116,155,40,74
112,156,41,76
110,158,41,75
104,160,41,77
101,161,41,77
99,162,42,78
95,163,42,79
92,166,43,79
89,168,42,80
85,169,42,81
78,173,44,83
74,175,44,84
70,178,44,84
66,178,45,87
63,179,46,86
58,185,46,85
51,188,47,88
41,196,49,87
32,203,50,85
27,199,50,92
