0.016457
0.084717
0.105432
0.059823
0.085244
0.055349
0.054750
0.073647
0.018954
0.038156
0.043134
0.076300
0.087490
0.105936
0.080271
0.026221
0.027788
0.024140
0.036485
0.025833
0.070469
0.067573
0.049800
0.101355
0.046461
0.052700
0.022350
0.025287
0.070639
0.051746
0.034469
0.109934
0.050389
0.040719
0.053197
0.106401
0.055955
0.079123
0.082723
0.044936
0.033364
0.070155
0.053814
0.020098
0.032855
0.034923
0.037291
0.110034
0.063143
0.055792
0.046441
0.072757
0.052220
0.029193
0.041610
0.047181
0.060314
0.059435
0.028883
0.053944
0.057532
0.027423
0.076050
0.090192
0.058255
0.057629
0.070133
0.044954
0.033535
0.064252
0.054633
0.092862
0.083073
0.028034
0.021862
0.041697
0.045544
0.094146
0.021697
0.025280
0.034567
0.030027
0.073999
0.070454
