0.014344
0.021284
0.082947
0.061071
0.033182
0.047251
0.099593
0.043569
0.060569
0.028698
0.074649
0.038412
0.035736
0.111845
0.085678
0.044054
0.051046
0.091119
0.044842
0.082007
0.037516
0.051650
0.046494
0.064137
0.054864
0.046439
0.029700
0.076274
0.055694
0.042193
0.025733
0.088199
0.055310
0.046459
0.030561
0.066909
0.076419
0.104523
0.053750
0.018213
0.020253
0.067463
0.058677
0.060871
0.113894
0.085935
0.050023
0.068916
0.031655
0.028357
0.050106
0.080637
0.063076
0.094209
0.058886
0.020475
0.048890
0.084606
0.055230
0.021978
0.101887
0.036070
0.050290
0.097803
0.057189
0.035191
0.023185
0.045801
0.078296
0.035974
0.086715
0.078801
0.061642
0.083140
0.039686
0.046192
0.022979
0.030994
0.062518
0.047216
0.048908
0.036295
0.060487
0.059252
0.073776
0.040517
0.040213
0.081922
0.058215
0.042596
0.072826
0.038626
0.038224
0.021577
0.076631
0.054440
0.048459
0.050015
0.063252
0.061462
0.041315
0.050210
0.060814
0.027434
0.034367
0.048782
0.046988
0.058143
0.077394
0.039208
0.047388
0.052745
0.078634
0.038137
0.066842
0.057912
0.062450
0.057494
0.023856
0.071363
0.094983
0.081630
0.090974
0.043655
0.045582
0.075919
0.047972
0.022724
0.086138
0.066995
0.048707
0.097920
0.043198
0.045379
0.051367
0.078938
0.038994
0.077348
0.036291
0.089070
0.077033
0.050797
0.067327
0.029483
0.051106
0.025760
0.070995
0.054367
0.045323
0.070336
0.071157
0.061458
0.032804
0.019561
0.069669
0.047900
0.038335
0.062556
0.024808
0.044698
0.028486
0.064128
0.040984
0.066342
0.124584
0.085008
0.096542
0.046334
0.059462
0.070008
0.029834
0.034682
0.053187
0.089081
0.090988
0.045440
0.051947
0.060019
0.051574
0.034759
0.025503
0.037887
0.084940
0.041664
0.044487
0.032437
0.060473
0.045461
0.045819
0.031353
0.068128
0.064050
0.080229
0.032045
0.021386
0.041656
0.042645
0.090909
0.101972
0.091511
0.060837
0.020768
0.056220
0.107449
0.034464
0.036830
0.029127
0.083981
0.039060
0.073217
0.056861
0.091499
0.034583
0.050037
0.044609
0.062548
0.037267
0.035528
0.027887
0.125172
0.037120
0.076372
0.081264
0.039138
0.066471
0.069276
0.028214
0.037528
0.037941
0.024872
0.107012
0.041404
0.045525
0.056853
0.097436
0.056051
0.079562
0.037088
