0.008974
0.054227
0.026639
0.020934
0.020136
0.017611
0.016293
0.015917
0.017097
0.016686
0.014754
0.018053
0.015340
0.017795
0.015956
0.016154
0.017877
0.015417
0.021181
0.019665
0.020316
0.016158
0.015137
0.015300
0.020020
0.014955
0.015176
0.015594
0.099853
0.062529
0.062027
0.068313
0.059320
0.045331
0.019118
0.057454
0.026140
0.028486
0.022407
0.070309
0.039223
0.028454
0.035612
0.021850
0.073651
0.034261
0.019871
0.021610
0.037345
0.064303
0.067554
0.055524
0.032884
0.021339
0.072185
0.071394
0.059368
0.027970
0.040401
0.028079
0.044308
0.021934
0.019470
0.018059
0.019411
0.026414
0.092140
0.038623
0.079411
0.037601
0.028053
0.040312
0.023932
0.018247
0.036766
0.016793
0.039772
0.019390
0.089219
0.059587
0.043690
0.066605
0.037754
0.020455
0.066080
0.018920
0.018439
0.063732
0.019850
0.015524
0.048277
0.023381
0.039540
0.038675
0.055334
0.059911
0.024112
0.018621
0.019311
0.019966
0.109787
0.028650
0.033970
0.019062
0.062843
0.038641
0.020124
0.020010
0.020292
0.017357
0.018257
0.019482
0.035760
0.034945
0.111540
0.042562
0.037859
0.021556
0.029876
0.023904
0.017579
0.024968
0.032036
0.023616
0.032268
0.112724
0.044023
0.027282
0.022021
0.018710
0.022559
0.029165
0.019392
0.020082
0.022753
0.031877
0.045662
0.067187
0.064113
0.017857
0.026821
0.019916
0.019464
0.018951
0.022233
0.028983
0.022869
0.050510
0.061402
0.043977
0.019446
0.016943
0.036529
0.029070
0.025582
0.080806
0.076474
0.021170
0.026757
0.019024
0.015361
0.017447
0.019372
0.051548
0.068105
0.037612
0.043024
0.060580
0.088240
0.050007
0.022767
0.019823
0.042035
0.023959
0.026558
0.026144
0.032367
0.019495
0.025960
0.077637
0.053666
0.053971
0.096346
0.041461
0.035183
0.030307
0.080028
0.073613
0.030260
0.022610
0.019287
0.020159
0.021789
0.093365
0.050713
0.023279
0.020297
0.038743
0.017416
0.067043
0.031903
0.017347
0.036514
0.019670
0.031136
0.045611
0.030662
0.020890
0.076630
0.063640
0.026716
0.044703
0.042679
0.038889
0.069528
0.022488
0.051968
0.030180
0.047154
0.066876
0.041172
0.031744
0.026162
0.062202
0.036066
0.036131
0.055261
0.019653
0.018044
0.017910
0.022516
0.023514
0.048754
0.098126
0.066921
0.048030
0.052369
0.055726
0.025894
0.019804
0.017662
0.020458
0.024674
0.027703
0.027950
0.035335
0.023197
0.062567
0.031685
0.022099
0.021518
0.015366
0.025478
0.016671
0.024945
0.026080
0.033392
0.069673
0.079821
0.046063
0.021175
0.067732
0.034127
0.020077
0.026286
0.053549
0.040475
0.035096
0.054385
0.027320
0.067177
0.029576
0.027098
0.062970
0.021437
0.033833
0.033960
0.075260
0.076244
0.026882
0.031177
0.020938
0.079475
0.031632
0.020846
0.021190
0.023174
0.023224
0.042553
0.028740
0.021890
0.080194
0.050254
0.020062
0.019413
0.017448
0.051773
0.023897
0.023798
0.065287
0.035930
0.020854
0.027615
0.024488
0.027304
0.049073
0.024860
0.074121
0.065975
0.029613
0.028798
0.056424
0.019305
0.017849
0.018054
0.019344
0.029520
0.078545
0.056415
0.080564
0.080966
0.063278
0.024225
0.016764
0.027968
0.026154
0.057851
0.031417
0.036487
0.022793
0.058761
0.020770
0.017220
0.035075
0.088282
0.049232
0.025865
0.038049
0.032207
0.067501
0.045670
0.044326
0.074509
0.070644
0.046236
0.052667
0.030221
0.059022
0.038533
0.032834
0.055834
0.070291
0.024305
0.037211
0.116962
0.064884
0.060264
0.047812
0.075599
0.030676
0.039683
0.024113
0.029013
0.071019
0.070956
0.021860
0.102467
0.065304
0.087225
0.036206
0.062891
0.030169
0.070220
0.045815
0.052018
0.082119
0.070062
0.033120
0.049823
0.071904
0.049998
0.046152
0.096599
0.041697
0.024699
0.041014
0.085483
0.074629
0.026040
0.075007
0.071309
0.049696
0.054311
0.070920
0.046928
0.042480
0.028965
0.120377
0.022618
0.131616
0.075034
0.028223
0.020407
0.041757
0.089441
0.029331
0.030128
0.046420
0.056309
0.074285
0.046733
0.060608
0.073852
0.078771
0.057211
0.053840
0.025367
0.071906
0.115138
0.081351
0.056770
0.070633
0.040235
0.031338
0.052477
0.075960
0.035785
0.015201
0.079897
0.076465
0.045221
0.100754
0.027859
0.062146
0.101151
0.031928
0.039792
0.022620
0.061965
0.060322
0.086339
0.043048
0.026501
0.106270
0.046577
0.054794
0.020665
0.066008
0.029910
0.046481
0.096298
0.083976
0.055524
0.092067
0.021753
0.021133
0.048244
0.060248
0.071416
0.073353
0.053436
0.047029
0.019286
0.079988
0.068161
0.056270
0.071026
0.072847
0.032096
0.082936
0.033011
0.062287
0.045803
0.064245
0.048052
0.062638
0.085724
0.048145
0.064631
0.064458
0.058289
0.041198
0.052204
0.067640
0.039521
0.079758
0.046849
0.085670
0.075935
0.053881
0.029094
0.022744
0.062601
0.049512
0.062210
0.081712
0.021692
0.030895
0.022015
0.055242
0.076293
0.041423
0.043124
0.080523
0.056739
0.026371
0.037987
0.027958
0.020599
0.058527
0.036868
0.037807
0.094783
0.073134
0.075296
0.091447
0.050813
0.042742
0.055443
0.042450
0.038571
0.067146
0.106776
0.051147
0.055978
0.071905
0.063240
0.029780
0.040035
0.024740
0.061485
0.027071
0.065971
0.037003
0.102893
0.052991
0.035871
0.020875
0.089405
0.043756
0.027510
0.080528
0.072212
0.038538
0.065240
0.070787
0.062109
0.066461
0.025007
0.032946
0.089275
0.023277
0.056326
0.064705
0.060307
0.089028
0.064073
0.063690
0.033334
0.026593
0.029906
0.046446
0.086388
0.073714
0.077714
0.048421
0.096261
0.050774
0.042498
0.052530
0.048107
0.025873
0.036199
0.041984
0.056594
0.047534
0.030185
0.028330
0.046308
0.070942
0.051263
0.070398
0.084968
0.043975
0.033744
0.059856
0.063925
0.029140
0.042805
0.095483
0.055737
0.044986
0.019089
0.028058
0.035614
0.029674
0.044482
0.025917
0.036307
0.032237
0.021201
0.023487
0.125049
0.053333
0.071424
0.075344
0.051042
0.040313
0.023694
0.025879
0.048448
0.073297
0.089194
0.078839
0.069139
0.027303
0.078512
0.032868
0.045054
0.036209
0.035320
0.075919
0.064398
0.061211
0.076305
0.028751
0.053587
0.044354
0.034679
0.024374
0.035449
0.027172
0.058023
0.074678
0.075138
0.055556
0.024051
0.024772
0.028354
0.080072
0.032161
0.017529
0.017841
0.026135
0.020878
0.053545
0.083676
0.060792
0.058965
0.054218
0.056057
0.054727
0.057165
0.050745
0.051332
0.028665
0.048188
0.043661
0.104811
0.083158
0.056704
0.089530
0.068908
0.031530
0.046407
0.078103
0.032248
0.071768
0.084694
0.076114
0.076890
0.065421
0.045427
0.021169
0.021304
0.036625
0.081627
0.039069
0.020307
0.037533
0.042157
0.092356
0.065723
0.023824
0.089193
0.077970
0.037069
0.031776
0.028601
0.038799
0.089958
0.019049
0.024126
0.092125
0.084533
0.052697
0.068442
0.020759
0.023048
0.078190
0.023728
0.023512
0.046673
0.063395
0.044386
0.044331
0.093459
0.097734
0.053964
0.025475
0.042255
0.068959
0.070395
0.023677
0.041834
0.100912
0.062251
0.025793
0.050971
0.081312
0.089159
0.060705
0.051839
0.083760
0.065983
0.055631
0.058759
0.055589
0.049975
0.061837
0.083243
0.047320
0.052814
0.039942
0.076166
0.050372
0.030443
0.052124
0.061008
0.083872
0.066315
0.066159
0.024557
0.023412
0.022871
0.020875
0.061638
0.053586
0.073355
0.089083
0.067373
0.039990
0.053867
0.048088
0.026608
0.043401
0.035655
0.036277
0.045785
0.060668
0.054615
0.053355
0.090878
0.034342
0.028540
0.024188
0.039881
0.028982
0.073456
0.045666
0.051687
0.061316
0.049201
0.056012
0.056330
0.105253
0.039007
0.037486
0.117370
0.066315
0.053057
0.020266
0.073368
0.031111
0.021478
0.035004
0.024632
0.047730
0.084985
0.075547
0.087765
0.059586
0.102810
0.062803
0.055170
0.019582
0.064991
0.042403
0.034280
0.016284
0.041266
0.073742
0.054657
0.048325
0.032384
0.045515
0.046667
0.068788
0.082440
0.069599
0.031228
0.057336
0.038202
0.028542
0.032380
0.018737
0.101322
0.049825
0.051728
0.043273
0.097727
0.029773
0.018492
0.050571
0.065618
0.053163
0.044853
0.034740
0.034283
0.082918
0.065632
0.036541
0.035075
0.040537
0.085512
0.075928
0.048516
0.055835
0.085010
0.031698
0.025946
0.028672
0.105027
0.070323
0.060071
0.071419
0.062762
0.056515
0.056728
0.067463
0.074322
0.025982
0.020911
0.029191
0.070813
0.094449
0.059400
0.045219
0.023408
0.024626
0.051990
0.020467
0.020237
0.036588
0.021208
0.037678
0.072579
0.056198
0.058508
0.025870
0.049845
0.061466
0.027992
0.023926
0.018640
0.032361
0.028001
0.112056
0.062829
0.109435
0.055480
0.019001
0.022559
0.018505
0.027131
0.038349
0.073631
0.018229
0.058946
0.057910
0.029583
0.023343
0.057128
0.097046
0.059473
0.020774
0.027785
0.050255
0.030601
0.019568
0.029216
0.022352
0.037200
0.067857
0.056710
0.026802
0.091393
0.053468
0.037201
0.074786
0.056416
0.065370
0.022010
0.062784
0.023024
0.036206
0.085667
0.094697
0.019065
0.019698
0.019176
0.017209
0.015500
0.018465
0.025512
0.019534
0.063956
0.066423
0.063472
0.032250
0.024900
0.081265
0.050936
0.024156
0.024526
0.022632
0.026072
0.034999
0.046190
0.018751
0.019352
0.063036
0.049276
0.039166
0.067324
0.039288
0.066094
0.033951
0.022077
0.037998
0.019498
0.017399
0.016843
0.023158
0.018373
0.034929
0.061664
0.076404
0.093593
0.054831
0.031037
0.058403
0.040703
0.020386
0.017896
0.021288
0.034606
0.032311
0.020494
0.032499
0.044760
0.077636
0.062697
0.044692
0.022241
0.056674
0.019204
0.017849
0.025778
0.023604
0.017144
0.031133
0.016886
0.096608
0.100438
0.039867
0.039083
0.079542
0.027538
0.028464
0.060944
0.063555
0.026092
0.068158
0.026500
0.021300
0.020166
0.025451
0.077569
0.055751
0.074502
