182,295,39,98
183,290,38,107
185,287,38,106
186,287,39,108
191,287,37,106
197,287,35,103
194,286,37,103
197,286,40,104
196,286,39,103
199,282,42,106
201,282,42,106
204,282,42,107
210,281,42,110
224,281,37,107
222,282,39,104
225,281,39,105
223,280,40,106
227,280,39,104
227,280,41,103
234,279,39,104
234,279,39,105
238,278,39,106
242,279,38,104
244,279,37,102
246,278,38,102
247,277,40,103
243,277,41,102
252,277,39,103
253,277,39,103
255,277,40,102
261,275,39,104
261,275,39,103
270,275,38,102
268,274,38,103
273,274,38,100
273,274,38,101
274,275,38,100
278,274,38,101
284,273,36,100
286,272,36,99
285,271,37,99
291,271,36,99
294,271,37,98
288,274,39,95
299,271,37,98
296,272,39,96
301,270,36,98
304,270,36,98
303,270,38,97
312,270,35,98
311,269,35,96
317,270,34,96
317,270,37,95
320,272,37,94
322,272,36,93
324,271,37,95
327,270,36,95
331,266,36,96
332,266,37,97
337,265,37,96
329,265,39,96
338,265,37,96
338,265,38,96
340,264,38,96
330,264,40,96
342,262,37,97
348,262,37,96
349,262,37,96
350,262,37,96
352,263,39,94
350,263,39,93
357,263,37,95
358,262,36,94
357,263,37,95
365,261,35,96
364,262,37,93
366,260,37,94
364,258,38,94
370,258,38,96
368,259,39,95
369,257,39,97
369,258,39,96
370,257,41,97
376,256,39,96
372,256,39,95
385,256,36,96
385,256,35,96
388,257,36,94
389,258,36,93
392,258,35,92
392,258,35,90
390,259,37,91
399,258,35,92
399,256,38,92
401,254,36,94
403,254,37,93
403,254,36,92
402,253,36,93
407,255,34,91
406,255,35,90
405,254,35,91
411,254,35,91
410,254,35,90
411,253,34,91
416,254,34,89
418,256,33,88
420,255,33,87
419,254,34,88
417,254,34,88
428,248,33,91
429,249,36,89
428,250,35,89
430,250,34,88
430,250,35,86
429,251,33,85
433,251,34,85
432,250,36,85
428,250,37,84
436,249,34,84
435,249,35,87
440,248,36,86
439,248,37,86
450,246,32,87
449,245,34,89
451,244,34,87
449,244,35,88
454,242,33,87
438,242,36,88
455,242,32,87
464,243,32,85
462,243,32,84
462,243,34,85
465,243,32,85
465,243,32,85
467,242,32,84
467,242,34,84
468,241,33,86
467,240,34,88
468,240,33,87
469,239,34,87
465,241,34,84
471,241,32,81
471,241,32,82
471,240,32,83
471,240,31,83
474,240,32,81
476,238,32,84
475,237,33,85
475,237,34,86
477,236,32,86
480,235,32,86
479,236,31,84
479,236,32,84
479,234,32,88
480,234,32,86
481,236,30,83
480,236,32,83
481,236,31,83
480,236,31,84
482,236,32,83
482,235,31,83
482,235,32,83
483,235,31,83
483,235,31,81
485,234,31,81
484,234,31,83
485,234,30,82
485,234,31,84
488,234,29,82
487,233,30,82
486,232,31,82
487,231,31,82
487,230,31,83
486,231,31,83
486,231,31,84
484,230,31,82
488,228,30,81
488,228,29,81
489,227,30,82
489,228,30,82
488,227,30,83
489,227,29,80
489,226,30,83
489,225,29,82
488,224,30,84
488,226,29,80
488,226,29,82
488,228,28,79
488,227,29,81
487,227,28,77
487,228,29,77
486,227,30,77
486,225,29,78
487,224,30,80
486,223,29,81
486,223,30,80
487,223,29,80
486,224,29,79
485,223,30,80
484,224,30,80
487,221,29,79
487,222,29,81
486,221,29,81
486,221,30,82
486,222,29,81
486,222,29,80
487,220,30,83
486,220,29,81
486,218,30,85
486,220,29,81
486,221,30,79
484,219,29,79
484,218,29,80
484,217,31,81
486,215,30,81
484,217,29,80
488,217,29,78
488,219,28,78
488,217,30,79
488,217,30,80
489,216,30,80
489,215,30,80
488,215,30,81
490,215,29,80
489,215,30,80
491,216,29,79
490,216,28,79
491,216,28,78
492,215,28,77
491,215,28,77
491,215,29,77
492,214,28,78
493,214,28,77
492,214,28,76
493,213,27,75
493,212,27,75
494,213,27,74
493,212,28,76
495,211,27,76
494,210,28,75
494,210,28,75
495,209,28,75
494,207,28,76
493,207,28,76
494,208,27,77
494,208,26,75
495,209,27,76
494,210,27,73
493,210,27,73
493,209,27,74
493,209,27,73
493,208,27,72
492,207,27,75
493,206,27,74
493,206,27,75
492,206,27,75
493,205,27,75
493,206,26,74
492,207,27,74
493,206,27,74
492,206,27,74
494,205,27,72
492,206,27,72
492,205,27,74
491,205,28,73
491,204,27,73
491,204,27,73
492,204,27,73
491,205,27,72
492,205,26,72
491,203,27,73
491,202,27,73
490,202,27,72
490,201,27,72
490,199,27,76
491,199,27,74
491,199,27,75
491,200,27,74
490,201,27,73
490,201,27,72
490,200,27,72
489,199,26,72
489,198,27,73
489,198,27,73
489,198,27,73
488,199,27,72
488,200,25,71
487,200,27,71
486,200,26,71
485,199,26,70
486,199,27,69
484,198,27,72
484,198,28,71
487,197,28,72
484,200,28,70
485,198,28,71
485,198,26,71
484,199,26,69
486,198,26,69
484,197,27,71
484,197,27,70
484,196,26,70
483,196,27,71
485,197,26,70
484,197,26,70
483,197,26,72
480,198,26,67
484,198,25,66
483,197,25,69
483,196,25,68
484,196,26,68
484,196,26,70
485,196,25,68
486,196,26,68
485,196,25,69
484,196,25,68
486,196,25,67
486,195,25,68
486,195,25,67
486,195,25,67
486,194,27,69
486,194,26,69
487,194,25,67
486,194,26,68
486,194,25,68
485,194,27,70
485,192,26,67
486,192,26,69
486,192,26,68
486,192,27,67
485,192,26,68
488,192,25,67
488,191,26,68
487,192,26,68
487,192,25,67
489,192,25,67
489,192,25,66
491,191,25,66
490,191,26,66
489,190,26,68
489,190,26,68
490,190,25,68
490,190,25,69
490,190,26,68
488,190,27,67
488,189,26,67
490,189,26,67
491,190,26,66
490,189,25,66
492,189,26,66
490,189,26,65
490,189,25,65
491,189,25,66
491,188,25,66
491,189,25,65
491,190,25,65
490,189,25,66
488,188,25,65
486,188,26,66
487,187,25,65
490,187,26,64
484,187,28,65
490,187,26,65
490,186,26,66
489,186,26,66
489,186,25,65
487,186,26,65
488,186,25,65
486,187,26,65
489,186,26,65
486,186,26,66
486,186,26,64
477,186,28,66
481,185,27,66
489,184,26,67
487,185,24,65
489,186,26,65
488,185,25,66
487,185,25,65
490,185,24,64
488,185,25,66
489,185,24,65
489,186,23,65
489,185,25,65
488,184,24,65
486,185,24,65
486,184,23,64
487,184,23,64
486,184,24,65
486,183,23,63
486,185,22,60
486,184,22,61
485,183,23,63
485,183,22,61
483,183,24,63
485,182,22,64
485,183,24,64
484,183,23,63
484,183,23,61
483,183,24,63
485,183,22,60
484,182,23,64
484,183,22,59
484,182,23,61
483,182,22,60
482,182,23,62
482,181,21,60
482,181,21,58
482,180,22,60
482,180,22,61
481,180,23,61
481,180,22,58
481,180,22,61
479,180,22,60
479,180,22,60
478,180,23,60
478,180,22,59
477,179,23,60
476,179,22,63
479,179,22,60
476,179,23,61
475,178,22,59
475,178,23,62
467,179,27,60
474,179,24,59
470,179,25,61
469,179,23,59
471,179,23,59
469,179,23,59
473,178,21,58
469,178,24,60
470,179,22,58
469,178,22,61
470,178,22,59
469,179,22,59
468,179,22,59
469,179,23,58
467,178,23,61
466,176,23,59
466,175,23,60
465,175,24,60
463,175,24,61
463,176,24,62
464,176,23,60
464,176,22,60
462,176,23,63
459,176,23,60
458,175,22,61
462,175,22,61
460,175,23,62
460,175,23,62
457,175,24,62
459,175,23,61
459,175,23,62
457,176,23,61
457,174,23,62
456,174,24,64
455,173,24,66
455,173,24,65
455,173,23,69
454,173,24,66
453,172,25,71
450,172,25,73
448,173,27,69
451,171,25,73
449,173,25,64
450,170,23,65
450,171,23,63
449,171,24,70
450,171,24,68
449,171,24,73
448,172,26,72
448,172,25,67
447,172,26,69
449,172,25,69
447,171,25,69
447,170,26,74
448,168,25,75
447,170,26,72
446,168,26,70
447,169,26,75
446,168,28,74
444,168,27,79
444,168,29,76
443,168,29,77
444,168,27,75
445,167,27,79
444,168,28,82
445,168,26,71
445,168,26,74
444,168,26,75
443,169,26,75
443,170,27,81
445,168,28,81
442,168,27,85
443,167,30,85
440,168,30,87
441,166,31,89
442,166,29,89
439,165,31,80
443,164,28,83
444,166,28,85
445,164,26,73
445,166,25,72
444,166,25,78
443,163,27,91
442,161,28,77
441,162,27,86
438,164,29,90
444,162,25,70
441,163,26,78
443,162,25,88
442,162,27,75
441,166,27,71
442,163,26,86
442,161,28,78
440,162,30,86
440,159,33,91
440,159,31,76
439,159,32,74
440,161,32,72
440,162,30,70
441,163,32,92
437,161,34,79
438,162,31,85
438,160,32,92
440,160,32,97
437,159,34,69
441,157,28,79
440,164,29,62
445,163,25,56
447,163,24,55
445,162,24,55
446,162,23,55
446,163,23,51
448,163,23,51
447,162,22,51
446,162,22,49
447,161,22,50
448,161,22,49
447,162,20,52
447,162,22,51
447,161,22,52
448,162,21,53
446,162,22,52
447,162,22,51
446,161,22,54
446,162,23,50
446,160,23,54
446,160,21,51
446,160,21,53
446,161,22,52
445,161,21,54
447,159,21,52
446,160,21,53
446,160,20,51
447,161,21,52
448,161,21,53
446,161,20,53
449,161,21,51
447,161,22,52
446,160,21,53
448,160,21,53
447,159,21,55
447,160,21,55
448,160,21,54
450,160,21,55
448,160,21,55
449,159,20,53
450,159,19,54
449,158,21,53
450,158,20,53
450,158,20,53
451,158,20,53
450,158,21,53
452,158,21,53
450,158,21,54
454,159,20,54
452,159,21,53
454,158,19,54
453,158,20,53
452,158,20,55
452,158,21,54
453,159,20,53
453,159,20,53
454,158,20,53
453,158,20,53
454,157,20,51
453,156,21,54
453,156,21,54
453,157,21,53
454,158,20,52
453,158,20,53
455,158,19,53
456,158,20,52
455,157,20,52
456,156,20,52
455,156,21,53
456,156,20,54
455,156,21,53
455,157,20,53
457,156,20,52
456,157,21,53
457,157,20,51
456,157,20,53
455,156,20,51
456,156,19,50
458,155,20,52
457,155,20,53
457,155,21,52
456,156,20,52
456,156,20,51
457,156,20,51
459,156,19,52
458,156,20,51
458,155,20,52
458,154,20,51
457,154,21,52
457,153,21,52
459,154,20,52
458,154,21,52
459,153,20,53
459,154,20,52
459,155,20,52
459,155,19,51
459,155,20,51
458,154,19,52
459,154,20,52
459,155,19,51
459,155,19,50
459,155,19,50
459,155,19,51
459,155,19,51
461,153,19,51
460,154,19,51
460,153,19,51
460,154,19,51
460,153,20,49
460,153,20,51
461,152,19,50
462,151,20,51
462,152,19,48
463,153,19,50
463,153,19,49
465,152,17,48
464,152,19,49
464,151,19,49
463,151,19,50
463,151,19,50
464,151,19,49
464,151,19,50
464,152,19,50
464,152,18,49
464,151,19,49
464,151,19,48
464,151,19,49
463,151,20,49
464,153,18,48
466,153,18,46
465,153,18,46
466,152,18,46
465,153,18,48
465,152,18,47
466,151,17,48
465,151,18,48
466,151,19,48
466,150,20,50
466,150,20,48
465,150,21,50
465,151,20,48
465,150,19,48
467,150,19,48
467,149,19,48
466,148,21,51
465,147,22,50
469,151,19,48
468,150,19,48
468,148,19,48
469,148,19,50
468,148,20,50
468,147,19,49
467,147,20,50
467,146,20,50
466,147,20,50
467,147,20,49
467,148,20,50
467,148,20,50
468,147,19,49
468,147,18,49
469,147,19,50
469,147,18,47
469,147,19,49
469,147,18,48
470,147,18,48
469,147,18,51
471,147,17,49
470,148,18,50
471,147,18,50
472,147,18,49
473,146,18,50
472,147,18,48
472,148,18,49
473,148,18,48
474,148,18,48
473,148,18,47
474,148,18,47
473,148,18,48
474,148,17,48
475,149,17,47
475,149,17,45
474,150,16,45
476,148,17,46
477,148,17,44
477,148,17,46
478,148,18,47
474,148,19,48
479,148,17,45
478,147,19,48
479,148,17,46
479,147,18,49
480,146,18,49
479,146,19,49
481,146,18,49
480,147,17,48
480,148,17,48
480,148,17,46
479,148,18,49
481,147,17,46
480,147,17,48
480,146,18,49
482,146,17,48
481,145,18,48
481,145,18,50
483,145,17,46
481,145,18,47
481,145,17,48
483,144,17,48
482,143,18,51
484,145,17,48
483,144,18,50
485,145,17,47
483,145,18,49
483,145,18,48
484,144,17,47
484,145,18,49
485,144,17,49
484,143,18,51
485,144,17,48
485,145,18,49
485,144,18,50
487,145,18,50
486,144,17,50
485,144,17,52
485,145,16,48
474,145,20,47
489,144,16,50
487,144,18,51
486,144,17,53
486,144,17,52
489,144,16,48
488,144,17,47
487,144,17,48
485,144,16,47
490,143,16,47
487,142,17,49
474,141,20,49
488,139,19,52
478,141,23,51
476,140,23,50
473,141,23,50
488,141,18,50
485,141,19,49
475,141,22,50
487,140,19,49
476,140,24,51
485,136,20,54
478,140,22,51
478,137,26,56
482,191,27,50
481,142,24,50
485,142,21,50
485,143,19,45
484,142,20,47
481,141,21,47
488,140,19,49
482,141,20,48
485,141,20,45
480,141,20,47
482,141,21,47
489,142,18,48
488,142,18,47
480,141,20,46
488,142,20,48
487,141,18,48
487,141,18,48
489,140,16,47
487,141,18,47
487,141,17,47
479,138,22,51
475,134,25,54
480,137,23,49
475,136,24,51
489,137,20,54
487,137,20,52
487,138,19,49
489,138,19,50
479,134,24,54
476,131,26,57
478,134,28,58
468,189,29,56
465,187,28,63
464,185,32,65
462,185,33,67
483,129,28,60
481,127,28,61
484,130,28,62
482,129,27,61
483,126,26,64
480,129,27,62
482,131,26,57
480,132,29,62
466,188,26,60
486,138,24,54
485,131,23,55
486,132,26,58
478,128,28,60
483,131,28,60
464,186,28,58
463,186,27,62
463,185,28,64
462,184,29,63
463,186,29,62
461,184,29,62
462,186,28,61
462,183,27,60
463,183,28,60
462,185,28,61
463,183,27,61
461,184,27,61
464,184,28,61
461,186,27,58
464,184,27,60
460,185,27,59
463,182,29,61
461,183,27,61
460,182,31,62
456,181,33,62
399,142,26,49
402,146,23,43
403,146,21,42
406,145,20,40
405,146,20,41
406,145,21,42
407,144,20,43
410,143,20,43
409,144,20,44
411,145,19,41
411,145,19,41
412,146,18,38
413,144,19,41
413,144,20,42
412,143,20,43
415,142,20,48
413,139,22,51
416,137,22,59
414,139,25,59
415,141,25,54
