0.024292
0.059209
0.083282
0.037895
0.039586
0.071360
0.032016
0.040796
0.072375
0.068407
0.019743
0.054474
0.039872
0.024909
0.045707
0.032570
0.024002
0.097346
0.059208
0.049054
0.071931
0.068668
0.047597
0.032199
0.076311
0.040890
0.043702
0.093580
0.058692
0.038915
0.074116
0.061314
0.052452
0.034818
0.036374
0.067177
0.108962
0.101122
0.060327
0.051107
0.080170
0.035855
0.029056
0.020179
0.068029
0.024832
0.029430
0.048023
0.044906
0.097396
0.058097
0.069439
0.116235
0.061336
0.023596
0.039704
0.043296
0.061399
0.062346
0.086999
0.050030
0.019582
0.052941
0.055016
0.036826
0.074014
0.059812
0.024326
0.035644
0.074914
0.070699
0.037227
0.085643
0.037515
0.071934
0.076334
0.037745
0.041658
0.030304
0.064206
0.030693
0.036820
0.036428
0.095176
0.036691
0.023980
0.023901
0.040037
0.022414
0.050361
0.097241
0.084543
0.066237
0.066483
0.045546
0.033381
0.027859
0.067454
0.024227
0.034120
0.026739
0.040028
0.034113
0.123505
0.063037
0.073512
0.031582
0.075220
0.050802
0.033802
0.088784
0.045484
0.086906
0.103346
0.063303
0.047147
0.025012
0.039866
0.045190
0.036964
0.109137
0.038892
0.030330
0.023034
0.097757
0.093802
0.044826
0.046641
0.072945
0.072448
0.041316
0.088369
0.048821
0.062766
0.078379
0.054252
0.069878
0.067969
0.080243
0.054377
0.049153
0.069807
0.075022
0.044713
0.050768
0.063685
0.063622
0.062887
0.034082
0.078473
0.043789
0.028790
0.047889
0.056439
0.103655
0.104109
0.019548
0.019864
0.041902
0.067715
0.056696
0.028316
0.080458
0.084346
0.058285
0.047642
0.082751
0.065539
0.031701
0.101361
0.045760
0.044416
0.027272
0.093789
0.049460
0.021903
0.081834
0.022827
0.063229
0.044478
0.047038
0.079742
0.078274
0.028016
0.054618
0.086327
0.045524
0.022642
0.029864
0.045382
0.058810
0.080544
0.062319
0.042850
0.054153
0.073902
0.048919
0.042363
0.021257
0.039673
0.078204
0.047713
0.078837
0.076252
0.028618
0.064668
0.056894
0.023422
0.022239
0.065984
0.122550
0.058629
0.085735
0.055413
0.052800
0.083986
0.044952
0.028622
0.079289
0.039812
0.020188
0.061756
0.064132
0.097657
0.041360
0.057108
0.075840
0.064547
0.056739
0.045818
0.067800
0.042141
0.077174
0.026501
0.075557
0.086550
0.052653
0.045549
0.055876
0.103563
0.059080
0.067450
0.096979
0.045012
0.025068
0.034943
0.089248
0.048554
0.048604
0.071380
0.069887
0.067260
0.028877
0.027023
0.042715
0.086297
0.041932
0.074639
0.074943
0.066886
0.085654
0.072275
0.021688
0.038188
0.098865
0.062330
0.025306
0.068696
0.056603
0.035471
0.020138
0.045972
0.092850
0.056380
0.036712
0.029161
0.031950
0.030042
0.065966
0.054979
0.036626
0.050019
0.055125
0.044473
0.022057
0.017887
0.022462
0.032182
0.023918
0.034577
0.018695
0.094796
0.048314
0.023772
0.022236
0.020620
0.017964
0.017307
0.058040
0.028611
0.020751
0.032335
0.022795
0.049458
0.043932
0.037143
0.031046
0.075071
0.028872
0.025636
0.030286
0.031759
0.037055
0.026533
0.027721
0.061311
0.038938
0.021807
0.068043
0.021393
0.020411
0.054687
0.033067
0.026818
0.039222
0.022237
0.020353
0.020875
0.027260
0.020323
0.106184
0.064988
0.041919
0.067032
0.073136
0.058984
0.078192
0.029090
0.038671
0.047950
0.020833
0.058878
0.032603
0.019870
0.087482
0.036185
0.035534
0.079905
0.069708
0.025482
0.072834
0.054518
0.084788
0.026480
0.026712
0.050926
0.021136
0.028881
0.032832
0.027332
0.046103
0.035604
0.029033
0.099181
0.055125
0.042457
0.027440
0.074909
0.025867
0.056372
0.037169
0.020079
0.020413
0.024346
0.026787
0.019441
0.023488
0.041942
0.083147
0.041600
0.020748
0.027551
0.042832
0.043676
0.036802
0.078800
0.072076
0.025724
0.028286
0.067332
0.026177
0.068446
0.028339
0.077945
0.036114
0.055028
0.023694
0.024395
0.021205
0.026260
0.057356
0.036730
0.072234
0.052576
0.020019
0.040643
0.023076
0.021486
0.018583
0.030931
0.049867
0.051587
0.022327
0.054380
0.024626
0.103969
0.026128
0.025249
0.038225
0.042156
0.032029
0.086998
0.029106
0.019006
0.067051
0.084565
0.049894
0.032770
0.023084
0.038161
0.019637
0.053924
0.055864
0.020452
0.046729
0.054157
0.041146
0.034558
0.071761
0.040735
0.022889
0.072495
0.065076
0.028947
0.022847
0.026018
0.024121
0.017745
0.022097
0.027224
0.074613
0.083036
0.072417
0.043919
0.034402
0.072209
0.042083
0.018375
0.020882
0.017917
0.029975
0.052750
0.018655
0.040348
0.062832
0.048796
0.044030
0.022496
0.037100
0.043772
0.063197
0.026883
0.065960
0.027391
0.051378
0.033855
0.083838
0.095030
0.047284
0.026487
0.055512
0.068840
0.023750
0.022282
0.051325
0.045090
0.038998
0.041270
0.029896
0.039537
0.035380
0.076619
0.082415
0.025179
0.021935
0.022253
0.018748
0.034652
0.035015
0.035421
0.032182
0.025756
0.044864
0.047752
0.035619
0.024147
0.041108
0.056079
0.036307
0.031881
0.031688
0.021822
0.068568
0.048563
0.077673
0.021413
0.021092
0.025316
0.020868
0.039071
0.027049
0.047648
0.079166
0.055242
0.063998
0.114436
0.032775
0.018831
0.022314
0.024970
0.026914
0.040628
0.060162
0.052320
0.032853
0.028718
0.033171
0.035377
0.073901
0.042441
0.034917
0.026968
0.020628
0.037136
0.021578
0.040151
0.070675
0.034865
0.059610
0.042428
0.059387
0.099371
0.020703
0.018628
0.017928
0.018433
0.023685
0.029770
0.023411
0.033217
0.028743
0.068387
0.065009
0.036717
0.016467
0.015759
0.017787
0.023853
0.019560
0.043740
0.026513
0.072797
0.093915
0.052452
0.018257
0.021881
0.038260
0.025036
0.041933
0.021580
0.067294
0.021572
0.022040
0.020229
0.018912
0.018269
0.018664
0.062625
0.026749
0.048146
0.066917
0.058634
0.031598
0.021423
0.039858
0.047876
0.032383
0.019522
0.067783
0.044883
0.078501
0.047800
0.022318
0.037018
0.044361
0.032627
0.067949
0.036983
0.017149
0.097612
0.088229
0.071203
0.035312
0.021324
0.054488
0.021942
0.018703
0.024707
0.021473
0.022388
0.037675
0.031536
0.084367
0.099270
0.089074
0.040069
0.033002
0.024886
0.016867
0.016623
0.017304
0.025332
0.051380
0.034158
0.022690
0.080902
0.093433
0.084652
0.072289
0.057011
0.106364
0.022524
0.031914
0.033905
0.026429
0.019104
0.055912
0.020339
0.023650
0.065374
0.054501
0.101176
0.127494
0.055027
0.025172
0.025383
0.069906
0.026731
0.016550
0.018966
0.027061
0.021927
0.032606
0.026836
0.048522
0.018809
0.057586
0.060346
0.023718
0.021759
0.028965
0.027858
0.025855
0.059154
0.079299
0.026484
0.018681
0.020783
0.023026
0.039084
0.084647
0.045519
0.051029
0.080043
