0.002329
0.020859
0.029048
0.089474
0.023534
0.052347
0.020992
0.016913
0.017496
0.035693
0.050825
0.027195
0.053087
0.056196
0.018288
0.025737
0.033562
0.075960
0.042207
0.025316
0.019755
0.019557
0.017712
0.058353
0.061943
0.037297
0.061269
0.051249
0.024423
0.023322
0.020675
0.022444
0.022409
0.026500
0.042867
0.037772
0.024689
0.074211
0.066809
0.058295
0.044492
0.080976
0.028271
0.033564
0.018418
0.048145
0.040747
0.065947
0.056647
0.025872
0.020026
0.021755
0.020795
0.018517
0.026322
0.023173
0.098493
0.053097
0.056978
0.020468
0.019190
0.064991
0.044556
0.020659
0.087270
0.030096
0.069158
0.027810
0.045707
0.022084
0.020860
0.021544
0.019902
0.023889
0.102411
0.053271
0.023217
0.019104
0.015098
0.028924
0.020432
0.028316
0.047257
0.037133
0.071554
0.095600
0.071438
0.059756
0.072384
0.056037
0.085731
0.029800
0.040378
0.041289
0.094889
0.059585
0.045686
0.057147
0.091986
0.062769
0.045573
0.026043
0.080901
0.032086
0.098796
0.095335
0.048905
0.023911
0.065866
0.087318
0.030170
0.035243
0.034769
0.039720
0.063857
0.027981
0.017705
0.015712
0.021985
0.063542
0.038339
0.089521
0.064251
0.093180
0.022179
0.045332
0.020111
0.071148
0.037495
0.021623
0.045908
0.077171
0.040056
0.034533
0.047430
0.055911
0.052735
0.024109
0.106082
0.042056
0.091570
0.075058
0.054398
0.040436
0.043009
0.090966
0.080148
0.055028
0.058332
0.033458
0.092183
0.078694
0.034365
0.033859
0.044054
0.041619
0.067757
0.036040
0.036960
0.029125
0.080098
