0.002377
0.057933
0.069041
0.038528
0.033958
0.024067
0.048807
0.020125
0.052605
0.068721
0.042774
0.028173
0.021189
0.051403
0.043387
0.026317
0.042992
0.018960
0.066823
0.036146
0.093833
0.033591
0.030111
0.026647
0.036318
0.051976
0.071976
0.021814
0.018567
0.019898
0.018199
0.019481
0.019912
0.072951
0.106978
0.060895
0.035377
0.026604
0.061975
0.022575
0.018020
0.031892
0.025492
0.022891
0.032750
0.066685
0.084904
0.023115
0.022264
0.016959
0.017227
0.020922
0.048468
0.047247
0.046448
0.023604
0.017951
0.061090
0.018623
0.057854
0.065039
0.026372
0.027739
0.026514
0.032305
0.026890
0.034748
0.017728
0.097820
0.022637
0.018792
0.020670
0.027586
0.041019
0.050122
0.034955
0.030660
0.073134
0.018701
0.019122
0.020859
0.024975
0.022233
0.017242
0.026005
0.019157
0.047385
0.034929
0.042374
0.092771
0.046443
0.029983
0.023343
0.024140
0.034065
0.029866
0.018586
0.033163
0.025178
0.053402
0.044319
0.022433
0.025054
0.025130
0.035972
0.034397
0.021990
0.043414
0.018937
0.036472
0.023265
0.019526
0.018236
0.019448
0.024190
0.019396
0.022799
0.019988
0.033048
0.016359
0.048100
0.024592
0.019500
0.019727
0.027401
0.020080
0.023658
0.022926
0.019301
0.035021
0.030604
0.029012
0.016366
0.015439
0.015833
0.016001
0.019248
0.016294
0.016116
0.016123
0.016062
0.015840
0.020493
0.017183
0.019497
0.019123
0.017610
0.016242
0.016419
0.016623
0.016892
0.016293
0.016047
0.015941
0.016546
0.018455
0.017352
0.015881
0.015921
0.016361
0.016315
0.015302
0.017848
0.016445
0.016552
0.016807
0.015920
0.019572
0.019361
0.016983
0.017723
0.016516
0.015795
0.015667
0.015648
0.015694
0.015776
0.015676
0.015838
0.015762
0.018350
0.018382
0.019989
0.017648
0.016956
0.018628
0.018743
0.020247
0.017130
0.018540
0.020755
0.016203
0.016152
0.016373
0.016125
0.016323
0.015881
0.016155
0.016300
0.015533
0.017174
0.016449
0.017459
0.021535
0.021921
0.016586
0.015674
0.015592
0.015958
0.015861
0.015546
0.018987
0.015978
0.015894
0.018108
0.017801
0.016129
0.016024
0.016131
0.015346
0.016164
0.017409
0.024680
0.017135
0.015399
0.016123
0.016160
0.017208
0.017147
0.015798
0.018290
0.015897
0.016515
0.015433
0.022201
0.020104
0.019551
0.015966
0.017074
0.015543
0.016160
0.016973
0.016418
0.016096
0.015472
0.015707
0.015777
0.015714
0.016246
0.016669
0.015961
0.019023
0.015760
0.019011
0.018316
0.016209
0.019760
0.016727
0.017786
0.020640
0.015543
0.015739
0.017940
0.015545
0.015795
0.015342
0.017045
0.026249
0.016018
0.022541
0.020923
0.021883
0.017740
0.017232
0.015783
0.015609
0.015601
0.015947
0.015636
0.016081
0.020167
0.020052
0.019256
0.015628
0.021203
0.016492
0.016490
0.015831
0.015695
0.016768
0.016015
0.015873
0.015977
0.019797
0.018541
0.020250
0.021215
0.017703
0.015735
0.015166
0.018730
0.015201
0.015332
0.015667
0.015279
0.017060
0.016150
0.020496
0.027323
0.020983
0.014930
0.016100
0.016070
0.015069
0.015347
0.015821
0.015753
0.015417
0.015159
0.015465
0.028185
0.017453
0.015764
0.015337
0.015420
0.015638
0.017563
0.015711
0.017305
0.018126
0.015828
0.015541
0.015663
0.015706
0.016620
0.024092
0.015287
0.015544
0.015615
0.015742
0.015716
0.015875
0.015722
0.017289
0.014907
0.014712
0.015378
0.015472
0.015141
0.023788
0.018695
0.015138
0.015222
0.015269
0.017464
0.015915
0.016120
0.016176
0.015315
0.014953
0.014918
0.015826
0.015441
0.015708
0.015658
0.016402
0.018120
0.015337
0.015221
0.015037
0.022275
0.016819
0.016680
0.015632
0.014792
0.015019
0.015025
0.017020
0.015629
0.015708
0.016189
0.015262
0.015448
0.016943
0.015497
0.015788
0.018560
0.019699
0.015213
0.016103
0.015237
0.015186
0.016527
0.015583
0.015852
0.015547
0.018615
0.025667
0.015702
0.015801
0.016602
0.013784
0.018587
0.015296
0.015164
0.016850
0.016237
0.015800
0.015361
0.017192
0.019630
0.017359
0.024600
0.015026
0.015261
0.015887
0.015513
0.015671
0.015463
0.015656
0.015449
0.015246
0.016705
0.015734
0.019336
0.015481
0.019205
0.016675
0.016942
0.016401
0.019238
0.015814
0.022886
0.017620
0.015603
0.015118
0.015226
0.015908
0.015035
0.015177
0.016315
0.046221
0.097998
0.059265
0.056514
0.070755
0.025854
0.049145
0.039930
0.032270
0.031252
0.066571
0.030596
0.045369
0.052186
0.016185
0.079175
0.048965
0.103973
0.042703
0.020767
0.067641
0.050888
0.025428
0.017425
0.018162
0.017777
0.016839
0.024749
0.072746
0.059190
0.076064
0.039108
0.089427
0.033367
0.020829
0.031926
0.027662
0.020010
0.061558
0.063285
0.062389
0.046110
0.024455
0.023567
0.019171
0.015665
0.024763
0.052259
0.038530
0.032809
0.054332
0.027890
0.085782
0.027578
0.025751
0.019169
0.026135
0.025004
0.033870
0.025981
0.019802
