0.003791
0.031505
0.051228
0.034975
0.069092
0.064811
0.051660
0.038246
0.085633
0.055357
0.028772
0.049449
0.069388
0.056051
0.033882
0.071074
0.092516
0.037621
0.042619
0.042652
0.034168
0.031044
0.035159
0.023472
0.016057
0.077740
0.070255
0.079376
0.061535
0.068976
0.022223
0.032359
0.087558
0.041005
0.025142
0.018624
0.032335
0.035422
0.060125
0.029515
0.026128
0.030084
0.048776
0.057191
0.088026
0.059397
0.055719
0.077351
0.085809
0.067343
0.022679
0.023154
0.030576
0.056761
0.081307
0.033708
0.023637
0.024208
0.092884
0.049982
0.047371
0.059123
0.069469
0.057219
0.028336
0.018822
0.085192
0.023874
0.017200
0.031667
0.097723
0.085279
0.033248
0.086430
0.046244
0.019813
0.029661
0.020984
0.028749
0.073896
0.080390
0.030881
0.070898
0.079027
0.034955
0.047777
0.018610
0.050422
0.075025
0.057910
0.026061
0.042747
0.095485
0.061973
0.104425
0.055080
0.076887
0.055378
0.044078
0.022800
0.037078
0.048209
0.061486
0.080895
0.025106
0.022128
0.057098
0.073141
0.036501
0.038148
0.079966
0.022906
0.065191
0.052218
0.081059
0.090353
0.076647
0.046038
0.033482
0.052957
0.104249
0.052335
0.074484
0.027218
0.025744
0.038988
0.038386
0.107445
0.070700
0.021147
0.018696
0.023851
0.020767
0.067136
0.030468
0.042329
0.032451
0.055797
0.071766
0.068495
0.064786
0.069064
0.033652
0.105478
0.051821
0.034611
0.055092
0.029930
0.135829
0.040328
0.062585
0.098796
0.048386
0.059441
0.057637
0.059148
0.041668
0.052471
0.022429
0.087478
0.072585
0.046095
0.056188
0.076506
0.030967
0.036141
0.044404
0.082660
0.075718
0.047142
0.069397
0.072298
0.053892
0.081722
0.048536
0.032008
0.110236
0.056407
0.040951
0.102583
0.066649
0.052980
0.028066
0.028464
0.035496
0.032528
0.041733
0.077672
0.034433
0.023103
0.020783
0.016841
0.030381
0.043739
0.047959
0.024838
0.052067
0.067904
0.022536
0.016143
0.019635
0.017080
0.025642
0.030551
0.071169
0.052169
0.069510
0.029253
0.021629
0.074479
0.022988
0.033497
0.020329
0.062243
0.053308
0.043515
0.020654
0.020648
0.025414
0.036580
0.019053
0.018943
0.034792
0.030947
0.022232
0.096484
0.044243
0.027838
0.021260
0.019781
0.020956
0.018149
0.028974
0.102245
0.042923
0.071167
0.099761
0.058557
0.028484
0.035150
0.058772
0.024612
0.019769
0.025375
0.052577
0.043010
0.058294
0.036909
0.029375
0.087375
0.025553
0.024838
0.025880
0.034436
0.017919
0.037027
0.097620
0.048028
0.027312
0.018665
0.023559
0.056860
0.078081
0.025362
0.062138
0.018502
0.032253
0.018832
0.042898
0.019843
0.067585
0.029742
0.031379
0.048684
0.023535
0.047356
0.018646
0.025569
0.024168
0.084726
0.025980
0.023478
0.031195
0.025695
0.099974
0.054564
0.050751
0.066166
0.022294
0.020355
0.058912
0.040492
0.030027
0.047660
0.068185
0.081880
0.021892
0.018171
0.020486
0.024166
0.022888
0.031280
0.023150
0.031873
0.019471
0.080132
0.034680
0.056636
0.035557
0.044853
0.045919
0.047963
0.043414
0.060001
0.021656
0.019730
0.021998
0.017933
0.021737
0.078297
0.024060
0.060343
0.037496
0.021321
0.020215
0.018600
0.063359
0.032134
0.068923
0.066984
0.067781
0.031689
0.103863
0.037773
0.020532
0.022810
0.024489
0.020953
0.030963
0.054546
0.064099
0.026965
0.021877
0.032416
0.022917
0.017927
0.023054
0.035222
0.021743
0.091039
0.056194
0.081079
0.053162
0.070861
0.023966
0.040197
0.018765
0.078205
0.023302
0.031581
0.027751
0.017849
0.025990
0.023990
0.026061
0.100823
0.075411
0.049591
0.024469
0.058240
0.021102
0.024122
0.017617
0.024516
0.024318
0.019579
0.023908
0.035009
0.029746
0.056808
0.053580
0.023580
0.033396
0.017131
0.018357
0.026247
0.025226
