0.033099
0.077764
0.061125
0.065489
0.070138
0.059658
0.053261
0.045588
0.085958
0.052126
0.066065
0.077610
0.052677
0.031001
0.056159
0.073946
0.035536
0.027381
0.049047
0.034402
0.051721
0.062705
0.060301
0.078758
0.048131
0.039897
0.029938
0.079720
0.038332
0.034013
0.018714
0.047446
0.037160
0.019216
0.026381
0.029974
0.093240
0.070754
0.053289
0.055305
0.043683
0.061423
0.024135
0.020643
0.028090
0.033987
0.052260
0.025997
0.068061
0.063051
0.023957
0.022095
0.021056
0.024517
0.024389
0.038451
0.017616
0.034611
0.044676
0.076281
0.021408
0.020668
0.019147
0.059547
0.040677
0.075350
0.082542
0.044986
0.025337
0.031779
0.025102
0.020801
0.026649
0.052914
0.069642
0.032299
0.019483
0.019661
0.017660
0.059653
0.047063
0.052670
0.052679
