545,332,35,62
541,327,30,69
529,325,32,69
517,324,31,70
507,324,31,67
494,322,33,71
488,325,33,66
475,323,33,66
468,322,32,69
456,317,34,71
447,318,33,74
442,319,35,72
430,320,37,73
419,322,34,73
408,321,34,68
400,322,37,92
399,321,38,86
393,313,38,83
385,313,35,77
368,311,35,71
360,313,35,73
357,311,34,69
346,309,33,72
339,312,31,69
330,311,34,70
310,310,39,71
311,308,37,76
297,306,37,76
291,305,34,76
274,303,38,76
265,303,38,78
252,303,37,74
246,304,38,71
249,303,36,74
248,302,38,73
240,306,42,86
240,300,39,80
239,227,39,70
245,213,38,79
254,207,35,86
254,206,34,86
256,205,37,87
257,203,39,91
261,204,43,91
264,208,39,82
270,205,42,87
269,197,45,88
275,196,41,86
283,190,38,85
291,187,36,87
298,186,36,86
301,189,37,80
303,183,38,80
297,179,40,80
297,176,37,81
303,174,42,76
305,170,49,79
313,194,47,50
321,150,41,83
330,152,42,86
331,155,38,79
345,162,31,69
343,147,35,77
342,149,35,74
340,153,41,62
349,147,33,65
352,120,35,80
350,136,38,69
354,129,41,72
358,116,44,81
350,115,51,77
350,99,46,89
354,102,43,81
358,96,37,80
372,81,44,89
371,71,48,96
368,93,43,73
374,74,44,86
374,99,52,58
372,79,35,74
379,89,42,62
388,83,39,62
383,62,44,80
409,84,34,54
416,66,32,66
405,49,40,79
419,45,48,77
449,45,39,80
415,44,38,70
411,61,35,55
422,42,46,71
430,70,59,61
430,70,33,49
429,48,36,66
452,50,30,70
451,46,32,67
454,49,30,68
458,52,29,64
455,50,30,66
451,55,33,63
454,43,34,71
458,38,32,74
458,37,33,73
460,40,35,72
458,46,36,69
465,45,32,79
462,46,35,80
487,52,32,77
483,51,30,75
477,58,28,70
489,56,31,78
493,56,30,76
492,65,34,77
492,67,33,79
505,76,33,78
502,76,30,80
520,82,28,72
527,86,28,75
520,85,31,82
519,93,29,77
525,96,28,73
538,104,28,76
530,109,29,74
529,115,32,75
551,119,28,76
539,121,28,77
543,122,29,78
548,128,30,76
546,133,32,77
555,140,32,74
548,144,40,74
575,146,27,74
581,147,27,70
577,145,32,75
569,145,32,78
572,144,32,79
575,144,34,79
577,145,27,76
581,145,29,77
580,146,31,76
583,145,32,78
588,146,31,72
593,145,30,77
603,145,25,84
605,141,23,82
606,143,23,75
600,148,27,75
610,144,19,77
606,142,21,79
602,149,27,71
603,159,26,61
566,110,31,59
510,110,31,62
496,139,43,68
470,143,43,70
507,127,59,70
482,123,64,89
469,110,91,75
486,113,87,99
493,131,65,86
434,123,61,88
509,127,55,87
516,120,68,89
531,104,80,81
521,112,71,94
498,122,68,87
523,115,78,93
549,129,76,86
507,107,90,91
394,122,65,79
397,113,65,93
408,125,41,80
409,122,48,79
431,95,80,75
420,110,48,85
435,130,40,75
442,133,35,67
434,118,55,75
445,113,39,83
470,100,67,77
463,127,43,83
473,135,33,69
443,96,58,83
478,119,48,85
478,93,58,77
482,104,59,85
488,97,60,99
490,119,54,95
488,96,61,101
507,106,48,86
500,124,49,81
518,118,51,77
523,130,46,82
533,114,52,80
544,105,51,92
526,71,76,90
565,110,49,92
550,85,63,96
552,109,63,83
523,66,83,117
384,121,107,124
300,205,47,118
235,184,37,88
235,183,36,90
245,185,34,89
243,176,35,91
216,174,41,93
257,178,37,86
260,174,36,94
264,180,35,91
269,181,37,91
271,181,39,90
278,182,38,88
281,180,39,90
283,179,39,90
292,179,36,88
295,178,33,86
295,179,37,89
303,178,35,88
308,177,34,90
314,178,36,88
313,178,35,89
319,176,36,88
323,177,35,86
326,177,37,86
336,178,37,86
339,176,36,88
342,175,35,85
350,177,36,87
353,175,37,88
353,174,39,88
350,175,42,86
358,175,37,84
369,176,38,84
372,176,39,85
369,173,38,85
381,175,33,85
382,172,37,85
392,172,34,84
394,173,35,86
398,173,34,86
375,167,37,82
378,166,35,83
379,167,38,83
408,175,34,83
407,174,33,83
404,170,34,84
404,170,32,82
402,169,32,85
400,169,32,85
398,167,34,83
385,163,31,66
396,170,31,79
394,170,32,84
382,168,36,84
366,165,30,74
368,165,28,56
389,175,27,55
371,173,33,62
383,186,30,84
384,188,31,82
369,184,34,60
384,195,28,63
384,197,27,60
357,197,31,80
357,201,31,60
376,207,27,47
356,207,31,47
369,210,30,50
372,219,29,81
371,222,30,53
371,228,29,69
369,229,30,71
368,236,31,77
365,240,28,51
364,239,27,53
360,244,29,54
337,245,33,47
357,254,32,60
356,253,32,58
352,252,33,50
355,253,29,50
350,250,31,51
342,248,31,50
350,252,32,58
343,253,34,71
347,252,34,60
345,254,30,63
342,254,34,82
339,252,34,62
339,252,33,78
335,250,35,60
339,251,31,58
336,251,31,58
335,251,31,63
334,251,30,65
332,251,30,66
331,253,28,63
327,252,30,51
321,253,34,75
322,252,36,79
323,252,33,74
323,249,32,74
322,252,30,65
291,245,33,55
321,252,29,66
320,249,32,56
319,248,33,78
325,250,31,74
330,247,30,75
336,248,31,72
341,249,31,74
344,248,32,75
343,248,32,72
339,247,34,77
340,245,33,64
338,244,28,67
336,245,32,75
337,246,31,73
337,246,32,54
337,246,30,64
336,245,31,66
328,244,32,67
333,245,31,67
331,244,40,78
316,239,50,98
326,242,40,89
328,247,42,92
303,241,34,75
311,244,39,77
319,247,38,75
322,244,34,73
301,241,35,69
325,245,27,70
324,245,30,70
323,244,31,73
297,244,34,74
299,243,33,67
299,242,34,52
317,244,32,68
316,242,30,69
313,242,33,70
313,246,33,78
311,243,34,66
312,242,33,77
311,241,32,77
284,244,38,89
304,245,35,77
303,240,36,92
262,249,52,86
267,250,43,94
252,264,51,86
299,282,56,72
294,258,41,87
271,247,44,91
284,263,56,92
285,244,43,97
284,250,44,99
289,241,40,60
292,269,37,68
286,272,52,94
282,262,53,83
286,243,49,92
306,275,46,80
305,275,48,83
299,270,50,80
299,262,73,92
306,269,95,96
394,251,73,96
403,253,38,101
439,257,35,86
404,255,35,90
402,257,35,82
429,255,39,86
398,255,34,82
397,254,35,73
382,303,45,83
438,249,38,91
434,257,41,81
431,254,69,84
414,264,81,103
385,283,89,114
288,240,73,109
241,198,48,89
251,209,40,77
317,221,35,73
316,226,40,84
324,221,41,63
330,224,36,68
340,232,31,62
346,231,32,69
346,215,34,62
347,228,33,60
350,224,31,55
351,227,35,68
354,226,33,58
353,229,32,60
348,226,40,71
345,227,39,68
345,228,37,67
342,230,35,66
343,226,34,73
340,226,33,73
344,228,32,67
342,228,32,56
337,227,33,63
342,227,33,55
324,226,36,80
341,229,35,66
340,230,35,66
342,225,34,55
339,224,33,63
339,223,35,58
339,228,33,60
335,226,30,66
336,225,32,52
344,226,33,57
335,223,32,51
330,225,30,58
337,219,28,52
331,224,27,53
328,221,36,71
335,222,39,63
322,218,42,74
325,218,42,77
324,222,37,65
317,223,40,56
320,220,32,56
319,221,28,64
323,221,28,52
321,223,27,54
318,220,28,65
323,238,43,64
318,214,32,66
321,231,45,63
317,221,36,66
323,218,30,73
316,219,30,53
322,229,36,62
330,237,43,76
313,224,43,79
316,225,39,74
316,224,35,64
312,223,47,77
313,234,50,82
318,231,52,80
260,220,45,98
263,219,45,71
269,215,37,60
249,273,32,55
248,271,32,60
248,275,33,66
246,274,32,57
250,274,31,57
250,272,33,55
248,270,34,58
263,213,38,64
258,212,37,72
265,213,32,58
287,212,31,67
270,218,34,69
270,217,49,78
250,219,41,95
257,213,36,72
262,216,47,76
256,214,35,68
252,214,40,71
281,218,31,64
290,212,45,66
285,218,52,74
247,216,41,107
259,211,37,73
248,209,35,61
250,211,34,53
244,213,36,58
254,210,33,55
258,210,38,57
249,209,37,65
271,208,35,52
242,211,40,74
262,211,48,82
265,214,35,66
268,216,30,63
269,213,33,66
244,215,44,73
243,209,29,62
264,218,35,67
266,214,29,66
266,216,30,66
266,211,41,70
250,264,42,63
237,204,36,79
238,209,30,68
236,207,34,73
238,215,30,64
262,213,29,64
261,208,31,59
259,215,31,70
257,211,29,67
229,210,31,58
228,208,28,50
229,210,29,66
227,207,28,65
256,214,27,62
253,215,29,62
223,208,31,64
225,204,28,54
229,204,27,52
