0.022714
0.058682
0.065540
0.019974
0.023013
0.020003
0.059150
0.029624
0.035410
0.024220
0.066864
0.040988
0.052146
0.057330
0.054596
0.032004
0.026628
0.031544
0.053409
0.019742
0.095503
0.084729
0.022174
0.017995
0.022111
0.018156
0.018560
0.020773
0.015458
0.017045
0.038579
0.024602
0.017729
0.083681
0.105885
0.048378
0.024796
0.022672
0.036708
0.049731
0.035736
0.026620
0.039053
0.023213
0.036800
0.078270
0.075322
0.042732
0.036121
0.024495
0.072428
0.019154
0.034799
0.021335
0.084671
0.023719
0.020308
0.018045
0.022971
0.025939
0.070909
0.042166
0.022846
0.070840
0.019803
0.049496
0.049274
0.026757
0.017707
0.055305
0.033866
0.033470
0.019940
0.051942
0.059353
0.104326
0.061982
0.058254
0.035071
0.080486
0.035673
0.035529
0.027056
0.086031
0.095403
0.054365
0.078778
0.029185
0.065412
0.017611
0.021951
0.024680
0.023001
0.020006
0.037248
0.027142
0.051090
0.061411
0.049505
0.020627
0.019808
0.021068
0.019293
0.020627
0.069149
0.037188
0.027971
0.020408
0.052790
0.019804
0.044181
0.088759
0.019348
0.071804
0.039052
0.076096
0.020807
0.029757
0.032284
0.017115
0.023569
0.034400
0.031494
0.033252
0.025839
0.022737
0.043579
0.079288
0.019456
0.055541
0.031237
0.021394
0.019098
0.021449
0.020240
0.025349
0.067141
0.035636
0.021297
0.109249
0.066395
0.045483
0.025958
0.035647
0.019560
0.061401
0.030054
0.021670
0.034440
0.021184
0.034008
0.020500
0.072417
0.046520
0.039420
0.082636
0.042256
0.023865
0.025059
0.029984
0.018121
0.030017
0.052148
0.061510
0.018822
0.021647
0.021600
0.015966
0.024612
0.079786
0.066991
0.035089
0.018758
0.019180
0.016514
0.016135
0.112600
0.081490
0.020991
0.019153
0.017818
0.018611
0.020044
0.044067
0.034164
0.024662
0.065319
0.079623
0.021126
0.025617
0.018349
0.036476
0.053228
0.076638
0.038160
0.028334
0.079426
0.059520
0.021313
0.021198
0.023440
0.020808
0.031130
0.034160
0.068824
0.070877
0.030980
0.019522
0.021698
0.019747
0.027363
0.025721
0.026340
0.031979
0.025367
0.070169
0.041368
0.022844
0.027031
0.020151
0.018699
0.020152
0.025048
0.032118
0.034867
0.072616
0.024134
0.021173
0.057507
0.022034
0.016917
0.022290
0.018466
0.017296
0.017849
0.016864
0.068998
0.063500
0.042284
0.024346
0.090263
0.061589
0.033983
0.036005
0.018284
0.032351
0.059796
0.021583
0.021794
0.032800
0.051284
0.043678
0.026741
0.041441
0.091373
0.034453
0.020862
0.021893
0.023745
0.020923
0.024612
0.057055
0.077725
0.063298
0.026644
0.050012
0.019086
0.019486
0.021542
0.045267
0.052314
0.036387
0.023475
0.067924
0.051681
0.022798
0.019119
0.016777
0.018653
0.021479
0.017912
0.018512
0.018207
0.086900
0.052461
0.031334
0.060834
0.062888
0.034186
0.030714
0.029286
0.034960
0.018627
0.047662
0.058213
0.019982
0.015955
0.016334
0.016863
0.019184
0.030882
0.063012
0.038455
0.078375
0.080651
0.075322
0.024505
0.017490
0.030022
0.029154
0.065748
0.017529
0.022049
0.030328
0.021967
0.093419
0.054935
0.025193
0.017130
0.017555
0.018722
0.019787
0.041609
0.071154
0.028100
0.050124
0.059931
0.025418
0.066570
0.052172
0.099882
0.026862
0.033934
0.032665
0.031117
0.022193
0.023771
0.083155
0.077852
0.032926
0.019809
0.021051
0.035829
0.032523
0.081226
0.035480
0.022643
0.037114
0.025589
0.019553
0.021791
0.080371
0.063385
0.077737
0.033605
0.029322
0.067772
0.042125
0.078738
0.052032
0.020746
0.018668
0.016958
0.040085
0.017654
0.020144
0.020658
0.086104
0.020099
0.018009
0.079143
0.065419
0.057425
0.021186
0.041604
0.040411
0.067846
0.062634
0.107043
0.048080
0.081755
0.068060
0.077545
0.044804
0.026470
0.034872
0.062997
0.098948
0.123959
0.047944
0.036207
