0.042370
0.041659
0.069048
0.105235
0.055076
0.022472
0.069427
0.048647
0.093529
0.041035
0.022350
0.083366
0.096767
0.044493
0.066052
0.040770
0.059810
0.068914
0.050756
0.025908
0.028260
0.064953
0.076281
0.097129
0.078019
0.051932
0.059972
0.064006
0.033236
0.073193
0.048437
0.045933
0.076615
0.073265
0.044079
0.035877
0.020254
0.075693
0.047290
0.021247
0.035419
0.034991
0.078515
0.064076
0.019664
0.019981
0.058187
0.069185
0.056931
0.112431
0.054451
0.035350
0.046801
0.063713
0.036922
0.062400
0.081942
0.058561
0.046024
0.035137
0.045840
0.060448
0.040033
0.031421
0.024102
0.064046
0.034896
0.035946
0.056278
0.080430
0.051801
0.022813
0.068098
0.098591
0.046458
0.022760
0.045251
0.070775
0.047966
0.101619
0.035627
0.090523
0.053819
0.049517
0.077261
0.021297
0.021453
0.032989
0.097670
0.032077
0.070899
0.067277
0.076999
0.060143
0.063882
0.046910
0.111218
0.022974
0.034895
0.032389
0.088489
0.054963
0.022892
0.050039
0.057497
0.031907
0.019229
0.033258
0.046318
0.046414
0.019390
0.029146
0.021899
0.020978
0.018001
0.019887
0.017844
0.060860
0.029827
0.049811
0.027824
0.063208
0.021302
0.018940
0.060398
0.055224
0.034784
0.028777
0.024062
0.033297
0.020699
0.076974
0.053532
0.022027
0.022521
0.057451
0.023100
0.019402
0.022788
0.033223
0.019070
0.095596
0.041042
0.079269
0.062080
0.062362
0.093297
0.052996
0.034349
0.024293
0.064162
0.031257
0.022972
0.062524
0.022746
0.020726
0.082207
0.111659
0.102959
0.066516
0.078444
0.036903
0.019496
0.018763
0.033499
0.068518
0.024432
0.023802
0.032311
0.031042
0.100610
0.048543
0.084090
0.044246
0.027868
0.052827
0.047992
0.020414
0.024673
0.021775
0.022852
0.082453
0.078526
0.058759
0.041707
0.037158
0.023764
0.076771
0.033937
0.020839
0.027102
0.035869
0.021654
0.035219
0.020483
0.020308
0.070623
0.074483
0.086656
0.023742
0.055350
0.055129
0.069138
0.057173
0.028185
0.026105
0.061382
0.034181
0.020462
0.022542
0.020285
0.082002
0.033688
0.037830
0.072200
0.052075
0.038575
0.059541
0.022808
0.034091
0.036986
0.067123
0.053625
0.063184
0.075230
0.018362
0.058508
0.032907
0.072889
0.036268
0.035519
0.032660
0.048583
0.093810
0.061645
0.041297
0.055300
0.037578
0.070471
0.029758
0.068807
0.021704
0.025118
0.071404
0.024135
0.056934
0.021965
0.027872
0.035871
0.031797
0.020479
0.071835
0.018260
0.060220
0.022859
0.022123
0.053707
0.031351
0.031606
0.018996
0.021815
0.032289
0.060800
0.078161
0.022487
0.022178
0.030310
0.044852
0.033746
0.028439
0.076769
0.031067
0.077024
0.019822
0.016480
0.050962
0.051440
0.032220
0.083805
0.041733
0.023614
0.057689
0.030052
0.018433
0.017150
0.016957
0.018672
0.044822
0.105464
0.091863
0.052969
0.072381
0.045219
0.018492
0.028690
0.020671
0.024703
0.027104
0.019572
0.032996
0.126639
0.053803
0.079664
0.042848
0.043635
0.076465
0.028637
0.019119
0.027367
0.018099
0.020740
0.025848
0.044459
0.088118
0.040898
0.034792
0.024364
0.041713
0.021473
0.059780
0.048427
0.034268
0.023498
0.045598
0.020259
0.018201
0.018680
0.024492
0.030990
0.042255
0.059642
0.059786
0.077568
0.046516
0.021089
0.022606
0.048636
0.033348
0.033516
0.079808
0.042250
0.063768
0.029647
0.033015
0.054679
0.023142
0.025194
0.024611
0.027262
0.040479
0.048083
0.076635
0.030001
0.087986
0.038020
0.076897
0.026917
0.032364
0.022157
0.033398
0.021158
0.092945
0.026556
0.068485
0.024791
0.026634
0.019237
0.016514
0.020185
0.066723
0.031213
0.024164
0.064034
0.038145
0.035926
0.022608
0.027527
0.057483
0.100613
0.068277
0.033288
0.070954
0.018810
0.025422
0.022680
0.021702
0.021489
0.033724
0.017648
0.048213
0.073580
0.043466
0.022089
0.019198
0.018165
0.029245
0.017962
0.018412
0.026808
0.032316
0.019114
0.063470
0.046892
0.062189
0.031978
0.041740
0.089797
0.031372
0.043531
0.035748
0.043598
0.050554
0.025685
0.020687
0.018735
0.018652
0.017732
0.025998
0.056915
0.050680
0.111213
0.024513
0.029619
0.021263
0.022176
0.074144
0.034757
0.022046
0.086370
0.068119
0.030411
0.027281
0.070235
0.053651
0.038056
0.020082
0.059931
0.021456
0.016853
0.017495
0.020154
0.055716
0.074549
0.028443
0.056621
0.108299
0.046728
0.018506
0.023921
0.022082
0.030477
0.019848
0.031184
0.058486
0.061700
0.067622
0.050785
0.044139
0.031044
0.073453
0.027521
0.028215
0.028664
0.035214
0.022392
0.036835
0.018767
0.018642
0.017111
0.016958
0.044955
0.045873
0.042475
0.086237
0.042206
0.022414
0.056569
0.036439
0.062703
0.020392
0.061989
0.030204
0.026524
0.024582
0.031934
0.034468
0.017449
0.026020
0.023242
0.018608
0.026966
0.062035
0.063687
0.032826
0.020154
0.060778
0.020148
0.019588
0.017931
0.041734
0.018819
0.018852
0.016392
0.022185
0.047059
0.029536
0.072968
0.064286
0.045532
0.026651
0.019362
0.019113
0.083978
0.033874
0.018937
0.057160
0.024994
0.016690
0.041825
0.066598
0.022557
0.017756
0.062286
0.025949
0.032863
0.052039
0.085463
0.027239
0.020663
0.021651
0.023685
0.024502
0.087655
0.106870
0.037990
0.082947
0.042679
0.035693
0.066507
0.021969
0.028802
0.035320
0.072045
0.047073
0.079713
0.074902
0.047082
0.018280
0.018633
0.017874
0.020257
0.016985
0.016834
0.018771
0.017726
0.033544
0.027057
0.031132
0.102887
0.052586
0.064096
0.071336
0.022701
0.026652
0.018691
0.017831
0.054217
0.048028
0.030699
0.030999
0.018746
0.094646
0.037323
0.043958
0.070896
0.042022
0.030447
0.050961
0.030029
0.036159
0.049757
0.030811
0.049123
0.052930
0.022757
0.040648
0.073950
0.056445
0.023564
0.017986
0.020091
0.043923
0.046523
0.019204
0.052685
0.023309
0.057946
0.039727
0.040490
0.098935
0.019079
0.019128
0.017747
0.034322
0.032631
0.035136
0.056503
0.078912
0.031998
0.035852
0.021154
0.021314
0.025450
0.031747
0.035018
0.081123
0.106554
0.047724
0.080096
0.037499
0.026798
0.018917
0.017632
0.025005
0.017100
0.036376
0.067088
0.071023
0.033959
0.024400
0.019238
0.085756
0.099727
0.052251
0.052552
0.025721
0.052997
0.021728
0.018243
0.025748
0.024620
0.026349
0.017435
0.037442
0.022862
0.058330
0.094685
0.047119
0.061574
0.027894
0.023596
0.038239
0.022207
0.034324
0.023515
0.022007
0.043340
0.033832
0.025113
0.017151
0.017536
0.019394
0.017822
0.022283
0.070061
0.089287
0.068069
0.037061
0.070404
0.022887
0.077444
0.023849
0.071172
0.067707
0.029392
0.021325
0.074308
0.058485
0.021220
0.018333
0.045969
0.019239
0.020258
0.032501
0.024043
0.045355
0.067551
0.096721
0.085932
0.062010
0.052464
0.026447
0.082436
0.023875
0.038067
0.024677
0.056252
0.048954
0.111068
0.023930
0.018066
0.037333
0.019190
0.021133
0.018859
0.023211
0.074119
0.077876
0.034386
0.054168
0.062877
0.043777
0.045734
0.027656
0.038108
0.032452
0.017961
0.037303
0.019870
0.024804
0.020860
0.020148
0.018860
0.035935
0.049125
0.083038
0.092987
0.054327
0.079976
0.052444
0.035842
0.022465
0.024556
0.021238
0.081107
0.022400
0.043218
0.099658
0.025263
0.018335
0.020961
0.035660
0.058956
0.031430
0.032807
0.028184
0.037275
0.081253
0.037252
0.017655
0.016375
0.020218
0.016552
0.037147
0.034157
0.026579
0.051341
0.047635
0.096778
0.018789
0.023400
0.018613
0.025324
0.036894
0.040034
0.093820
0.053846
0.061243
0.023852
0.024036
0.085283
0.022430
0.018617
0.017890
0.027121
0.036463
0.026926
0.083557
0.062049
0.074927
0.032125
0.032348
0.028726
0.034850
0.019675
0.059147
0.021734
0.035939
0.028429
0.022639
0.072734
0.044126
0.073132
0.084696
0.065866
0.042537
0.076703
0.035892
0.030613
0.017791
0.019847
0.032791
0.025188
0.029782
0.019453
0.023802
0.054799
0.025359
0.094528
0.048861
0.042448
0.062473
0.044573
0.028177
0.021748
0.021991
0.021269
0.017158
0.023509
0.014801
0.014472
0.022357
0.030625
0.021717
0.031711
0.053792
0.061796
0.019725
0.021085
0.016251
0.032959
0.017541
0.017362
0.021455
0.021166
0.020030
0.015755
0.061796
0.017110
0.018104
0.016427
0.022152
0.016504
0.016499
0.018054
0.021849
0.024002
0.072677
0.036285
0.054787
0.032029
0.029831
0.049985
0.036600
0.026601
0.078017
0.068461
0.018611
0.023757
0.021059
0.051206
0.083162
0.105455
0.116747
0.062129
0.044454
0.027009
0.024077
0.028050
0.041783
0.033002
0.023325
0.034705
0.018458
0.023572
0.106603
0.021567
0.021837
0.042262
0.116249
0.046607
0.021094
0.025026
0.022979
0.023185
0.033889
0.068070
0.065697
0.047101
0.042001
0.020961
0.048806
0.027936
0.072943
0.035779
0.022588
0.034608
0.019946
0.036114
0.055837
0.076026
0.036812
0.033086
0.025882
0.044158
0.024284
0.035686
0.028486
0.038030
0.025258
0.069811
0.039073
0.028280
0.022506
0.016806
0.018466
0.022063
0.021643
0.034819
0.026327
0.076863
0.084449
0.066716
0.064225
0.079700
0.056470
0.073533
0.048149
0.039729
0.056133
0.083216
0.069546
0.040222
0.030143
0.043629
0.055065
0.040577
0.044657
0.078844
0.036618
0.077732
0.040866
0.080845
0.026170
0.037926
0.090047
0.077703
0.048810
0.054233
0.054349
0.084566
0.055654
0.041169
0.077389
0.043741
0.024313
0.020826
0.092936
0.048369
0.050995
0.054365
0.057986
0.037141
0.056774
0.037344
0.048099
0.027694
0.029197
0.039593
0.087455
0.027039
0.076147
0.080524
0.026367
0.042364
0.035282
0.124409
0.053363
0.082740
0.050616
0.064450
0.089156
0.027000
0.037097
0.025858
0.032552
0.024092
0.035334
0.024940
0.058196
0.045578
0.073073
0.072113
0.034746
0.042940
0.036010
0.051153
0.021931
0.027104
0.039461
0.063090
0.053385
0.028797
0.021514
0.068807
0.063203
0.035292
0.027328
0.032061
0.026801
0.080899
0.071376
0.030700
0.027467
0.087245
0.061268
0.044252
0.093571
0.037209
0.021323
0.080984
0.036457
0.021563
0.041932
0.046838
0.084800
0.064613
0.112092
0.070755
0.068507
0.027344
0.076425
0.027765
0.057166
0.095755
0.044823
0.098046
0.075214
0.022300
0.028657
0.040390
0.040614
0.058563
0.063326
0.087150
0.051296
0.044630
0.061634
0.046172
0.035066
0.042492
0.036368
0.060300
0.024477
0.047910
0.078344
0.088059
0.044601
0.052912
0.090940
0.053065
0.025487
0.057336
0.107104
0.064464
0.040670
0.071462
0.045056
0.072644
0.024186
0.023217
0.044902
0.088598
0.071287
0.047111
0.091169
0.056065
0.074594
0.085534
0.045952
0.046359
0.043736
0.026253
0.056213
0.069289
0.112078
0.045358
0.059460
0.071800
0.029153
0.080310
0.088041
0.035923
0.114699
0.075328
0.037695
0.092124
0.040329
0.018796
0.033507
0.054113
0.083246
0.056630
0.025985
0.021438
0.071696
0.056463
0.052663
0.028392
0.042282
0.074395
0.082360
0.054200
0.056725
0.021823
0.023391
0.079355
0.093506
0.063696
0.048407
0.036737
0.072431
0.075091
0.081058
0.025727
0.019008
0.065729
0.035776
0.139485
0.041031
0.067455
0.065339
0.018888
0.040690
0.026345
0.018658
0.117937
0.085760
0.070377
0.068995
0.050992
0.104841
0.047365
