176,226,127,78
128,221,184,83
120,219,187,87
119,220,190,84
119,221,187,83
121,221,186,83
119,219,186,84
117,221,187,83
125,220,182,85
128,220,178,84
116,220,186,84
133,222,173,84
117,222,185,84
124,222,180,84
121,222,183,82
122,222,180,83
130,222,173,81
114,221,186,82
133,222,166,83
111,220,187,84
134,221,165,83
109,220,187,85
128,222,168,83
118,222,178,82
124,219,173,85
133,221,162,82
110,221,185,82
116,221,181,83
123,220,174,83
127,221,167,82
118,221,177,81
133,220,160,83
103,219,189,84
123,221,169,81
105,220,187,83
116,221,177,82
119,220,174,83
124,221,169,82
112,219,180,83
111,221,180,81
100,220,191,84
122,221,169,82
124,220,167,82
108,219,182,83
106,220,183,82
111,221,181,82
101,219,189,84
123,220,168,83
117,220,174,83
117,221,173,82
118,220,173,82
121,221,171,82
119,220,172,83
126,222,165,81
99,219,191,83
123,219,168,83
112,218,178,84
107,220,183,82
110,220,182,82
105,220,185,83
110,221,181,82
98,219,191,84
111,218,182,85
111,220,180,83
110,220,180,82
100,220,190,83
122,219,169,83
119,220,172,81
116,220,173,81
108,221,182,81
100,219,190,84
116,219,176,84
119,220,172,82
118,221,173,81
114,221,176,82
102,220,188,83
121,221,170,81
118,220,172,82
120,221,170,81
108,220,182,82
105,219,186,83
106,220,186,82
107,220,185,82
108,220,185,82
104,220,188,83
117,220,177,82
116,220,177,82
115,221,179,82
116,221,178,81
110,219,185,82
108,220,190,84
117,221,181,82
118,222,181,81
113,220,187,82
110,220,190,81
118,219,188,84
111,220,193,83
120,220,188,82
110,220,198,83
115,218,197,84
105,219,206,83
114,219,205,83
115,219,203,84
116,219,204,83
118,218,208,85
120,217,209,85
121,218,209,84
127,217,210,85
126,215,212,87
130,217,214,85
133,217,212,85
136,217,214,85
140,217,214,84
146,217,212,85
145,215,215,86
153,216,212,85
151,216,216,85
160,217,211,85
161,216,214,87
167,215,212,86
172,215,212,86
177,216,212,86
179,215,214,87
182,215,214,85
186,215,213,85
190,215,212,86
195,216,211,84
197,215,212,85
202,216,212,85
206,215,213,85
210,214,210,85
212,215,208,84
217,215,207,83
219,215,205,84
224,214,202,84
224,214,201,84
232,215,195,83
234,215,194,83
235,215,193,83
239,215,187,83
242,215,185,81
244,215,181,82
247,214,178,82
251,214,175,83
253,214,172,81
256,214,169,82
257,213,167,82
260,213,165,82
261,213,164,81
262,213,163,81
264,213,160,81
266,212,159,81
268,213,157,80
268,212,158,80
269,212,156,80
269,212,157,80
270,212,154,80
270,213,156,80
270,212,156,81
270,212,156,80
270,212,154,80
270,212,155,80
270,213,155,80
270,212,158,79
270,212,155,80
271,212,155,80
270,212,155,80
270,212,153,81
270,212,157,80
270,212,156,81
270,212,156,80
270,212,154,81
270,212,157,80
271,212,155,81
270,212,157,80
270,212,155,80
271,212,155,81
270,212,156,80
270,212,155,80
270,212,157,80
270,212,155,80
270,213,154,80
270,212,157,80
270,212,156,80
270,212,155,80
270,213,156,80
270,213,154,80
270,213,156,80
270,212,157,80
270,212,156,80
270,213,155,81
270,212,156,80
270,212,155,80
271,213,154,80
269,213,157,80
268,212,156,80
268,212,158,79
268,212,157,81
267,212,158,80
267,212,158,81
265,212,158,80
265,213,160,80
264,213,162,80
263,213,163,80
262,213,162,81
260,213,165,81
260,213,165,80
258,212,168,81
258,212,167,81
257,212,168,80
255,213,170,78
254,213,169,78
252,213,172,79
252,213,173,79
249,213,174,79
249,214,174,79
244,214,179,80
244,213,180,78
240,214,183,78
239,214,186,78
236,215,189,79
234,213,192,79
232,214,194,78
228,214,199,79
229,214,195,79
226,213,198,79
224,215,201,80
220,214,205,78
221,214,201,81
217,214,202,82
215,214,201,82
216,213,198,81
216,214,196,82
212,214,197,81
211,214,197,82
209,214,198,82
209,213,197,80
210,214,197,83
208,215,196,80
208,215,196,80
207,215,197,78
208,215,194,81
206,215,196,79
206,215,190,80
209,215,160,78
205,214,180,82
208,215,191,81
207,216,181,77
207,215,172,81
208,215,186,80
208,215,174,81
209,215,196,80
208,215,194,81
208,216,179,80
206,214,179,81
207,215,178,79
207,215,176,81
207,215,189,80
208,215,164,82
209,214,193,81
210,215,163,81
207,215,195,81
210,215,164,81
207,214,176,80
210,215,195,80
210,215,170,82
208,215,181,79
209,214,163,82
206,215,186,81
210,214,157,81
207,215,187,82
210,215,161,81
206,215,170,81
206,215,186,80
209,214,159,80
207,215,188,81
210,215,161,81
206,214,187,81
210,214,162,81
206,214,179,81
208,214,178,79
209,214,195,81
210,215,172,81
209,215,195,79
210,215,165,81
208,214,192,81
209,215,167,80
208,214,190,81
210,214,165,82
208,215,199,81
208,216,188,81
209,215,163,80
207,215,189,81
210,215,163,80
209,214,164,82
208,214,184,80
211,215,162,80
208,214,167,81
209,215,176,80
209,214,186,82
213,214,158,80
211,214,188,82
215,215,166,79
210,214,186,82
212,214,174,80
216,215,197,80
216,216,179,79
215,215,174,79
219,214,189,80
217,214,178,79
219,213,176,81
221,213,161,80
219,214,175,80
224,213,173,81
226,213,162,79
224,214,175,81
229,213,157,78
229,212,181,81
230,213,184,78
233,212,186,78
235,212,173,77
236,212,183,80
237,212,166,78
238,211,171,80
241,212,180,80
244,210,162,76
245,211,171,83
250,210,167,77
249,208,163,81
288,220,137,117
293,217,131,117
300,230,122,107
265,208,158,81
301,240,125,99
262,209,154,78
298,236,124,100
265,207,153,82
297,235,128,100
273,205,145,81
302,244,121,89
277,205,142,82
308,247,115,82
283,206,140,79
309,245,116,83
287,204,135,82
309,245,115,81
293,204,130,82
312,245,111,79
299,204,126,82
309,239,114,86
301,202,122,78
302,206,122,79
301,205,122,83
304,199,119,81
308,201,118,80
308,201,116,76
312,202,110,75
312,199,113,73
313,201,112,73
320,199,107,72
316,200,110,70
316,199,108,70
321,200,103,68
320,199,104,68
321,199,103,68
320,200,102,67
328,197,94,69
309,236,101,81
320,196,100,77
307,235,101,82
324,195,97,75
369,157,63,70
307,236,100,77
318,194,100,80
305,233,101,78
322,199,91,74
305,234,100,77
323,188,96,83
310,202,101,92
316,195,100,77
303,231,99,75
321,196,91,75
304,231,97,74
324,196,87,75
303,229,97,75
320,196,90,76
303,229,96,74
323,194,87,77
302,228,95,75
328,190,88,76
302,224,104,70
299,227,99,76
316,194,93,78
301,224,95,76
299,223,104,77
319,189,88,77
300,224,93,73
299,222,102,79
298,223,101,75
323,189,91,75
299,223,100,73
298,222,101,74
318,189,92,76
298,222,93,72
299,219,97,74
298,215,105,73
297,220,96,74
297,219,96,73
298,219,93,74
298,218,93,74
297,218,93,73
296,217,94,72
297,217,93,72
297,218,91,73
297,217,91,72
297,217,90,72
297,216,90,73
296,216,92,70
318,185,82,69
296,217,89,68
296,215,88,73
296,215,90,71
298,207,94,69
295,214,90,70
298,213,92,68
294,215,89,70
296,214,87,70
296,214,87,71
296,212,85,70
295,214,87,70
296,212,84,70
296,212,87,70
310,182,93,70
294,211,87,70
311,175,101,77
295,211,87,68
295,210,86,71
296,210,84,69
295,208,85,70
296,208,87,70
295,209,83,69
294,208,84,69
296,209,82,68
295,209,82,67
295,206,81,69
295,209,84,67
296,207,80,67
296,206,81,68
296,206,81,67
295,205,82,68
296,206,80,66
295,205,80,67
295,204,81,67
296,205,79,67
295,204,79,66
295,204,78,66
296,204,79,65
295,204,80,65
297,203,78,65
296,202,78,66
297,202,76,66
296,201,79,64
296,201,78,64
296,200,76,65
297,200,76,65
296,199,76,63
297,199,75,65
297,198,75,63
297,197,76,63
294,196,85,63
296,197,76,64
298,196,76,63
297,195,75,62
296,196,76,63
298,195,73,62
296,194,75,61
298,194,76,62
296,193,75,63
298,189,81,60
295,191,76,64
298,192,74,62
297,191,77,62
296,190,77,61
297,188,83,59
294,188,79,62
311,163,75,60
293,190,77,58
306,164,72,62
290,188,81,60
313,161,73,58
288,188,81,57
285,184,85,56
283,186,83,59
283,185,82,59
280,184,83,58
277,183,87,58
278,183,84,58
275,183,86,56
274,183,85,56
272,183,85,56
270,181,85,56
268,182,86,56
267,182,85,55
265,179,87,56
263,180,87,55
261,179,87,55
259,179,86,55
257,177,86,55
256,178,86,54
254,177,87,54
253,177,87,54
250,176,87,54
249,176,85,53
247,175,85,53
245,175,84,53
244,174,85,54
243,173,84,53
240,173,84,53
239,173,82,52
238,172,82,52
236,171,81,52
234,171,81,51
234,170,79,51
231,170,80,51
231,167,78,52
230,168,78,52
228,167,78,52
227,168,77,51
225,167,77,51
224,167,77,51
222,166,76,51
218,164,76,51
219,166,74,49
217,164,75,50
217,164,73,49
214,163,72,49
214,163,72,48
212,162,71,48
283,151,62,51
211,160,67,49
281,148,62,52
209,158,66,49
280,148,62,51
277,146,64,53
205,157,64,48
278,149,62,49
277,147,62,51
277,146,61,50
276,146,62,50
274,145,62,50
274,144,61,51
274,146,61,48
273,145,62,50
273,145,61,49
272,145,62,48
271,145,61,49
270,145,60,48
270,145,60,48
269,144,61,47
268,145,61,46
269,144,61,47
267,145,61,46
192,150,54,42
138,164,60,49
188,148,55,43
189,146,54,42
186,146,55,41
187,146,54,43
187,144,52,42
185,145,53,41
184,145,54,41
139,163,59,55
130,159,69,54
182,138,51,48
180,141,50,43
133,166,66,46
136,178,68,57
141,161,62,61
