0.015604
0.045660
0.073276
0.055574
0.067047
0.042596
0.105223
0.068187
0.052126
0.022434
0.085474
0.071492
0.050436
0.043621
0.058875
0.060069
0.048706
0.039823
0.042787
0.097496
0.050684
0.099116
0.057320
0.026620
0.098357
0.057452
0.023622
0.044238
0.059277
0.070164
0.022338
0.121035
0.050360
0.068643
0.063865
0.071352
0.032942
0.053086
0.054374
0.046674
0.083891
0.094245
0.059995
0.065202
0.066120
0.086564
0.049218
0.038655
0.037494
0.078127
0.069223
0.097517
0.079426
0.030204
0.049760
0.074031
0.086366
0.044067
0.023986
0.031577
0.080302
0.035256
0.052351
0.090588
0.058930
0.048936
0.077000
0.043393
0.046356
0.057980
0.029138
0.048026
0.072787
0.050178
0.024733
0.041004
0.094344
0.073519
0.055486
0.044182
0.112972
0.051965
0.030174
0.034616
0.028822
0.068998
0.024707
0.037829
0.034947
0.103993
0.052762
0.043821
0.027382
0.023833
0.061760
0.051083
0.040792
0.021875
0.030019
0.044012
0.082703
0.060282
0.031830
0.092338
0.069704
0.044270
0.029195
0.056904
0.035209
0.086798
0.027238
0.059165
0.034927
0.055029
0.075369
0.072371
0.068370
0.104445
0.057261
0.028010
0.031148
0.097659
0.045952
0.044159
0.058316
0.056023
0.107431
0.075840
0.071001
0.024806
0.054018
0.072972
0.023101
0.027343
0.042811
0.064350
0.074344
0.019044
0.022763
0.026342
0.038871
0.125943
0.045093
0.041548
0.109857
0.062494
0.045592
0.048681
0.037051
0.021918
0.036155
0.073080
0.077970
0.059006
0.100393
0.040995
0.052272
0.083157
0.054415
0.051971
0.049054
0.074234
0.073097
0.050172
