0.050820
0.023880
0.020383
0.023582
0.061029
0.034343
0.040517
0.033643
0.096431
0.072199
0.028146
0.032691
0.020397
0.088702
0.021969
0.036537
0.022460
0.019534
0.067944
0.018470
0.019187
0.017056
0.026446
0.018445
0.016180
0.022035
0.022140
0.019096
0.024117
0.050783
0.102952
0.047846
0.029295
0.024585
0.022716
0.020847
0.027971
0.017470
0.023818
0.029057
0.035637
0.088527
0.025897
0.020393
0.047334
0.033322
0.020420
0.041763
0.078035
0.039285
0.048589
0.020198
0.018953
0.019884
0.063294
0.082175
0.022750
0.026077
0.022576
0.035068
0.036751
0.029147
0.020762
0.066052
0.052583
0.020796
0.020565
0.019321
0.061094
0.020280
0.032165
0.035184
0.018166
0.061535
0.065540
0.043100
0.017527
0.024375
0.021510
0.030782
0.033596
0.034644
0.053781
0.037437
0.020745
0.017519
0.037427
0.019398
0.019195
0.019813
0.024242
0.021661
0.031757
0.023309
0.069325
0.073817
0.019260
0.021073
0.016982
0.022034
0.027605
0.026716
0.034828
0.082865
0.045830
0.023338
0.024998
0.021168
0.054787
0.045434
0.054175
0.065567
0.023973
0.040428
0.026809
0.023749
0.021622
0.026119
0.065015
0.018075
0.094720
0.063803
0.058054
0.021260
0.020175
0.030066
0.017300
0.018439
0.022267
0.019838
0.028269
0.039590
0.065457
0.096345
0.056726
0.024790
0.067478
0.035671
0.026157
0.028573
0.024620
0.038664
0.027012
0.016171
0.063337
0.076351
0.069706
0.053941
0.077066
0.068599
0.036452
0.027818
0.029124
0.062735
0.031706
0.078526
0.027298
0.017664
0.024244
0.094151
0.032238
0.063218
0.075235
0.049570
0.043061
0.063503
0.057242
0.021565
0.028342
0.038777
0.052691
0.079861
0.021286
0.105478
0.050877
0.048680
0.037629
0.063121
0.079042
0.033336
0.023620
0.025504
0.067242
0.051072
0.035935
0.070379
0.107873
0.035518
0.056666
0.064782
0.065565
0.051790
0.040781
0.069272
0.053604
0.020882
0.072226
0.083932
0.048685
0.053865
0.071677
0.062422
0.044110
0.078975
0.060742
0.042528
0.060228
0.051202
0.048359
0.037089
0.028254
0.041422
0.057687
0.023713
0.034981
0.085393
0.042936
0.049232
0.091947
0.082181
0.038641
0.086582
0.041604
0.043483
0.021081
0.082322
0.051165
0.070894
0.090970
0.060390
0.038051
0.065021
0.057640
0.035439
0.042658
0.022217
0.023784
0.046170
0.082887
0.039616
0.103157
0.060632
0.046527
0.058458
0.069587
0.046272
0.046700
0.039190
0.064970
0.095369
0.038404
0.049740
0.025420
0.079811
0.073076
0.042914
0.074513
0.072239
0.058198
0.051370
0.058972
0.084650
0.021587
0.047454
0.071537
0.034442
0.035927
0.023933
0.110474
0.065037
0.053005
0.057523
