0.024791
0.031792
0.022309
0.061336
0.042691
0.038988
0.025238
0.085822
0.025264
0.018453
0.025908
0.017100
0.017746
0.078787
0.043755
0.021685
0.052742
0.063982
0.028295
0.017456
0.021555
0.022059
0.040666
0.032690
0.021971
0.033792
0.018463
0.046663
0.023625
0.054622
0.068816
0.063217
0.047819
0.024036
0.025974
0.041418
0.049873
0.019107
0.049645
0.026079
0.045892
0.019857
0.029308
0.029028
0.020089
0.077512
0.046110
0.032394
0.021274
0.018174
0.023857
0.033569
0.017208
0.016524
0.016673
0.018568
0.016572
0.052738
0.049434
0.019729
0.017097
0.016751
0.027171
0.024041
0.033217
0.019457
0.017195
0.019102
0.019844
0.086550
0.106625
0.045662
0.048015
0.053207
0.052412
0.057117
0.020146
0.020563
0.049216
0.047525
0.022236
0.036176
0.027511
0.060235
0.054718
0.091538
0.065336
0.051873
0.102164
0.028805
0.021116
0.020328
0.025625
0.048405
0.061977
0.087452
0.092335
0.032556
0.029713
0.030399
0.035073
0.018965
0.068483
0.091864
0.057101
0.071841
0.050170
0.068101
0.036645
0.031151
0.022005
0.020235
0.073446
0.031757
0.083521
0.084109
0.075205
0.045223
0.027102
0.069016
0.025341
0.017845
0.021384
0.027198
0.020150
0.032947
0.020247
0.065156
0.089609
0.023303
0.022106
0.023131
0.019844
0.031271
0.058179
0.021037
0.028377
0.034142
0.020078
0.049356
0.027255
0.022856
0.016663
0.016087
0.026205
0.041866
0.022616
0.019620
0.043657
0.081495
0.031793
0.017593
0.019256
0.032821
0.059972
0.073338
0.019886
0.043192
0.062906
0.023078
0.037225
0.024184
0.044864
0.069654
0.041637
0.042324
0.026683
0.024326
0.020108
0.075400
0.023321
0.025145
0.018194
0.032779
0.028389
0.069121
0.069268
0.077938
0.050304
0.026722
0.037672
0.067489
0.028332
0.020465
0.021760
0.018062
0.024844
0.044447
0.042535
0.058350
0.055399
0.075277
0.074079
0.018754
0.024981
0.073786
0.021241
0.024641
0.021775
0.025157
0.032481
0.026720
0.028870
0.053950
0.072876
0.053238
0.037101
0.056466
0.035779
0.033980
0.021101
0.048442
0.034966
0.027825
0.020321
0.023471
0.016737
0.079222
0.058708
0.033185
0.102932
0.072050
0.047754
0.026257
0.072234
0.057459
0.023449
0.026967
0.034134
0.028721
0.035306
0.023019
0.066878
0.060958
0.024805
0.072074
0.025163
0.057888
0.024728
0.030603
0.019163
0.034935
0.016120
0.032061
0.021514
0.035905
0.039629
0.081159
0.017579
0.087438
0.051676
0.049819
0.028639
0.025014
0.021564
0.034455
0.029650
0.053524
0.019419
0.016575
0.020154
0.018500
0.026440
0.018493
0.029718
0.026059
0.066277
0.078790
0.043879
0.055873
0.075660
0.059850
0.032787
0.025088
0.023932
0.020793
0.019051
0.021688
0.032692
0.019873
0.025558
0.072349
0.093165
0.053821
0.046910
0.062955
0.059194
0.050234
0.024527
0.025093
0.081320
0.023084
0.054950
0.024057
0.019526
0.020660
0.019832
0.059110
0.087111
0.022952
0.088727
0.094568
0.034553
0.021108
0.028363
0.019542
0.018749
0.026810
0.037136
0.019737
0.039954
0.087135
0.052394
0.052528
0.044870
0.027143
0.049812
0.069828
0.036732
0.048804
0.109216
0.036084
0.022027
0.021539
0.028164
0.027314
0.096543
0.025499
0.071800
0.037381
0.019611
0.051979
0.028325
0.017756
0.025558
0.020692
0.033694
0.031687
0.070266
0.063811
0.022578
0.016940
0.016230
0.019216
0.016252
0.051348
0.069859
0.025925
0.022802
0.061536
0.026790
0.068421
0.017498
0.016708
0.020105
0.020627
0.014442
0.021116
0.058476
0.019228
0.019207
0.081697
0.065367
0.029726
0.017782
0.018128
0.024468
0.051243
0.040793
0.017730
0.073522
0.070539
0.045878
0.037081
0.020191
0.022929
0.033543
0.035101
0.024396
0.018267
0.019098
0.018847
0.032937
0.021932
0.018519
0.075350
0.062854
0.075612
0.046099
0.025430
0.022160
0.023973
0.065679
0.024033
0.021541
0.032166
0.023541
0.028235
0.055742
0.059806
0.025906
0.020314
0.036814
0.060036
0.058165
0.025532
0.016077
0.032629
0.029922
0.042169
0.087938
0.058207
0.040823
0.029600
0.025546
0.025658
0.032465
0.025547
0.029934
0.034137
0.016460
0.092039
0.042105
0.029633
0.030458
0.018955
0.042170
0.028630
0.035728
0.027640
0.034229
0.044977
0.051159
0.034028
0.021450
0.017892
0.018292
0.073263
0.024919
0.028900
0.021008
0.037794
0.090171
0.021340
0.019024
0.065183
0.025969
0.082056
0.031517
0.054791
0.054148
0.037906
0.027959
0.027298
0.067438
0.043253
0.023206
0.027122
0.034511
0.072808
0.064236
0.046191
0.052611
0.018483
0.020768
0.062351
0.037421
0.029805
0.058773
0.081388
0.024514
0.020266
0.020536
0.022443
0.079514
0.041503
0.061142
0.068248
0.018455
0.017916
0.016634
0.016806
0.039221
0.039680
0.035193
0.110013
0.082510
0.028889
0.025068
0.019833
0.066558
0.055374
0.020299
0.028207
0.024108
0.047329
0.046165
0.083289
0.052177
0.068686
0.089136
0.055137
0.019400
0.030363
0.043660
0.040100
0.042412
0.034408
0.021157
0.036371
0.060632
0.021306
0.045093
0.085508
0.071343
0.041976
0.076268
0.053685
0.027143
0.025252
0.032217
0.050304
0.067735
0.045458
0.046081
0.039816
0.020284
0.017775
0.025072
0.049297
0.036393
0.018551
0.046388
0.032577
0.040308
0.058470
0.043395
0.024740
0.089928
0.032970
0.073789
0.025747
0.075851
0.019050
0.018800
0.019160
