416,217,21,43
416,215,19,47
416,213,19,49
415,218,19,45
414,215,20,49
412,216,20,47
411,218,20,45
410,218,21,45
411,220,20,45
409,219,19,43
409,218,19,44
408,219,19,44
407,219,19,45
406,220,19,45
406,220,18,43
405,220,19,44
404,219,20,44
401,219,21,44
402,219,20,45
401,219,21,45
398,220,20,45
397,219,19,45
396,219,20,43
395,219,20,45
394,219,20,45
393,219,21,46
392,219,21,45
390,219,23,44
389,218,23,44
387,218,22,45
387,218,21,43
387,219,20,44
387,220,18,43
386,220,18,43
386,221,18,43
385,222,17,42
385,221,18,43
383,221,19,44
384,222,18,43
383,221,18,42
382,221,18,43
380,218,18,46
377,219,20,45
378,218,19,45
375,218,20,46
376,219,20,46
376,220,19,45
374,219,20,45
375,221,20,46
375,219,19,46
375,218,19,48
375,220,19,45
375,218,21,48
374,222,20,45
372,220,19,45
371,220,20,46
370,219,20,46
368,220,19,47
366,220,20,47
365,220,22,47
364,222,22,45
364,221,21,46
362,221,20,46
360,221,19,45
357,221,20,45
357,220,20,44
355,222,22,44
355,222,21,41
353,220,22,40
348,217,22,40
349,217,20,37
351,220,18,34
348,218,20,35
346,217,21,37
341,216,22,37
343,213,21,39
341,212,22,38
341,205,20,43
340,208,22,43
340,208,22,46
338,219,21,43
336,216,21,41
336,220,19,41
335,224,19,35
334,227,20,36
332,229,19,43
329,204,21,43
328,203,21,42
327,205,19,38
326,201,22,43
326,204,18,41
326,206,20,39
323,224,21,51
323,225,21,48
322,226,21,47
320,226,21,50
321,223,20,52
318,223,20,50
319,223,20,49
318,221,19,50
317,225,19,47
316,225,20,49
315,224,20,50
315,226,19,48
313,224,20,50
313,226,20,47
312,225,19,49
312,226,20,49
309,225,21,51
311,226,20,50
310,226,20,49
309,226,20,49
308,225,20,48
307,225,20,49
308,224,21,49
307,228,20,48
307,226,21,49
306,226,21,51
306,226,21,47
307,225,21,51
306,225,20,50
305,226,21,52
305,226,21,49
304,227,21,51
304,227,21,50
304,227,21,50
302,227,21,51
302,227,21,49
301,227,21,52
301,227,21,51
300,227,21,52
300,227,22,53
299,227,21,51
298,228,21,52
299,228,20,50
297,228,21,52
297,228,21,51
297,228,21,52
296,227,21,52
295,229,21,50
294,230,22,50
294,230,21,50
294,229,20,49
294,230,20,50
293,228,20,51
292,230,20,49
293,232,20,47
292,232,20,49
291,231,20,47
291,233,20,48
291,233,20,48
292,231,20,50
291,232,20,49
291,232,20,50
291,233,20,49
290,234,20,47
290,234,20,48
290,234,20,48
290,234,20,47
290,234,20,47
289,234,21,48
290,234,20,48
289,236,20,47
289,234,20,48
290,235,19,46
291,234,19,48
289,234,20,50
290,233,19,50
290,233,20,51
