0.011630
0.033458
0.021601
0.067430
0.076567
0.050276
0.030596
0.018094
0.018091
0.020401
0.019119
0.031111
0.058553
0.083261
0.031130
0.073380
0.045911
0.019217
0.018677
0.027417
0.020239
0.035437
0.044477
0.051039
0.033090
0.017807
0.019578
0.017856
0.029433
0.069420
0.039007
0.075030
0.058213
0.039035
0.055415
0.027244
0.019433
0.028249
0.019779
0.064516
0.077894
0.048713
0.031633
0.020350
0.070971
0.019571
0.019920
0.052651
0.047935
0.037213
0.018426
0.050829
0.066631
0.042572
0.024619
0.017632
0.070533
0.018962
0.020060
0.019439
0.032467
0.022717
0.062725
0.035842
0.024470
0.031850
0.046841
0.074393
0.054150
0.020358
0.036584
0.026828
0.068736
0.050503
0.017535
0.027928
0.017056
0.021227
0.050918
0.033927
0.019732
0.018708
0.080409
0.037216
0.019985
0.017210
0.025328
0.019177
0.097941
0.034520
0.064786
0.089499
0.030641
0.022965
0.019989
0.036508
0.052695
0.037637
0.022475
0.097138
0.050841
0.083088
0.056314
0.086771
0.032347
0.038543
0.063953
0.034081
0.022488
0.047616
0.020057
0.042969
