0.027283
0.022709
0.023284
0.023520
0.049131
0.052357
0.098445
0.072117
0.077295
0.022455
0.039052
0.017205
0.028584
0.029490
0.039399
0.026781
0.022871
0.046003
0.019670
0.030651
0.059885
0.064596
0.037962
0.028385
0.069820
0.092851
0.043968
0.021721
0.020096
0.019825
0.025299
0.018117
0.020185
0.032431
0.029378
0.057008
0.054465
0.051996
0.044710
0.075430
0.057229
0.026259
0.039586
0.032051
0.064344
0.020276
0.022690
0.071032
0.064152
0.044066
0.067111
0.073107
0.030063
0.028814
0.021648
0.016294
0.027008
0.072178
0.043619
0.060013
0.062453
0.044075
0.065146
0.065532
0.048562
0.020530
0.068700
0.036957
0.055116
0.059663
0.019033
0.064423
0.020375
0.028698
0.067828
0.027010
0.034975
0.037722
0.061238
0.062922
0.087855
0.072490
0.035895
0.021830
0.016950
0.022176
0.034106
0.021820
0.028436
0.067502
0.064700
0.041723
0.078042
0.042557
0.023475
0.019212
0.026189
0.021011
0.020685
0.018787
0.031863
0.056947
0.063045
0.038416
0.025519
0.073233
0.079673
0.056730
0.023649
0.037736
0.080224
0.051630
0.021911
0.015407
0.022158
0.019726
0.016997
0.029654
0.018630
0.074949
0.036660
0.076612
0.050514
0.029485
0.083244
0.022430
0.016760
0.017162
0.016964
0.020273
0.018673
0.025051
0.046305
0.050889
0.038125
0.051930
0.091990
0.022040
0.028493
0.023162
0.077611
0.025967
0.035128
0.017440
0.056971
0.072961
0.074399
0.017610
0.015053
0.032985
0.019752
0.021012
0.031876
0.030707
0.057918
0.042150
0.038723
0.102872
0.062035
0.026294
0.039557
0.018868
0.068073
0.020862
0.020331
0.017863
0.016881
0.026732
0.023521
