0.031461
0.044827
0.021814
0.062243
0.047846
0.043742
0.063106
0.050383
0.020942
0.033152
0.039892
0.064483
0.042978
0.080982
0.076366
0.024713
0.046188
0.038249
0.037522
0.079796
0.020108
0.044235
0.019491
0.094521
0.056728
0.037337
0.019790
0.020021
0.062281
0.044096
0.046118
0.018590
0.028889
0.079892
0.060283
0.027507
0.021853
0.019698
0.040044
0.055894
0.029903
0.047099
0.020547
0.102543
0.056467
0.026402
0.037724
0.018930
0.018184
0.099677
0.020419
0.034407
0.018208
0.019210
0.022083
0.064229
0.046221
0.024769
0.064710
0.055779
0.031298
0.023204
0.027285
0.016631
0.030380
0.025176
0.018351
0.029459
0.047552
0.018299
0.028426
0.032563
0.018872
0.033717
0.021685
0.032412
0.025308
0.026783
0.036670
0.019661
0.020562
0.027157
0.037366
0.023580
0.059690
0.027171
0.021099
0.035921
0.019153
0.021804
0.030298
0.024600
0.036712
0.024047
0.043053
0.058242
0.038366
0.036150
0.017387
0.020052
0.041701
0.045331
0.029820
0.031629
0.026048
0.110967
0.023933
0.043248
0.033481
0.037264
0.051540
0.038081
0.024313
0.035936
0.023757
0.048926
0.066381
0.041867
0.018842
0.018296
0.028218
0.042566
0.057077
0.015588
0.019330
0.021084
0.015728
0.019999
0.027895
0.033280
0.040918
0.034750
0.020078
0.047556
0.017789
0.017434
0.019676
0.019646
0.051692
0.040703
0.053443
0.107272
0.050781
0.047199
0.056247
0.079150
0.048856
0.044907
0.050289
0.043334
0.038849
0.031959
0.017035
0.070311
0.057809
0.047181
0.021504
0.074114
0.029212
0.018342
0.040285
0.027124
0.042501
0.103478
0.047649
0.050623
0.067506
0.057536
0.038512
0.039421
0.024426
0.084153
0.035335
0.061654
0.116009
0.042053
0.047776
0.072061
0.083390
0.036789
0.043464
0.020005
0.071828
0.093873
0.048583
0.067546
0.072247
0.055479
0.075949
0.037541
0.037069
0.019165
0.112606
0.099576
0.021676
0.035241
0.079220
0.059807
0.081817
0.048391
0.024985
0.073587
0.049541
0.060156
0.065075
0.056371
0.056650
0.044363
0.062434
0.055570
0.047667
0.077043
0.039852
0.061729
0.032654
0.080727
0.068817
0.050203
0.026502
0.050382
0.089976
0.056825
0.021324
0.025151
0.080993
0.035273
0.018324
0.056006
0.029314
0.020814
0.050219
0.036736
0.022038
0.022311
0.082660
0.049314
0.032222
0.039019
0.042712
0.022924
0.068914
0.018954
0.017019
0.019456
0.017349
0.015906
0.025844
0.032077
0.028171
0.034695
0.024863
0.041159
0.018590
0.023726
0.020543
0.016316
0.016598
0.022045
0.016131
0.040488
0.021515
0.031599
0.064641
0.023313
0.017931
0.016019
0.016576
0.018195
0.017869
0.018149
0.023003
0.014893
0.032134
0.061965
0.058115
0.022119
0.018729
0.021775
0.017580
0.016123
0.016978
0.016400
0.016587
0.030537
0.026060
0.052793
0.023161
0.052928
0.045244
0.050128
0.016141
0.024726
0.044374
0.021473
0.039629
0.020431
0.048069
0.034532
0.069116
0.045125
0.045594
0.077800
0.029637
0.052367
0.045782
0.020936
0.038746
0.065599
0.033410
0.025082
0.056635
0.096640
0.056952
0.019316
0.018687
0.050282
0.081267
0.022238
0.020821
0.029271
0.034981
0.027549
0.075909
0.060299
0.106790
0.055623
0.066261
0.068792
0.038794
0.089161
0.086166
0.051413
0.094303
0.058889
0.019778
0.093505
0.084985
0.051988
0.097846
0.037267
0.036891
0.043632
0.064274
0.066112
0.028783
0.029812
0.094338
0.069703
0.062710
0.080509
0.025920
0.039872
0.070204
0.022822
0.029370
0.032530
0.084634
0.102359
0.076653
0.051843
0.028154
0.017606
0.018466
0.049652
0.028567
0.045062
0.030344
0.016104
0.016599
0.087210
0.029179
0.021032
0.017490
0.017668
0.020940
0.031119
0.019026
0.023055
0.023819
0.019824
0.030994
0.028740
0.053871
0.059420
0.062871
0.033328
0.023298
0.018108
0.018473
0.018762
0.016501
0.020128
0.065929
0.040603
0.026418
0.060991
0.019859
0.019203
0.017157
0.018734
0.064452
0.027074
0.020829
0.020893
0.021435
0.037477
0.036160
0.026024
0.060694
0.045746
0.021693
0.058168
0.030240
0.018724
0.020876
0.024643
0.029476
0.038163
0.038021
0.066541
0.031109
0.021215
0.022012
0.055291
0.031402
0.020693
0.027801
0.031519
0.065017
0.074339
0.026471
0.023482
0.057706
0.028776
0.026642
0.021051
0.035037
0.030536
0.086207
0.026088
0.026700
0.016683
0.032979
0.062494
0.030298
0.024795
0.018989
0.033705
0.074604
0.030015
0.019760
0.029713
0.023988
0.069012
0.035039
0.036251
0.021156
0.059618
0.025181
0.039679
0.022371
0.020191
0.024285
0.065781
0.026807
0.034713
0.070843
0.029101
0.070810
0.037851
0.029903
0.021185
0.071178
0.053525
0.041615
0.021798
0.028060
0.027598
0.070967
0.051765
0.026009
0.023127
0.025278
0.043679
0.026561
0.072978
0.024918
0.050358
0.042582
0.021155
0.070799
0.057664
0.073882
0.112196
0.047140
0.093907
0.019508
0.025617
0.022161
0.019679
0.023797
0.026229
0.065903
0.017702
0.049658
0.073577
0.048373
0.017455
0.031089
0.022368
0.033453
0.063597
0.060898
0.082265
0.054938
0.079127
0.031461
0.040577
0.023541
0.041214
0.018698
0.023006
0.020266
0.025540
0.054437
0.056777
0.048977
0.040406
0.075025
0.018417
0.019903
0.022881
0.016994
0.020057
0.027296
0.032647
0.028836
0.032877
0.028907
0.046683
0.024283
0.019764
0.024550
0.015865
0.039563
0.029624
0.024768
0.036170
0.021598
0.078668
0.055574
0.038475
0.024683
0.025413
0.044725
0.021271
0.031608
0.046115
0.086547
0.063122
0.053046
0.028570
0.019889
0.023590
0.019935
0.019710
0.017816
0.020849
0.021004
0.055684
0.034196
0.017757
0.061454
0.034589
0.045477
0.028033
0.019871
0.094173
