333,80,37,110
331,78,36,112
330,79,37,112
333,78,36,110
333,77,35,111
332,77,36,109
332,75,35,111
332,74,35,110
332,74,37,109
330,73,37,110
331,71,38,110
330,72,38,111
331,70,37,111
331,71,38,111
330,70,37,110
330,71,38,109
331,71,36,109
330,72,37,106
331,70,36,108
330,70,36,108
330,69,36,109
330,69,36,106
330,67,36,108
331,67,36,109
331,67,36,107
330,65,36,109
331,66,35,107
329,65,35,108
330,65,35,109
330,66,35,106
331,66,35,106
329,66,36,106
329,70,36,107
328,73,36,108
328,73,36,107
327,78,37,106
327,79,37,108
325,83,38,110
325,87,38,109
326,91,38,108
326,95,36,107
326,98,38,108
326,103,36,105
326,105,37,107
326,109,36,106
324,113,38,106
323,111,37,107
324,111,37,106
322,109,37,109
321,109,36,107
321,110,37,107
319,108,39,107
319,109,39,107
318,108,38,108
317,110,39,106
318,111,37,105
316,110,38,105
317,110,39,104
317,110,37,104
313,110,41,105
313,109,40,102
310,108,42,105
313,106,39,104
313,107,38,104
316,106,35,104
314,107,37,104
314,107,36,104
313,107,35,103
314,108,35,101
312,108,35,101
313,107,34,102
311,109,34,100
311,107,35,101
308,105,36,102
308,104,37,103
307,103,38,104
307,103,38,104
307,103,37,103
306,103,38,104
306,105,38,102
305,105,38,102
304,105,38,102
303,105,38,101
304,104,37,101
304,104,37,101
304,104,37,100
304,103,36,100
303,102,36,101
304,102,36,101
302,101,36,102
303,103,37,101
300,101,36,101
300,101,37,100
300,102,37,100
299,103,34,98
299,102,36,98
299,103,36,98
298,101,35,98
298,101,36,99
297,100,36,99
297,99,35,100
296,99,36,101
296,98,35,100
297,98,36,101
294,98,35,101
295,98,35,100
294,98,36,100
293,98,36,101
292,97,36,100
291,98,38,101
292,98,37,98
289,97,38,99
292,96,37,99
291,95,36,99
291,95,36,99
291,95,35,98
292,95,35,99
289,96,35,97
290,96,34,96
290,97,34,96
288,97,33,95
289,96,33,96
286,96,34,96
288,96,33,94
286,93,34,96
284,93,34,96
284,92,34,97
284,92,35,97
282,92,36,97
282,92,35,97
282,92,35,96
282,92,35,95
280,93,34,94
280,92,34,94
279,93,35,95
277,92,34,94
276,91,36,94
275,91,35,94
274,89,36,96
274,90,35,95
275,89,34,96
275,89,34,95
274,89,35,95
273,90,35,94
273,91,35,94
274,94,33,93
274,97,32,91
272,101,33,92
272,103,35,93
270,106,35,93
269,109,34,93
269,110,34,95
267,109,36,96
266,109,36,95
267,109,36,96
265,110,35,95
265,110,37,95
266,110,35,96
265,110,37,94
265,109,36,96
263,109,37,95
263,108,37,94
264,108,35,94
264,107,36,95
265,107,33,94
265,107,33,94
264,106,35,95
264,108,34,93
264,108,33,93
264,107,34,93
264,109,33,90
264,109,33,90
264,109,33,90
264,111,32,90
264,114,33,91
261,118,33,92
263,120,33,92
262,123,32,92
261,124,33,91
261,124,33,92
261,124,34,91
261,125,32,90
260,125,33,90
261,125,33,90
259,125,33,91
259,125,33,91
260,124,32,89
259,123,34,90
259,122,33,89
259,121,33,90
259,122,31,90
259,121,33,91
257,121,33,89
258,121,33,89
258,121,32,90
257,122,32,87
257,122,32,87
256,121,32,88
256,120,32,88
256,119,32,89
255,118,32,89
254,118,32,90
290,120,38,88
252,116,34,93
252,117,34,92
253,118,35,90
252,116,32,92
252,118,34,89
253,119,34,89
252,119,34,89
175,83,26,53
157,83,21,55
174,84,24,54
156,84,21,53
175,82,23,55
156,83,22,56
175,83,22,55
174,83,23,56
174,82,24,57
174,82,23,57
174,82,23,57
178,85,25,54
183,83,24,54
192,84,22,54
197,85,21,58
205,84,21,53
191,85,23,57
214,83,22,53
219,84,26,55
228,83,27,52
230,84,27,57
238,82,26,56
234,82,30,56
209,83,29,67
254,84,26,53
263,85,21,55
268,85,25,51
254,85,26,56
263,83,27,69
286,84,25,55
273,81,27,75
297,83,23,55
294,82,27,58
309,84,23,53
314,84,22,54
321,84,22,55
325,83,24,56
333,85,21,54
339,84,22,54
343,85,23,54
349,84,23,56
354,85,22,55
361,85,22,54
367,84,24,55
375,86,23,54
378,83,24,55
385,84,23,56
389,84,28,61
397,84,24,54
403,85,24,56
408,84,24,56
416,84,21,58
419,86,23,56
427,84,25,54
432,85,26,56
438,85,24,54
443,85,26,57
449,85,24,55
448,84,24,56
448,84,24,57
449,84,23,57
447,85,24,56
429,84,21,59
429,85,21,58
429,83,23,58
428,86,22,55
448,85,24,57
428,86,22,57
428,85,23,58
430,86,25,57
449,84,24,57
448,85,25,57
449,84,25,57
450,85,25,57
449,86,26,56
449,84,25,58
449,86,25,56
449,86,25,56
449,87,23,56
439,87,26,56
436,89,23,55
431,85,25,55
432,86,24,56
430,90,24,53
421,87,23,54
417,88,23,58
411,85,24,58
404,88,22,57
400,88,22,57
392,87,25,58
379,85,28,59
382,88,23,57
376,87,22,57
369,88,25,58
360,88,27,62
357,87,24,55
350,88,26,57
347,89,25,57
339,87,25,58
334,89,24,57
334,86,25,60
337,88,24,58
337,86,24,59
332,87,26,60
322,86,27,61
335,84,26,63
337,85,25,61
334,86,25,60
319,85,30,64
332,85,27,61
337,86,26,63
337,84,23,63
336,87,24,61
337,85,24,60
336,86,24,63
354,74,28,69
303,88,23,62
309,90,26,62
339,87,22,63
335,88,23,62
324,88,23,63
323,87,23,63
332,87,25,63
325,87,22,64
325,88,23,62
325,88,22,64
325,90,21,62
323,88,23,63
324,88,22,63
326,89,22,60
328,88,25,64
325,87,22,64
328,90,20,60
328,90,23,61
323,89,24,64
327,89,22,63
324,91,24,62
329,89,22,62
326,88,22,64
325,90,23,64
326,91,23,63
326,91,22,64
329,89,22,64
328,89,22,64
328,90,21,63
330,90,21,62
328,86,23,66
329,89,20,63
336,88,23,66
331,89,25,66
339,83,26,74
332,89,23,65
330,90,23,65
328,89,24,64
332,91,20,65
330,90,21,65
331,90,22,64
334,87,24,67
342,74,26,78
376,87,25,70
377,87,27,70
342,77,26,77
334,85,24,69
331,92,22,61
332,93,21,61
331,93,22,62
331,92,21,61
374,87,26,68
363,89,28,67
363,88,25,68
355,85,26,71
350,91,26,65
344,84,27,72
338,87,26,69
292,90,24,66
282,95,24,61
320,88,24,68
314,85,28,73
306,88,26,69
304,86,27,72
297,86,28,71
291,88,27,69
244,81,29,78
237,95,27,63
234,92,23,64
224,96,24,62
261,86,27,68
253,86,29,70
258,87,24,69
256,89,25,69
256,88,24,67
256,88,25,67
256,88,24,68
256,87,24,68
255,87,24,68
255,86,25,69
255,85,24,70
255,85,23,70
254,87,23,68
253,88,23,67
247,89,24,66
244,86,23,69
234,89,24,66
232,90,23,66
222,89,25,66
217,88,24,68
210,86,24,69
202,88,25,68
196,86,24,68
190,85,26,70
184,87,25,69
177,85,23,71
177,85,24,69
177,87,24,68
177,87,26,68
177,87,22,67
175,88,24,67
148,96,25,66
174,84,25,69
172,86,25,69
173,85,24,69
172,85,24,69
167,86,26,69
146,95,24,69
165,86,27,70
144,96,24,65
147,95,23,66
146,96,23,66
146,98,22,64
146,97,23,66
146,98,22,64
146,96,24,66
146,98,23,66
146,95,25,69
145,96,24,68
146,94,27,69
147,91,27,73
148,86,29,77
146,92,27,73
147,89,28,74
144,92,28,72
145,90,27,74
147,88,26,76
149,85,29,77
153,86,29,76
144,91,28,72
160,79,23,82
162,79,24,82
157,79,23,82
161,81,23,79
160,80,22,78
161,82,22,76
159,83,21,69
158,84,22,64
161,82,21,65
159,82,22,69
161,83,22,69
157,81,22,69
158,82,21,67
157,81,20,66
156,80,23,74
157,82,21,65
152,80,25,66
155,79,23,69
154,83,22,64
155,82,22,65
153,82,22,65
153,79,24,74
153,81,22,65
148,81,25,83
150,79,23,71
150,77,23,70
151,78,22,66
149,77,23,73
148,78,23,75
148,79,24,81
147,96,25,74
164,77,26,90
173,81,28,86
187,78,24,91
196,81,30,89
207,65,28,100
221,77,27,80
232,74,28,94
242,70,30,96
252,75,31,87
265,66,30,101
276,81,31,92
286,69,31,99
299,75,31,93
311,77,34,94
322,76,33,94
330,77,35,92
345,76,32,94
353,73,36,98
367,71,34,101
377,72,36,98
388,70,36,101
398,65,40,106
404,73,42,100
415,68,45,104
431,69,40,106
440,67,44,107
451,72,44,103
466,66,43,105
472,71,41,102
492,88,43,89
496,70,36,99
524,74,35,98
525,67,39,105
532,70,44,105
558,76,38,103
559,68,41,106
562,68,29,86
564,74,27,67
564,73,27,63
567,73,25,67
566,73,25,63
566,71,26,70
565,72,25,63
564,70,26,73
566,70,24,68
563,70,26,69
565,68,25,72
563,68,25,68
564,69,24,73
563,70,24,76
563,69,22,66
561,70,25,83
562,69,24,71
562,71,25,76
563,70,24,69
565,71,22,60
562,69,23,67
562,71,23,69
562,68,24,71
561,69,24,70
556,68,28,93
539,58,32,111
524,73,37,107
516,68,36,96
501,73,33,108
495,70,28,84
479,75,32,107
468,64,34,94
458,75,40,102
443,62,34,105
463,96,38,83
483,57,39,91
470,60,40,95
457,59,40,114
420,78,44,100
400,74,47,105
423,70,40,109
386,87,41,92
375,100,34,83
372,108,28,66
374,103,27,73
372,107,27,67
373,105,29,70
374,108,26,67
375,106,24,70
377,107,24,68
376,107,24,68
377,107,24,67
378,107,24,69
379,105,23,71
379,108,23,69
379,107,24,71
378,105,24,74
379,106,22,73
380,105,23,73
380,105,22,70
326,71,24,57
325,70,24,55
324,72,25,55
325,71,24,54
326,74,24,50
325,72,24,55
324,73,24,53
324,72,25,54
323,71,24,55
325,70,24,55
324,71,24,55
324,71,24,55
323,72,24,57
325,70,23,57
323,70,25,58
326,69,22,56
321,68,27,57
325,66,22,58
322,67,25,60
324,66,24,60
323,66,24,59
324,66,24,59
322,66,25,60
323,66,24,60
323,66,24,57
323,66,24,60
322,66,24,61
324,65,24,59
322,65,25,61
323,64,23,60
322,63,23,60
322,64,24,60
323,63,24,60
322,63,23,60
322,64,23,61
323,64,23,59
322,63,23,60
323,64,24,57
322,63,25,59
323,63,23,60
321,63,24,57
321,62,24,58
321,62,24,61
323,62,22,61
320,62,25,60
321,61,25,60
322,61,24,62
321,62,24,58
320,62,26,62
320,61,26,62
320,62,25,61
321,62,24,59
322,62,24,62
320,62,25,59
320,62,25,59
320,61,24,61
321,60,25,62
320,60,24,59
320,60,26,64
321,61,24,63
322,61,22,57
322,61,24,60
321,61,23,56
323,61,24,60
322,61,23,58
321,61,25,61
323,60,23,60
321,59,24,59
321,59,25,62
321,59,25,60
320,58,27,61
321,58,25,60
322,59,25,60
322,59,25,61
322,59,25,58
322,59,27,64
321,59,26,62
321,59,24,58
322,59,25,61
322,59,25,59
322,58,25,59
322,59,24,59
322,58,24,59
322,58,23,59
323,58,24,60
323,58,23,57
323,58,23,57
324,58,24,60
324,59,23,58
324,59,23,57
324,58,22,58
325,58,24,59
323,57,24,58
324,57,24,59
324,57,25,63
324,56,25,62
323,56,25,66
324,57,24,60
324,57,25,61
324,57,23,60
324,57,23,58
325,57,24,60
324,57,23,58
324,58,24,58
324,57,24,59
