420,287,32,90
415,287,39,93
410,286,41,92
406,285,41,92
404,285,40,93
405,284,34,93
406,284,30,94
406,281,30,96
406,280,29,95
404,282,29,93
402,281,29,93
400,281,30,93
397,282,30,91
395,280,31,92
394,279,31,92
392,279,33,93
390,279,35,92
389,279,34,92
388,280,35,91
386,281,37,90
385,280,35,89
385,281,31,89
383,278,31,89
382,278,30,89
381,275,30,93
379,275,30,92
378,274,30,93
377,275,30,91
375,275,29,89
375,277,28,86
374,275,28,87
372,277,29,86
371,276,29,88
370,276,30,87
367,274,31,89
367,273,30,89
365,273,31,87
364,274,32,86
364,274,31,86
364,274,31,84
363,273,30,84
362,270,31,88
360,269,32,88
359,268,34,89
359,266,34,89
357,268,35,89
356,268,34,89
356,268,32,87
355,269,31,85
354,270,30,84
353,266,30,87
351,264,31,88
352,263,31,90
351,261,29,91
350,261,31,89
348,262,32,87
347,265,31,86
346,264,33,86
345,264,32,85
344,262,32,86
343,261,32,88
343,260,30,88
342,258,30,88
340,258,31,89
339,258,31,88
338,260,31,85
337,260,31,83
337,260,30,83
335,259,30,85
335,257,28,87
335,255,28,87
334,254,28,87
334,254,29,87
333,254,29,84
332,255,29,83
331,255,30,82
330,256,31,82
329,255,30,82
328,253,32,84
326,252,30,87
324,251,31,87
324,250,30,87
322,250,32,87
321,249,30,87
322,252,29,81
320,252,28,82
278,209,26,71
319,251,27,79
317,249,30,83
316,247,30,86
315,245,29,85
314,249,30,80
311,248,32,81
310,247,32,81
309,251,36,78
308,248,33,82
314,249,33,84
315,245,33,86
320,243,32,88
273,245,34,87
291,207,31,67
327,239,36,88
302,206,28,68
307,205,28,63
312,205,31,62
314,203,28,69
321,204,27,64
324,204,27,68
327,203,30,69
332,204,29,66
338,203,27,69
342,204,27,66
346,205,28,67
349,204,29,68
370,240,35,82
374,237,38,85
359,203,31,67
382,237,33,82
370,201,28,69
373,202,30,65
378,204,30,66
381,202,29,64
397,237,32,80
402,237,31,80
394,200,29,69
400,200,31,72
406,201,27,62
419,235,29,79
426,236,30,80
427,234,33,82
418,201,30,65
419,201,28,67
418,197,27,65
428,233,28,80
425,229,29,84
423,231,31,81
425,230,29,82
425,232,29,80
424,232,29,81
423,231,29,78
423,236,30,74
422,231,29,78
423,232,29,78
421,234,29,77
420,224,28,84
417,229,30,77
417,230,31,77
418,228,31,79
416,226,33,82
415,232,32,75
414,230,31,77
412,229,29,79
410,225,28,79
414,197,28,70
410,226,28,77
408,225,28,79
406,226,28,77
405,226,28,77
403,222,29,82
403,224,27,78
400,225,28,76
398,224,30,77
396,224,31,76
395,223,32,75
393,222,34,76
392,222,34,78
391,222,34,77
387,223,35,75
384,221,37,77
386,222,37,75
383,220,29,75
383,220,29,77
383,220,27,76
381,221,26,75
380,221,28,76
378,222,26,73
377,223,25,71
375,221,26,73
373,222,25,72
371,221,25,71
368,220,28,73
367,218,27,73
365,219,29,72
364,219,30,72
362,219,31,74
361,219,32,74
360,219,29,73
359,220,29,73
364,218,29,73
364,218,28,74
367,217,28,74
369,215,28,77
373,216,27,75
377,217,27,73
378,217,26,74
381,218,26,72
383,218,26,73
386,217,24,72
387,217,27,72
389,216,30,71
391,214,32,72
394,213,34,74
398,214,33,73
399,215,33,72
402,215,32,71
398,216,29,70
397,215,28,71
395,212,25,72
391,211,27,75
392,211,25,74
390,210,25,75
388,211,26,76
387,212,25,72
385,212,24,72
383,212,24,70
381,212,24,70
380,211,24,69
378,210,24,70
376,209,26,71
373,208,29,71
370,208,31,71
369,209,31,71
367,208,30,71
367,210,29,69
366,209,28,70
364,209,26,69
314,207,28,75
360,205,25,72
356,205,27,75
354,205,28,73
352,206,28,71
351,206,27,70
350,207,26,69
349,207,27,68
300,206,25,72
346,206,27,69
344,204,27,70
341,203,29,70
339,204,29,70
337,204,30,70
337,203,29,70
336,204,27,69
334,204,26,68
334,204,25,68
332,202,25,68
330,202,24,69
327,201,25,69
325,201,25,69
325,201,25,68
322,203,25,67
321,203,26,66
319,202,25,66
318,203,25,65
316,201,25,67
264,201,27,71
261,201,30,69
262,200,31,70
311,199,27,68
309,200,27,67
308,200,26,67
306,199,26,67
306,199,24,66
305,198,24,66
304,197,23,67
303,197,24,67
302,197,23,65
301,198,23,64
299,199,23,63
298,198,23,64
297,198,23,64
296,198,24,64
294,197,25,64
293,197,24,64
239,198,25,67
238,198,26,66
237,199,27,66
235,199,27,66
234,199,26,66
291,197,24,63
289,197,24,63
288,196,23,64
287,195,24,64
286,193,24,65
286,193,24,65
284,193,24,64
283,195,24,63
282,195,24,62
282,196,23,61
280,195,24,61
280,194,25,63
279,192,25,64
279,191,24,64
278,192,25,64
279,192,23,62
277,193,24,61
277,193,25,61
276,194,24,61
276,192,25,60
276,191,24,62
275,190,24,62
274,190,24,63
273,189,23,63
273,190,24,61
272,191,24,61
271,190,24,61
269,190,23,60
269,191,24,60
268,190,23,60
267,189,24,61
267,188,24,62
266,187,24,62
265,187,25,62
265,187,24,61
265,187,24,62
263,188,25,61
264,188,24,61
263,189,23,59
263,188,24,60
261,187,23,61
261,186,22,61
259,185,23,61
258,185,24,60
257,186,23,59
255,187,24,59
254,188,24,59
253,186,24,59
253,185,23,60
252,185,23,60
251,184,23,61
250,184,23,61
249,184,23,60
248,184,23,60
247,184,24,60
247,185,24,59
252,185,24,61
255,184,23,60
259,184,23,58
261,183,23,59
265,182,23,59
268,182,23,60
272,182,22,57
276,184,23,56
278,184,24,57
281,183,23,57
283,183,24,59
289,182,21,58
291,181,22,58
293,180,23,59
291,181,22,58
290,182,23,58
289,180,23,58
288,181,23,58
287,182,24,58
285,182,23,58
284,182,23,57
284,182,24,57
282,181,22,58
281,180,22,58
279,178,22,60
278,180,23,58
276,179,23,59
275,179,23,59
274,181,23,58
223,181,23,61
183,173,24,59
183,172,22,54
182,172,23,54
182,172,22,55
182,171,22,57
182,172,22,56
181,172,22,56
181,171,21,56
180,172,22,55
180,171,21,55
179,173,22,55
180,173,21,56
179,174,22,57
179,173,21,54
178,174,21,56
177,174,21,55
177,173,22,56
177,174,21,54
176,173,22,55
175,172,22,58
176,174,22,56
175,174,22,55
175,173,22,55
175,175,21,54
175,175,22,54
174,174,21,55
173,174,22,56
174,174,22,56
173,174,22,58
173,174,22,57
172,175,21,57
172,175,21,57
172,175,21,57
172,176,21,56
171,176,22,57
172,174,21,56
171,176,21,57
169,174,22,58
167,170,24,62
170,177,23,54
170,173,23,57
169,175,24,57
167,170,25,60
165,166,25,64
169,172,24,60
169,177,23,56
168,173,24,60
169,175,24,58
168,173,25,62
167,169,25,63
170,174,23,58
168,170,23,61
170,174,25,59
168,170,25,64
168,170,25,64
168,171,26,65
168,171,26,65
168,169,27,66
167,170,27,67
167,170,30,69
166,167,31,73
167,170,30,70
167,170,28,68
168,170,27,66
167,171,27,66
168,170,26,67
168,170,26,66
168,171,26,67
169,172,25,65
169,171,25,65
170,172,26,65
170,171,25,65
169,176,26,62
169,173,24,64
168,173,25,64
168,172,26,65
166,172,28,65
166,172,29,67
165,171,31,68
167,171,30,65
166,171,29,66
166,171,31,66
166,171,30,66
166,172,30,67
166,172,30,65
200,168,22,54
215,166,22,58
217,166,20,57
216,166,21,57
166,177,25,62
215,167,21,52
215,166,20,54
215,167,19,54
176,174,23,61
164,183,22,57
175,174,24,62
161,184,24,58
162,181,26,60
161,181,26,61
160,180,26,61
160,182,24,60
160,180,25,60
160,182,25,60
190,167,21,61
181,175,20,58
160,181,24,60
183,173,23,62
161,183,22,58
188,165,24,58
160,182,24,59
159,181,25,59
158,183,25,60
185,163,23,64
184,163,24,54
184,171,23,55
181,170,25,57
182,168,23,61
182,166,24,67
182,169,24,66
180,163,23,66
159,183,24,59
157,182,26,61
159,181,27,62
186,180,24,59
158,184,23,59
157,184,23,61
187,179,22,54
187,179,22,59
158,186,22,57
157,186,24,60
156,184,24,59
158,185,24,60
156,184,24,58
156,185,25,60
156,184,25,61
156,184,25,61
158,185,24,61
156,186,26,60
157,186,25,60
158,186,25,59
157,187,25,58
156,187,25,60
158,187,25,59
158,189,24,58
159,187,24,60
157,187,26,61
157,186,25,62
157,187,25,60
158,186,25,61
158,188,24,59
159,188,24,59
158,188,25,60
159,191,24,58
159,189,25,58
158,189,24,60
159,189,25,60
158,189,25,61
160,188,24,59
158,189,25,61
160,188,24,60
159,190,24,60
160,190,23,60
160,190,24,60
159,192,25,59
161,191,23,59
159,191,25,60
160,192,24,60
159,190,25,60
159,190,25,62
161,190,23,60
160,189,24,62
161,189,24,62
160,189,25,62
159,191,26,61
165,159,22,48
162,192,22,57
158,195,25,59
160,193,25,60
159,194,25,61
160,193,25,60
159,193,26,61
159,192,26,62
160,191,26,61
159,192,26,64
159,192,25,63
158,192,28,65
160,194,26,62
159,194,25,61
159,195,26,63
159,194,25,61
158,195,25,62
158,193,25,64
158,193,25,64
158,193,27,64
157,193,26,65
157,193,27,64
156,195,27,64
157,194,27,65
157,195,26,65
157,196,26,65
156,195,27,64
157,195,26,65
157,195,25,65
157,195,27,65
157,195,26,64
157,196,26,64
157,196,26,64
157,195,27,64
158,197,26,64
158,198,26,64
157,198,26,65
157,197,26,63
157,197,27,66
157,197,27,66
157,197,26,64
157,197,27,66
157,197,27,65
156,197,27,65
157,197,26,65
155,198,26,65
157,198,25,65
156,199,26,67
156,200,26,65
157,199,26,66
157,199,27,66
155,199,27,66
156,199,26,66
156,198,28,68
162,199,27,66
164,198,29,68
170,200,28,66
173,199,30,68
178,200,29,68
184,199,30,69
187,199,30,68
192,199,29,69
196,199,31,68
202,199,30,71
204,197,32,72
210,200,30,69
214,199,30,68
213,200,29,68
215,201,30,70
215,200,28,69
214,201,28,66
216,202,27,66
216,201,27,66
215,202,27,66
216,201,27,67
216,201,29,65
216,201,28,64
216,201,28,65
216,202,30,65
217,203,28,65
216,203,29,65
217,202,29,65
217,204,29,63
217,204,29,63
217,203,28,64
216,203,28,65
218,202,28,65
217,203,29,65
217,202,29,66
219,203,28,67
217,204,29,67
216,204,30,67
218,204,29,67
216,205,29,66
219,205,28,68
217,205,29,69
218,204,30,69
217,205,30,68
218,204,29,68
219,205,29,68
219,205,29,68
219,205,29,68
219,206,29,67
219,206,28,65
220,207,29,66
219,206,29,67
220,206,30,68
220,206,29,66
219,206,30,67
220,206,30,70
220,206,28,68
220,206,29,69
220,206,29,70
221,207,29,68
222,208,29,68
222,208,27,66
221,207,28,69
222,207,28,68
