0.036592
0.042875
0.031614
0.063708
0.021500
0.032954
0.018231
0.032558
0.106982
0.039616
0.023962
0.018003
0.026620
0.017647
0.038346
0.027448
0.040308
0.090384
0.024572
0.017837
0.018551
0.020288
0.028047
0.062876
0.033921
0.022579
0.028324
0.067025
0.022274
0.018147
0.018521
0.018263
0.017170
0.020382
0.017344
0.020292
0.025066
0.035285
0.034720
0.097679
0.026403
0.029051
0.018998
0.018116
0.031995
0.021781
0.047546
0.028714
0.023718
0.069176
0.068696
0.044497
0.023757
0.019983
0.022655
0.030871
0.025851
0.020337
0.027737
0.035090
0.034519
0.056694
0.019484
0.075392
0.019823
0.036623
0.023245
0.034931
0.030393
0.034256
0.035690
0.060868
0.019268
0.022658
0.020241
0.020782
0.019183
0.073326
0.033283
0.019207
0.027993
0.048467
0.043184
0.020005
0.045861
0.025797
0.021749
0.017228
0.023948
0.031243
0.037795
0.083645
0.060326
0.019289
0.018659
0.017778
0.017429
0.020252
0.060421
0.021109
0.059545
0.034398
0.045001
0.034511
0.017960
0.023619
0.074033
0.026173
0.020704
0.033389
0.021638
0.053979
0.039824
0.022057
0.022031
0.071238
0.043792
0.026989
0.025334
0.027417
0.035570
0.034122
0.071878
0.072768
0.020430
0.018876
0.030972
0.021305
0.040678
0.030467
0.021885
0.034589
0.083685
0.069469
0.051408
0.024007
0.018851
0.051496
0.019552
0.028867
0.019422
0.037340
0.058719
0.025305
0.057269
0.020248
0.016519
0.015790
0.017998
0.023213
0.074005
0.099514
0.094340
0.083572
0.064566
0.025230
0.022308
0.019265
0.018547
0.021282
0.026340
0.084570
0.079402
0.031042
0.036547
0.023059
0.026347
0.033173
0.053683
0.022080
0.021429
0.038915
0.020355
0.029777
0.074235
0.026296
0.024114
0.075646
0.020436
0.027042
0.052787
0.027214
0.080059
0.065374
0.021254
0.019681
0.021705
0.018375
0.024678
0.054084
0.043619
0.022289
0.068751
0.039718
0.030522
0.020579
0.059423
0.033597
0.022906
0.065393
0.029674
0.061486
0.034220
0.018516
0.025384
0.025026
0.019981
0.022230
0.029835
0.029536
0.059849
0.024151
0.036756
0.044277
0.023992
0.025068
0.019409
0.036852
0.053861
0.031309
0.061155
0.089512
0.065060
0.061157
0.066985
0.027079
0.025459
0.023991
0.054297
0.026327
0.033517
0.018992
0.050495
0.081669
0.048931
0.080911
0.023180
0.041310
0.077203
0.023406
0.033621
0.019590
0.052344
0.035887
0.019530
0.017409
0.036019
0.021367
0.054868
0.062913
0.027699
0.049696
0.106089
0.038307
0.022805
0.033168
0.020817
0.018890
0.023588
0.031985
0.086140
0.023304
0.029691
0.044791
0.043124
0.026611
0.025556
0.021520
0.057683
0.035384
0.018159
0.080229
0.024117
0.080074
0.059126
0.021402
0.030243
0.022567
0.024702
0.033472
0.067375
0.046939
0.016479
0.021560
0.027813
0.025445
0.043929
0.023130
0.033640
0.077160
0.041731
0.020247
0.021393
0.069417
0.023877
0.020000
0.018508
0.020422
0.043173
0.117406
0.020743
0.019362
0.100520
0.025496
0.021464
0.026407
0.037452
0.025417
0.065050
0.040166
0.021163
0.019950
0.075735
0.020395
0.017437
0.017551
0.028244
0.071175
0.024415
0.041321
0.026637
0.071175
0.029763
0.018138
0.021109
0.017145
0.022715
0.029272
0.072869
0.052951
0.045875
0.029886
0.024640
0.019329
0.023056
0.021842
0.025455
0.020975
0.032006
0.027898
0.015655
0.017351
0.019645
0.016616
0.019174
0.067397
0.017880
0.017832
0.016724
0.018412
0.017962
0.016790
0.016800
0.051747
0.036728
0.056632
0.032293
0.061822
0.048497
0.026371
0.026108
0.026174
0.032505
0.057712
0.063769
0.023625
0.019248
0.020654
0.018426
0.061439
0.068314
0.020436
0.076107
0.022136
0.021120
0.020998
0.021406
0.018296
0.016874
0.027004
0.053109
0.021620
0.065198
0.027467
0.064394
0.021840
0.020033
0.025636
0.016475
0.020894
0.024456
0.051337
0.031420
0.023533
0.020773
0.057260
0.041423
0.048046
0.020975
0.021436
0.044232
0.085395
0.032782
0.058396
0.044822
0.025897
0.020302
0.018450
0.018711
0.023718
0.017929
0.039106
0.058111
0.021143
0.055066
0.028691
0.087049
0.059063
0.018807
0.041737
0.022357
0.072709
0.083884
0.086194
0.078575
0.026905
0.028763
0.108044
0.021481
0.046561
0.036865
0.089256
0.022084
0.035009
0.021248
0.019669
0.019799
0.056004
0.053151
0.019968
0.083053
0.077717
0.037602
0.053745
0.053438
0.035626
0.018219
0.028448
0.033674
0.102919
0.033501
0.020815
0.037435
0.087089
0.090245
0.057705
0.078514
0.021871
0.037206
0.024084
0.054434
0.045724
0.020730
0.033265
0.103774
0.054531
0.049714
0.031880
0.057060
0.027514
0.020415
0.022722
0.038662
0.037705
0.048515
0.018501
0.078793
0.048709
0.022074
0.025850
0.019521
0.058268
0.097984
0.038782
0.071764
0.054565
0.020989
0.017168
0.065909
0.078098
0.038644
0.095672
0.082901
0.031345
0.019705
0.017740
0.025839
0.052160
0.043787
0.025945
0.073655
0.098714
0.066691
0.023569
0.033066
0.062858
0.069602
0.032052
0.034763
0.027081
0.071783
0.078294
0.021451
0.065677
0.051722
0.034639
0.017469
0.017828
0.087998
0.036360
0.039363
0.131646
0.036119
0.033697
0.028783
0.024452
0.040210
0.037898
0.082837
0.022445
0.026220
0.047424
0.069000
0.077533
0.145803
0.031110
0.028126
0.038388
0.071417
0.025815
0.034201
0.031811
0.076473
0.022759
0.017769
0.027576
0.018344
0.028244
0.067581
0.027822
0.083961
0.073096
0.042733
0.027359
0.024827
0.017176
0.027590
0.081740
0.075506
0.070854
0.077669
0.041291
0.080231
0.030869
0.023030
0.023538
0.026923
0.023023
0.075936
0.100650
0.024351
0.036257
0.019936
0.064533
0.020913
0.023979
0.020662
0.015956
0.020757
0.034319
0.020072
0.035083
0.112338
0.056261
0.042290
0.099038
0.045793
0.025913
0.046392
0.057593
0.023032
0.033783
0.015682
0.090449
0.050931
0.038961
0.017350
