0.001460
0.018940
0.016169
0.017806
0.018423
0.015762
0.017163
0.015963
0.030201
0.016082
0.016743
0.016166
0.019144
0.015831
0.019340
0.016869
0.020203
0.020567
0.019667
0.020263
0.019016
0.015085
0.014706
0.014572
0.014857
0.014433
0.014773
0.014650
0.014564
0.014336
0.015589
0.014952
0.015108
0.016192
0.014938
0.016743
0.017808
0.019185
0.026878
0.016888
0.025760
0.021863
0.015354
0.015042
0.016147
0.017811
0.020057
0.016753
0.017588
0.017772
0.016906
0.016438
0.014702
0.014625
0.014876
0.015347
0.015072
0.014500
0.014444
0.014544
0.014592
0.014555
0.014672
0.014573
0.014632
0.017081
0.018157
0.016871
0.015300
0.015152
0.016461
0.016684
0.016580
0.020977
0.016207
0.017835
0.016605
0.019238
0.026138
0.016021
0.015679
0.018787
0.020938
0.017546
0.014986
0.015412
0.015100
0.014983
0.014771
0.016178
0.015436
0.014952
0.014640
0.015324
0.014827
0.014737
0.014692
0.014629
0.015227
0.014646
0.014878
0.014579
0.014934
0.014866
0.015219
0.014826
0.014407
0.014855
0.026292
0.023501
0.024589
0.016831
0.017002
0.015879
0.015532
0.015989
0.017791
0.015006
0.020087
0.016641
0.015644
0.014683
0.015003
0.015985
0.015480
0.014769
0.014897
0.018091
0.017022
0.017532
0.018848
0.015035
0.018030
0.016056
0.014781
0.014994
0.017839
0.015177
0.014828
0.017470
0.015810
0.016671
0.018971
0.016253
0.015021
0.026601
0.016296
0.023999
0.017580
0.014685
0.015235
0.014274
0.015100
0.015266
0.023849
0.016096
0.017846
0.015382
0.015235
0.018590
0.016106
0.015480
0.015423
0.015000
0.016273
0.014941
0.023209
0.015925
0.021606
0.016889
0.015673
0.016036
0.023307
0.016154
0.018096
0.016090
0.025383
0.016877
0.015277
0.015341
0.016134
0.018084
0.015094
0.022122
0.014605
0.015650
0.015616
0.015168
0.023253
0.014788
0.016300
0.014184
0.014466
0.016372
0.015455
0.015351
0.016573
0.017733
0.016869
0.016030
0.026360
0.015740
0.019354
