125,169,32,66
128,166,34,70
129,166,35,71
130,168,36,69
133,170,36,69
136,170,37,71
138,170,37,72
141,171,36,72
143,167,36,74
215,167,36,80
211,168,38,74
215,170,39,71
211,170,42,75
169,174,37,70
217,177,40,71
157,180,38,64
166,179,36,75
173,178,39,71
240,181,39,75
200,177,37,75
185,172,43,73
186,170,39,70
189,171,39,72
199,173,36,70
199,174,38,69
204,174,41,71
206,172,50,73
202,174,53,75
205,180,56,69
216,178,53,74
229,180,44,71
233,182,44,70
242,182,42,75
243,184,43,74
246,182,42,78
247,180,46,79
252,180,47,81
256,173,48,86
258,182,46,78
260,185,37,71
252,186,45,73
308,188,51,75
250,183,52,78
254,185,54,76
258,187,54,76
266,189,54,76
339,196,59,75
348,197,55,76
350,197,56,74
356,196,56,75
355,195,57,77
318,194,43,76
322,192,46,78
326,192,48,76
329,196,50,80
341,201,46,76
348,201,47,78
354,205,49,73
355,207,58,73
361,204,61,76
435,208,58,79
444,208,59,80
450,209,62,79
454,208,65,82
456,208,62,81
447,206,66,83
383,203,54,79
364,200,61,81
355,202,64,80
349,201,62,79
350,201,56,80
356,202,51,80
359,202,52,83
356,203,63,80
349,204,69,79
344,205,71,77
340,203,73,79
340,201,73,82
342,202,69,81
346,205,64,79
352,207,60,77
357,207,63,79
367,207,56,82
370,207,58,81
364,208,62,82
362,208,60,80
363,208,67,79
375,209,55,82
380,207,47,86
357,204,46,80
347,199,61,83
347,195,73,85
346,195,82,83
346,195,85,81
358,195,72,84
367,200,58,80
390,206,58,84
390,210,54,82
393,215,47,82
387,218,58,83
378,217,59,86
411,222,63,84
417,224,61,85
472,225,60,88
437,227,50,84
475,229,70,89
472,231,70,90
467,235,69,86
396,232,58,84
396,232,58,82
395,231,63,83
397,230,64,82
403,230,61,83
413,230,55,82
465,233,45,84
427,230,43,79
422,228,51,81
421,225,58,82
427,222,66,86
515,227,54,89
479,223,56,89
484,225,53,87
445,220,54,84
504,225,55,85
501,224,59,86
495,223,65,86
510,223,65,85
506,223,63,83
554,225,54,86
549,228,51,82
535,230,46,82
536,231,51,84
495,227,49,81
541,233,56,84
539,229,62,84
540,228,66,83
545,225,62,86
549,225,57,85
555,225,50,82
559,225,47,83
556,224,47,82
551,224,55,83
553,226,58,81
560,228,59,80
576,230,56,82
588,232,49,84
601,231,49,85
605,234,44,82
614,232,42,79
615,230,45,84
611,229,48,85
598,233,64,82
600,232,64,83
618,232,52,84
625,231,44,83
627,232,42,79
627,233,43,79
623,234,52,81
626,235,56,80
634,235,60,81
642,237,55,80
656,237,46,78
659,234,47,79
662,231,48,84
664,228,48,86
666,226,49,86
667,226,54,86
668,227,57,81
637,224,51,75
653,227,55,77
655,225,49,74
705,230,46,77
710,228,50,80
724,230,44,79
726,228,51,75
731,231,49,76
729,228,48,73
743,232,45,76
740,229,45,76
741,230,47,77
742,229,44,76
742,227,46,77
746,227,45,79
746,228,44,74
746,228,41,72
745,230,37,73
744,227,38,73
743,228,35,71
738,225,36,78
733,226,38,79
714,225,37,76
728,224,40,74
709,224,41,74
711,225,41,71
712,223,41,72
716,226,40,72
718,227,40,74
715,230,36,70
715,232,39,70
711,232,38,69
713,231,39,70
716,232,40,69
725,234,37,67
738,236,32,64
722,237,39,68
722,237,37,69
724,237,37,69
724,236,38,70
730,234,40,68
764,234,35,63
735,232,38,67
795,237,36,65
781,234,31,65
783,233,33,66
797,233,34,65
801,232,35,67
808,232,36,67
812,232,31,64
802,231,38,63
815,234,31,60
810,232,31,62
817,232,34,62
830,234,35,60
817,230,33,63
875,236,31,62
873,234,31,63
846,233,34,63
852,232,32,61
847,232,34,62
837,231,36,62
834,231,31,62
836,230,33,61
839,231,35,60
878,235,35,61
870,233,32,61
898,236,30,63
851,231,32,60
804,227,33,65
805,230,34,65
806,232,34,65
806,231,34,65
851,236,32,57
844,231,32,59
875,237,31,61
828,230,28,59
779,227,30,62
777,226,30,60
825,232,27,58
841,233,30,59
838,234,28,57
815,236,28,53
835,237,27,59
812,239,29,56
809,242,28,54
805,245,30,55
757,242,28,55
749,243,29,60
789,248,28,53
794,243,30,56
787,242,31,58
774,246,29,54
791,244,28,56
787,246,29,57
787,250,27,54
787,250,25,55
766,254,26,50
726,247,26,54
724,246,29,59
780,251,24,53
772,247,27,55
771,247,28,55
780,253,23,51
779,250,24,52
778,251,27,51
781,248,27,54
801,247,26,55
800,246,27,59
767,249,28,56
764,252,29,53
736,254,29,55
787,256,25,51
786,256,28,52
786,255,25,50
789,253,25,51
784,254,26,49
768,253,26,50
743,252,26,51
745,253,28,50
771,254,24,47
805,256,22,51
801,253,21,47
797,246,23,53
800,249,24,54
795,245,24,51
796,245,23,52
797,245,22,50
794,245,25,53
798,243,22,52
793,242,25,54
792,246,23,46
797,250,23,45
804,248,21,49
799,246,19,46
794,247,24,47
795,244,20,49
791,244,22,45
789,243,22,47
784,238,25,55
756,241,24,45
787,246,23,45
770,244,20,41
782,245,22,43
782,245,22,44
778,243,19,37
784,245,22,40
778,243,30,44
781,245,22,43
780,245,21,43
761,242,24,49
761,244,24,45
766,248,23,45
764,243,23,41
763,241,20,36
770,244,21,39
772,243,21,38
771,244,20,39
753,239,21,33
772,245,20,37
777,246,21,40
767,242,20,37
767,241,18,36
767,241,21,33
773,241,21,37
770,239,20,37
763,238,22,35
736,235,22,33
773,243,19,32
774,243,18,35
778,241,22,38
770,241,21,39
770,241,20,38
769,241,21,38
770,241,19,36
767,239,21,37
769,241,19,37
766,240,21,37
761,241,21,35
761,241,19,36
763,241,20,36
755,240,19,35
756,238,20,35
753,238,19,36
753,239,20,34
751,238,21,34
753,238,22,35
751,236,20,36
749,234,23,37
746,234,21,37
764,237,21,38
761,235,22,38
761,237,20,35
759,238,22,34
757,237,24,37
747,235,22,37
737,233,20,38
743,236,24,37
741,236,22,36
770,243,21,36
748,237,21,39
749,236,21,40
748,236,21,38
725,234,22,38
745,234,21,41
721,233,22,38
758,239,24,41
743,234,24,38
740,235,26,41
740,233,24,42
742,236,24,39
734,235,24,38
710,233,24,34
733,234,22,40
732,233,21,39
731,235,20,39
729,235,22,39
730,236,22,37
728,235,21,37
727,235,21,35
700,229,23,36
722,232,22,36
719,231,23,37
694,227,23,37
696,228,23,35
721,234,22,35
718,232,22,35
716,232,23,34
714,232,23,36
713,230,23,37
712,228,23,39
712,230,24,38
746,233,22,40
728,233,25,36
727,232,22,35
707,228,22,34
703,226,23,35
673,222,20,34
702,225,21,36
670,221,19,35
698,225,23,38
695,223,26,39
695,224,24,38
693,224,24,37
661,219,22,35
659,218,20,35
690,222,22,37
689,223,25,37
686,224,25,36
691,222,25,36
684,223,23,36
692,224,19,34
680,224,20,34
684,225,23,32
684,223,21,33
682,222,23,33
712,227,20,36
711,227,20,36
710,227,19,35
709,228,19,34
707,228,19,34
705,226,21,36
675,222,19,32
671,222,18,33
671,223,18,32
670,221,19,32
669,224,20,32
671,223,19,32
666,221,20,32
655,220,21,34
665,221,19,32
659,220,20,34
661,221,20,32
659,221,19,33
