354,292,49,95
351,291,53,95
353,294,50,91
351,291,53,95
354,292,51,95
351,293,53,93
352,290,51,96
355,292,51,95
352,290,51,98
354,291,50,97
352,292,52,97
351,290,51,97
354,290,50,97
351,291,52,96
356,290,49,96
352,291,53,97
354,291,51,96
351,290,53,97
355,291,50,96
352,290,51,98
354,290,50,96
351,291,53,96
353,290,49,96
351,290,52,97
353,290,50,97
353,290,51,97
350,291,53,96
354,290,49,96
352,290,52,96
352,290,51,97
351,291,52,97
354,290,51,98
350,290,53,98
355,291,49,96
352,291,52,97
353,290,51,96
354,290,53,97
353,290,53,97
352,290,56,97
352,290,58,97
352,291,58,95
354,290,58,96
353,289,58,96
354,289,60,96
355,289,58,96
356,290,59,96
355,289,59,96
357,290,61,95
355,290,61,95
357,290,61,94
357,290,60,94
357,290,60,95
357,288,59,96
356,288,58,97
359,287,55,98
359,287,54,99
359,287,53,98
359,287,55,99
356,288,57,96
354,290,58,95
353,291,60,93
353,291,60,92
352,291,60,93
351,290,62,94
351,289,63,95
351,289,62,94
348,290,65,95
348,289,67,96
343,288,70,96
344,287,72,97
340,287,76,97
336,286,79,97
327,286,86,98
333,286,70,99
337,286,64,98
330,287,68,96
332,287,56,96
335,286,55,97
335,285,53,98
338,285,57,98
340,286,56,97
342,286,54,97
339,287,51,98
339,287,60,96
344,287,54,96
347,289,54,96
346,289,53,93
346,288,54,94
345,289,54,96
343,288,49,95
340,286,47,97
335,285,58,99
335,286,52,97
331,286,60,97
329,286,63,97
326,287,64,97
322,287,67,97
322,287,66,96
321,288,63,95
323,288,70,96
320,290,54,94
324,288,61,96
320,288,62,95
325,288,64,96
323,287,67,97
326,287,63,97
324,286,62,97
327,288,66,96
327,285,59,99
328,287,59,97
326,286,61,97
325,288,63,97
325,285,64,98
325,287,66,96
326,286,63,98
325,286,65,98
323,287,60,96
327,287,66,97
327,288,61,97
329,288,58,95
330,288,64,95
331,287,69,96
343,287,76,96
357,287,63,96
347,288,69,95
356,289,61,93
351,289,68,95
348,290,70,93
352,291,71,91
352,290,68,93
350,289,67,94
352,291,66,92
351,290,67,94
352,290,69,94
352,287,68,96
357,289,60,95
355,290,59,94
354,288,60,95
354,287,59,97
355,285,56,97
357,286,56,99
354,285,57,98
358,285,56,99
357,287,55,97
360,287,56,97
358,288,56,94
360,289,55,93
360,290,54,93
361,292,54,91
361,292,53,91
361,292,53,91
360,292,53,90
361,292,53,91
360,292,52,89
359,292,55,92
359,292,53,91
359,291,55,91
359,291,54,92
362,289,52,93
361,290,52,94
362,288,52,95
364,289,51,94
362,289,53,94
364,290,51,93
362,289,53,94
362,290,54,93
361,290,53,93
364,288,49,94
361,287,54,97
363,286,50,96
364,286,51,97
365,285,50,98
363,286,51,98
364,283,51,100
364,283,52,100
367,283,50,100
368,284,50,100
368,284,47,99
368,283,47,100
368,284,48,99
367,285,48,99
369,285,47,99
369,284,46,98
370,285,46,98
369,285,46,98
370,285,47,98
370,285,46,98
369,285,47,98
369,286,47,98
370,285,46,99
370,285,46,98
369,285,46,99
369,285,46,98
370,285,46,98
369,285,46,99
370,285,46,98
370,286,46,97
369,285,46,98
367,286,49,97
367,287,48,95
368,285,47,97
370,283,49,89
375,282,43,83
376,280,40,85
376,277,38,87
374,278,40,95
372,279,40,95
372,277,41,96
372,277,40,97
372,273,39,96
371,274,40,96
371,274,41,96
371,274,40,95
370,274,41,95
370,274,40,96
370,274,39,95
370,274,39,95
368,274,40,96
369,274,41,95
366,274,43,96
370,274,41,94
367,274,42,95
369,275,41,95
370,275,41,95
370,274,42,94
370,275,41,95
370,275,42,95
369,274,43,97
371,274,42,94
370,274,42,95
302,283,49,103
369,272,43,96
370,275,42,96
370,273,41,97
369,272,40,97
369,272,40,99
371,271,39,98
369,272,38,98
371,272,38,97
371,271,39,98
372,271,39,98
371,273,39,97
370,272,39,98
372,272,39,98
370,273,40,98
370,272,40,99
367,273,42,98
369,272,41,96
369,272,40,97
368,272,40,98
369,273,41,97
369,273,41,98
368,272,41,98
368,273,42,98
369,273,42,97
370,272,40,97
370,273,39,98
372,272,38,98
373,272,37,98
371,272,38,99
371,272,37,98
373,271,37,97
372,272,37,98
372,271,38,98
371,272,38,97
370,271,38,97
370,273,38,97
370,272,39,97
369,273,38,97
369,273,39,96
369,273,39,97
369,273,39,97
369,273,38,96
371,271,38,97
371,271,37,98
371,272,39,98
370,272,38,97
371,272,39,98
371,272,40,97
371,273,41,96
371,272,40,96
372,272,39,95
372,273,39,94
372,273,39,96
373,273,38,94
374,273,38,95
374,272,38,95
374,272,38,95
375,272,39,95
375,272,39,96
375,272,39,94
376,272,38,95
377,271,37,93
379,272,36,92
379,270,37,92
380,270,38,93
380,270,37,92
381,268,37,94
381,267,38,93
378,269,39,93
379,266,35,91
376,268,38,89
367,269,43,96
365,267,42,102
358,265,50,103
363,265,44,103
365,264,41,103
366,266,40,102
363,266,41,100
362,267,38,94
359,266,39,97
350,259,37,83
348,258,40,86
347,260,40,82
344,259,39,84
341,257,39,84
335,255,41,85
336,254,38,87
337,253,38,84
336,251,38,86
336,251,39,86
335,250,38,83
334,248,38,87
336,248,35,83
336,247,38,91
335,246,38,90
334,244,37,89
334,245,38,86
335,243,36,82
336,240,36,84
336,241,36,80
337,239,36,85
335,239,34,80
339,238,37,81
338,238,34,80
339,237,36,83
336,237,34,80
340,236,37,80
337,237,34,80
337,236,33,75
337,234,34,79
336,232,34,78
338,231,33,79
336,230,33,79
340,230,31,80
337,231,33,78
339,230,33,78
342,231,35,77
340,228,34,81
346,230,35,79
347,230,34,79
346,229,34,78
348,231,35,79
345,229,34,78
343,227,33,81
341,227,34,83
343,224,33,83
341,225,32,81
339,223,34,80
339,225,34,80
339,223,35,80
340,222,35,80
339,222,34,83
339,220,37,83
340,219,34,81
343,219,33,79
345,218,33,77
348,220,31,75
349,221,30,73
351,220,32,73
351,217,33,74
355,218,35,74
356,216,35,74
355,214,36,76
363,214,34,74
349,212,29,71
351,210,31,72
350,210,33,73
349,210,31,71
351,209,31,71
351,208,32,72
352,208,29,70
352,207,28,69
355,208,28,69
354,208,28,69
355,208,28,68
356,208,27,67
357,206,29,67
358,205,30,69
392,204,30,69
357,205,30,67
359,204,29,67
359,203,28,67
362,205,27,65
361,203,28,66
363,202,28,65
363,202,27,65
362,202,28,65
363,200,28,64
363,201,27,64
363,200,27,63
361,200,26,63
360,200,26,62
355,198,28,63
354,199,27,62
353,198,28,63
352,196,27,63
352,197,26,62
352,197,26,62
350,195,26,63
350,196,26,61
349,195,26,61
349,195,25,60
348,194,26,60
348,195,25,59
347,194,25,58
347,193,24,59
345,192,25,59
343,192,25,58
340,191,25,58
339,191,27,59
336,190,27,56
334,189,28,57
332,189,28,58
331,189,28,55
330,188,28,55
329,188,27,56
328,187,27,55
326,188,27,57
321,185,31,55
319,188,30,54
317,186,32,54
312,187,30,51
310,187,30,51
303,186,31,51
298,187,32,50
293,187,32,45
292,186,31,47
289,186,31,44
284,185,31,44
279,186,31,46
277,184,29,52
275,184,28,52
273,183,27,53
270,181,28,54
268,181,28,54
264,181,27,51
262,180,27,52
258,182,27,49
254,182,28,48
250,182,30,48
228,182,30,47
206,180,29,48
198,181,28,50
195,181,26,49
191,181,28,50
188,179,26,51
186,179,26,49
183,176,25,53
180,176,27,52
177,176,27,51
227,170,27,50
225,171,28,52
222,168,29,49
222,167,28,54
219,169,29,52
217,167,27,51
