0.001700
0.017709
0.017473
0.015224
0.016027
0.015202
0.017752
0.022115
0.030198
0.022756
0.028275
0.020173
0.021357
0.018649
0.017195
0.016735
0.021911
0.023738
0.019863
0.018371
0.021516
0.021085
0.018847
0.020892
0.017646
0.022752
0.025681
0.016693
0.015860
0.022151
0.021092
0.016930
0.015451
0.014961
0.015672
0.015029
0.014899
0.014950
0.015624
0.014682
0.020889
0.017322
0.016757
0.016896
0.018137
0.017859
0.017784
0.019882
0.020081
0.018572
0.017690
0.018926
0.018985
0.017694
0.016814
0.016773
0.014967
0.015111
0.015353
0.017339
0.014767
0.014566
0.015549
0.015689
0.015718
0.015138
0.017297
0.016049
0.015777
0.015190
0.016453
0.016305
0.015680
0.015413
0.014946
0.015343
0.016312
0.018771
0.022092
0.015924
0.018064
0.018816
0.020330
0.029155
0.020086
0.021812
0.018632
0.018150
0.017609
0.015107
0.015147
0.016326
0.016742
0.015587
0.015267
0.015059
0.014746
0.015402
0.015337
0.015292
0.015072
0.016100
0.020983
0.025535
0.030171
0.020144
0.024794
0.028159
0.020739
0.017768
0.020348
0.024873
0.016493
0.017341
0.016473
0.019447
0.015368
0.015358
0.018208
0.016276
0.014633
0.014674
0.015236
0.015559
0.018567
0.017011
0.020306
0.016342
0.017536
0.019811
0.018966
0.019270
0.019246
0.020622
0.017772
0.016131
0.015685
0.017697
0.015520
0.016475
0.020009
0.015019
0.015367
0.015081
0.015181
0.018372
0.015449
0.016122
0.020948
0.015900
0.016344
0.017457
0.019358
0.021652
0.022106
0.020048
0.019784
0.020244
0.016398
0.015537
0.015673
0.014495
0.015693
0.016165
0.015606
0.016047
0.014346
0.014387
0.014193
0.014520
0.017347
0.014624
0.014633
0.014956
0.014321
0.015242
0.015197
0.015503
0.014469
0.015006
0.015299
0.015014
0.015932
0.017395
0.015352
0.023855
0.015788
0.018131
0.024983
0.018800
0.017262
0.019090
0.017297
0.018819
0.021222
0.019502
0.014866
0.014915
0.015044
0.014547
0.014624
0.014627
0.014814
0.015164
0.015039
0.014842
0.014691
0.015172
0.020717
0.016696
0.019182
0.017854
0.032116
0.022404
0.047728
0.050123
0.035902
0.025567
0.023895
0.020026
0.020177
0.017992
0.016922
0.016280
0.016712
0.018648
0.016037
0.016273
0.015373
0.014670
0.016881
0.015338
0.020816
0.018747
0.015936
0.017488
0.018119
0.019229
0.016721
0.016745
0.017962
0.016988
0.018542
0.017872
0.016538
0.016724
0.015888
0.018194
0.015464
0.015323
0.016318
0.016249
0.015650
0.015876
0.016573
0.016320
0.020222
0.020159
0.016846
0.020697
0.018962
0.017341
0.016680
0.018629
0.017849
0.017331
0.018326
0.018373
0.018634
0.016576
0.016644
0.016498
0.016511
0.016162
0.016552
0.016574
0.016327
0.016467
0.016133
0.016000
0.016245
0.015964
0.016440
0.016670
0.016511
0.016485
0.016203
0.016965
0.016279
0.016693
0.015997
0.019879
0.019851
0.018326
0.017459
0.018126
0.017057
0.017798
0.017551
0.017730
0.019190
0.018049
0.019379
0.018288
0.017968
0.018052
0.016129
0.016317
0.016009
0.015745
0.015370
0.015845
0.015846
0.015333
0.015701
0.016735
0.018028
0.016968
0.016003
0.019316
0.017564
0.023630
0.019406
0.022563
0.019660
0.018666
0.020785
0.018546
0.017458
0.017865
0.016773
0.016947
0.017370
0.017492
0.015484
0.015729
0.016365
0.016497
0.015750
0.017002
0.017350
0.020833
0.019388
0.019096
0.028311
0.021716
0.019693
0.016641
0.018194
0.016809
0.016059
0.015385
0.015880
0.015216
0.016483
0.015057
0.016127
0.015921
0.015449
0.015249
0.015857
0.015731
0.022439
0.018979
0.017369
0.016962
0.018744
0.022629
0.018608
0.018518
0.018794
0.023967
0.020128
0.025318
0.025097
0.017448
0.016349
0.015087
0.015288
0.015692
0.016244
0.015260
0.015354
0.015024
0.015302
0.015374
