0.015946
0.036926
0.037153
0.038335
0.034526
0.036913
0.026161
0.038048
0.019930
0.021068
0.019947
0.019703
0.037161
0.035268
0.029819
0.033140
0.035884
0.036706
0.022244
0.035930
0.033775
0.034615
0.036032
0.027285
0.035405
0.033779
0.024669
0.035270
0.027890
0.025123
0.036847
0.032522
0.039738
0.032111
0.039673
0.037838
0.036804
0.038687
0.037328
0.035702
0.038719
0.038702
0.037777
0.024836
0.036677
0.028401
0.036952
0.035650
0.036811
0.036526
0.036119
0.022900
0.028752
0.035360
0.034349
0.028464
0.036482
0.036579
0.036438
0.034660
0.023539
0.036860
0.037104
0.035397
0.034358
0.034795
0.037441
0.022246
0.020918
0.036745
0.034589
0.033675
0.033494
0.026217
0.035053
0.036177
0.034397
0.034741
0.037905
0.031726
0.034969
0.035993
0.034133
0.035518
0.025532
0.036616
0.032694
0.041270
0.038357
0.029125
0.035035
0.035678
0.028446
0.032826
0.036714
0.035166
0.027529
0.033576
0.034272
0.034836
0.034419
0.035400
0.034200
0.035169
0.035149
0.036199
0.036516
0.034172
0.032339
0.035788
0.027537
0.034268
0.028104
0.034499
0.034994
0.030408
0.025215
0.035197
0.038280
0.035097
0.034238
0.018752
0.032995
0.030663
0.033118
0.034648
0.035341
0.026073
0.022306
0.034978
0.035080
0.035647
0.027840
0.021496
0.035661
0.034476
0.034182
0.035024
0.029713
0.034637
0.034862
0.024084
0.036211
0.026788
0.035405
0.032388
0.033362
0.033993
0.028240
0.035175
0.029394
0.037248
0.025983
0.034361
0.033017
0.034857
0.034372
0.021745
0.034225
0.035105
0.021951
0.018633
0.018321
0.020167
0.018189
0.018539
0.021488
0.036555
0.033805
0.031598
0.033755
0.033549
0.030652
0.035968
0.034943
0.033878
0.035153
0.026901
0.035799
0.037789
0.036496
0.027292
0.033809
0.033990
0.035062
0.032610
0.032914
0.019716
0.032362
0.032595
0.022683
0.032536
0.033256
0.033797
0.033552
0.023560
0.022340
0.033857
0.033478
0.037116
0.036581
0.027638
0.036155
0.022944
0.037584
0.022577
0.035530
0.033328
0.036031
0.035334
0.018441
0.021355
0.033850
0.025908
0.019018
0.018470
0.027641
0.029438
0.020168
0.031929
0.032734
0.033917
0.034980
0.034994
0.033985
0.021544
0.021371
0.016795
0.018445
0.029624
0.032675
0.023135
0.035411
0.022760
0.032634
0.032663
0.033271
0.027386
0.032699
0.032888
0.033653
0.033852
0.034904
0.033727
0.034549
0.033658
0.033977
0.033120
0.026913
0.033324
0.032942
0.032994
0.033545
0.035011
0.034767
0.033904
0.036056
0.017571
0.017070
0.035143
0.033362
0.033086
0.030735
0.033497
0.018237
0.017750
0.017373
0.031380
0.034302
0.035374
0.032212
0.033111
0.034515
0.031861
0.029850
0.035285
0.017400
0.018002
0.034358
0.017090
0.017149
0.017108
0.016258
0.016327
0.022279
0.020687
0.033052
0.029195
0.032322
0.024449
0.019775
0.015349
0.016031
0.032641
0.027829
0.033803
0.020955
0.032217
0.033625
0.036162
0.033544
0.030755
0.029342
0.034245
0.021387
0.029470
0.017233
0.036718
0.033234
0.034176
0.032774
0.032228
0.020761
0.032875
0.024896
0.031956
0.032317
0.035691
0.020300
0.016071
0.034304
0.016629
0.018163
0.017918
0.034209
0.032027
0.032644
0.035170
0.034031
0.034042
0.032901
0.033425
0.026985
0.031294
0.022219
0.022695
0.030491
0.031951
0.032754
0.032849
0.033134
0.032534
0.033004
0.031486
0.020835
0.033174
0.031046
0.032282
0.031760
0.030895
0.033634
0.023233
0.034237
0.032448
0.033632
0.033013
0.033218
0.034854
0.032041
0.021762
0.035320
0.033771
0.032216
0.032176
0.033538
0.032618
0.024350
0.022449
0.032706
0.022378
0.033820
0.033631
0.035240
0.028052
0.029261
0.033264
0.028885
0.033786
0.033401
0.033797
0.033470
0.034072
0.034143
0.035577
0.037281
0.036252
0.024785
0.036544
0.034697
0.021515
0.020867
0.021332
0.020681
0.030524
0.038931
0.035504
0.037446
0.035129
0.035723
0.027763
0.034135
0.037339
0.022859
0.019508
0.027827
0.031340
0.036731
0.036110
0.037988
0.023873
0.035129
0.026120
0.037613
0.033457
0.035428
0.021605
0.036446
0.036780
0.038537
0.035818
0.027792
0.036690
0.036719
0.035675
0.032670
0.032540
0.032550
0.020310
0.016192
0.015569
0.032969
0.036850
0.033001
0.032913
0.032581
0.024716
0.029779
0.034407
0.033916
0.033343
0.032755
0.033679
0.033974
0.034225
0.025434
0.033177
0.032480
0.032462
0.032461
0.032341
0.029963
0.019804
0.036015
0.032882
0.020530
0.030663
0.033612
0.031190
0.033779
0.033474
0.032547
0.026407
0.017232
0.033892
0.037212
0.033663
0.034677
0.019606
0.016119
0.016676
0.032427
0.031534
0.026122
0.037201
0.027353
0.033561
0.025592
0.033314
0.031970
0.017559
0.023243
0.019719
0.019367
0.019749
0.018959
0.034138
0.034007
0.034106
0.029483
0.031643
0.035803
0.032384
0.033117
0.033369
0.032196
0.017095
0.038372
0.033330
0.033089
0.032648
0.032608
0.033331
0.029949
0.034231
0.031013
0.025456
0.033180
0.028640
0.033016
0.032875
0.033474
0.033126
0.029815
0.033837
0.015867
0.033440
0.032214
0.032354
0.032043
0.031730
0.024194
0.032691
0.032981
0.016042
0.020031
0.032481
0.033849
0.032346
0.032092
0.032211
0.032929
0.016184
0.031669
0.033778
0.032578
0.032094
0.028890
0.021974
0.033479
0.028674
0.031991
0.032202
0.031735
0.031420
0.029649
0.034201
0.032431
0.017493
0.016936
0.034069
0.019496
0.035721
0.034387
0.035218
0.028241
0.035430
0.037010
0.018686
0.018343
0.026558
0.019649
0.018085
0.017946
0.018423
0.019061
0.021576
0.032244
0.034363
0.033638
0.028541
0.032785
0.025850
0.034471
0.035008
0.033738
0.020700
0.031837
0.035223
0.035073
0.035589
0.034514
0.030396
0.036267
0.024141
0.034401
0.035789
0.035562
0.031353
0.034531
0.033875
0.029569
0.036923
0.034541
0.027395
0.031904
0.036009
0.019565
0.036192
0.034195
0.019387
0.037467
0.036525
0.034252
0.036384
0.033962
0.024145
0.030372
0.034496
0.023711
0.035836
0.035300
0.032852
0.035420
0.034137
0.034193
0.036637
0.034521
0.034707
0.037068
0.035052
0.035391
0.019268
0.019075
0.033600
0.036075
0.034970
0.034000
0.034581
0.022787
0.018656
0.035439
0.035450
0.034103
0.022398
0.025452
0.035551
0.033755
0.033336
0.035195
0.031554
0.035260
0.035510
0.034413
0.017869
0.035166
0.035157
0.035664
0.033908
0.019586
0.030219
0.035866
0.034691
0.033087
0.033500
0.034312
0.036814
0.034047
0.032574
0.034898
0.033938
0.034360
0.033036
0.034313
0.021170
0.019857
0.018306
0.018475
0.018297
0.018732
0.019255
0.019620
0.018967
0.019037
0.019298
0.018969
0.018907
0.019030
0.020112
0.019674
0.020202
0.020754
0.019239
0.026872
0.031410
0.036535
0.033828
0.022911
0.035624
0.035626
0.033654
0.035311
0.023061
0.035531
0.026694
0.035004
0.033835
0.034633
0.033520
0.034060
0.029812
0.036030
0.034726
0.030340
0.018212
0.032805
0.034277
0.031218
0.035783
0.027901
0.032444
0.034255
0.034800
0.025771
0.033839
0.032346
0.026145
0.034227
0.022376
0.034989
0.032972
0.018251
0.022220
0.017796
0.018639
0.018020
0.019774
0.025631
0.034959
0.025525
0.032033
0.034717
0.033462
0.032299
0.031923
0.031838
0.029634
0.032269
0.033074
0.032077
0.033977
0.025071
0.033669
0.030927
0.035110
0.026543
0.031274
0.035235
0.033869
0.033630
0.030593
0.018097
0.034970
0.036107
0.033495
0.025619
0.034184
0.029685
0.034130
0.031089
0.036892
0.021206
0.035200
0.023977
0.034602
0.036066
0.033176
0.034265
0.035670
0.034475
0.020116
0.020518
0.018820
0.035619
0.035048
0.022579
0.029895
0.034774
0.033390
0.034486
0.034519
0.035430
0.034011
0.026425
0.033509
0.033503
0.035383
0.033029
0.017508
0.036223
0.034724
0.030837
0.031504
0.033857
0.034809
0.033721
0.034805
0.035228
0.034998
0.033843
0.024271
0.034629
0.033937
0.017754
0.021018
0.018202
0.028658
0.035224
0.029335
0.023439
0.023156
0.026047
0.024201
0.032927
0.030896
0.032893
0.032813
0.030886
0.034546
0.034033
0.037166
0.034763
0.019773
0.024931
0.033641
0.020728
0.019059
0.018563
0.021736
0.027038
0.035964
0.032876
0.028419
0.026670
0.034610
0.027722
0.033684
0.035167
0.035215
0.035327
0.037538
0.034372
0.034365
0.032162
0.036075
0.035516
0.034815
0.033816
0.030023
0.026613
0.035807
0.024470
0.033169
0.033753
0.033224
0.027456
0.034359
0.034508
0.025819
0.029168
0.034225
0.024570
0.021906
0.020555
0.018102
0.018770
0.034679
0.037340
0.032724
0.034507
0.036549
0.026843
0.035062
0.032841
0.033664
0.023272
0.032893
0.021903
0.032194
0.033108
0.026546
0.033783
0.028281
0.022043
0.030437
0.021861
0.032982
0.027558
0.034727
0.034105
0.017572
0.018666
0.018858
0.034556
0.034233
0.023305
0.035050
0.019747
0.035337
0.027437
0.031512
0.034562
0.035717
0.032825
0.033336
0.034539
0.035069
0.032252
0.031850
0.035538
0.018153
0.035211
0.032485
0.035574
0.034509
0.034736
0.027568
0.033586
0.034940
0.020433
0.034078
0.017882
0.017452
0.018085
0.017453
0.033578
0.034145
0.032793
0.033362
0.033809
0.026220
0.032398
0.025949
0.033293
0.017472
0.035057
0.033784
0.033601
0.018176
0.033773
0.033545
0.033639
0.034197
0.034800
0.033760
0.034652
0.034359
0.034924
0.018208
0.019469
0.036957
0.033895
0.032172
0.034973
0.033978
0.033808
0.032433
0.027845
0.034009
0.033670
0.030955
0.034646
0.031530
0.033552
0.034331
0.033425
0.034075
0.033313
0.031726
0.032038
0.034878
0.034021
0.035128
0.034658
0.025607
0.033369
0.036688
0.036821
0.035529
0.033875
0.027493
0.035142
0.030513
0.034611
0.035481
0.036471
0.035690
0.030293
0.034738
0.025592
0.019353
0.019467
0.034801
0.027040
0.034906
0.034802
0.034681
0.033358
0.035562
0.033926
0.035319
0.033767
0.037884
0.034429
0.026037
0.029860
0.032885
0.033979
0.034378
0.032494
0.035539
0.029682
0.034588
0.036084
0.033103
0.025314
0.034057
0.033762
0.035490
0.031023
0.033238
0.033716
0.027555
0.021642
0.035101
0.032580
0.030483
0.025037
0.030140
0.027777
0.034884
0.035367
0.033824
0.034550
0.033106
0.023483
0.031346
0.025768
0.022967
0.034747
0.034119
0.031515
0.025859
0.035145
0.031723
0.037159
0.033691
0.033952
0.030243
0.035946
0.035981
0.033303
0.022993
0.035676
0.035909
0.030018
0.034348
0.034034
0.033454
0.036085
0.034344
0.023535
0.034446
0.034699
0.034425
0.034032
0.034724
0.035181
0.033686
0.030081
0.035467
0.034668
0.031534
0.033210
0.019357
0.032864
0.037186
0.035699
0.035484
0.035883
0.034837
0.031830
0.034348
0.034327
0.037011
0.036139
0.037265
0.037633
0.027249
0.034004
0.025330
0.034104
0.033390
0.033743
0.034480
0.030035
0.034613
0.033886
0.033908
0.035913
0.035302
0.035580
0.036313
0.021022
0.035424
0.033520
0.034533
0.035962
0.034257
0.037086
0.034539
0.035933
0.036694
0.035167
0.035626
0.038388
0.023812
0.035396
0.035137
0.022168
0.033002
0.036139
0.034642
0.035288
0.034290
0.027058
0.027295
0.036613
0.034693
0.036238
0.035526
0.031900
0.036307
0.033469
0.035458
0.036133
0.034057
0.034516
0.033646
0.027701
0.033696
0.029268
0.031213
0.033877
0.034441
0.032926
0.033629
0.026643
0.031016
0.033275
0.032879
0.035137
0.035132
0.035349
0.022600
0.030986
0.035993
0.033414
0.023389
0.031232
0.033762
0.034445
0.032946
0.032597
0.032082
0.040702
0.035120
0.034622
0.036738
0.026283
0.034643
0.034012
0.023175
0.031836
0.033866
0.034171
0.036096
0.027876
0.033343
0.034270
0.033033
0.037062
0.031862
0.034836
0.027913
0.037169
0.026237
0.034884
0.034714
0.035701
0.035873
0.036414
0.033257
0.027483
0.035518
0.035090
0.035943
0.034881
0.031873
0.021457
0.034083
0.024301
0.036056
0.027620
0.035550
0.033535
0.027099
0.033438
0.034963
0.032618
0.036625
0.035499
0.030597
0.036345
0.031782
0.036326
0.037332
0.036073
0.038532
0.036320
0.036620
0.035705
0.035888
0.033619
0.034682
0.029119
0.036281
0.035780
0.035503
0.037060
0.034957
0.036516
0.031642
0.028369
0.035335
0.033968
0.023947
0.022834
0.036665
0.034416
0.026274
0.036225
0.035804
0.034124
0.036360
0.018396
0.040944
0.026504
0.034835
0.034965
0.033438
0.033032
0.023001
0.017847
0.032366
0.027985
0.036552
0.037840
0.035197
0.035269
0.035524
0.035850
0.026091
0.031892
0.029256
0.033365
0.034010
0.034565
0.032539
0.034853
0.026874
0.035191
0.034364
0.035223
0.036099
0.036267
0.027477
0.034265
0.023593
0.034218
0.028752
0.031856
0.029304
0.033658
0.034125
0.035639
0.032397
0.023158
0.032865
0.033273
0.034533
0.033257
0.034118
0.032264
0.035144
0.035576
0.035057
0.024256
0.036658
0.030454
0.034602
0.027388
0.035693
0.035609
0.034905
0.035832
0.028902
0.036545
0.037547
0.034961
0.038563
0.027619
0.040534
0.034626
0.024358
0.035758
0.035772
0.035359
0.032568
0.034843
0.021328
0.034223
0.029771
0.034143
0.033631
0.034230
0.034622
0.029244
0.033475
0.034343
0.035297
0.033607
0.020529
0.026800
0.035326
0.030123
0.032047
0.033901
0.018164
0.030740
0.034937
0.033674
0.036539
0.034100
0.029384
0.036361
0.027756
0.035772
0.032883
0.035551
0.033890
0.036501
0.035373
0.037630
0.021246
0.034689
0.034491
0.035255
0.034760
0.039586
0.037473
0.034677
0.032692
0.035810
0.035909
0.027785
0.037525
0.027912
0.029123
0.037630
0.038511
0.029872
0.035363
0.026664
0.033795
0.033124
0.032838
0.033357
0.032601
0.035930
0.025323
0.032206
0.033755
0.023301
0.032679
0.033548
0.024406
0.033147
0.022740
0.027883
0.032392
0.033210
0.019442
0.033656
0.016807
0.016983
0.015833
0.031567
0.032823
0.023183
0.026293
0.033692
0.032799
0.026603
0.031020
0.026255
0.032665
0.035482
0.033400
0.031677
0.031308
0.033024
0.031746
0.032621
0.032505
0.031352
0.034099
0.029151
0.032356
0.031999
0.032208
0.033206
0.030674
0.032961
0.015736
0.031754
0.032460
0.032207
0.033087
0.022349
0.032656
0.023521
0.031879
0.032362
0.031786
0.030216
0.027210
0.033576
0.031532
0.018102
0.031231
0.032178
0.025288
0.031128
0.021415
0.031210
0.031472
0.024434
0.030907
0.032403
0.027730
0.031457
0.030476
0.035463
0.031927
0.030820
0.031197
0.019139
0.025798
0.033003
0.031102
0.030730
0.032708
0.020466
0.032726
0.032052
0.031961
0.032591
0.026217
0.032566
0.032493
0.033260
0.032643
0.032041
0.031476
0.032412
0.035035
0.019773
0.035245
0.027168
0.027194
0.031703
0.031422
0.035782
0.033307
0.033252
0.033919
0.031402
0.035043
0.032726
0.029482
0.026449
0.020877
0.025048
0.020353
0.031475
0.020633
0.029790
0.033793
0.021096
0.032227
0.032217
0.035571
0.030651
0.031151
0.032115
0.032185
0.027850
0.035180
0.033906
0.034212
0.018396
0.030309
0.032314
0.029311
0.035841
0.028319
0.032310
0.033781
0.021924
0.034577
0.032018
0.033578
0.025291
0.031722
0.032786
0.033682
0.032286
0.031476
0.031244
0.033374
0.024872
0.031971
0.031156
0.026252
0.031352
0.031846
0.021195
0.031015
0.030513
0.032475
0.029428
0.031843
0.031663
0.025526
0.032357
0.025825
0.023436
0.032408
0.030221
0.032741
0.017621
0.031086
0.032046
0.031252
0.025167
0.025111
0.032176
0.033218
0.024800
0.019210
0.031464
0.030874
0.028631
0.027181
0.032190
0.030974
0.033329
0.032118
0.032341
0.032002
0.032731
0.024693
0.032422
0.036423
0.032924
0.033416
0.029998
0.030968
0.031694
0.031922
0.028320
0.031643
0.032717
0.028155
0.018442
0.030736
0.033281
0.032637
0.032684
0.031680
0.025492
0.034124
0.019417
0.029299
0.031225
0.032624
0.029551
0.031138
0.032880
0.032396
0.023330
0.028389
0.019791
0.023220
0.032735
0.031834
0.032803
0.031721
0.032102
0.019212
0.028394
0.031377
0.029163
0.022967
0.028652
0.032311
0.035203
0.033072
0.032100
0.032356
0.024837
0.031420
0.027777
0.032276
0.033031
0.033445
0.022189
0.032808
0.031959
0.033628
0.015957
0.032190
0.031762
0.033356
0.032869
0.016558
0.031716
0.032885
0.025056
0.034678
0.026088
0.031742
0.031193
0.033263
0.035276
0.028369
0.026232
0.032772
0.032062
0.027795
0.033611
0.035326
0.031370
0.032233
0.033235
0.032103
0.034752
0.033047
0.022141
0.035193
0.032320
0.032084
0.029208
0.033958
0.025514
0.030878
0.033237
0.031327
0.033605
0.033002
0.030530
0.021802
0.030826
0.023102
0.031891
0.034516
0.034210
0.028162
0.033391
0.022285
0.031677
0.032227
0.026649
0.033650
0.028106
0.031396
0.032212
0.033578
0.031534
0.031939
0.034136
0.027041
0.023178
0.031161
0.027214
0.035009
0.023124
0.029088
0.025239
0.025472
0.035184
0.026767
0.032917
0.032252
0.033428
0.024772
0.022534
0.032777
0.032589
0.022575
0.034131
0.034442
0.032718
0.032655
0.032707
0.023065
0.033803
0.032484
0.033401
0.018753
0.018460
0.033507
0.024781
0.033319
0.023761
0.034384
0.022278
0.034101
0.025763
0.034195
0.023499
0.032137
0.030296
0.033786
0.033164
0.032223
0.025898
0.033269
0.033919
0.031810
0.030805
0.029635
0.027472
0.028892
0.026012
0.035442
0.032881
0.031496
0.034550
0.034047
0.034664
0.021632
0.031555
0.033263
0.033135
0.034202
0.033549
0.034366
0.025039
0.032896
0.021695
0.034040
0.033837
0.025099
0.032684
0.032683
0.024548
0.034029
0.033853
0.033486
0.025383
0.032704
0.030884
0.032668
0.033134
0.032630
0.034321
0.019389
0.033953
0.032778
0.032588
0.033728
0.033119
0.034446
0.033202
0.033114
0.030151
0.033910
0.032714
0.032848
0.026849
0.029719
0.033303
0.034719
0.034086
0.033402
0.029701
0.033858
0.024462
0.033091
0.034190
0.033518
0.032595
0.033952
0.031193
0.033800
0.032938
0.034184
0.034865
0.035573
0.033278
0.035512
0.023331
0.034247
0.035352
0.033008
0.023462
0.035142
0.033429
0.021949
0.031023
0.033152
0.033869
0.036446
0.033555
0.034060
0.031606
0.033477
0.034488
0.033858
0.034877
0.034224
0.034410
0.035832
0.034581
0.028211
0.035104
0.022124
0.033739
0.035688
0.021896
0.035501
0.034357
0.033501
0.034404
0.033427
0.025684
0.033610
0.033540
0.024046
0.033668
0.031929
0.034729
0.028881
0.030232
0.034269
0.034256
0.026181
0.037595
0.030541
0.027153
0.034679
0.034467
0.032206
0.034340
0.027889
0.033707
0.030773
0.034215
0.034286
0.026383
0.034452
0.035930
0.033449
0.036176
0.034182
0.018353
0.032109
0.017032
0.017451
0.018686
0.033536
0.034926
0.031860
0.029304
0.035214
0.024368
0.033477
0.034584
0.035347
0.027996
0.036275
0.037628
0.036779
0.037324
0.034113
0.035508
0.036511
0.035123
0.035944
0.036314
0.032136
0.038120
0.036840
0.025644
