0.002260
0.020342
0.021128
0.029966
0.018182
0.017247
0.016549
0.018769
0.016588
0.016269
0.016634
0.016127
0.016930
0.018859
0.021392
0.024619
0.017822
0.017625
0.016641
0.018356
0.015445
0.017207
0.019592
0.015930
0.015632
0.016086
0.015240
0.017606
0.016114
0.016225
0.015890
0.017486
0.016017
0.023604
0.017583
0.019196
0.024478
0.021912
0.018956
0.018426
0.020514
0.022915
0.019901
0.021081
0.017255
0.016754
0.016182
0.015746
0.016036
0.015597
0.015614
0.017808
0.015644
0.020160
0.015733
0.018502
0.015228
0.015310
0.015844
0.015798
0.017535
0.018005
0.017807
0.017737
0.018336
0.017504
0.017137
0.016833
0.018806
0.018268
0.018200
0.018440
0.017316
0.016816
0.017277
0.016697
0.016910
0.016989
0.017593
0.017009
0.017339
0.018112
0.018152
0.024369
0.022666
0.030138
0.025457
0.029744
0.020654
0.023055
0.021361
0.020869
0.019179
0.021410
0.020898
0.018880
0.016586
0.017372
0.016671
0.017738
0.017744
0.016984
0.017472
0.019423
0.018500
0.017200
0.020019
0.020888
0.023848
0.020513
0.027301
0.028632
0.025037
0.020400
0.021284
0.023523
0.019788
0.020544
0.020878
0.018599
0.018193
0.018188
0.018092
0.019661
0.021616
0.023094
0.020912
0.019564
0.019321
0.020270
0.020037
0.021405
0.021461
0.021096
0.020458
0.020695
0.021179
0.025826
0.022720
0.025266
0.025445
0.028246
0.027459
0.023866
0.023068
0.024576
0.025151
0.024315
0.025835
0.023710
0.024267
0.024259
0.024121
0.024170
0.024225
0.025460
0.027030
0.029910
0.029420
0.026964
0.028101
0.026163
0.027048
0.030623
0.029000
0.025588
0.025751
0.030820
0.024392
0.023891
0.022195
0.024349
0.021592
0.021490
0.024162
0.021699
0.025008
0.024790
0.023170
0.023279
0.024197
0.021938
0.022871
0.021310
0.021646
0.020815
0.023933
0.021833
0.020598
0.018411
0.018436
0.018621
0.019161
0.022229
0.017905
0.017776
0.017452
0.017722
0.023178
0.018071
0.019161
0.020335
0.021719
0.022562
0.019865
0.025982
0.021780
0.020679
0.021033
0.023525
0.023607
0.017222
0.016690
0.016504
0.017729
0.016490
0.016664
0.016475
0.024562
0.016994
0.016950
0.016916
0.016795
0.016943
0.017357
0.017958
0.016975
0.019236
0.017524
0.016282
0.015988
0.020993
0.019048
0.019119
0.019522
0.016702
0.018607
0.018059
0.018020
0.019119
0.022010
0.019518
0.026818
0.019774
0.016168
0.016045
0.016241
0.016294
0.016390
0.015975
0.016280
0.015782
0.014948
0.016390
0.016049
0.019989
0.019402
0.019482
0.018189
0.019449
0.022657
0.022396
