0.002433
0.021543
0.019046
0.032934
0.034098
0.023339
0.030863
0.031282
0.032464
0.033239
0.032572
0.031902
0.034038
0.032542
0.033461
0.032533
0.031852
0.026962
0.032389
0.032763
0.019323
0.018802
0.020864
0.016221
0.033008
0.034542
0.020146
0.033536
0.031515
0.023207
0.031767
0.032289
0.032040
0.021348
0.030834
0.031694
0.017184
0.020774
0.016467
0.016129
0.015716
0.015572
0.015526
0.015744
0.032538
0.032622
0.032797
0.021262
0.032870
0.028360
0.028300
0.032978
0.027879
0.032825
0.033225
0.032272
0.032190
0.016799
0.031754
0.032161
0.033219
0.027109
0.033249
0.033997
0.033790
0.019496
0.016000
0.015545
0.034821
0.027953
0.016821
0.017259
0.014618
0.017094
0.018957
0.019611
0.018753
0.016308
0.016946
0.017174
0.017136
0.020089
0.018297
0.019684
0.021255
0.015600
0.018065
0.016994
0.016152
0.016575
0.015538
0.017883
0.019492
0.035989
0.031877
0.031162
0.032577
0.031809
0.033153
0.035096
0.033343
0.015819
0.017004
0.018535
0.020390
0.016223
0.016372
0.016938
0.016613
0.017668
0.032048
0.032535
0.029007
0.032256
0.024008
0.032974
0.031504
0.033394
0.032840
0.020041
0.032681
0.034017
0.033100
0.032856
0.032666
0.022477
0.015517
0.016593
0.015478
0.016840
0.017550
0.019917
0.033079
0.032290
0.035184
0.018031
0.033210
0.032881
0.032036
0.032663
0.023423
0.033403
0.032174
0.032492
0.035548
0.020749
0.032838
0.032203
0.032776
0.032100
0.031873
0.030286
0.031996
0.031437
0.030994
0.016151
0.017214
0.017737
0.017521
0.017444
0.017213
0.019086
0.018393
0.033184
0.032350
0.032648
0.032639
0.031591
0.020869
0.019684
0.020675
0.019028
0.017471
0.018132
0.017196
0.015769
0.015695
0.029452
0.031343
0.031301
0.027949
0.031482
0.032015
0.032121
0.017766
0.031673
0.031712
0.032210
0.030661
0.032273
0.032521
0.033000
0.017913
0.015328
0.020317
0.015379
0.016071
0.017048
0.019807
0.019732
0.019389
0.016973
0.018499
0.016396
0.017338
0.019270
0.019782
0.014883
0.017761
0.016529
0.015543
0.015232
0.016808
0.016823
0.015089
0.015386
0.015348
0.016095
0.017164
0.017462
0.022295
0.031212
0.031679
0.023473
0.017560
0.016458
0.015039
0.014941
0.032578
0.032702
0.019885
0.015061
0.032635
0.032127
0.031113
0.029722
0.031863
0.031271
0.035735
0.017998
0.032603
0.028759
0.018607
0.027483
0.032839
0.033455
0.018830
0.019351
0.023037
0.032396
0.036239
0.023759
0.032205
0.030520
0.031079
0.033100
0.033371
0.025013
0.032102
0.025947
0.033630
0.034825
0.016515
0.015737
0.015358
0.015360
0.033547
0.029672
0.031460
0.031736
0.030998
0.033620
0.029907
0.022973
0.030375
0.029323
0.034618
0.031563
0.032712
0.019403
0.034457
0.031763
0.033419
0.035717
0.029067
0.034062
0.021340
0.032805
0.033230
0.031621
0.031774
0.021779
0.024479
0.024623
0.025182
0.033041
0.031284
0.032077
0.032356
0.032625
0.028570
0.032758
0.024063
0.017640
0.020174
0.015293
0.014920
0.015585
0.032138
0.024061
0.029449
0.017312
0.019128
0.016711
0.020094
0.016460
0.015306
0.014991
0.014567
0.015177
0.023494
0.023268
0.033635
0.033036
0.025692
0.032408
0.030443
0.032959
0.031863
0.015682
0.018114
0.015394
0.027982
0.032079
0.027114
0.028728
0.030774
0.033322
0.030383
0.026897
0.031471
0.031805
0.031803
0.018185
0.034305
0.031990
0.031597
0.026541
0.033127
0.034136
0.017992
0.015512
0.019684
0.033749
0.033084
0.032742
0.034241
0.018492
0.017975
0.032177
0.033761
0.034894
0.031737
0.025085
0.022983
0.030940
0.034244
0.020579
0.034121
0.033588
0.040352
0.020888
0.014728
0.015615
0.022585
0.020019
0.014580
0.031134
0.034054
0.031365
0.030955
0.032873
0.027499
0.023828
0.025151
0.032108
0.030875
0.031380
0.030961
0.030636
0.032544
0.033282
0.030972
0.023611
0.034808
0.027720
0.015526
0.020840
0.014894
0.015686
0.014925
0.015164
0.015359
0.015131
0.015068
0.020523
0.015666
0.019271
0.016469
0.037555
0.031636
0.019350
0.029296
0.025090
0.031612
0.017362
0.016319
0.015921
0.015021
0.015012
0.015109
0.031076
0.032519
0.020745
0.031787
0.024710
0.030843
0.035308
0.020875
0.032645
0.025692
0.031667
0.030888
0.032314
0.030821
0.031840
0.031930
0.031233
0.030903
0.017019
0.032587
0.019021
0.016504
0.015604
0.016079
0.017038
0.028426
0.026847
0.032281
0.031506
0.033332
0.025951
0.031253
0.032277
0.021067
0.033170
0.030788
0.032885
0.021334
0.032231
0.032734
0.019659
0.032919
0.030877
0.025809
0.032212
0.032225
0.033555
0.033170
0.031523
0.018741
0.032102
0.031829
0.032303
0.033569
0.019960
0.032056
0.033714
0.020170
0.015464
0.014537
0.019130
0.031161
0.023555
0.032703
0.031049
0.032759
0.035906
0.033040
0.030176
0.032859
0.031271
0.031904
0.019668
0.033743
0.018854
0.032856
0.030656
0.018105
0.018196
0.016386
0.030934
0.031872
0.023808
0.031584
0.030799
0.032271
0.032238
0.034195
0.017613
0.027680
0.033078
0.033760
0.033078
0.032672
0.015552
0.016575
0.017663
0.015639
0.019608
0.015152
0.015061
0.015791
0.016022
0.015869
0.016533
0.017678
0.015183
0.015319
0.016179
0.017331
0.015967
0.016090
0.015728
0.015645
0.019989
0.015261
0.029349
0.030774
0.033406
0.027674
0.031133
0.030979
0.031957
0.033049
0.030960
0.033964
0.024075
0.033111
0.032509
0.019969
0.014978
0.016093
0.019211
0.015374
0.029842
0.032410
0.024548
0.025671
0.031890
0.026651
0.032223
0.025468
0.034082
0.032507
0.018380
0.033127
0.031618
0.031166
0.015627
0.032986
0.019280
0.015933
0.015141
0.014847
0.017029
0.017413
0.016828
0.015666
0.014869
0.031138
0.032528
0.029997
0.031933
0.028242
0.020031
0.015540
0.032510
0.033815
0.025683
0.032903
0.027006
0.032546
0.033066
0.019891
0.030805
0.032232
0.030269
0.032588
0.024508
0.016782
0.020268
0.014941
0.020274
0.019447
0.015782
0.030815
0.031767
0.033824
0.031014
0.021698
0.035270
0.032744
0.023937
0.028582
0.032262
0.020887
0.016811
0.016052
0.017331
0.016528
0.031374
0.017040
0.033218
0.034636
0.025540
0.025270
0.019078
0.016175
0.024624
0.031876
0.032559
0.023292
0.032220
0.025200
0.024474
0.032653
0.031275
0.031793
0.030468
0.026924
0.028435
0.033020
0.028104
0.031454
0.019776
0.017468
0.016176
0.034949
0.033293
0.032690
0.032160
0.019427
0.030616
0.033472
0.017357
0.033159
0.032873
0.034098
0.021540
0.033200
0.034177
0.035400
0.035532
0.035960
0.019076
0.018482
0.017596
0.033942
0.020466
0.022406
0.026019
0.031922
0.033778
0.032259
0.020152
0.017944
0.017796
0.020252
0.015360
0.015287
0.015411
0.015419
0.015787
0.033549
0.031301
0.032640
0.036083
0.031893
0.031595
0.034515
0.023203
0.031992
0.032049
0.033836
0.020426
0.017387
0.019220
0.015477
0.016973
0.018777
0.016083
0.015625
0.015046
0.032259
0.031579
0.016777
0.028246
0.032397
0.032191
0.032244
0.031726
0.031707
0.031099
0.034117
0.032876
0.033301
0.020357
0.034594
0.031704
0.032891
0.024476
0.017487
0.020228
0.014893
0.033294
0.032272
0.032795
0.032208
0.032637
0.031868
0.020809
0.034456
0.032425
0.033909
0.034197
0.023328
0.024673
0.033285
0.027555
0.032255
0.032067
0.033319
0.033158
0.021031
0.030664
0.016357
0.033682
0.033358
0.034217
0.033311
0.036206
0.028545
0.032852
0.031180
0.021206
0.033166
0.020515
0.031312
0.016145
0.030685
0.032814
0.031699
0.031953
0.016257
0.020706
0.032274
0.019144
0.032259
0.030686
0.020160
0.020871
0.032266
0.016366
0.029842
0.031942
0.031826
0.033251
0.023387
0.030977
0.021705
0.032818
0.017752
0.025676
0.033052
0.026861
0.031459
0.034614
0.034559
0.032804
0.022853
0.031881
0.033117
0.031080
0.030968
0.032487
0.026467
0.031110
0.029034
0.024963
0.032396
0.032089
0.031253
0.033760
0.022542
0.031504
0.032675
0.027956
0.031812
0.032793
0.029934
0.033870
0.029991
0.023218
0.034525
0.032764
0.031757
0.021300
0.025985
0.032998
0.018543
0.033402
0.032400
0.031313
0.032398
0.017562
0.015697
0.032110
0.019014
0.017341
0.017727
0.016792
0.017375
0.017193
0.016326
0.033318
0.031966
0.017503
0.032246
0.033174
0.034455
0.030838
0.030347
0.032586
0.028242
0.025150
0.029197
0.030999
0.020156
0.033298
0.019850
0.031424
0.032402
0.032151
0.022169
0.019939
0.020086
0.016604
0.016654
0.016106
0.014798
0.015649
0.038684
0.032225
0.032253
0.031929
0.034556
0.023749
0.032049
0.032667
0.019933
0.032547
0.031269
0.032437
0.032528
0.032477
0.024139
0.031327
0.033604
0.033289
0.022955
0.022217
0.019896
0.021172
0.020150
0.019629
0.021055
0.019871
0.016764
0.016048
0.034394
0.021891
0.018465
0.017171
0.016999
0.017603
0.017984
0.019821
0.020542
0.018767
0.016465
0.019671
0.016321
0.018797
0.016685
0.015414
0.016172
0.031980
0.032156
0.028760
0.033208
0.017755
0.033096
0.033432
0.030996
0.015726
0.023036
0.032035
0.032822
0.031482
0.029891
0.032835
0.031377
0.030489
0.033773
0.025491
0.019781
0.031020
0.033457
0.029391
0.031100
0.021325
0.033623
0.031814
0.021947
0.021972
0.033798
0.020936
0.032383
0.030981
0.019382
0.019781
0.030959
0.036671
0.030614
0.028214
0.023607
0.018781
0.033576
0.032367
0.032096
0.030926
0.024538
0.027120
0.015713
0.019645
0.032431
0.032621
0.031859
0.031912
0.032951
0.015950
0.026265
0.031536
0.023647
0.030679
0.032410
0.017508
0.021026
0.018201
0.015681
0.014959
0.033945
0.033257
0.031829
0.031508
0.019346
0.027108
0.026517
0.034456
0.032921
0.032483
0.028858
0.035275
0.017705
0.016467
0.016777
0.016880
0.016493
0.036693
0.030659
0.033830
0.019257
0.028175
0.031402
0.020903
0.016587
0.015987
0.015624
0.015963
0.019810
0.016788
0.033154
0.034073
0.027264
0.033072
0.036625
0.032672
0.033855
0.019892
0.016407
0.015363
0.015760
0.018215
0.015142
0.031282
0.031410
0.033624
0.024761
0.021384
0.015481
0.015333
0.015475
0.033493
0.025495
0.033719
0.032223
0.032130
0.032397
0.031012
0.033844
0.032804
0.019106
0.033678
0.033755
0.024148
0.031647
0.029627
0.033062
0.026741
0.031764
0.025069
0.032755
0.032880
0.032741
0.029234
0.033198
0.017291
0.015347
0.016433
0.033670
0.032736
0.021749
0.034045
0.031973
0.032032
0.033187
0.032149
0.017014
0.033745
0.027741
0.031794
0.032514
0.033943
0.031435
0.033096
0.033793
0.017911
0.016723
0.016991
0.018434
0.032222
0.033618
0.033526
0.030704
0.032264
0.033029
0.032189
0.033320
0.032905
0.020248
0.031701
0.033511
