0.012155
0.031356
0.019387
0.029433
0.035195
0.032488
0.026067
0.015415
0.023928
0.034239
0.032595
0.035635
0.032413
0.031461
0.030821
0.031674
0.034394
0.016321
0.018084
0.018778
0.027491
0.026145
0.032280
0.021098
0.032374
0.033695
0.017611
0.025916
0.023390
0.018900
0.025800
0.021141
0.032831
0.027438
0.031470
0.017191
0.015285
0.030770
0.031226
0.030925
0.031974
0.023633
0.030879
0.034003
0.033159
0.034861
0.026478
0.026310
0.028382
0.032358
0.032501
0.036892
0.032398
0.032771
0.015797
0.031467
0.031128
0.032096
0.026295
0.036431
0.031308
0.033365
0.034096
0.023307
0.032619
0.027045
0.032859
0.032178
0.031313
0.015944
0.017334
0.022765
0.030655
0.030870
0.031081
0.033692
0.033101
0.025991
0.033020
0.034613
0.022455
0.029293
0.017495
0.014630
0.030831
0.031089
0.015396
0.027039
0.017575
0.030900
0.017247
0.017416
0.031385
0.015826
0.019919
0.028902
0.032318
0.035038
0.033471
0.017045
0.033831
0.028734
0.017956
0.018413
0.033324
0.029342
0.032313
0.034020
0.031082
0.020164
0.031324
0.032718
0.034160
0.019873
0.028670
0.022839
0.031697
0.033672
0.034116
0.031209
0.033155
0.020172
0.023796
0.017209
0.018303
0.015074
0.032713
0.021504
0.023826
0.030914
0.030538
0.031720
0.032175
0.030659
0.030557
0.031893
0.021501
0.015972
0.032844
0.024614
0.031728
0.027369
0.031053
0.027193
0.030621
0.033291
0.019569
0.031939
0.030957
0.033086
0.015531
0.032481
0.031807
0.032930
0.031525
0.031821
0.031837
0.020054
0.029026
0.016255
0.018413
0.030769
0.015377
0.032577
0.027885
0.031837
0.031556
0.032410
0.030439
0.030397
0.024418
0.026011
0.031496
0.016058
0.031882
0.032924
0.033680
0.032609
0.032726
0.034523
0.032479
0.018342
0.015841
0.032498
0.022799
0.034913
0.033617
0.033790
0.022593
0.031385
0.032862
0.032394
0.031245
0.030383
0.030495
0.026940
0.031624
0.020142
0.030124
0.032046
0.032507
0.028661
0.022495
0.032575
0.031010
0.020375
0.030002
0.031799
0.018374
0.017399
0.017001
0.016473
0.019003
0.018272
0.016107
0.016139
0.016595
0.016077
0.018922
0.015981
0.016125
0.017850
0.019921
0.015753
0.015065
0.016949
0.018565
0.014812
0.020187
0.015309
0.016519
0.016036
0.035467
0.032580
0.032101
0.032723
0.032175
0.017035
0.033166
0.033831
0.032005
0.031200
0.025032
0.035794
0.025103
0.023573
0.021833
0.032473
0.031480
0.035630
0.020320
0.031631
0.032587
0.031283
0.032034
0.019420
0.031711
0.030469
0.032426
0.032390
0.035629
0.034820
0.035486
0.034438
0.031489
0.021570
0.032155
0.019337
0.019884
0.032063
0.031138
0.033643
0.023423
0.021881
0.030435
0.031798
0.023784
0.025501
0.028168
0.031356
0.035657
0.029702
0.032133
0.032921
0.032743
0.020398
0.019927
0.025014
0.022066
0.033750
0.031611
0.032222
0.017376
0.015450
0.015209
0.035173
0.032998
0.029183
0.017764
0.032463
0.026449
0.015161
0.019982
0.033007
0.032545
0.029864
0.031813
0.030708
0.028576
0.021889
0.032661
0.019947
0.032195
0.033736
0.031446
0.031901
0.031863
0.031624
0.033811
0.025702
0.033682
0.031018
0.032017
0.020616
0.031882
0.030866
0.031509
0.033120
0.031026
0.015835
0.031256
0.033093
0.032314
0.016739
0.031706
0.032089
0.031255
0.018150
0.030406
0.033104
0.032691
0.032795
0.030839
0.028620
0.028018
0.032282
0.031894
0.031905
0.032275
0.019053
0.030894
0.032190
0.019436
0.030183
0.030645
0.033627
0.021156
0.032982
0.032268
0.023003
0.032415
0.031802
0.035188
0.029375
0.015609
0.030184
0.032183
0.033989
0.025532
0.032514
0.032116
0.032877
0.021331
0.034088
0.020890
0.016593
0.032930
0.032286
0.027328
0.022416
0.031999
0.033716
0.031129
0.021815
0.031758
0.031435
0.031653
0.030642
0.033181
0.032760
0.020340
0.029796
0.025219
0.025968
0.032795
0.033924
0.031610
0.032615
0.017252
0.016673
0.033066
0.030219
0.033469
0.017108
0.020060
0.026348
0.031593
0.031299
0.033464
0.018591
0.033899
0.033239
0.027483
0.032500
0.020131
0.032298
0.028106
0.027236
0.015635
0.030352
0.032267
0.016802
0.017223
0.017465
0.029296
0.032418
0.021183
0.031512
0.026993
0.034994
0.018884
0.033833
0.025452
0.025120
0.033109
0.032418
0.028196
0.027968
0.027575
0.021339
0.032681
0.016337
0.029986
0.034277
0.030797
0.018847
0.032052
0.032535
0.034624
0.019794
0.027754
0.019158
0.019629
0.032461
0.021687
0.030721
0.032600
0.031614
0.030991
0.031473
0.032211
0.032127
0.030873
0.036477
0.032605
0.034814
0.016422
0.032369
0.021804
0.032632
0.031406
0.031476
0.034365
0.030251
0.032990
0.035854
0.034648
0.032564
0.033296
0.032169
0.034138
0.036147
0.018657
0.020501
0.020783
0.027848
0.030271
0.031544
0.017412
0.016439
0.030602
0.018358
0.019814
0.016948
0.021613
0.035361
0.034783
0.031202
0.019691
0.032894
0.017190
0.017740
0.015361
0.015175
0.019201
0.015966
0.020183
0.031599
0.035000
0.033595
0.032956
0.033590
0.018561
0.019689
0.016702
0.016813
0.015774
0.024449
0.034230
0.033983
0.020506
0.031945
0.031168
0.028273
0.030919
0.032590
0.015638
0.029140
0.031811
0.028347
0.031389
0.030558
0.025262
0.032678
0.032011
0.031257
0.031159
0.018335
0.020573
0.016075
0.028381
0.031437
0.021511
0.031357
0.031637
0.032573
0.032866
0.019726
0.021202
0.019867
0.027084
0.033213
0.032758
0.027744
0.018188
0.016820
0.022704
0.033048
0.031202
0.031240
0.026500
0.023160
0.029963
0.032304
0.018177
0.022721
0.031331
0.032851
0.018617
0.033170
0.031921
0.032516
0.032141
0.033668
0.032044
0.027611
0.032596
0.020567
0.033864
0.033579
0.032008
0.032351
0.020929
0.032317
0.033849
0.034091
0.031761
0.032549
0.019361
0.032785
0.020110
0.021199
0.016995
0.016719
0.033132
0.033116
0.027066
0.023943
0.035700
0.031136
0.019932
0.033047
0.035134
0.034574
0.016128
0.028441
0.033769
0.032591
0.032147
0.028054
0.024903
0.033023
0.024709
0.017433
0.032166
0.036157
0.018574
0.031006
0.032965
0.022861
0.033330
0.035183
0.031860
0.031150
0.030838
0.028530
0.016054
0.032565
0.032262
0.033347
0.034623
0.034762
0.032844
0.033804
0.020238
0.032613
0.018625
0.024262
0.031883
0.035308
0.034656
0.031449
0.033303
0.032670
0.032744
0.017725
0.033767
0.033289
0.029498
0.035165
0.032830
0.027872
0.027965
0.032331
0.033371
0.031522
0.035713
0.033798
0.033524
0.034125
0.029760
0.018370
0.033262
0.033650
0.033262
0.033817
0.031679
0.027344
0.033225
0.034696
0.032993
0.019033
0.016083
0.031798
0.030750
0.031847
0.025824
0.030298
0.034076
0.016948
0.028548
0.026641
0.035019
0.022812
0.033990
0.032326
0.032132
0.028291
0.024283
0.020629
0.016662
0.030702
0.026464
0.032775
0.032634
0.028018
0.032340
0.030849
0.033164
0.028723
0.033235
0.032073
0.033705
0.019497
0.034737
0.016479
0.033100
0.035431
0.032893
0.032517
0.020198
0.015732
0.033110
0.021572
0.017600
0.019185
0.033935
0.016556
0.018395
0.018909
0.022835
0.032188
0.026294
0.024577
0.019828
0.022784
0.033872
0.033750
0.035025
0.033592
0.032643
0.019652
0.029737
0.033350
0.032474
0.033362
0.027377
0.033653
0.016371
0.031389
0.036207
0.032972
0.032485
0.033814
0.016491
0.020421
0.033730
0.030519
0.022593
0.033222
0.037262
0.020351
0.020590
0.034395
0.027597
0.018975
0.033080
0.034850
0.033284
0.034857
0.033623
0.035118
0.029095
0.026516
0.033226
0.019519
0.016988
0.017189
0.037102
0.036576
0.033742
0.035896
0.033379
0.031950
0.033533
0.017321
0.034446
0.020614
0.034587
0.033227
0.018690
0.027494
0.022039
0.018789
0.017658
0.035681
0.034544
0.034078
0.032503
0.035255
0.019605
0.035224
0.035616
0.033196
0.017254
0.017356
0.033912
0.034302
0.036502
0.032865
0.017466
0.019021
0.020228
0.033850
0.018729
0.021451
0.033623
0.026253
0.020761
0.033200
0.018058
0.032566
0.017019
0.033255
0.024000
0.036055
0.024818
0.034252
0.018064
0.033026
0.029183
0.019855
0.018309
0.017961
0.033620
0.034975
0.033011
0.033193
0.021342
0.033869
0.028183
0.025568
0.035298
0.037509
0.034172
0.035641
0.035475
0.033762
0.035593
0.034565
0.035069
0.019405
0.016525
0.017245
0.025379
0.034774
0.020244
0.019074
0.034746
0.033482
0.037047
0.036435
0.031997
0.032197
0.019959
0.019916
0.035147
0.035117
0.032355
0.025369
0.034878
0.034972
0.034788
0.035172
0.033872
0.018026
0.035554
0.033130
0.034414
0.034066
0.025040
0.032530
0.037805
0.018746
0.027295
0.036415
0.033510
0.036845
0.034329
0.034442
0.035283
0.033145
0.020979
0.035327
0.020351
0.034253
0.029164
0.033659
0.034057
0.019767
0.017887
0.034503
0.034814
0.023811
0.033993
0.035154
0.021806
0.032860
0.031044
0.021423
0.020142
0.034872
0.029703
0.024327
0.019824
0.017903
0.021510
0.034546
0.035424
0.040074
0.017350
0.017736
0.021250
0.035274
0.033546
0.034820
0.032032
0.033185
0.019206
0.019012
0.021791
0.022141
0.017940
0.035071
0.034345
0.033123
0.032262
0.035320
0.034445
0.029170
0.034389
0.032027
0.033092
0.033417
0.033661
0.018033
0.018397
0.039030
0.024256
0.032644
0.035114
0.033258
0.033977
0.033001
0.034495
0.025680
0.033739
0.017100
0.030244
0.036831
0.035977
0.032913
0.031381
0.033908
0.032388
0.017106
0.034169
0.036139
0.034540
0.025926
0.021300
0.034547
0.034403
0.030327
0.021877
0.032472
0.018371
0.019642
0.019770
0.034390
0.033523
0.033492
0.034823
0.034160
0.034408
0.034523
0.036454
0.020961
0.025053
0.033412
0.033128
0.036039
0.035747
0.034798
0.027142
0.036712
0.028113
0.035193
0.018227
0.018181
0.019503
0.033153
0.033712
0.019000
0.023030
0.034539
0.033666
0.032766
0.020451
0.033855
0.026847
0.036341
0.034827
0.033289
0.035969
0.031908
0.020586
0.020863
0.035408
0.036151
0.035977
0.037464
0.041048
0.036770
0.035342
0.035131
0.025923
0.022530
0.021641
0.020597
0.037567
0.034600
0.038491
0.034538
0.029251
0.038611
0.037422
0.036608
0.035178
0.028099
0.035868
0.035136
0.037136
0.034672
0.038043
0.019276
0.034496
0.036594
0.035920
0.018913
0.034232
0.035551
0.036541
0.036365
0.036317
0.036506
0.034451
0.022213
0.033838
0.027272
0.034394
0.035346
0.034567
0.036841
0.020345
0.018477
0.027334
0.035897
0.034319
0.024446
0.029196
0.035242
0.036098
0.021970
0.019027
0.033835
0.036493
0.035849
0.038143
0.023180
0.019269
0.018661
0.018950
0.018830
0.035902
0.034993
0.035467
0.033757
0.037543
0.032734
0.035719
0.029489
0.035904
0.030993
0.036717
0.032456
0.020691
0.037336
0.018041
0.020483
0.021199
0.020015
0.020625
0.019805
0.034008
0.026487
0.035415
0.034323
0.035747
0.036402
0.023526
0.034366
0.037605
0.034063
0.018858
0.020704
0.035192
0.028884
0.036621
0.036847
0.024236
0.035648
0.019443
0.018570
0.019228
0.018826
0.018857
0.019054
0.019615
0.019545
0.019000
0.023686
0.036903
0.035836
0.031928
0.019608
0.037329
0.035272
0.034896
0.035207
0.022489
0.019570
0.038200
0.033675
0.034761
0.022926
0.034920
0.021256
0.038260
0.038377
0.030438
0.033208
0.036190
0.034815
0.038430
0.035791
0.034643
0.033375
0.034751
0.036299
0.035315
0.031109
0.034888
0.030995
0.034642
0.036263
0.033638
0.036103
0.018411
0.037116
0.034413
0.017851
0.019713
0.027925
0.036932
0.021059
0.027006
0.035151
0.037311
0.035918
0.035712
0.029875
0.032568
0.034224
0.029574
0.021224
0.020828
0.035534
0.028441
0.033988
0.023076
0.037347
0.018913
0.038262
0.035295
0.034218
0.034225
0.034830
0.034295
0.029591
0.033836
0.036646
0.034850
0.034478
0.035127
0.036080
0.035094
0.021059
0.034969
0.033889
0.038124
0.033628
0.020962
0.034115
0.017521
0.033073
0.033277
0.033750
0.035254
0.034477
0.019909
0.034180
0.033081
0.036818
0.034871
0.024730
0.033779
0.025154
0.037849
0.018435
0.035687
0.034980
0.033642
0.034522
0.032999
0.033666
0.019261
0.033458
0.034247
0.033592
0.017289
0.018661
0.034361
0.033002
0.027325
0.030782
0.034546
0.034597
0.032619
0.036401
0.033861
0.035731
0.033119
0.034621
0.035849
0.029508
0.027190
0.034527
0.038135
0.032872
0.033895
0.028296
0.017982
0.033845
0.019088
0.033760
0.032917
0.031129
0.017719
0.034964
0.037404
0.022590
0.018112
0.035917
0.034648
0.029780
0.034697
0.022219
0.032437
0.033492
0.030788
0.029699
0.034236
0.029997
0.036236
0.019354
0.020723
0.024703
0.034678
0.033923
0.018068
0.034166
0.035200
0.020352
0.033405
0.017851
0.017302
0.033213
0.034240
0.032655
0.018704
0.019940
0.034309
0.034251
0.020827
0.024384
0.022010
0.023655
0.018698
0.017170
0.018272
0.018677
0.020856
0.019178
0.035106
0.019619
0.032347
0.027347
0.026005
0.034220
0.027648
0.034963
0.031542
0.019565
0.034381
0.033604
0.033931
0.019845
0.033931
0.016197
0.016300
0.015990
0.016733
0.031836
0.018261
0.031642
0.032630
0.033206
0.030946
0.017691
0.020802
0.032449
0.019223
0.015827
0.031853
0.034914
0.018599
0.017988
0.017442
0.017252
0.016646
0.018937
0.019368
0.028807
0.032531
0.027376
0.019126
0.020106
0.032327
0.033804
0.020124
0.020332
0.033984
0.035724
0.033010
0.032906
0.019746
0.016621
0.029497
0.032762
0.032386
0.031914
0.031776
0.016025
0.036995
0.033099
0.023752
0.031865
0.033438
0.027006
0.035379
0.027143
0.032759
0.019182
0.032927
0.034251
0.035142
0.032199
0.024971
0.025573
0.035582
0.020813
0.020223
0.016946
0.033941
0.033057
0.032107
0.020646
0.015716
0.025120
0.031721
0.019597
0.018949
0.029044
0.031266
0.031772
0.019428
0.016727
0.016611
0.033667
0.020651
0.030916
0.017549
0.033190
0.032935
0.032312
0.033332
0.018584
0.019877
0.033188
0.030363
0.033007
0.034091
0.032136
0.032884
0.019156
0.019887
0.034748
0.032853
0.029357
0.035461
0.036407
0.034255
0.034190
0.018009
0.027589
0.016448
0.032404
0.028439
0.033493
0.023718
0.034072
0.022890
0.017326
0.015560
0.031829
0.031222
