0.002069
0.021761
0.020129
0.019586
0.017739
0.017476
0.015971
0.017055
0.015813
0.016166
0.015637
0.015772
0.015192
0.027475
0.017793
0.017602
0.019207
0.016786
0.018621
0.016089
0.015405
0.016041
0.016132
0.014963
0.015848
0.015405
0.015383
0.016031
0.015043
0.015822
0.015189
0.015181
0.015553
0.015080
0.016170
0.017185
0.016492
0.016722
0.017554
0.018658
0.020172
0.017484
0.019040
0.020013
0.018595
0.020667
0.019154
0.017067
0.015960
0.015167
0.014955
0.014917
0.015124
0.015073
0.015332
0.015913
0.015285
0.014997
0.015240
0.015087
0.015501
0.017811
0.018548
0.017645
0.019836
0.019415
0.018379
0.017411
0.016338
0.018132
0.018970
0.019356
0.022139
0.017251
0.017161
0.018158
0.016011
0.016675
0.016992
0.016345
0.016275
0.016326
0.016684
0.015615
0.015749
0.025075
0.017201
0.019655
0.019488
0.020172
0.019345
0.020034
0.022339
0.017934
0.020170
0.018985
0.019085
0.016789
0.015608
0.015631
0.016192
0.015767
0.020029
0.015438
0.017936
0.015071
0.015460
0.015780
0.015775
0.015084
0.015169
0.020163
0.019152
0.015369
0.016402
0.020760
0.019021
0.019024
0.020860
0.019548
0.020691
0.020663
0.019421
0.021491
0.016141
0.016798
0.016705
0.016003
0.016646
0.017018
0.017226
0.015669
0.019185
0.015089
0.015279
0.015728
0.015925
0.015826
0.015712
0.016361
0.017835
0.019873
0.015207
0.015652
0.015769
0.020217
0.020085
0.020013
0.018448
0.018810
0.020245
0.017620
0.024492
0.019120
0.020780
0.019944
0.020359
0.020223
0.019698
0.016410
0.016076
0.015911
0.016206
0.016076
0.015722
0.014887
0.017416
0.015837
0.018209
0.019736
0.015835
0.018060
0.016488
0.019738
0.018209
0.022360
0.016652
0.017662
0.019939
0.018459
0.020961
0.024663
0.019443
0.018308
0.017149
0.015380
0.018866
0.015700
0.017319
0.015688
0.015797
0.017515
0.014776
0.014728
0.014962
0.015247
0.015205
0.015663
0.015743
0.021353
0.018188
0.018725
0.020092
0.018283
0.022077
0.017848
0.019595
0.016344
0.018909
0.017469
0.023574
0.017339
0.015696
0.015499
0.015422
0.015546
0.015070
0.015074
0.015033
0.015110
0.015296
0.015325
0.020411
0.016251
0.015814
0.014954
0.019522
0.016419
0.019583
0.019819
0.022303
0.021164
0.019954
0.019093
0.017878
0.019089
0.027537
0.020086
0.019163
0.016898
0.015369
0.015311
0.015338
0.014939
0.014785
0.014956
0.014722
0.019137
0.018728
0.016180
0.015579
0.017049
0.016319
0.014802
0.016600
0.016388
0.016418
0.017176
0.017103
0.014763
0.016301
0.015964
0.015063
0.017022
0.017929
0.021935
0.018857
0.020066
0.019239
0.018844
0.020361
0.019438
0.018734
0.019238
0.019408
0.017357
0.017248
0.020324
0.016393
0.015335
0.015365
0.015123
0.015366
0.015578
0.015711
0.015159
0.015430
0.015263
0.015368
0.017486
0.016456
0.018146
0.016176
0.016783
0.016432
0.016142
0.018244
0.017198
0.020185
0.016672
0.017491
0.022405
0.015801
0.015798
0.015386
0.015535
0.015426
0.015734
0.015690
0.015249
0.015728
0.015084
0.015001
0.015123
0.018429
0.019823
0.016579
0.018675
0.020053
0.019100
0.017893
0.019097
0.020190
0.017951
0.018184
0.018434
0.015723
0.016163
0.014917
0.018241
0.017038
0.016362
0.015483
0.016055
0.017527
0.016949
0.015228
0.015819
0.014788
0.014694
0.015745
0.022384
0.018897
0.017853
0.019287
0.019470
0.019654
0.018778
0.017070
0.017944
0.017452
0.019043
0.016525
0.015895
0.016471
0.017843
0.016289
0.016114
0.016025
0.016221
0.016373
0.016493
0.017871
0.016245
0.016374
0.016132
0.016175
0.016508
0.016365
0.018774
0.015941
0.016651
0.016732
0.016070
0.015992
0.016576
0.020710
0.019914
0.017180
0.017426
0.017239
0.018093
0.016995
0.017846
0.017527
0.018298
0.019213
0.018576
0.019321
0.016399
0.016375
0.015189
0.015453
0.015866
0.015810
0.015426
0.017840
0.015564
0.018608
0.015223
0.015622
0.015587
0.015534
0.017584
0.018805
0.018123
0.018120
0.017683
0.016001
0.016938
0.019446
0.017392
0.018708
0.019126
0.017700
0.017930
0.017490
0.016337
0.016959
0.015596
0.015571
0.015168
0.015309
0.016104
0.018288
0.015727
0.015699
0.015491
0.019799
0.017633
0.017293
0.020302
0.018830
0.016633
0.019350
0.018415
0.017265
0.019145
0.020805
0.019742
0.020740
0.016573
0.016627
0.016764
0.016932
0.017793
0.016289
0.016271
0.016203
0.015420
0.018347
0.019140
0.016535
0.016106
0.017315
0.019759
0.015669
0.021868
0.017251
0.023617
0.017796
0.021130
0.020343
0.021414
0.022301
0.019296
0.018854
0.017665
0.016176
0.015316
0.015358
0.015270
0.015076
0.015389
0.015121
0.015068
0.018873
0.015538
0.015553
0.015436
0.015701
0.015600
0.015822
0.015809
0.016747
0.015594
0.015645
0.016170
0.015334
0.015885
0.016133
0.017162
0.017424
0.017438
0.017255
0.018429
0.019661
0.022795
0.016341
0.017295
0.019701
0.018535
0.024828
0.020144
0.016400
0.015104
0.015151
0.016063
0.015521
0.015415
0.014899
0.015366
0.015351
0.014919
0.014968
0.015449
0.015299
0.015080
0.018978
0.016205
0.015537
0.020778
0.017423
0.015423
0.016659
0.016728
0.018935
0.021137
0.020688
0.023958
0.018304
0.021463
0.018965
0.015643
0.015071
0.015269
0.015323
0.015486
0.015630
0.015071
0.015508
0.015274
0.015447
0.015708
0.016595
0.020849
0.015739
0.019290
0.018440
0.017199
0.016401
0.019556
0.019342
0.020689
0.020312
0.018501
0.018936
0.016896
0.016049
0.016037
0.015454
0.018274
0.016253
0.016736
0.016029
0.016182
0.015813
0.017201
0.016145
0.016172
0.015983
0.015859
0.017939
0.020109
0.020909
0.018715
0.019695
0.019208
0.016343
0.017570
0.017641
0.018921
0.017472
0.021042
0.016234
0.016689
0.018028
0.016179
0.016130
0.015565
0.016391
0.016123
0.016971
0.016289
0.016247
0.016246
0.018432
0.015898
0.016827
0.016464
0.017076
0.016235
0.016300
0.016181
0.018113
0.016179
0.016228
0.020302
0.021337
0.019733
0.018615
0.019430
0.019267
0.018334
0.027069
0.018284
0.018634
0.020060
0.022144
0.019123
0.018126
0.016813
0.015973
0.016486
0.015525
0.015728
0.015496
0.015740
0.016152
0.015633
0.016072
0.016193
0.018096
0.019109
0.017524
0.020143
0.019239
0.019828
0.019651
0.017409
0.019038
0.017944
0.018651
0.017763
0.020273
0.016785
0.015699
0.015892
0.015516
0.015541
0.015516
0.015891
0.015599
0.021369
0.016047
0.015095
0.015288
0.016788
0.020471
0.016807
0.016640
0.018276
0.019153
0.018360
0.019199
0.019943
0.017529
0.016240
0.015913
0.019716
0.015823
0.017659
0.015443
0.015392
0.015353
0.015242
0.014721
0.015821
0.015221
0.015276
0.015271
0.015309
0.015310
0.016690
0.021096
0.025853
0.021470
0.018007
0.019222
0.020677
0.017763
0.017827
0.021739
0.021936
0.019302
0.018135
0.016316
0.015542
0.016024
0.015769
0.015830
0.015177
0.015171
0.015865
0.016623
0.015699
0.015325
0.017925
0.016238
0.015956
0.015218
0.015030
0.015085
0.014925
0.015436
0.015075
0.015272
0.014811
0.015542
0.014951
0.016841
0.019110
0.019239
0.018233
0.018101
0.030818
0.020517
0.021610
0.020540
0.018352
0.017228
0.019146
0.019621
0.018209
0.014907
0.015517
0.015257
0.014867
0.016597
0.015068
0.015100
0.016151
0.015425
0.015365
0.015634
0.015698
0.015113
0.023646
0.018541
0.020512
0.017751
0.018035
0.020550
0.019898
0.017115
0.019184
0.018980
0.017846
0.018960
0.016070
0.015806
0.015333
0.015017
0.015111
0.014787
0.015085
0.015188
0.015146
0.014880
0.015703
0.015070
0.028294
0.016898
0.016910
0.026230
0.018579
0.019320
0.020411
0.018342
0.023606
0.018866
0.022005
0.019142
0.015705
0.016093
0.015526
0.015145
0.015001
0.015357
0.015120
0.015447
0.015280
0.014968
0.014938
0.015888
0.016184
0.016363
0.016050
0.017661
0.019005
0.017575
0.021458
0.017100
0.019890
0.018300
0.016659
0.018229
0.021711
0.021563
0.022230
0.017603
0.016891
0.017801
0.015112
0.015548
0.015646
0.015335
0.015785
0.015794
0.017029
0.015640
0.015308
0.015657
0.015327
0.015399
0.015513
0.015367
0.015757
0.015818
0.015553
0.015393
0.015524
0.016087
0.015564
0.017131
0.017222
0.018906
0.028991
0.018345
0.019043
0.019005
0.019527
0.018384
0.018902
0.018296
0.024522
0.017803
0.016024
0.016047
0.014719
0.015065
0.018289
0.015989
0.015584
0.015102
0.015641
0.016325
0.016568
0.015085
0.015470
0.020918
0.018868
0.016210
0.020227
0.016600
0.016444
0.017994
0.018836
0.015465
0.016079
0.018191
0.018867
0.021390
0.021668
0.015229
0.015186
0.015369
0.014992
0.015058
0.017767
0.015012
0.015927
0.015159
0.017648
0.015479
0.015823
0.017792
0.021537
0.016468
0.016326
0.022932
0.020057
0.019061
0.017127
0.017774
0.018074
0.016166
0.019125
0.019783
0.019024
0.016026
0.015160
0.015407
0.015612
0.015374
0.015398
0.015497
0.016718
0.016150
0.016109
0.016376
0.016085
0.015211
0.015162
0.016561
0.017040
0.016528
0.020835
0.019159
0.017736
0.016546
0.019692
0.019520
0.019591
0.019420
0.020230
0.019267
0.015666
0.015841
0.015408
0.015289
0.015475
0.015470
0.015615
0.015243
0.017817
0.016080
0.017079
0.016483
0.015562
0.016656
0.016121
0.015902
0.015739
0.015930
0.016501
0.016615
0.015877
0.015506
0.015863
0.016178
0.015993
0.020432
0.019383
0.016926
0.018352
0.030370
0.017649
0.016104
0.019987
0.018452
0.019277
0.019550
0.015651
0.015901
0.015209
0.014983
0.014995
0.014960
0.016228
0.015136
0.015073
0.015416
0.015266
0.015493
0.015073
0.015790
0.017924
0.019475
0.019184
0.016978
0.016883
0.016780
0.021432
0.018515
0.021516
0.017950
0.018203
0.017426
0.018526
0.017151
0.016529
0.015313
0.015381
0.015492
0.015480
0.015440
0.015428
0.015294
0.015269
0.015139
0.015571
0.016256
0.017367
0.015805
0.020771
0.017580
0.020277
0.017166
0.021457
0.018748
0.020274
0.018513
0.018922
0.022955
0.017458
0.017446
0.016690
0.016773
0.016157
0.016259
0.016588
0.016144
0.016369
0.016184
0.016778
0.016416
0.016528
0.016877
0.026591
0.017960
0.020903
0.020658
0.017899
0.016365
0.018268
0.019469
0.025133
0.017583
0.017584
0.016546
0.020780
0.015867
0.019037
0.015614
0.016364
0.015662
0.018612
0.016012
0.016258
0.015669
0.015659
0.015835
0.016529
0.015644
0.016879
0.015691
0.016017
0.015425
0.015746
0.015562
0.016282
0.015859
0.020568
0.017875
0.016016
0.017935
0.021184
0.019689
0.018504
0.020096
0.017813
0.018183
0.017937
0.017526
0.021127
0.020044
0.015739
0.017181
0.016182
0.017494
0.016169
0.015721
0.016147
0.016113
0.016567
0.015996
0.016139
0.015518
0.015691
0.015970
0.016252
0.018975
0.020236
0.025678
0.020864
0.021743
0.021365
0.019876
0.020153
0.016649
0.018061
0.018107
0.016549
0.019450
0.016715
0.015411
0.016553
0.015829
0.015836
0.017314
0.015831
0.016006
0.015487
0.015385
0.017485
0.025990
0.020457
0.029572
0.018892
0.018963
0.025359
0.019475
0.021961
0.017492
0.019197
0.021327
0.017298
0.017771
0.015492
0.015399
0.015375
0.015343
0.015373
0.015238
0.016131
0.016632
0.017276
0.016862
0.017222
0.015940
0.019191
0.017759
0.017680
0.017864
0.016323
0.017853
0.018828
0.017887
0.017264
0.018384
0.018009
0.019721
0.017684
0.017140
0.017155
0.019409
0.017804
0.016273
0.016180
0.017427
0.020999
0.016966
0.016655
0.016535
0.016796
0.016606
0.017090
0.016424
0.016436
0.016448
0.016496
0.016280
0.016194
0.017227
0.016868
0.021740
0.018700
0.019576
0.021074
0.018956
0.019366
0.017400
0.019933
0.018715
0.018980
0.030130
0.021866
0.017303
0.018707
0.018975
0.017618
0.018993
0.017808
0.016149
0.019341
0.016030
0.016704
0.016493
0.016559
0.016977
0.016832
0.018681
0.020286
0.020144
0.018914
0.023618
0.021742
0.028044
0.017754
0.018538
0.016820
0.018183
0.024497
0.020049
0.018196
0.020164
0.016834
0.015724
0.016514
0.016315
0.016068
0.015812
0.016017
0.016360
0.016406
0.022206
0.019972
0.019215
0.018272
0.021462
0.018483
0.019442
0.018940
0.024021
0.019791
0.023707
0.024120
0.017525
0.017148
0.015406
0.017011
0.017763
0.016731
0.015880
0.015309
0.016692
0.015514
0.015673
0.016106
0.018086
0.016970
0.018098
0.021288
0.020345
0.017837
0.018934
0.018104
0.019966
0.020259
0.016491
0.018546
0.018506
0.017733
0.015979
0.015107
0.015490
0.017071
0.016021
0.015917
