308,169,57,97
307,169,54,97
302,172,56,94
297,173,56,97
292,176,58,96
290,178,55,96
282,179,58,93
274,180,61,93
262,179,65,96
279,179,63,93
250,177,58,95
241,179,54,93
230,181,61,95
223,182,61,102
222,186,58,102
225,189,53,97
223,190,53,100
222,191,54,100
213,185,66,110
208,178,67,111
198,171,77,119
194,166,82,120
205,164,65,115
204,169,58,106
201,173,58,101
198,182,58,93
197,186,58,94
196,191,54,92
194,191,55,91
196,191,56,93
196,193,54,92
197,190,54,97
197,191,54,94
196,188,55,94
198,188,54,92
199,190,55,94
201,192,61,102
203,194,67,103
205,198,69,101
209,198,63,103
212,200,61,100
216,201,62,99
217,199,62,100
220,199,64,99
222,198,60,100
223,201,59,98
224,202,60,101
223,209,59,96
222,211,54,95
223,212,57,97
223,212,55,94
222,212,59,95
221,210,55,96
221,208,57,98
221,210,54,93
221,211,53,93
220,212,55,95
223,206,58,104
225,201,67,109
228,204,68,111
224,205,66,104
228,203,58,100
228,202,55,99
228,202,56,97
229,203,56,93
231,203,56,92
234,205,55,91
235,206,55,91
237,207,54,92
239,205,57,95
242,206,55,93
238,207,59,91
222,146,65,129
233,206,80,159
238,188,72,154
243,196,72,132
239,201,61,126
239,208,59,106
240,209,53,97
238,211,55,95
238,211,55,94
237,210,55,95
236,210,55,95
237,209,55,95
237,208,54,95
237,207,53,96
236,207,54,96
235,206,55,97
236,205,55,98
236,205,54,95
235,203,54,95
233,200,56,96
232,198,56,100
230,197,55,99
229,199,56,96
226,199,56,95
225,200,57,95
224,201,54,92
224,201,54,94
223,202,54,92
222,202,56,94
223,202,56,93
224,201,56,94
226,201,54,94
227,200,56,95
232,204,52,93
232,200,54,100
230,201,55,101
228,202,61,101
228,198,58,105
231,201,58,100
229,196,57,105
230,205,62,93
227,194,60,105
228,202,59,97
231,194,57,105
236,195,59,101
240,190,59,104
246,188,63,106
257,184,57,107
266,188,63,102
265,189,72,102
283,191,72,102
288,193,77,100
297,187,64,108
302,189,63,103
313,201,62,89
316,196,72,95
308,192,68,101
315,188,70,103
317,189,64,105
337,185,69,108
317,184,70,111
316,183,80,112
336,182,84,114
320,188,104,109
318,201,107,97
356,190,73,107
337,188,83,105
323,181,92,112
333,176,93,120
330,176,85,124
321,187,78,108
259,213,86,85
260,214,76,88
262,216,76,85
380,211,58,92
377,216,62,88
380,212,66,89
379,217,63,85
380,214,65,87
378,217,63,85
383,214,58,93
382,216,60,89
383,218,58,91
383,217,59,92
388,217,57,91
386,218,59,90
389,218,56,91
388,216,58,91
392,218,56,87
391,217,57,87
392,216,57,88
391,215,58,89
396,214,58,87
395,214,56,89
395,212,56,91
393,213,58,89
394,216,56,88
387,213,64,88
393,213,60,91
372,201,66,100
372,211,76,151
285,193,98,109
222,193,66,110
212,199,61,104
202,196,60,105
216,199,61,102
161,163,62,115
159,186,68,106
146,176,58,113
140,185,58,109
137,179,57,120
139,189,58,117
141,190,62,121
146,197,60,115
150,199,63,112
165,197,75,112
162,199,71,110
168,200,62,106
173,202,64,108
180,206,58,105
183,208,58,101
186,208,56,100
187,207,58,100
192,208,54,99
189,207,60,102
190,203,62,104
189,204,61,104
198,199,64,107
196,201,65,103
198,189,68,116
270,200,59,100
275,205,67,96
397,206,55,95
415,204,54,97
417,207,54,93
417,206,54,93
417,207,53,93
418,207,53,93
418,209,53,92
418,209,52,92
420,210,53,92
419,211,52,91
420,212,51,90
421,212,53,90
423,211,54,91
424,211,54,90
424,210,55,91
425,210,55,91
426,209,56,93
428,208,55,93
430,208,55,94
433,207,57,95
434,208,55,92
437,208,56,93
440,209,55,91
441,208,56,91
443,209,57,90
445,209,54,89
446,207,55,90
446,208,54,89
447,208,53,88
447,208,54,89
444,209,54,89
442,209,54,88
438,207,57,92
434,207,57,93
430,205,57,94
426,204,57,95
422,204,57,96
419,203,56,95
417,204,55,93
415,205,56,92
415,204,53,92
414,204,55,91
414,204,52,91
414,203,54,91
413,202,52,91
414,201,54,91
413,201,51,91
412,201,53,90
411,201,51,90
410,201,52,90
409,201,53,90
408,201,52,89
408,202,53,90
409,202,53,90
411,202,52,89
414,202,53,92
416,203,55,90
418,203,57,91
420,205,57,90
423,206,56,91
426,208,56,90
429,208,54,91
433,210,56,91
439,209,58,93
447,207,61,97
454,205,64,98
466,202,66,100
478,201,64,99
488,202,63,98
497,202,63,97
504,201,64,98
508,203,67,96
513,204,66,95
514,204,66,96
518,203,65,96
517,203,63,95
518,205,60,94
517,207,64,90
516,205,62,92
512,204,63,92
510,202,62,94
508,201,62,95
504,200,63,96
503,199,60,96
500,199,60,95
496,197,61,97
493,197,61,97
490,197,63,96
488,197,63,94
487,196,62,94
485,197,61,93
485,198,60,92
483,198,59,92
482,198,58,93
478,199,62,93
477,197,59,97
475,197,60,98
470,196,64,100
465,202,71,94
465,198,66,100
463,201,65,96
456,200,72,96
440,198,78,97
423,187,78,104
421,191,76,101
380,164,90,131
499,199,64,96
500,205,60,87
505,204,56,86
501,206,60,84
493,200,57,88
492,198,60,90
492,200,61,87
492,196,60,89
490,198,61,88
489,196,60,90
487,196,59,89
483,195,60,89
480,195,61,90
478,193,59,91
477,194,59,91
474,196,59,89
473,195,60,90
473,194,60,90
473,194,60,90
471,194,61,92
470,195,60,91
470,194,60,91
467,196,61,90
465,196,61,90
461,197,60,89
457,197,61,89
448,199,64,88
445,203,63,86
442,203,64,87
438,204,64,88
436,205,63,88
434,206,62,86
433,206,59,87
433,205,58,88
432,208,57,87
431,206,59,89
431,206,58,89
433,205,57,91
434,204,57,93
431,205,60,89
432,202,61,92
429,203,67,94
426,201,72,92
433,195,69,100
336,241,125,55
330,218,94,73
339,219,72,75
348,235,88,58
333,234,98,58
352,213,79,73
345,220,89,67
338,219,80,68
336,208,79,76
350,215,84,70
333,227,101,59
358,203,87,80
332,217,113,70
318,73,71,108
318,60,78,122
181,195,59,98
173,196,55,98
171,194,53,97
166,194,54,96
164,194,54,96
161,193,53,95
159,194,52,95
156,195,52,95
154,198,51,94
153,199,51,92
153,201,50,92
152,200,49,92
151,199,50,94
152,202,49,92
153,203,49,94
155,207,49,93
155,209,49,96
157,210,50,97
161,212,50,96
164,213,51,96
168,211,53,100
174,211,52,99
179,209,54,101
186,209,53,100
192,206,53,102
194,205,53,101
199,206,53,98
199,204,53,99
200,203,52,98
199,201,51,97
196,201,54,96
190,199,55,97
184,196,53,97
176,195,53,94
170,195,52,94
160,194,52,95
153,194,51,93
146,195,51,92
140,195,51,91
135,194,51,92
130,194,49,92
127,193,49,92
125,194,50,91
123,195,50,91
122,193,50,95
124,196,49,94
124,197,50,96
126,198,51,96
128,203,53,95
132,202,52,96
137,201,52,98
142,205,54,97
148,204,53,98
146,199,55,104
152,191,59,113
152,195,63,110
155,197,59,109
155,197,59,106
157,201,57,102
158,200,61,105
156,200,57,104
160,196,54,108
159,188,48,111
154,183,52,113
151,171,56,117
150,144,63,126
155,139,63,115
164,140,66,102
185,131,60,100
204,131,60,95
219,121,56,104
235,115,60,111
253,113,67,116
261,106,89,131
277,134,97,142
319,139,121,130
333,156,121,125
318,149,90,141
355,161,67,123
364,171,66,113
378,172,59,114
388,178,63,108
401,182,71,106
409,186,67,104
408,189,57,103
412,193,58,99
411,194,55,101
414,196,56,99
413,194,54,102
412,196,55,100
407,198,59,99
401,200,59,100
396,201,61,99
392,202,61,100
388,203,58,99
382,203,60,99
377,203,60,99
370,202,57,98
366,202,56,95
360,200,57,96
356,199,56,94
353,197,56,95
350,194,56,95
349,191,55,94
346,189,57,93
344,187,57,93
343,185,56,92
342,185,56,90
341,184,55,89
339,184,56,89
338,185,51,89
336,187,51,89
338,187,51,91
339,189,52,92
341,192,53,91
345,193,52,91
348,195,54,91
353,196,55,93
358,200,57,91
365,202,57,91
371,205,58,92
379,206,58,93
387,209,57,92
395,210,55,92
400,210,56,91
405,210,56,91
410,210,57,91
415,210,58,91
417,209,58,92
420,206,57,95
422,204,54,93
421,203,55,94
421,200,52,94
419,198,53,95
417,196,53,95
412,195,54,95
408,192,56,96
402,191,56,95
397,190,58,94
392,191,57,92
384,191,57,91
380,191,54,92
375,194,52,90
371,195,54,91
368,197,55,91
370,199,54,89
371,199,51,91
373,200,52,90
373,199,53,92
377,200,55,93
379,199,55,93
385,200,54,92
386,201,55,92
389,201,55,92
392,202,55,91
394,201,53,90
397,201,53,91
398,201,55,89
399,198,55,92
399,196,55,93
403,194,54,95
401,193,55,94
402,193,52,94
402,194,52,91
401,193,54,93
402,193,52,94
398,192,53,94
397,191,53,93
397,192,52,92
396,192,54,91
395,193,51,89
394,194,52,90
394,196,52,90
396,199,52,89
397,198,54,91
398,200,54,91
401,200,57,92
409,202,61,91
332,192,68,95
425,179,56,102
424,178,55,98
437,187,62,93
441,186,61,97
441,189,61,97
442,190,61,98
444,189,57,100
445,191,55,99
450,190,57,100
446,192,57,98
444,188,54,101
443,191,56,97
442,192,56,96
445,193,57,95
445,193,57,96
446,194,56,96
448,192,58,98
451,193,67,99
451,189,70,104
443,192,73,101
438,191,76,104
429,192,63,101
426,193,65,99
424,194,64,98
418,194,65,97
417,196,66,95
419,197,60,94
408,197,68,94
352,191,57,97
362,194,61,93
360,193,55,94
367,190,58,97
376,191,58,96
383,191,60,97
387,191,61,97
392,192,62,94
394,192,67,93
420,192,65,94
429,192,60,93
420,187,62,97
404,189,65,91
402,187,65,94
377,188,68,93
369,190,69,93
361,193,71,91
364,193,70,90
361,192,69,92
311,189,58,96
320,194,63,94
305,184,61,102
303,184,62,105
300,188,61,99
303,193,61,92
347,198,65,86
387,187,55,97
382,189,59,94
385,191,59,92
387,189,55,92
382,187,55,95
387,186,55,96
383,184,55,99
390,187,56,99
396,183,57,103
392,183,60,104
454,187,71,97
452,191,70,91
455,192,65,90
392,188,54,90
383,195,56,90
372,198,58,90
374,198,54,88
306,165,67,103
318,135,72,137
311,140,89,132
334,183,83,94
346,197,60,91
349,196,54,91
352,194,49,93
354,195,50,91
356,195,52,90
361,194,48,90
362,192,47,89
365,190,51,86
373,190,53,85
379,192,60,84
438,193,59,85
441,194,58,85
441,192,57,86
437,191,59,87
438,192,59,86
439,190,59,88
438,191,60,88
437,191,60,89
437,192,59,87
437,191,58,90
436,192,57,90
437,194,57,88
439,194,58,88
440,194,57,89
442,194,58,89
444,194,59,90
445,196,59,89
447,196,59,90
449,197,58,90
450,197,57,89
449,196,58,89
447,197,60,90
446,199,61,88
437,199,66,88
430,195,67,90
425,194,67,90
425,190,65,92
421,188,69,93
421,187,63,92
415,186,66,92
415,186,61,92
413,186,64,92
412,185,63,92
410,186,62,91
410,187,60,88
410,185,57,91
410,188,56,88
410,188,57,88
410,189,58,89
411,190,58,90
410,189,58,91
412,190,59,91
414,191,60,91
416,190,61,92
420,191,61,92
421,191,61,94
421,191,62,95
424,191,60,94
428,190,61,95
428,190,65,95
431,188,64,96
432,188,65,99
432,190,64,99
429,191,64,97
424,190,67,96
415,189,69,96
407,184,67,101
396,181,62,102
398,182,66,101
390,179,68,100
375,185,74,96
332,183,52,93
336,191,50,87
334,193,45,82
312,186,56,86
298,163,64,105
316,170,68,99
322,172,65,98
327,176,74,96
394,186,67,92
405,182,63,98
405,185,65,98
409,186,66,98
413,189,64,98
415,190,64,98
419,189,64,98
420,191,63,97
422,191,65,97
424,193,68,97
424,195,67,97
421,197,69,97
424,197,65,97
421,199,66,95
420,200,62,95
421,200,62,94
414,202,66,91
416,197,64,96
413,197,67,94
409,196,68,95
408,196,67,94
405,197,65,92
399,198,63,89
400,196,69,92
402,194,61,92
395,195,63,89
344,194,59,86
334,195,51,86
335,192,55,90
341,191,59,90
330,194,61,87
337,190,54,93
350,189,57,94
338,189,53,95
356,191,55,91
410,190,64,94
408,188,68,98
409,187,66,99
410,187,67,101
410,188,67,100
412,189,67,99
411,190,67,97
413,190,67,96
412,190,68,98
412,189,68,98
411,188,68,98
408,188,71,99
407,188,70,99
403,188,74,97
404,189,74,96
404,188,72,94
404,189,71,94
402,189,72,90
402,190,72,91
400,188,69,88
400,188,70,92
399,187,72,91
400,186,71,91
398,186,72,90
396,184,74,92
399,185,69,93
400,186,66,90
401,183,65,95
401,185,65,92
402,184,61,94
401,185,59,93
399,186,58,90
398,186,63,92
407,185,68,93
406,185,63,93
406,185,60,94
408,186,61,93
411,187,59,92
411,189,55,88
410,190,60,87
411,191,60,86
407,190,63,88
416,189,59,88
408,189,65,86
420,187,66,88
416,185,63,91
416,183,61,91
415,183,56,90
416,183,60,91
405,182,64,91
422,179,63,96
421,179,61,96
421,178,61,97
423,178,57,96
426,179,56,94
425,181,57,92
423,183,56,91
422,183,55,94
422,184,56,95
425,183,55,96
425,183,57,96
427,185,56,95
426,186,56,95
428,187,56,95
430,187,57,94
434,187,58,95
432,188,58,91
435,188,57,91
439,187,58,92
342,195,66,85
370,188,59,88
435,178,61,98
435,177,56,99
432,179,57,97
424,179,59,96
328,188,64,88
332,187,71,84
336,185,74,87
350,184,70,88
412,182,59,90
417,180,59,93
407,182,62,90
413,181,62,90
414,183,59,92
419,186,58,89
419,184,57,93
427,185,58,93
428,187,58,93
434,190,58,92
440,191,58,93
441,191,59,94
444,192,59,94
447,192,59,95
447,191,58,96
449,192,59,95
449,195,61,94
449,194,61,97
450,195,62,96
451,198,61,94
452,197,62,96
455,196,62,98
457,198,64,96
458,199,63,96
462,198,65,96
454,200,69,93
460,200,68,92
459,199,69,94
460,198,68,94
457,198,69,93
459,197,66,91
458,196,62,90
461,194,64,90
462,194,61,92
461,188,62,96
466,188,64,95
467,187,62,96
470,187,64,93
462,179,59,95
385,182,68,95
370,185,57,93
394,188,50,91
394,191,50,87
412,193,49,85
389,190,53,88
392,192,50,87
398,195,49,84
396,194,48,85
384,191,50,87
385,195,50,87
380,195,50,87
375,194,50,87
368,193,52,89
356,190,55,92
386,193,57,89
382,193,52,89
352,185,57,94
361,188,53,93
360,193,50,87
358,193,50,88
354,189,51,91
357,191,53,88
358,189,50,89
373,194,53,84
451,186,58,92
450,187,58,90
448,187,60,90
446,188,60,89
442,188,63,91
437,185,66,95
432,187,66,92
428,187,63,92
427,189,61,88
421,189,62,88
422,189,64,87
420,190,64,86
421,188,62,90
428,188,59,90
429,188,59,89
433,186,57,91
438,184,57,92
438,185,59,93
381,190,51,86
385,190,58,87
459,184,58,93
463,184,56,93
463,181,58,94
465,182,58,93
465,183,60,92
464,182,63,92
468,176,61,96
460,174,63,96
473,171,57,97
468,166,58,98
461,166,57,98
454,167,58,98
458,166,56,100
455,171,59,97
453,173,58,96
454,175,55,95
453,176,54,96
451,177,53,94
452,178,53,93
452,177,54,94
452,177,54,94
455,177,53,95
453,180,55,92
457,180,54,95
458,182,56,92
459,184,57,93
463,185,58,93
457,184,66,93
463,183,63,93
464,182,64,95
465,182,64,94
464,182,66,93
460,182,63,95
472,181,65,96
442,181,63,96
472,179,66,99
488,177,59,98
484,175,66,100
486,176,63,99
486,176,62,95
482,171,64,99
477,170,68,101
465,170,67,101
443,172,75,104
435,173,98,106
433,160,83,119
424,166,71,113
418,172,70,106
410,180,77,98
410,175,75,107
391,175,59,106
388,175,61,103
378,177,60,100
431,177,57,100
418,180,68,96
418,180,67,98
425,182,66,96
419,184,65,94
419,184,67,96
423,187,63,94
427,183,62,98
421,184,64,96
427,186,61,95
370,179,57,102
371,181,55,99
373,183,55,97
373,183,53,98
372,183,54,97
374,184,53,96
376,182,53,98
378,184,52,96
380,179,54,100
384,181,53,99
386,180,53,98
390,177,54,101
393,178,56,101
396,181,57,98
400,182,56,98
404,183,56,97
406,183,59,99
407,183,63,100
408,183,64,101
411,179,67,106
412,175,69,111
413,173,70,114
413,172,68,114
421,165,63,122
417,166,69,121
424,171,77,114
421,177,72,110
418,185,61,105
422,181,62,110
425,180,67,110
428,179,72,111
431,178,71,111
433,180,74,109
437,179,73,109
437,179,77,109
439,181,75,106
442,180,73,107
442,179,74,108
443,180,69,107
444,180,70,105
444,181,71,106
445,182,74,107
443,188,75,104
447,184,73,111
446,189,78,107
445,193,80,105
454,189,73,111
508,192,80,108
512,194,75,106
516,198,85,105
465,201,77,105
472,201,86,108
467,200,71,109
467,200,72,110
471,205,69,106
478,205,73,105
483,204,74,106
488,201,73,108
498,199,73,108
507,197,76,110
517,202,75,107
528,203,74,108
543,185,74,127
530,182,86,132
522,199,91,119
567,215,74,107
581,215,62,104
592,220,61,96
603,220,57,96
607,214,58,96
612,211,59,95
614,207,60,95
617,204,60,95
618,202,60,94
623,193,60,98
628,192,59,94
636,183,60,99
643,177,61,96
650,170,60,97
655,165,58,96
656,167,57,91
657,166,59,92
659,167,59,93
662,167,58,95
660,170,60,91
664,170,59,91
663,172,61,91
669,174,59,92
669,177,61,92
673,181,60,95
666,188,62,97
675,195,57,100
680,206,59,99
685,212,60,98
688,217,63,96
692,219,65,94
695,219,66,93
698,218,66,94
702,216,64,94
701,217,66,93
700,216,65,93
703,215,62,99
701,218,62,97
699,220,62,98
691,223,70,90
695,221,65,94
692,221,67,94
694,216,64,99
692,205,63,101
691,196,61,102
686,189,60,103
676,181,62,103
662,175,61,101
646,175,64,95
627,171,65,96
618,175,66,95
559,168,78,102
497,157,118,116
435,121,85,147
379,111,89,167
389,96,98,168
331,200,175,118
427,129,96,184
295,119,72,133
269,126,69,120
250,107,75,135
279,240,136,92
306,228,83,116
316,245,75,100
323,242,71,106
326,242,71,105
332,241,73,101
340,240,71,97
340,240,78,99
349,237,70,96
352,239,69,90
354,240,65,90
351,233,63,99
349,231,62,97
346,221,63,99
342,220,63,99
340,212,62,99
344,207,59,102
345,202,59,101
344,201,64,98
348,195,63,102
356,189,65,99
360,189,67,95
366,188,67,94
371,186,66,95
376,184,68,96
382,184,66,96
388,181,65,100
390,177,65,100
392,175,62,101
390,170,65,102
390,167,63,102
391,165,64,104
392,159,61,103
393,152,60,101
390,149,63,100
388,146,66,102
390,146,64,98
388,146,70,99
391,146,72,99
402,144,70,101
434,139,65,105
452,136,67,106
471,138,69,104
483,139,77,101
466,142,103,104
464,127,128,129
474,90,148,177
359,23,191,197
292,36,156,156
478,65,116,165
602,177,84,118
620,186,74,110
626,191,71,106
630,192,67,104
631,194,67,102
634,194,67,102
634,194,64,103
630,194,67,103
629,190,67,106
623,186,68,106
625,180,65,108
619,178,69,106
617,179,69,103
614,180,69,101
613,181,65,100
602,185,71,104
595,185,71,108
590,187,66,104
581,190,67,100
575,190,70,102
572,184,63,103
566,185,66,100
558,184,70,98
553,185,72,96
551,184,66,97
545,184,68,97
542,184,67,96
538,180,67,101
533,177,71,104
537,176,67,101
535,176,66,99
534,178,72,97
536,177,68,98
536,178,67,97
537,177,66,98
537,177,69,99
538,177,67,98
543,178,63,99
544,181,65,98
545,181,64,99
542,183,65,99
542,184,67,99
540,181,68,102
538,180,67,103
536,176,69,105
532,173,68,106
533,173,67,102
530,174,66,102
528,174,68,104
527,175,66,102
526,178,67,100
525,178,64,100
524,176,66,103
526,178,65,100
529,178,63,101
534,181,66,99
535,181,66,102
537,184,68,101
541,184,69,103
541,183,70,103
542,184,70,102
545,180,68,104
544,180,69,102
546,180,66,102
536,181,70,105
530,186,68,107
531,190,69,104
533,192,62,103
531,195,65,102
530,196,67,102
530,197,71,102
535,198,68,101
539,198,67,100
542,199,68,100
546,199,68,100
547,197,74,101
551,195,79,103
560,194,76,104
569,193,76,105
576,194,76,103
576,195,84,102
581,194,82,103
585,194,82,103
591,193,79,102
592,194,83,101
594,193,79,101
597,194,80,102
596,193,79,104
595,193,83,104
597,191,72,107
591,190,85,108
595,187,64,111
598,188,65,113
592,189,78,112
594,190,74,114
596,191,75,114
595,192,77,113
598,190,73,113
607,192,70,107
615,187,70,114
552,194,69,109
596,152,79,144
574,136,100,158
562,140,81,162
536,132,75,136
506,118,73,118
479,125,70,114
457,123,72,125
441,129,70,128
428,139,67,123
420,148,65,123
411,155,69,125
406,162,69,124
403,173,68,121
402,175,66,121
404,189,64,114
407,187,67,118
414,182,65,127
423,189,73,127
435,185,69,133
447,193,74,125
461,193,77,123
475,199,89,118
486,197,89,120
495,203,84,112
499,206,76,112
501,207,75,114
503,210,76,110
503,209,73,113
501,208,72,113
502,211,72,110
