0.015370
0.032734
0.032835
0.023871
0.032032
0.033828
0.031734
0.016557
0.033841
0.025159
0.034198
0.031694
0.035069
0.033860
0.028235
0.034750
0.033845
0.023524
0.032488
0.027084
0.031638
0.033718
0.016671
0.032276
0.032497
0.028309
0.017736
0.015965
0.017251
0.031469
0.032763
0.031731
0.032025
0.033011
0.028868
0.032296
0.032336
0.032423
0.033518
0.031547
0.027158
0.033248
0.035177
0.027594
0.033400
0.019805
0.033176
0.033254
0.032812
0.032416
0.033803
0.029212
0.035035
0.020948
0.030834
0.029725
0.017973
0.032139
0.033124
0.032577
0.032994
0.032177
0.032882
0.031815
0.035521
0.034942
0.023849
0.033664
0.034770
0.033636
0.032372
0.034446
0.031011
0.026712
0.034708
0.032776
0.033424
0.027843
0.023647
0.019186
0.023959
0.032649
0.024780
0.032087
0.033675
0.032178
0.031506
0.033571
0.023392
0.032478
0.033624
0.029970
0.032525
0.034002
0.035686
0.027677
0.032718
0.034486
0.031662
0.035285
0.024331
0.032912
0.032543
0.034007
0.033770
0.032805
0.027710
0.031811
0.029289
0.032998
0.034123
0.025002
0.033231
0.033705
0.032798
0.034460
0.033294
0.022489
0.025990
0.019688
0.032894
0.035632
0.033856
0.028177
0.030077
0.027743
0.019060
0.030163
0.033343
0.027253
0.034120
0.027238
0.027842
0.033623
0.033381
0.031541
0.034448
0.032525
0.033981
0.033006
0.034095
0.033733
0.030552
0.018648
0.027097
0.032939
0.030495
0.031833
0.023972
0.033368
0.030873
0.031885
0.034562
0.027654
0.032989
0.032367
0.029089
0.035369
0.019070
0.034424
0.026672
0.024463
0.033349
0.032840
0.033153
0.032909
0.031779
0.033365
0.026944
0.032871
0.033733
0.033276
0.033688
0.034443
0.033048
0.030742
0.034713
0.032012
0.023789
0.034939
0.029941
0.032514
0.022880
0.026249
0.036159
0.016395
0.029240
0.033177
0.033770
0.024682
0.031936
0.032098
0.029961
0.029728
0.031259
0.034111
0.031497
0.023095
0.031421
0.029749
0.031160
0.031549
0.030195
0.033467
0.031733
0.033306
0.033187
0.033997
0.033965
0.027933
0.036303
0.032657
0.020167
0.027563
0.022475
0.030893
0.032366
0.031952
0.032161
0.021077
0.033705
0.033287
0.033541
0.026728
0.034653
0.031984
0.019231
0.016149
0.028898
0.033971
0.020519
0.032447
0.031449
0.027630
0.033284
0.016164
0.032240
0.028281
0.031170
0.031707
0.033506
0.033307
0.032902
0.018991
0.031893
0.033842
0.031999
0.018328
0.016383
0.019321
0.015780
0.024172
0.030849
0.032848
0.032370
0.032192
0.031639
0.033365
0.033218
0.029636
0.024046
0.031911
0.034417
0.032576
0.016583
0.015805
0.018763
0.033252
0.032376
0.019028
0.033961
0.033362
0.025110
0.033156
0.030766
0.034772
0.029146
0.032340
0.025354
0.031047
0.033098
0.031923
0.028988
0.023532
0.033873
0.032641
0.033329
0.034058
0.019577
0.033062
0.017326
0.032436
0.036044
0.031471
0.036844
0.033337
0.032024
0.033900
0.026911
0.018432
0.027827
0.033262
0.033717
0.020963
0.029948
0.034027
0.035010
0.033187
0.019787
0.019214
0.032388
0.034674
0.036945
0.032940
0.032599
0.017054
0.031737
0.031123
0.032519
0.032026
0.034194
0.033257
0.027097
0.032037
0.032232
0.032153
0.020907
0.032617
0.034334
0.032749
0.028369
0.030463
0.032724
0.031031
0.033288
0.033329
0.031409
0.025933
0.031583
0.015973
0.017130
0.033187
0.019512
0.032819
0.035937
0.025993
0.033675
0.033927
0.027374
0.030244
0.029893
0.025227
0.018355
0.035672
0.034621
0.018758
0.031323
0.022481
0.033778
0.034258
0.023361
0.032176
0.032687
0.031375
0.033366
0.036659
0.017864
0.032731
0.032902
0.032180
0.029139
0.033660
0.033278
0.028156
0.028276
0.027735
0.032520
0.032110
0.033099
0.023906
0.031550
0.032623
0.021964
0.026315
0.025567
0.031563
0.033873
0.016809
0.032561
0.033894
0.033717
0.033976
0.032421
0.026940
0.033934
0.032642
0.032046
0.027727
0.017492
0.016901
0.019539
0.017118
0.033682
0.021309
0.027609
0.032815
0.016690
0.033096
0.018346
0.032925
0.033263
0.031999
0.031182
0.032058
0.033812
0.024622
0.032929
0.019601
0.033757
0.033050
0.034791
0.033540
0.032868
0.029931
0.033585
0.020209
0.032890
0.034649
0.032215
0.033163
0.032547
0.033121
0.028421
0.035729
0.016710
0.018234
0.033516
0.032993
0.033948
0.034214
0.033354
0.026518
0.016760
0.033837
0.025300
0.031899
0.028062
0.032268
0.029830
0.031996
0.032240
0.025292
0.023531
0.033938
0.033041
0.031567
0.032562
0.022608
0.029212
0.032996
0.033798
0.032143
0.029607
0.033310
0.029192
0.033949
0.031712
0.028298
0.034028
0.033020
0.032713
0.032123
0.032686
0.023003
0.033178
0.032821
0.032135
0.026419
0.032549
0.036419
0.031196
0.022885
0.033572
0.032694
0.031734
0.022536
0.033866
0.019294
0.015897
0.016793
0.016629
0.026023
0.033825
0.028557
0.019244
0.024979
0.019382
0.016504
0.032984
0.022531
0.034315
0.029293
0.032894
0.031847
0.025794
0.034558
0.017692
0.016459
0.028948
0.032349
0.019067
0.019840
0.033975
0.032761
0.033286
0.025598
0.033235
0.033240
0.033384
0.017375
0.038432
0.033393
0.033924
0.033965
0.034372
0.024983
0.028925
0.033962
0.031887
0.016957
0.018676
0.020342
0.018553
0.017494
0.033166
0.028198
0.034860
0.031989
0.033325
0.030371
0.032407
0.032768
0.031807
0.022886
0.034141
0.033741
0.033364
0.034864
0.034595
0.033430
0.032861
0.032769
0.032069
0.031522
0.025700
0.034437
0.032429
0.031778
0.023240
0.034247
0.032431
0.035332
0.031258
0.035294
0.033383
0.034018
0.024432
0.019024
0.024599
0.032082
0.033979
0.028063
0.035030
0.034302
0.031986
0.033444
0.017476
0.032804
0.017117
0.022687
0.029676
0.018342
0.031846
0.032938
0.035522
0.021270
0.032614
0.031761
0.032051
0.032677
0.022788
0.032099
0.027901
0.032920
0.031630
0.027772
0.030823
0.031286
0.032495
0.016581
0.034258
0.031600
0.031916
0.032871
0.026876
0.032079
0.034133
0.032307
0.029459
0.032537
0.028408
0.032367
0.024612
0.030965
0.031837
0.033941
0.031765
0.032551
0.032259
0.035268
0.034715
0.033983
0.033441
0.032791
0.033993
0.032892
0.033019
0.032982
0.021966
0.032538
0.021667
0.033319
0.032839
0.032306
0.033509
0.026041
0.032324
0.033579
0.035139
0.033862
0.015668
0.029833
0.025871
0.024800
0.032829
0.033680
0.033146
0.029016
0.032769
0.033891
0.033284
0.021725
0.032343
0.033083
0.016047
0.021331
0.032746
0.030297
0.015944
0.028138
0.032609
0.035590
0.032761
0.031626
0.032810
0.031408
0.019550
0.033190
0.032194
0.031178
0.018435
0.023208
0.031760
0.032382
0.031313
0.033445
0.032342
0.016654
0.019146
0.032447
0.023332
0.031996
0.032977
0.031307
0.031413
0.031517
0.028469
0.032522
0.019274
0.029305
0.022539
0.027203
0.029844
0.034471
0.034487
0.032510
0.034592
0.033476
0.033611
0.032582
0.033709
0.031815
0.028696
0.033229
0.035227
0.028386
0.035352
0.032416
0.032458
0.031622
0.031005
0.035221
0.033097
0.022008
0.017278
0.034578
0.038156
0.016838
0.017580
0.035647
0.034250
0.028493
0.027749
0.034393
0.020413
0.027318
0.021841
0.032081
0.020438
0.017591
0.033491
0.035941
0.030212
0.032828
0.029072
0.031984
0.032088
0.033080
0.032231
0.032117
0.026157
0.031662
0.032011
0.032079
0.019769
0.017098
0.017087
0.032551
0.031873
0.028198
0.035555
0.032351
0.031080
0.025146
0.036247
0.026572
0.032439
0.029518
0.031154
0.026266
0.032115
0.033022
0.035466
0.018093
0.036181
0.031932
0.022441
0.031093
0.033817
0.027359
0.034386
0.032680
0.020220
0.032890
0.016529
0.032520
0.032107
0.034836
0.034279
0.022438
0.032164
0.032103
0.034181
0.035206
0.021667
0.016275
0.015264
0.032942
0.021404
0.015229
0.021791
0.032729
0.028463
0.025998
0.031525
0.028495
0.034098
0.031035
0.027176
0.030696
0.022457
0.033637
0.021534
0.032778
0.033900
0.016252
0.018511
0.034224
0.022545
0.032446
0.034533
0.033430
0.031953
0.034071
0.020520
0.029917
0.030213
0.032096
0.035735
0.031759
0.032727
0.032797
0.033832
0.032770
0.031430
0.032720
0.032033
0.031891
0.032410
0.032997
0.032622
0.032292
0.033894
0.026077
0.026298
0.025535
0.027464
0.030723
0.033200
0.025246
0.025289
0.031169
0.018614
0.016193
0.032322
0.033442
0.029176
0.027937
0.032762
0.026909
0.031827
0.031031
0.015754
0.034821
0.032418
0.032672
0.032493
0.031139
0.017421
0.027930
0.033519
0.031826
0.031672
0.031989
0.034070
0.034085
0.031946
0.032249
0.016120
0.033017
0.032242
0.031251
0.031021
0.032808
0.030881
0.032980
0.031816
0.033763
0.031071
0.024711
0.032609
0.033334
0.032361
0.029097
0.032754
0.034618
0.030901
0.032872
0.024631
0.031466
0.032130
0.017895
0.036459
0.032405
0.031652
0.033112
0.018011
0.032419
0.018271
0.016957
0.022008
0.032953
0.033526
0.035383
0.032495
0.034389
0.031799
0.025971
0.033121
0.031834
0.035183
0.033834
0.033440
0.032462
0.034294
0.032460
0.021476
0.016784
0.030815
0.025979
0.031934
0.031273
0.033513
0.033266
0.024223
0.032505
0.033358
0.031467
0.024045
0.034491
0.033200
0.033210
0.033718
0.021525
0.030789
0.032606
0.034110
0.031539
0.029977
0.032323
0.021681
0.034189
0.034500
0.032036
0.033681
0.033794
0.027549
0.033952
0.031826
0.031486
0.031317
0.032999
0.025260
0.027129
0.031547
0.035062
0.032904
0.033751
0.026437
0.033578
0.033258
0.034286
0.036645
0.035201
0.032089
0.033205
0.034271
0.032626
0.026824
0.032412
0.032287
0.031794
0.023966
0.034366
0.034003
0.036430
0.023379
0.032274
0.030166
0.031084
0.031552
0.033843
0.031979
0.019190
0.034152
0.032901
0.017356
0.034647
0.033451
0.032709
0.029139
0.032517
0.035272
0.032504
0.026730
0.033048
0.032186
0.033399
0.025787
0.033966
0.032922
0.034396
0.034437
0.028164
0.033360
0.032137
0.019002
0.032649
0.033375
0.033100
0.032796
0.036432
0.032881
0.032425
0.033306
0.024649
0.033375
0.023646
0.033677
0.031742
0.029113
0.032863
0.034015
0.034322
0.034422
0.033930
0.033223
0.020509
0.033004
0.033671
0.033109
0.019657
0.033220
0.024227
0.030905
0.031836
0.031355
0.031293
0.032320
0.024687
0.032371
0.033344
0.031240
0.033522
0.027588
0.034230
0.018782
0.031543
0.035648
0.033735
0.031165
0.016679
0.015861
0.018688
0.033503
0.028739
0.031254
0.028325
0.032313
0.016703
0.033179
0.033290
0.032611
0.031453
0.031656
0.023020
0.033372
0.033261
0.032524
0.036017
0.031859
0.031359
0.031245
0.025098
0.032079
0.033555
0.034430
0.033388
0.018249
0.031841
0.033414
0.031538
0.015977
0.032053
0.020061
0.016383
0.031836
0.035222
0.029833
0.033291
0.032849
0.032940
0.033223
0.033517
0.033538
0.034492
0.036600
0.033271
0.018878
0.029989
0.030865
0.025274
