259,88,27,28
247,88,32,30
241,94,32,28
237,103,34,29
234,113,35,30
229,126,33,29
224,138,34,30
219,152,34,31
212,169,35,28
209,188,33,29
202,209,33,27
212,237,30,39
190,246,42,42
201,241,39,49
189,237,53,52
200,260,60,64
159,355,55,39
166,337,35,30
167,316,32,30
175,296,43,33
192,240,42,52
178,246,49,53
180,252,49,53
193,265,56,76
210,312,63,66
222,315,60,53
228,323,63,49
221,307,59,54
216,307,51,52
176,236,52,58
173,219,60,61
175,226,70,61
237,305,58,52
212,233,59,58
227,300,61,54
221,313,59,55
211,313,64,66
209,312,68,80
205,314,76,80
207,313,81,82
188,317,95,82
166,298,105,107
128,243,79,161
109,247,94,167
195,305,95,95
188,316,106,86
189,315,89,89
183,315,103,93
193,316,92,87
203,325,86,77
207,322,81,72
178,307,94,94
197,315,97,85
215,301,80,102
159,260,72,146
210,312,85,79
226,318,66,81
213,319,77,96
233,332,66,74
229,323,72,72
239,331,73,80
254,305,59,56
239,332,65,54
276,282,47,38
288,276,39,33
290,272,37,30
297,265,33,29
299,262,34,31
301,262,35,32
302,261,35,32
282,246,37,33
322,260,33,29
287,250,42,35
318,291,40,37
358,309,44,36
360,307,42,35
364,308,42,38
364,307,43,37
366,310,43,36
370,309,41,35
372,309,41,37
374,316,40,33
380,317,41,32
382,308,44,39
396,346,53,47
341,338,70,57
352,342,59,86
322,344,81,79
339,320,76,107
329,307,82,131
338,288,83,148
344,292,87,148
356,292,81,148
356,305,82,137
358,285,73,151
364,303,70,137
372,302,63,136
369,293,75,135
370,303,70,133
382,279,70,159
374,295,78,148
288,315,108,102
404,292,81,158
424,306,86,143
366,305,90,139
306,323,94,100
361,324,70,110
357,310,101,149
368,313,75,130
359,310,73,132
343,334,59,104
347,351,63,82
333,335,85,106
318,316,86,126
319,323,87,120
324,322,78,117
321,293,80,151
314,288,86,162
312,283,83,167
311,284,81,167
300,286,84,163
295,284,90,168
293,287,81,162
295,277,79,168
294,274,76,171
270,279,88,152
266,276,92,152
251,292,74,124
351,349,71,69
343,348,63,58
281,341,53,73
289,330,83,78
297,324,72,93
270,309,69,100
269,287,69,118
279,318,104,86
271,322,99,79
353,330,58,78
360,329,67,81
334,322,94,96
313,329,95,79
304,325,108,94
262,297,118,123
243,280,105,149
249,273,100,158
243,281,100,152
261,305,120,127
246,301,98,140
266,307,95,130
370,353,66,85
369,349,85,91
309,342,103,69
308,337,84,75
291,341,115,68
382,340,55,98
369,346,66,88
385,355,93,83
385,343,91,102
374,354,74,90
375,359,71,82
388,360,62,86
397,365,54,82
383,363,65,82
386,353,74,92
401,347,114,101
474,308,78,152
482,310,73,154
498,314,83,148
486,315,75,151
506,319,83,146
585,323,83,156
586,321,76,163
586,323,77,165
594,324,73,165
603,325,68,164
600,327,72,167
596,326,77,168
591,339,84,156
596,334,83,158
598,338,83,161
599,342,85,155
601,343,83,158
602,345,88,158
600,347,93,159
601,349,95,160
606,349,97,160
612,346,88,165
615,347,94,164
626,345,87,168
616,356,89,155
629,347,82,165
622,356,82,153
628,356,89,155
626,362,79,152
655,356,85,166
762,357,70,178
764,356,64,180
764,363,66,174
769,369,69,164
769,359,64,182
767,357,68,182
769,356,68,182
773,397,62,143
762,423,60,104
742,437,67,83
730,447,57,78
743,432,66,87
755,423,59,104
753,420,67,110
745,415,76,108
746,422,70,116
737,386,72,156
736,427,60,112
740,404,60,138
728,393,64,145
720,390,65,142
710,421,68,114
698,453,57,69
683,453,49,43
684,450,45,40
623,433,50,76
678,441,60,49
696,421,87,78
681,378,65,152
616,367,90,165
704,365,88,173
797,369,82,192
792,370,87,187
797,369,85,191
795,368,89,192
796,371,90,192
796,372,93,191
802,372,86,196
642,381,76,162
608,379,79,164
601,388,95,158
587,395,86,153
577,385,84,154
575,366,79,166
574,373,79,153
578,383,84,144
590,387,75,145
596,392,73,142
606,398,71,138
594,399,79,137
591,391,80,139
596,395,79,129
571,387,90,134
557,380,102,153
675,307,98,240
665,305,106,249
671,313,96,237
662,314,102,234
670,311,92,229
825,355,93,190
833,352,82,197
822,354,93,186
813,354,90,180
796,355,100,182
812,349,82,195
737,394,82,128
735,403,65,114
737,413,57,97
721,418,60,88
703,418,60,85
712,416,51,90
665,441,54,58
643,447,50,49
660,448,58,50
634,429,51,67
699,414,49,85
703,412,53,93
705,413,45,89
700,413,51,89
725,405,59,99
706,412,64,97
740,415,53,102
689,425,58,95
691,432,56,93
712,429,62,102
692,427,63,104
689,428,68,104
708,434,62,99
717,431,55,99
720,432,51,96
689,422,79,102
723,423,82,115
806,384,77,177
817,381,72,190
792,380,91,180
805,377,73,192
807,375,73,187
785,374,91,189
796,376,80,188
799,376,77,189
790,376,82,193
788,375,81,186
792,373,73,186
792,373,70,185
789,371,66,185
773,370,79,178
764,369,89,181
766,369,88,174
762,369,92,173
770,368,87,177
771,370,87,178
775,368,81,180
777,372,81,178
659,433,76,91
673,434,54,90
670,437,59,88
673,437,51,87
632,453,63,68
671,434,55,88
676,430,48,90
641,446,61,72
643,447,63,68
640,449,54,65
634,445,51,64
631,440,57,65
637,432,63,70
682,414,51,90
639,426,71,73
685,416,48,88
647,430,72,70
642,440,53,64
646,442,53,63
646,443,56,64
645,443,50,65
689,429,44,82
677,430,54,86
645,437,57,73
652,434,61,77
653,437,62,73
662,440,58,68
675,435,58,71
681,442,57,64
705,432,70,74
683,424,61,83
580,416,58,66
553,415,59,65
527,403,63,86
527,389,70,107
510,381,89,114
535,332,86,178
540,329,90,185
613,320,94,208
615,320,96,203
622,321,90,209
623,320,91,209
809,369,84,169
813,370,75,162
830,369,76,162
835,369,74,159
832,368,79,162
839,368,75,160
849,366,69,166
852,367,68,163
857,368,66,155
858,367,64,158
855,366,64,160
854,367,64,161
852,367,64,166
852,369,64,158
847,368,66,157
845,369,68,158
842,369,70,161
839,370,70,165
837,368,65,162
834,369,64,158
827,369,66,153
826,369,66,152
824,369,61,155
821,370,61,156
820,372,59,150
819,376,59,148
819,380,55,143
796,383,70,138
692,413,76,94
713,407,67,104
709,410,64,98
685,404,68,101
670,400,62,102
682,405,64,95
695,411,71,91
677,408,84,94
695,399,67,108
701,412,61,93
705,411,56,94
702,410,58,94
706,410,57,94
707,411,58,93
710,414,58,91
711,417,58,88
710,420,61,88
716,421,59,86
713,419,65,89
712,416,67,93
706,414,71,97
700,406,79,106
756,379,66,139
754,374,65,140
742,372,75,151
746,371,67,148
746,372,61,151
740,373,64,151
735,373,64,151
725,374,67,146
721,374,69,145
711,375,74,145
707,376,72,145
700,377,72,143
692,377,74,138
689,378,73,143
682,377,70,140
681,375,72,153
665,375,74,147
666,373,70,148
661,370,69,153
662,370,70,147
656,368,64,157
651,370,59,146
643,371,61,148
630,371,70,151
627,370,70,152
610,373,77,147
613,370,69,146
604,371,66,146
602,369,69,148
598,368,67,150
591,367,68,151
587,365,65,151
577,366,67,150
574,367,64,146
580,366,62,150
564,366,69,154
565,371,67,147
539,389,75,129
536,384,78,128
530,398,76,114
530,401,75,108
526,402,66,108
478,401,80,105
492,405,81,105
507,398,123,118
481,349,126,174
293,355,99,157
297,357,104,154
298,349,100,162
297,355,102,155
305,349,95,160
306,359,86,140
300,360,87,136
315,358,79,141
398,382,93,127
439,380,82,128
379,383,99,122
364,358,108,150
373,362,106,152
390,358,103,151
417,358,103,159
429,360,93,158
375,369,99,143
414,349,93,166
413,365,88,151
407,358,103,158
367,345,98,170
398,361,94,157
388,365,98,152
342,377,103,139
385,360,88,158
377,371,86,143
378,352,90,161
328,353,103,158
238,370,80,137
311,363,84,146
307,379,91,132
330,368,87,146
320,365,89,147
312,364,90,147
289,374,92,137
298,368,83,143
306,378,83,129
322,376,96,139
338,369,93,146
335,375,91,143
324,371,88,146
328,369,80,146
314,373,90,142
318,389,87,131
327,375,95,144
296,371,101,147
184,372,98,139
177,369,88,140
182,359,96,151
184,368,76,141
187,357,85,155
188,358,80,155
181,359,74,153
180,355,74,159
166,359,77,154
170,352,74,161
171,358,75,157
169,358,70,151
157,371,77,140
134,358,69,149
112,355,82,152
101,352,97,156
109,364,92,144
138,362,84,146
132,364,79,143
114,373,97,136
113,368,100,140
103,361,103,147
64,364,74,138
46,358,72,145
37,360,89,142
22,356,113,148
26,348,99,156
12,345,92,158
9,362,93,142
9,348,82,154
7,362,81,140
9,349,70,151
11,344,72,159
6,358,71,145
7,346,68,159
4,341,69,163
1,341,69,162
0,342,67,161
0,343,62,159
3,342,59,163
3,342,62,161
4,341,64,159
2,340,62,162
3,341,74,161
3,345,73,159
1,348,77,151
0,327,65,159
6,322,70,171
7,320,73,171
11,318,75,171
8,320,80,170
9,319,87,171
11,313,79,172
10,308,78,173
10,305,76,170
15,301,75,171
27,311,82,166
42,317,87,167
41,309,86,170
32,306,94,167
47,316,95,160
60,310,91,170
70,321,103,165
85,334,88,149
97,333,78,146
93,321,74,163
89,330,73,151
91,340,75,140
125,349,96,137
201,376,82,107
216,382,78,98
214,384,89,100
217,386,79,97
228,367,89,116
233,369,80,109
245,351,93,124
281,352,68,125
260,357,72,113
255,364,73,104
310,360,75,112
316,365,76,112
325,375,75,105
326,377,84,110
334,388,84,99
342,378,86,112
353,384,70,104
363,378,71,113
362,376,63,112
357,374,58,109
344,374,53,110
372,372,62,117
367,385,62,109
392,400,62,102
407,412,59,99
418,414,62,99
415,420,65,91
327,378,52,114
304,362,73,126
289,347,68,137
287,356,63,129
281,367,55,119
270,366,54,124
246,370,75,125
191,351,83,150
189,356,81,151
187,369,83,141
184,363,80,155
182,352,82,161
181,346,92,173
178,349,95,175
241,333,85,202
229,332,92,198
220,330,84,196
194,333,81,187
177,339,85,179
175,341,82,180
172,342,90,182
182,336,88,190
180,343,100,189
170,334,114,189
35,333,128,187
34,345,113,168
206,322,74,193
189,323,91,190
179,325,92,192
205,329,98,195
200,325,95,201
203,328,93,195
178,323,107,196
208,322,87,193
218,323,84,190
213,323,82,185
216,317,79,186
215,320,83,181
209,316,79,186
204,315,79,185
196,314,85,187
196,313,88,190
188,315,93,190
191,318,90,189
193,318,99,190
195,320,94,196
201,338,87,188
193,333,89,190
202,335,87,192
201,336,89,193
210,337,85,192
217,335,83,195
224,340,87,191
230,341,99,194
263,337,95,208
270,337,95,208
282,337,89,207
281,335,89,209
273,337,96,202
279,333,101,204
279,332,96,203
410,369,71,162
472,398,86,128
550,407,76,125
557,410,72,121
561,408,64,128
570,411,63,125
578,410,66,124
650,442,52,95
653,444,52,89
657,446,50,87
661,447,49,80
663,449,51,75
667,448,52,77
669,442,52,80
632,453,60,71
637,459,60,69
639,463,63,64
635,459,65,69
639,467,43,64
636,469,43,60
631,467,43,61
636,465,47,65
634,472,44,58
654,489,58,43
664,492,49,42
648,466,44,57
635,472,47,48
638,460,52,61
630,457,53,63
629,452,55,71
664,440,52,79
627,454,49,68
628,459,55,64
627,457,45,63
632,454,48,64
625,457,49,60
663,430,47,89
625,452,47,65
629,457,41,59
641,459,51,59
662,446,49,61
639,458,43,62
628,480,49,39
629,477,35,40
654,461,59,62
651,454,49,64
632,484,49,35
633,482,43,36
635,486,42,36
639,492,34,33
641,495,32,34
638,495,40,34
641,495,38,32
642,494,33,31
645,484,40,33
628,484,51,36
637,443,65,66
671,428,64,93
682,415,83,110
785,410,70,128
782,399,69,144
780,401,68,144
780,400,81,147
783,398,77,149
789,403,76,146
791,401,74,145
795,402,74,146
799,404,73,144
803,406,71,144
806,406,76,147
810,412,74,146
811,417,74,139
811,404,77,152
812,403,75,152
820,402,69,150
825,402,61,146
829,402,64,152
840,402,56,151
839,403,61,154
839,404,66,148
841,403,73,149
843,414,73,145
855,409,66,151
854,430,67,127
864,414,62,144
855,439,73,119
867,415,65,150
885,413,58,152
893,418,59,145
894,417,63,140
898,414,60,147
892,414,63,146
909,415,49,148
908,415,47,143
895,411,61,144
888,416,65,140
901,413,55,138
884,414,72,130
877,413,73,125
872,420,73,118
857,413,80,130
860,402,80,145
865,389,85,163
873,383,81,172
879,361,80,203
878,357,81,215
876,353,78,204
882,358,77,197
879,367,80,196
884,370,73,197
883,368,74,206
885,369,74,204
885,368,74,205
884,370,74,196
879,369,76,192
875,365,80,199
877,366,80,203
717,375,93,194
705,379,111,189
713,382,105,186
710,383,112,186
712,386,112,187
715,387,113,185
718,391,109,182
722,392,105,182
718,391,110,182
723,391,108,184
713,388,110,187
718,388,116,186
712,387,119,186
837,374,111,198
850,369,99,200
840,368,108,206
834,369,112,202
723,396,110,168
539,405,82,154
534,404,75,151
539,398,78,161
543,394,76,162
534,393,83,165
553,394,72,163
551,392,80,168
554,395,76,166
559,394,78,168
564,393,76,170
570,387,75,177
576,383,77,181
578,381,82,181
586,377,89,188
579,379,81,183
585,378,85,181
582,376,94,180
590,374,86,181
587,377,90,176
592,377,93,174
523,387,84,171
616,383,82,181
617,392,87,176
602,407,109,162
624,395,88,176
633,401,82,163
638,395,77,177
646,395,81,175
595,405,76,165
652,396,76,167
598,412,78,161
662,402,76,163
613,406,95,166
683,390,73,177
620,402,102,166
610,398,104,170
700,402,85,163
619,402,106,166
618,396,88,169
681,386,73,168
674,402,81,157
663,395,82,166
663,395,82,175
669,393,80,179
655,403,81,164
671,377,77,190
671,404,84,166
757,331,79,231
751,326,89,227
663,379,89,192
657,378,90,191
655,386,89,185
649,406,92,163
644,407,85,164
640,424,89,146
626,399,91,172
615,400,108,166
610,394,98,170
635,372,107,193
629,376,109,182
591,367,95,179
595,340,86,193
576,320,101,198
475,332,105,166
409,302,91,182
