0.001329
0.015153
0.022398
0.018505
0.015558
0.014861
0.014224
0.014626
0.016856
0.020297
0.020819
0.016233
0.014490
0.015997
0.018840
0.015940
0.017079
0.017570
0.017943
0.017572
0.015809
0.020209
0.020857
0.015186
0.018896
0.015145
0.020762
0.015374
0.014988
0.015592
0.015188
0.016598
0.019241
0.022370
0.016511
0.014417
0.018691
0.034416
0.016291
0.017955
0.015869
0.014862
0.019878
0.014919
0.017293
0.015494
0.016324
0.017879
0.015843
0.015382
0.014863
0.018797
0.015165
0.016424
0.017447
0.016762
0.017358
0.015428
0.016518
0.014451
0.023742
0.016397
0.015080
0.017204
0.015217
0.018414
0.016007
