0.005532
0.018924
0.019045
0.017145
0.017692
0.017997
0.017590
0.030530
0.034348
0.031742
0.032511
0.033386
0.033066
0.024803
0.033209
0.035557
0.026179
0.028366
0.032781
0.019916
0.017974
0.031286
0.019829
0.022619
0.025543
0.033049
0.034779
0.027510
0.030305
0.036604
0.033190
0.018484
0.017823
0.034163
0.024695
0.021241
0.022307
0.018476
0.021471
0.019458
0.021444
0.020531
0.034615
0.034886
0.028539
0.031315
0.042977
0.031970
0.034236
0.038518
0.032576
0.036361
0.018806
0.023283
0.021333
0.020721
0.020383
0.017766
0.022949
0.045374
0.021547
0.028420
0.020668
0.019925
0.022221
0.021902
0.025715
0.027954
0.035025
0.041390
0.034775
0.038834
0.037321
0.028779
0.028947
0.019232
0.023405
0.019262
0.021568
0.020735
0.018291
0.019470
0.018531
0.025893
0.022855
0.031883
0.033436
0.032668
0.036987
0.034900
0.031356
0.022109
0.021641
0.025390
0.020542
0.026036
0.023416
0.032763
0.035174
0.022328
0.033870
0.023245
0.033844
0.035979
0.020555
0.018792
0.034715
0.031960
0.038770
0.035423
0.027959
0.031421
0.034188
0.034755
0.033172
0.031017
0.022537
0.032923
0.028242
0.028973
0.020587
0.031818
0.038528
0.018629
0.021575
0.035898
0.036345
0.032308
0.032647
0.026968
0.026413
0.033520
0.032744
0.018092
0.037996
0.043591
0.020604
0.029101
0.029682
0.045408
0.038627
0.033113
0.034247
0.018180
0.039186
0.030440
0.047096
0.034856
0.022876
0.023331
0.025720
0.043150
0.034555
0.020855
0.046851
0.036047
0.040442
0.047269
0.051781
0.035044
0.020406
0.035199
0.019438
0.018913
0.036380
0.023128
0.036735
0.036065
0.023955
0.036735
0.041291
0.034974
0.021627
0.029302
0.029351
0.020911
0.021084
0.022317
0.035321
0.021700
0.026544
0.034305
0.024859
0.023822
0.019426
0.035497
0.021270
0.038905
0.033360
0.035087
0.039334
0.022605
0.021394
0.021069
0.035363
0.033453
0.034089
0.020988
0.035297
0.019201
0.025597
0.037770
0.035859
0.017317
0.028973
0.019512
0.017678
0.020864
0.019203
0.018873
0.035507
0.034055
0.038295
0.028182
0.035293
0.017356
0.032897
0.024397
0.022164
0.020071
0.018073
0.018891
0.026927
0.021536
0.022353
0.038712
0.044858
0.020905
0.020245
0.023059
0.021662
0.038045
0.030112
0.020008
0.018644
0.020361
0.019376
0.023164
0.019594
0.019666
0.018593
0.018553
0.023886
0.020978
0.020263
0.035276
0.027742
0.036270
0.024757
0.030634
0.033164
0.034701
0.036540
0.035498
0.034012
0.029345
0.033348
0.038110
0.035741
0.026590
0.021205
0.027165
0.036200
0.025445
0.034545
0.035893
0.039366
0.022747
0.021144
0.018523
0.018438
0.021365
0.037863
0.035295
0.036600
0.037415
0.035948
0.033582
0.036598
0.040689
0.021149
0.021634
0.016923
0.018478
0.020955
0.017611
0.017288
0.017324
0.017366
0.033011
0.034173
0.020511
0.032400
0.035326
0.038458
0.032892
0.026066
0.033389
0.021556
0.048849
0.034135
0.047975
0.072192
0.031258
0.050092
0.031584
0.028701
0.042867
0.036940
0.052338
0.019685
0.018239
0.022283
0.037536
0.020384
0.034399
0.025422
0.055135
0.021121
0.031800
0.021116
0.016707
0.019093
0.035210
0.033817
0.033021
0.033942
0.034265
0.032071
0.026627
0.032975
0.021394
0.020761
0.020188
0.020966
0.021816
0.034136
0.034600
0.040404
0.019269
0.026887
0.032336
0.033153
0.034873
0.033633
0.035485
0.020762
0.024064
0.051382
0.033029
0.034418
0.033990
0.035431
0.033584
0.025500
0.018803
0.033828
0.033587
0.025416
0.049655
0.027706
0.031447
0.027999
0.032085
0.022467
0.023499
0.016791
0.022091
0.020335
0.021075
0.034348
0.031633
0.021090
0.037296
0.026848
0.037592
0.032072
0.033325
0.030020
0.032982
0.019381
0.038962
0.032339
0.019928
0.017580
0.019996
0.032676
0.031804
0.033142
0.025097
0.033329
0.025022
0.017287
0.032039
0.024684
0.034038
0.031935
0.031925
0.033306
0.033710
0.032255
0.031844
0.032897
0.029285
0.029858
0.033502
0.029699
0.020069
0.025642
0.018548
0.017516
0.017938
0.017762
0.019093
0.033035
0.036152
0.020308
0.018176
0.017047
0.017128
0.036255
0.033636
0.038901
0.025441
0.031565
0.028495
0.029356
0.029915
0.029921
0.053933
0.018368
0.017744
0.019288
0.023967
0.045225
0.034129
0.033310
0.031516
0.032756
0.030714
0.029845
0.025043
0.028796
0.016808
0.032898
0.032674
0.019017
0.015855
0.018278
0.015600
0.017093
0.019953
0.019600
0.021138
0.025501
0.015721
0.036738
0.029591
0.048008
0.024074
0.021250
0.018064
0.052740
0.038010
0.031345
0.022681
0.016805
0.018752
0.016905
0.036535
0.034921
0.036448
0.098976
0.184259
0.114310
0.103153
0.067491
0.095528
0.105463
0.121529
0.121444
0.098576
0.122021
0.135972
0.039981
0.038414
0.039358
0.022112
0.037710
0.036503
0.039218
0.036307
0.035800
0.017573
0.032651
0.021937
0.018205
0.017412
0.025573
0.017809
0.022511
0.031084
0.038908
0.035481
0.031323
0.031996
0.037031
0.027673
0.034133
0.032397
0.019060
0.020166
0.019413
0.016784
0.017564
0.018038
0.018460
0.019327
0.023448
0.022431
0.034789
0.033710
0.033537
0.024928
0.020445
0.032826
0.032245
0.030405
0.029348
0.034489
0.039022
0.035841
0.025338
0.024404
0.033617
0.034185
0.016462
0.033030
0.037019
0.031934
0.034068
0.027336
0.032527
0.023311
0.038907
0.033347
0.029888
0.033589
0.017341
0.017247
0.020707
0.017099
0.021544
0.055780
0.020088
0.020052
0.018519
0.020812
0.019604
0.020556
0.034956
0.039602
0.034207
0.026213
0.020664
0.020573
0.035443
0.022811
0.021686
0.037297
0.033442
0.032745
0.030484
0.034556
0.035021
0.027840
0.033896
0.037812
0.030940
0.032308
0.021960
0.018816
0.020320
0.028655
0.033855
0.037622
0.036469
0.030349
0.034645
0.038841
0.036286
0.042964
0.021844
0.019841
0.020239
0.032145
0.028464
0.034037
0.033906
0.023810
0.039793
0.040436
0.035137
0.021052
0.043289
0.038561
0.042391
0.026058
0.037660
0.026204
0.034168
0.033853
0.035993
0.026694
0.022873
0.031176
0.019814
0.020397
0.033562
0.032915
0.020483
0.032816
0.032681
0.033104
0.025423
0.033806
0.028197
0.039332
0.031427
0.029929
0.023377
0.018107
0.018428
0.019225
0.020825
0.017643
0.017536
0.022002
0.036986
0.034984
0.033536
0.033987
0.035688
0.037971
0.036273
0.020641
0.018782
0.018974
0.018773
0.022107
0.022903
0.022385
0.026432
0.020790
0.018167
0.018290
0.018303
0.019113
0.019257
0.017848
0.020865
0.021228
0.019719
0.019584
0.025716
0.017660
0.031334
0.017665
0.033425
0.043811
0.032670
0.033337
0.032911
0.030540
0.031532
0.035256
0.035378
0.045595
0.036596
0.019155
0.031595
0.033962
0.035858
0.030089
0.019739
0.022989
0.018351
0.021814
0.018389
0.017545
0.039031
0.032658
0.023312
0.046255
0.032963
0.040326
0.049126
0.046256
0.047650
0.042678
0.035179
0.040408
0.059818
0.034712
0.036099
0.022690
0.036327
0.032261
0.034614
0.030788
0.023643
0.024623
0.029044
0.022051
0.034011
0.021062
0.018934
0.019144
0.035239
0.048489
0.033990
0.034925
0.031600
0.038658
0.034100
0.036107
0.027877
0.016953
0.036573
0.027721
0.040283
0.036748
0.034136
0.018850
0.018845
0.021223
0.021468
0.030982
0.042869
0.036250
0.033167
0.035947
0.028255
0.022277
0.020214
0.018479
0.021003
0.019730
0.022928
0.017438
0.030330
0.032988
0.034162
0.035275
0.028764
0.031692
0.032961
0.022824
0.022217
0.016223
0.018354
0.017010
0.035075
0.038534
0.034290
0.034742
0.038943
0.035792
0.025769
0.033584
0.020217
0.020878
0.018774
0.021159
0.018978
0.025721
0.022151
0.017781
0.037684
0.033873
0.033439
0.038702
0.031401
0.033494
0.033250
0.033889
0.031237
0.034282
0.017156
0.017447
0.019005
0.034867
0.031042
0.034900
0.034526
0.035780
0.034657
0.033299
0.018396
0.023704
0.033026
0.036092
0.032779
0.026766
0.017462
0.020701
0.018005
0.022049
0.032295
0.024263
0.017855
0.019439
0.020613
0.017002
0.019886
0.020803
0.021217
0.017993
0.023087
0.020216
0.022188
0.019436
0.017898
0.039478
0.034539
0.032246
