106,372,39,88
106,372,40,91
107,371,41,92
108,371,41,95
111,371,42,96
110,370,43,98
110,369,43,98
111,370,45,99
110,371,45,99
111,370,47,100
111,371,50,99
114,371,49,98
115,372,50,98
114,372,47,97
109,372,47,98
102,373,47,97
99,374,45,97
98,374,44,98
101,374,42,97
103,374,41,98
105,373,42,100
106,375,43,100
107,377,43,97
106,377,43,97
104,377,44,97
104,376,46,99
105,377,46,97
105,377,46,97
105,377,45,101
106,376,44,100
104,374,45,103
99,375,49,106
96,375,49,105
95,375,49,103
93,376,50,103
95,377,52,102
92,378,53,103
94,379,55,100
93,380,55,103
93,379,53,101
89,379,52,105
85,379,48,101
72,379,48,105
66,380,42,101
58,381,42,103
53,382,45,104
49,384,44,102
41,386,45,101
36,387,45,99
28,388,46,101
15,389,48,100
2,393,39,95
0,389,37,100
0,392,34,100
0,389,33,100
0,388,35,103
0,388,32,102
0,387,32,101
0,384,28,90
6,390,47,107
3,393,46,109
1,394,45,110
1,393,42,103
2,393,42,98
1,393,42,104
1,391,42,105
0,393,40,109
0,392,39,109
0,395,38,106
0,397,36,110
0,395,31,96
0,400,24,106
19,390,50,88
8,387,49,123
6,389,52,118
3,391,54,127
0,393,45,122
0,397,40,110
0,397,35,117
0,401,29,118
31,402,51,119
101,390,53,113
41,400,75,128
64,403,68,127
82,398,60,128
80,398,63,132
83,396,67,136
79,399,60,141
88,403,58,141
100,383,73,144
0,406,50,131
0,406,43,117
2,407,48,122
0,411,37,136
0,413,35,125
1,412,45,122
9,412,48,118
23,410,45,107
33,408,46,111
74,404,47,90
57,408,49,110
62,408,50,115
72,410,55,119
78,410,54,124
83,417,57,125
91,409,60,133
97,408,62,137
106,410,63,136
124,411,56,131
133,411,58,130
145,410,56,137
147,412,62,140
150,410,65,144
145,404,67,140
166,407,61,121
205,413,53,111
209,417,57,115
215,415,60,122
226,417,58,131
236,416,56,126
253,418,46,108
265,415,49,114
265,413,59,123
271,413,66,123
288,416,61,123
305,414,56,128
314,418,56,131
330,416,57,133
340,415,61,128
342,411,65,133
350,409,74,134
374,409,64,127
387,408,63,129
388,409,69,132
410,414,58,122
389,413,60,131
397,414,57,121
445,414,52,126
452,414,56,122
457,410,59,126
461,408,70,130
369,406,62,127
378,405,60,124
375,400,65,127
512,414,59,127
519,403,75,138
529,407,67,135
422,407,59,127
435,408,55,113
449,405,60,121
519,411,57,118
416,401,62,123
422,402,58,116
424,404,56,113
426,402,60,115
436,402,57,112
445,403,54,109
489,405,59,115
456,401,60,114
453,397,64,118
364,404,66,104
260,391,43,102
262,389,43,97
266,388,43,102
271,387,44,100
273,388,47,101
275,389,47,100
279,390,47,101
281,391,47,101
285,390,45,100
291,391,44,99
295,389,44,103
296,385,45,107
293,390,45,101
295,375,46,114
288,392,46,101
286,370,50,121
280,368,56,118
278,366,57,124
276,365,61,127
279,366,63,118
284,369,63,112
389,391,53,107
393,387,51,107
291,367,64,119
292,367,62,120
294,366,60,115
301,365,55,113
305,365,51,109
309,366,49,110
311,365,49,110
313,364,49,111
315,365,49,112
316,365,52,115
317,366,54,116
319,365,55,117
322,366,57,116
323,365,57,116
325,365,56,112
326,363,52,106
329,366,53,108
327,364,48,104
335,382,51,95
325,381,52,98
330,377,53,105
381,382,47,101
316,363,62,118
319,363,63,115
320,364,65,113
320,364,63,108
322,364,60,109
323,363,60,110
326,364,60,106
329,363,54,101
333,363,46,101
337,361,45,104
340,359,45,105
344,360,44,106
346,360,43,105
346,360,41,104
346,361,39,101
348,360,40,102
347,360,43,103
348,361,47,104
350,359,48,105
352,360,49,105
355,360,49,104
356,360,48,102
359,359,45,98
361,358,42,95
363,356,42,99
364,357,45,101
364,359,48,101
364,358,49,105
362,358,48,100
363,360,46,99
361,359,47,101
359,359,50,101
357,360,52,102
357,361,49,99
359,361,48,98
361,361,47,95
362,360,44,99
365,360,41,97
369,358,42,99
368,359,43,97
368,358,41,96
370,359,42,95
370,358,42,95
371,358,45,96
371,358,47,98
372,358,46,96
373,359,48,101
371,359,48,97
371,358,46,96
373,357,46,100
379,356,45,101
380,358,47,105
381,357,45,97
381,357,49,102
382,357,50,99
383,359,49,96
386,359,49,100
386,359,48,98
388,358,47,96
391,358,47,99
392,358,46,97
394,358,45,97
397,358,45,99
402,359,44,99
405,358,43,102
407,358,41,102
409,357,41,101
410,357,42,101
411,359,43,101
412,359,43,102
413,359,45,101
414,358,46,101
415,358,47,102
418,357,46,100
420,357,44,100
421,356,43,101
424,355,42,100
427,356,41,102
429,357,42,101
429,357,43,100
428,357,45,101
430,356,46,99
429,357,48,99
426,357,45,97
419,357,44,96
411,358,43,93
405,358,39,93
401,357,40,93
402,357,40,93
402,357,41,94
405,357,40,95
407,356,39,96
407,356,39,97
405,356,40,97
405,357,40,97
404,356,41,98
404,358,42,97
404,358,42,97
405,358,42,96
409,358,43,96
408,358,44,96
410,359,42,96
396,357,42,98
391,357,38,98
385,357,36,93
384,356,46,90
385,356,40,89
387,356,43,92
390,356,44,88
388,355,47,92
391,356,45,92
388,354,46,93
384,354,44,93
382,354,43,90
383,354,45,90
381,354,44,91
388,354,42,90
386,353,41,92
390,353,39,91
390,353,39,91
392,354,40,91
393,353,40,93
396,353,39,93
397,353,39,92
398,353,40,93
401,353,40,93
402,353,40,92
404,353,40,92
404,353,41,93
405,351,43,94
407,351,43,92
409,351,44,93
412,351,44,95
413,350,46,93
414,351,47,94
415,352,47,92
419,352,47,90
424,352,47,91
419,351,47,92
483,346,38,87
482,344,43,97
422,353,46,88
426,350,42,88
430,350,45,90
435,354,44,88
435,351,41,89
442,355,41,86
453,368,34,75
455,366,34,74
454,362,35,80
436,350,34,86
437,351,36,88
438,351,35,87
438,351,35,86
440,351,36,86
440,350,37,87
441,351,36,86
443,350,36,86
443,349,37,88
444,350,39,89
447,349,40,89
478,350,37,89
451,349,39,87
449,348,40,88
450,346,40,88
449,345,40,89
452,344,40,88
453,342,39,91
453,342,37,89
453,342,36,89
452,341,39,92
451,341,38,93
451,340,38,91
450,339,38,91
450,339,37,88
450,339,37,88
447,340,38,89
450,338,39,91
448,338,37,84
453,337,35,85
457,338,35,89
451,337,33,87
442,337,34,75
442,341,32,75
443,338,31,71
444,340,31,74
442,339,32,75
440,339,31,75
467,342,31,77
467,344,33,80
464,343,35,82
463,341,34,83
464,342,34,83
462,343,33,83
463,343,35,81
462,343,35,83
462,342,35,83
461,340,35,84
463,345,33,79
461,346,34,77
461,345,34,76
460,345,33,77
460,344,33,77
460,344,34,79
460,344,33,77
460,345,34,77
460,345,33,76
459,345,34,77
459,344,33,78
459,345,33,78
459,344,32,77
460,345,33,77
460,344,33,77
459,343,34,78
458,342,34,80
460,343,33,79
459,343,33,77
460,344,33,77
460,344,32,78
460,343,33,78
461,344,32,77
461,345,32,76
461,345,32,77
462,344,31,77
461,346,31,75
464,345,30,75
461,347,31,76
463,346,30,75
461,347,32,75
462,347,31,75
461,346,31,75
463,346,31,75
461,346,30,76
464,346,29,75
462,347,30,75
462,346,30,75
463,346,30,76
463,346,30,75
462,347,30,75
461,346,30,75
461,346,31,76
461,346,31,77
461,345,30,75
460,345,31,77
459,345,30,77
459,345,32,79
459,344,31,78
458,343,32,79
458,343,32,78
457,343,32,78
457,343,33,78
456,344,31,77
456,344,32,76
454,344,32,76
454,344,31,77
455,345,32,75
455,346,30,75
454,346,31,75
454,347,30,74
454,348,29,74
454,348,29,74
455,347,29,75
454,347,30,75
454,347,30,75
453,346,30,76
453,346,30,75
453,346,31,75
452,346,30,74
452,346,31,75
452,346,31,75
453,346,30,75
452,346,29,75
452,347,29,75
451,346,29,76
450,346,30,76
450,346,30,75
450,346,31,75
450,346,32,75
450,345,31,74
450,346,32,75
450,346,31,74
450,347,31,75
450,346,31,74
452,346,31,75
453,347,31,75
452,347,31,75
452,345,31,76
454,346,32,75
453,346,33,75
451,343,35,78
452,342,35,79
454,342,35,79
453,342,35,77
453,343,34,77
454,342,35,78
454,343,33,77
455,343,34,78
454,344,32,78
456,343,32,77
454,345,32,76
456,346,32,75
455,346,31,75
456,346,30,74
454,347,31,73
456,347,31,73
455,348,30,73
455,348,30,73
455,348,31,73
455,348,31,73
456,348,30,73
455,348,30,74
456,348,30,74
456,348,29,73
456,347,30,74
454,345,32,76
455,345,31,76
453,345,32,76
454,344,32,76
453,345,32,75
452,345,32,75
451,345,32,77
450,345,31,76
449,344,32,77
449,344,31,76
448,344,31,77
448,343,30,78
448,343,30,77
446,344,31,77
446,343,30,74
445,344,31,74
445,344,31,74
445,343,32,74
444,343,32,76
445,343,31,75
444,344,31,77
444,344,31,76
443,344,30,75
443,345,29,75
444,345,28,75
443,344,29,74
442,345,29,74
442,344,30,75
442,344,30,74
441,345,31,75
440,344,31,74
439,344,31,74
437,345,32,75
435,344,32,75
435,344,33,76
437,344,32,75
438,346,32,74
437,347,32,72
435,346,32,72
432,344,32,73
431,345,31,75
430,343,31,74
430,344,32,74
429,344,31,76
427,343,30,76
425,344,29,75
424,343,30,75
423,343,30,76
423,343,30,77
423,343,28,77
423,344,28,76
421,344,28,76
422,344,29,75
420,345,28,75
419,345,28,74
414,343,31,76
415,342,31,77
411,341,32,78
407,338,35,79
330,368,51,108
365,369,57,118
331,368,60,113
333,369,64,114
333,367,62,114
339,367,62,118
346,367,59,117
352,366,54,117
360,366,47,116
367,367,47,116
372,367,47,116
406,368,48,117
410,368,47,118
415,370,46,110
412,372,55,115
417,368,63,119
418,369,64,119
421,372,65,116
424,370,65,118
429,370,63,119
435,369,60,119
441,369,57,118
408,366,52,118
304,388,48,134
309,390,46,131
313,389,45,132
317,390,51,130
423,368,54,113
330,384,59,131
425,372,63,107
426,373,66,110
427,372,65,111
481,372,70,109
439,368,60,113
498,369,58,112
503,368,55,111
510,369,49,102
516,368,46,114
520,369,45,108
524,372,46,107
528,371,52,107
532,372,60,108
542,370,62,108
544,369,66,111
552,371,65,110
557,368,62,112
560,368,63,113
566,367,60,113
453,382,58,125
463,383,49,122
471,382,43,120
473,382,44,123
449,382,51,121
531,370,49,96
597,365,52,111
603,363,51,115
496,382,60,120
509,383,57,116
615,370,57,110
524,391,56,108
630,364,52,115
637,364,51,112
639,359,51,116
646,360,49,115
650,361,47,114
652,363,50,115
657,362,49,114
569,379,52,120
662,362,57,113
665,361,59,114
667,361,62,115
593,379,68,126
611,382,59,117
623,380,56,108
627,378,48,115
628,378,55,125
711,360,55,114
716,359,54,114
717,358,56,117
719,359,59,116
717,359,64,116
721,358,62,115
727,360,59,115
730,360,61,116
732,360,60,114
735,360,60,114
738,359,58,116
740,360,56,114
745,359,55,112
751,359,53,112
668,356,47,107
707,380,54,118
685,362,52,125
767,360,51,107
773,359,50,105
778,360,51,107
779,362,52,106
785,360,50,108
782,365,56,106
797,364,47,99
757,380,57,118
767,377,55,120
699,354,47,98
708,354,42,90
712,354,40,87
714,353,40,93
716,353,42,102
717,353,44,96
724,354,45,93
727,351,45,101
734,358,44,109
734,353,48,102
688,416,51,96
741,354,41,90
745,352,43,106
745,357,51,106
785,384,57,121
867,369,51,118
879,382,47,113
882,388,50,108
888,385,53,108
890,379,57,116
892,377,60,119
896,382,57,113
898,378,58,118
906,378,53,117
908,375,51,121
912,370,47,120
889,352,47,124
888,352,55,134
889,351,56,112
884,357,60,135
901,353,49,127
898,355,54,136
907,354,48,134
905,353,51,123
914,350,43,106
912,347,46,120
917,349,42,105
922,348,37,94
926,346,33,91
913,348,38,80
908,384,49,115
898,398,56,106
850,357,48,101
921,361,38,143
862,350,58,135
748,401,83,114
752,402,89,114
756,401,96,115
762,396,86,122
633,400,64,119
614,407,59,114
617,405,61,114
623,401,59,115
558,419,59,112
566,420,61,107
577,414,58,109
589,421,57,105
599,415,57,108
613,420,55,102
626,428,48,94
598,410,55,112
536,424,71,106
508,404,65,124
428,393,43,98
444,395,42,99
447,393,45,97
459,391,43,99
468,390,46,101
473,390,48,99
476,390,51,99
481,389,53,106
488,390,53,108
499,392,50,102
512,391,47,103
520,388,48,105
524,388,51,108
535,388,50,106
530,388,48,114
532,389,53,104
544,391,49,106
605,367,47,86
572,392,50,102
623,365,47,105
585,387,54,108
596,388,60,104
641,368,51,92
657,395,48,106
622,391,55,103
630,385,59,109
621,392,43,106
668,372,53,101
689,397,49,109
698,394,50,110
700,372,48,111
667,394,44,99
669,391,44,99
674,391,45,103
678,391,46,103
691,391,46,104
693,388,46,105
701,387,41,102
708,389,39,98
712,390,43,96
717,388,42,101
723,389,43,100
733,380,47,111
746,381,52,110
750,387,51,108
791,379,49,102
794,372,56,116
793,396,51,102
811,380,52,123
803,391,51,112
823,373,47,119
816,373,49,121
804,374,59,120
807,388,62,110
819,374,59,127
831,377,55,120
834,384,58,112
843,383,53,114
846,386,57,111
854,374,53,122
865,369,51,125
870,367,53,128
876,365,54,127
879,369,58,124
888,371,52,118
893,371,52,121
898,371,52,125
904,373,52,124
917,370,41,124
918,369,40,123
916,367,41,129
921,367,38,123
921,368,36,121
925,366,34,125
926,363,33,133
925,357,33,128
930,360,29,131
925,372,33,119
920,336,36,124
872,346,80,126
880,349,76,147
861,406,98,149
844,367,113,189
818,329,141,226
863,390,96,185
878,301,81,214
810,385,149,176
823,314,136,261
837,332,122,243
859,339,100,236
798,277,161,266
776,401,183,174
801,368,158,207
787,376,172,199
793,350,166,225
748,116,211,290
758,57,201,296
718,16,241,331
392,0,501,234
51,299,238,192
69,342,131,141
155,372,60,109
169,368,48,110
178,369,49,111
186,370,53,110
190,374,53,109
195,374,57,108
199,375,53,110
204,373,55,111
207,372,55,112
213,374,51,110
220,372,53,114
226,373,51,113
234,373,51,111
237,374,55,112
237,374,56,111
245,375,57,114
242,374,59,117
253,377,53,112
250,374,59,116
253,377,59,115
259,375,58,116
263,376,56,113
269,374,52,117
274,375,50,112
280,373,54,113
340,372,46,108
284,376,51,115
292,374,48,115
292,376,51,116
297,377,52,115
300,378,56,115
305,380,56,116
311,380,56,116
315,379,58,116
319,380,58,115
319,379,60,118
329,379,54,118
333,379,52,119
339,379,50,118
341,378,54,119
342,378,57,119
399,375,62,112
393,379,65,110
341,381,69,119
348,385,62,117
349,380,64,121
354,383,62,119
359,382,59,121
363,381,57,122
367,381,56,121
374,380,52,121
379,381,54,120
427,379,51,113
382,381,51,120
434,380,50,112
384,379,55,121
386,383,61,121
434,381,61,118
391,385,64,118
391,384,62,117
392,382,63,121
396,381,62,119
446,380,58,117
407,383,57,121
415,381,51,123
418,381,55,122
420,382,59,124
419,382,62,122
420,385,61,120
422,382,62,124
474,381,64,118
424,386,69,121
430,386,63,120
435,385,62,122
439,384,60,124
444,385,56,123
450,384,55,126
489,382,53,118
496,381,50,121
499,382,47,117
500,381,49,119
470,384,61,124
489,383,67,122
506,385,63,117
505,386,63,122
514,385,57,120
509,387,58,121
515,385,58,122
519,385,55,126
528,384,51,122
533,386,49,120
514,389,57,123
519,389,58,124
530,389,58,119
555,388,62,120
532,389,60,127
553,388,70,124
544,392,61,121
550,391,58,123
552,391,59,125
555,390,63,126
560,391,60,124
559,390,54,126
574,389,63,121
582,388,56,123
582,389,58,127
586,388,59,129
590,388,59,130
597,389,60,130
600,390,64,128
602,390,68,124
608,391,65,124
611,392,64,124
615,391,64,124
610,393,65,124
623,390,56,125
621,391,60,130
630,389,52,125
630,390,56,124
630,390,63,131
631,392,72,133
629,394,72,132
644,393,72,130
637,396,69,128
646,395,79,130
641,397,72,128
655,395,77,130
652,397,64,128
660,395,71,132
662,395,65,130
672,394,60,130
677,393,56,133
680,393,56,133
681,393,59,134
683,393,62,135
687,395,65,134
696,397,64,131
698,396,68,133
701,397,70,132
704,398,68,131
708,400,68,129
720,401,60,126
717,398,65,134
723,398,62,134
730,397,56,134
731,397,57,132
735,397,61,135
739,398,70,137
741,400,76,137
745,401,81,136
747,405,82,132
753,403,82,134
756,402,87,135
758,405,81,133
763,403,74,133
766,403,76,136
772,402,71,137
777,400,67,140
788,400,61,141
793,401,66,143
801,400,69,143
805,400,73,142
806,401,80,141
811,405,81,139
817,410,82,136
827,414,83,135
834,412,77,136
837,413,79,135
842,411,75,136
852,409,67,135
856,409,68,140
863,409,66,140
864,408,69,137
873,410,75,134
879,413,68,141
883,411,68,145
886,411,67,144
885,413,63,141
884,412,57,142
888,414,67,143
888,413,61,141
891,413,62,140
897,412,60,145
902,412,57,141
908,412,51,144
919,411,40,139
928,411,31,139
934,402,25,150
931,404,28,140
929,407,30,138
920,408,38,138
925,415,33,133
917,392,41,152
898,404,58,139
886,403,71,138
871,386,83,151
885,387,73,158
885,376,74,168
879,391,78,159
865,344,94,202
810,507,149,68
865,375,87,167
882,372,77,184
861,416,98,159
787,525,172,50
887,380,71,167
881,374,72,180
877,378,78,173
877,375,82,180
868,370,91,205
876,398,83,159
869,359,90,192
865,372,94,185
879,350,80,144
887,378,72,170
864,373,89,175
888,359,71,137
900,315,59,144
865,398,94,133
881,356,78,163
857,356,102,175
893,414,66,148
858,331,93,142
887,377,72,132
877,377,82,144
884,314,75,169
914,388,45,121
888,314,63,130
880,385,79,118
881,367,78,160
878,361,81,150
889,354,70,131
892,401,67,123
873,397,83,144
708,402,61,119
688,402,60,122
695,401,57,123
695,401,60,123
699,402,61,124
704,403,65,124
708,404,63,124
729,433,44,93
722,406,58,121
714,404,72,126
732,436,57,96
729,403,62,123
729,403,62,125
737,404,57,124
739,403,53,125
746,404,49,124
747,404,54,124
748,404,60,126
746,405,66,139
752,405,72,141
757,405,69,130
762,403,75,134
754,419,73,120
769,407,75,133
765,414,72,131
775,408,74,138
786,413,64,128
778,411,70,134
750,417,70,137
777,414,71,136
793,417,65,136
783,430,69,131
800,429,74,136
808,429,77,130
818,448,68,111
825,448,64,112
835,445,60,119
