357,236,56,111
362,238,57,107
370,241,52,107
387,240,43,105
394,241,41,105
399,245,45,104
407,246,44,107
416,246,44,108
394,247,50,109
366,248,64,109
340,249,59,109
309,250,48,110
285,251,43,109
255,253,49,110
226,256,56,109
200,255,50,113
174,257,52,111
146,258,56,111
117,257,64,113
85,263,63,108
89,261,52,111
106,260,44,114
112,265,46,108
117,264,56,113
129,262,46,112
139,264,45,115
147,265,55,113
158,267,58,113
160,268,57,111
173,265,51,111
183,266,51,113
188,266,56,111
193,266,64,111
196,267,67,111
215,265,48,113
223,265,49,114
231,265,54,113
242,266,54,110
256,266,53,109
265,265,56,100
274,266,52,98
280,266,52,98
291,266,49,107
294,266,51,103
301,267,48,101
314,269,44,93
326,267,46,91
334,267,53,96
339,268,56,97
346,270,51,105
355,271,55,107
354,272,74,105
366,273,58,109
358,274,55,101
333,275,53,101
309,275,49,100
285,274,48,98
254,276,52,100
226,279,52,103
203,280,53,95
181,278,47,102
157,279,44,92
127,280,48,95
109,283,44,99
89,283,46,92
73,284,45,94
78,283,48,100
85,284,49,96
91,283,77,97
96,285,79,99
108,285,71,99
111,285,69,102
120,285,58,96
113,286,66,104
112,286,66,101
115,286,62,93
120,287,53,98
121,286,53,92
120,286,53,95
120,287,52,96
119,287,54,89
122,286,50,88
120,287,52,91
122,288,52,92
123,288,51,95
117,288,57,108
119,290,55,88
124,290,51,90
124,287,52,98
120,287,58,112
120,289,57,88
125,289,50,90
127,289,49,93
121,288,55,104
120,288,58,91
122,288,53,101
122,287,57,90
124,290,52,100
124,289,52,91
126,290,51,99
124,288,53,94
127,291,50,90
128,291,49,95
123,289,52,89
127,291,50,85
129,290,47,92
124,289,51,96
125,289,51,94
122,289,55,97
120,289,58,103
124,290,59,102
122,291,56,97
125,289,57,98
123,289,54,93
120,289,59,106
124,290,57,100
125,291,55,95
122,290,57,93
128,292,54,92
123,290,57,98
121,287,59,91
119,284,61,103
116,281,63,100
115,281,63,97
112,280,69,100
111,278,69,99
111,281,70,95
111,281,68,95
111,278,69,95
114,279,63,96
114,280,55,93
114,280,64,95
116,281,57,94
113,280,61,95
115,279,58,94
114,280,57,94
113,280,64,94
111,279,67,93
114,280,63,94
116,280,60,92
111,280,59,93
113,280,61,92
114,279,58,92
112,280,51,98
116,280,57,92
112,280,62,91
116,279,62,95
118,280,52,89
117,280,60,92
119,281,57,93
114,280,62,91
116,281,60,96
116,280,62,91
120,282,60,93
112,280,68,93
117,281,63,90
122,280,57,95
119,280,56,92
116,280,61,99
121,280,58,91
117,280,57,97
120,281,59,97
118,281,62,94
114,281,65,90
117,281,60,94
115,281,65,91
116,280,61,91
117,282,59,99
117,282,62,93
114,281,67,92
121,283,57,89
119,281,55,94
119,282,56,95
118,282,58,94
112,281,65,95
115,281,62,95
122,282,58,93
120,280,56,95
122,280,57,95
122,281,53,95
118,282,56,98
119,282,60,88
119,280,61,98
118,282,64,95
120,282,62,94
117,281,67,99
115,282,67,100
116,283,62,91
118,281,61,101
116,284,67,99
120,283,61,98
117,282,61,93
114,284,62,105
118,282,65,104
114,282,65,105
120,283,63,100
112,283,72,102
122,284,59,95
120,284,62,97
117,284,64,103
123,283,58,99
116,283,66,105
119,283,64,102
118,282,62,95
119,283,63,97
116,281,64,100
119,283,64,103
123,283,58,95
124,282,60,93
120,282,60,98
123,281,61,91
120,281,60,98
120,282,65,96
119,280,62,101
117,281,69,93
117,283,67,93
117,282,65,90
116,283,59,88
121,284,57,95
118,283,65,100
122,282,59,93
125,283,51,91
125,284,53,92
123,284,57,95
119,283,64,96
119,283,67,94
121,281,62,92
121,281,59,94
120,282,60,96
123,282,59,95
127,282,55,90
122,282,58,98
119,281,66,93
118,281,61,93
121,282,60,95
127,281,57,88
124,281,58,94
126,282,61,89
124,281,57,94
125,280,57,90
128,280,54,92
122,282,59,93
122,281,59,90
125,280,60,97
119,281,66,97
123,281,64,90
121,279,60,95
127,281,51,89
122,280,56,90
123,279,53,90
122,281,52,92
119,280,55,91
123,280,50,89
122,281,56,93
120,280,55,96
126,280,52,94
123,280,58,99
128,281,53,92
124,281,56,96
123,280,56,95
123,280,57,98
117,280,64,98
117,280,64,99
114,279,69,108
112,279,73,103
114,282,68,96
119,279,62,100
126,281,57,96
131,284,49,89
130,279,49,95
125,281,55,94
127,279,51,92
126,279,53,90
126,280,52,90
125,280,51,94
127,279,49,95
126,279,52,96
126,278,52,99
127,278,54,99
124,279,55,94
124,280,50,95
122,278,50,97
119,279,55,99
114,279,69,104
108,279,71,99
109,281,72,107
115,280,68,99
121,282,56,98
119,281,56,92
123,281,58,95
124,282,57,92
124,283,63,93
126,286,57,87
126,290,58,89
126,292,54,87
127,295,57,87
128,294,58,93
131,294,54,88
130,295,54,89
130,294,53,85
132,296,52,84
130,295,54,92
136,292,49,83
129,291,53,85
126,286,58,95
122,284,59,94
113,282,52,88
105,283,41,85
98,284,44,84
92,283,47,87
84,283,50,87
66,285,55,96
57,282,52,100
45,283,58,96
30,283,65,103
20,285,68,105
6,284,71,104
3,282,60,109
0,284,42,105
0,287,33,109
0,307,27,77
41,300,43,74
0,281,61,103
16,284,88,104
42,283,63,104
71,280,55,100
91,278,49,98
103,280,54,75
125,280,55,82
145,278,56,83
173,276,47,82
182,278,44,93
170,279,54,112
160,280,50,106
153,277,48,112
142,280,55,113
125,282,62,112
113,280,60,115
104,279,57,113
91,281,56,118
78,282,64,116
61,283,70,121
66,282,55,116
57,282,52,120
34,283,69,118
28,282,69,117
25,280,58,116
65,280,52,118
86,280,56,116
116,281,66,114
146,276,60,117
172,278,49,119
199,273,60,119
222,276,64,118
253,276,60,118
279,273,49,117
291,274,49,118
277,275,52,116
262,275,60,121
254,274,53,124
249,274,51,123
222,276,59,113
214,274,63,116
211,273,54,122
205,272,44,124
184,274,62,116
173,274,67,115
168,275,66,119
168,274,49,117
158,273,52,120
133,276,65,116
128,271,65,122
124,274,61,118
148,274,56,118
176,274,58,121
202,269,61,118
243,268,57,124
290,275,54,118
314,268,60,125
352,266,59,127
365,266,60,128
363,278,56,113
363,263,54,130
360,261,57,131
365,270,50,123
356,264,60,129
361,271,51,121
363,261,50,132
367,275,45,118
363,284,42,110
365,272,45,120
362,264,48,128
366,262,43,130
365,276,38,117
365,261,50,133
361,251,45,143
362,265,41,128
360,269,44,125
353,272,49,123
350,274,52,121
360,279,42,117
360,278,41,116
358,282,43,112
360,280,41,115
360,270,42,124
356,276,47,119
358,276,47,118
350,278,55,117
348,267,57,129
348,278,55,118
357,268,50,130
364,275,43,120
362,272,44,123
361,268,44,128
358,272,45,122
357,271,49,124
352,269,51,125
347,278,57,116
350,262,61,134
359,271,46,124
363,275,44,119
364,285,39,109
364,275,39,118
364,267,45,128
365,269,44,126
368,270,43,125
366,271,44,125
365,270,45,125
365,271,40,125
367,274,40,122
366,273,39,121
364,270,42,126
364,270,43,125
365,272,40,122
365,269,40,126
361,275,41,120
366,280,38,113
367,276,37,118
367,275,38,120
367,275,39,120
365,277,39,118
368,276,39,120
364,273,41,122
366,278,40,116
367,278,37,115
367,278,38,117
367,278,40,117
368,277,39,117
367,274,38,120
368,275,39,119
368,272,39,122
364,269,42,126
366,270,41,124
364,269,42,125
364,268,43,127
363,268,44,127
365,268,44,127
363,267,46,129
367,267,44,128
365,265,45,129
361,265,49,130
365,266,46,129
362,263,48,131
365,264,45,132
366,265,45,130
365,266,46,130
367,270,44,124
370,271,42,123
371,273,40,121
372,274,38,119
374,277,38,117
373,274,41,121
373,272,40,123
373,274,39,120
372,277,38,118
372,279,41,116
374,277,40,119
344,289,45,105
310,278,47,116
272,266,55,129
234,267,64,130
230,259,54,135
263,268,52,126
293,268,52,127
330,265,57,130
317,274,55,121
278,260,57,134
256,260,49,136
224,275,50,120
209,265,57,129
248,264,51,132
277,266,54,129
311,280,49,114
337,283,51,111
303,281,46,114
276,267,49,127
254,289,43,108
226,266,50,130
221,266,50,130
240,261,62,134
270,257,65,139
305,284,44,112
324,289,44,106
309,280,43,112
276,277,47,116
238,266,54,131
193,265,64,130
219,262,53,135
262,276,52,122
299,276,46,121
335,263,57,132
311,267,49,129
278,257,59,137
241,265,59,131
221,299,38,96
200,279,51,115
245,271,52,124
282,269,47,127
335,269,51,126
324,268,53,127
281,266,60,129
262,268,50,130
234,261,58,135
204,263,58,135
238,284,40,113
262,277,46,118
293,272,47,122
325,271,49,124
301,272,50,123
259,274,57,122
226,286,50,110
210,288,49,110
235,272,49,121
258,263,59,131
295,275,49,120
313,278,48,117
266,277,50,118
232,296,46,100
208,284,50,110
218,274,51,122
250,269,51,128
271,273,54,121
300,276,50,119
329,282,47,113
282,284,49,109
252,283,51,111
225,288,49,107
194,300,43,98
228,291,47,106
256,288,51,110
281,287,49,108
311,282,52,115
332,284,55,113
335,283,46,116
340,286,44,113
340,287,45,110
338,283,45,114
339,285,46,112
335,288,47,109
338,280,49,118
331,293,50,104
332,281,49,115
329,283,56,114
326,284,52,116
329,277,58,120
335,281,49,118
341,289,44,110
342,282,46,114
338,279,47,118
340,282,44,117
342,277,39,118
343,283,43,109
339,293,42,101
338,271,49,123
345,271,45,123
346,275,44,119
347,276,41,121
346,276,42,119
347,283,42,112
351,279,39,115
347,273,44,121
349,281,44,113
350,271,43,123
353,272,42,122
355,267,43,126
354,271,41,122
361,265,39,130
357,268,40,127
363,263,37,131
354,280,44,113
358,271,44,118
347,273,59,120
351,286,62,116
350,270,66,120
347,283,81,122
348,281,84,125
351,283,87,122
355,283,84,116
358,280,89,118
361,279,89,121
360,282,94,123
362,278,97,126
364,280,96,124
363,281,99,126
365,278,97,128
366,279,98,128
366,279,97,125
366,279,96,126
367,272,96,133
369,269,93,137
370,268,93,138
368,273,92,129
368,281,93,120
368,282,91,121
372,282,78,118
380,285,67,108
390,286,50,106
368,288,61,103
323,286,71,109
288,287,83,106
253,290,77,104
247,290,65,104
232,292,82,103
262,294,64,105
240,293,93,105
249,288,70,107
258,291,70,110
254,287,101,115
261,286,101,118
270,285,97,115
280,288,86,115
285,288,97,116
287,288,109,121
297,289,109,123
310,289,89,122
299,289,95,118
276,293,83,112
248,298,84,99
222,297,99,116
209,296,75,111
204,292,64,112
175,294,66,114
147,298,87,109
132,297,82,103
125,296,76,107
96,303,82,110
119,301,121,123
141,304,96,122
158,301,80,124
197,302,53,120
205,302,68,122
207,302,101,113
259,304,70,117
273,304,74,122
290,298,91,127
327,305,75,95
319,306,55,94
316,305,52,84
307,305,47,84
297,307,43,88
279,309,52,89
268,307,50,84
252,312,76,110
245,311,61,106
239,310,49,97
231,315,66,103
213,313,66,106
206,312,64,101
191,314,73,107
180,317,67,108
174,318,54,108
164,319,70,99
148,322,75,99
140,320,72,105
127,322,71,112
121,322,74,115
136,323,103,136
159,325,107,137
185,323,100,115
207,325,108,109
227,326,107,109
250,328,114,113
261,327,125,123
288,330,131,133
289,329,126,133
278,332,125,138
266,337,119,135
256,330,111,143
270,335,105,137
289,340,93,132
308,344,90,129
326,349,78,124
343,353,71,121
357,354,69,120
369,362,78,113
378,367,80,106
