0.009147
0.032076
0.031775
0.031354
0.015768
0.020742
0.033511
0.031229
0.023714
0.031160
0.032350
0.028687
0.032853
0.023970
0.030829
0.030467
0.026381
0.027702
0.030353
0.033091
0.018352
0.029061
0.031254
0.026092
0.030069
0.020891
0.031356
0.031350
0.031589
0.025474
0.020250
0.024733
0.033613
0.030517
0.031758
0.033157
0.031408
0.032306
0.019054
0.031198
0.031171
0.026122
0.018474
0.020394
0.017426
0.015590
0.033906
0.033688
0.033156
0.026183
0.032631
0.031748
0.032276
0.019495
0.032804
0.028946
0.031561
0.030843
0.033028
0.034154
0.017936
0.017524
0.016065
0.023597
0.032353
0.026122
0.034058
0.031266
0.031837
0.031909
