0.016479
0.033844
0.033413
0.033412
0.034849
0.032878
0.033834
0.024810
0.032158
0.033687
0.032048
0.030473
0.032437
0.027509
0.017902
0.033183
0.032536
0.031929
0.033587
0.033294
0.031786
0.032422
0.034554
0.030755
0.032205
0.023751
0.033013
0.018916
0.016283
0.016470
0.018355
0.017212
0.016861
0.016830
0.017522
0.016717
0.019966
0.017170
0.016333
0.016872
0.020245
0.035875
0.028165
0.023532
0.021820
0.021829
0.036240
0.033043
0.034491
0.031315
0.032067
0.032804
0.017987
0.017642
0.033767
0.021115
0.032979
0.037950
0.020561
0.033698
0.035156
0.021459
0.035863
0.030999
0.019510
0.034067
0.029313
0.032756
0.033247
0.033185
0.032771
0.032326
0.034972
0.019202
0.025739
0.034023
0.019330
0.035177
0.034248
0.033897
0.035734
0.029568
0.033668
0.031852
0.030152
0.034577
0.035624
0.034588
0.021932
0.033671
0.032884
0.021989
0.032839
0.031384
0.033892
0.033680
0.034282
0.029640
0.020215
0.032426
0.027583
0.035875
0.019360
0.016973
0.029253
0.032160
0.025746
0.026603
0.033895
0.016709
0.032888
0.032407
0.032664
0.035146
0.033553
0.031662
0.034110
0.032101
0.034241
0.019009
0.019289
0.018743
0.029369
0.033320
0.035567
0.034760
0.033739
0.032537
0.033314
0.018589
0.019091
0.033568
0.033376
0.019126
0.021708
0.032146
0.033274
0.019731
0.032185
0.027802
0.032957
0.033914
0.035497
0.017844
0.032835
0.025220
0.034741
0.032530
0.035033
0.027853
0.021559
0.033039
0.033696
0.019254
0.025208
0.034195
0.032140
0.032239
0.033531
0.031334
0.030130
0.033375
0.033896
0.033709
0.034332
0.033403
0.024176
0.016330
0.016068
0.016673
0.028107
0.033270
0.034571
0.032461
0.033345
0.033871
0.033673
0.032407
0.032210
0.018539
0.028880
0.019526
0.019312
0.035094
0.032576
0.031972
0.030472
0.035672
0.034057
0.017334
0.028500
0.019818
0.032342
0.033540
0.032428
0.033183
0.035622
0.032109
0.032835
0.028093
0.031416
0.016467
0.016443
0.033848
0.032597
0.022926
0.032107
0.032125
0.033577
0.035546
0.019382
0.033826
0.031683
0.032757
0.030977
0.034159
0.032416
0.032982
0.031734
0.032581
0.032032
0.032635
0.033040
0.027581
0.033003
0.033958
0.016717
0.019268
0.023143
0.034508
0.032311
0.032749
0.035250
0.033713
0.033044
0.028467
0.016974
0.020516
0.015271
0.032851
0.032299
0.018898
0.016508
0.033725
0.027583
0.033671
0.032200
0.033498
0.024240
0.032342
0.033701
0.033593
0.017219
0.020369
0.015802
0.021151
0.017167
0.032316
0.032354
0.028156
0.030554
0.023850
0.032997
0.033485
0.032135
0.034733
0.032401
0.031429
0.032624
0.032169
0.022588
0.028290
0.016233
0.029299
0.034496
0.033939
0.034563
0.033077
0.034154
0.021629
0.033077
0.033146
0.033312
0.028640
0.028917
0.032583
0.018409
0.031226
0.026513
0.032132
0.018094
0.031688
0.031573
0.020339
0.029043
0.032990
0.031801
0.033228
0.027749
0.030618
0.032744
0.032041
0.032553
0.031384
0.034885
0.031279
0.034486
0.032629
0.032761
0.029526
0.032514
0.027908
0.031803
0.031997
0.031747
0.033996
0.017061
0.033336
0.030333
0.033687
0.032020
0.026528
0.020117
0.032437
0.026414
0.032938
0.027246
0.032638
0.032536
0.032437
0.032792
0.017426
0.019375
0.015228
0.015950
0.017827
0.016781
0.032164
0.032919
0.026298
0.033801
0.017797
0.034094
0.032822
0.023758
0.015578
0.032023
0.033102
0.027088
0.031888
0.033430
0.031683
0.024589
0.037474
0.033330
0.032943
0.031168
0.032716
0.032165
0.031972
0.032647
0.031152
0.032020
0.033808
0.018430
0.032879
0.019706
0.016762
0.015643
0.033396
0.032761
0.032341
0.023878
0.020782
0.030158
0.028713
0.033388
0.032476
0.032603
0.033581
0.031725
0.027271
0.034332
0.032235
0.031934
0.032398
0.018422
0.025288
0.034204
0.016389
0.016187
0.017288
0.033031
0.033170
0.031534
0.033193
0.032374
0.033460
0.032206
0.031373
0.032414
0.017944
0.021784
0.020709
0.033592
0.033427
0.033122
0.033201
0.030183
0.031811
0.031254
0.031780
0.031162
0.029319
0.030199
0.030586
0.033112
0.028444
0.033932
0.032947
0.032136
0.031895
0.028068
0.034722
0.021006
0.026889
0.031417
0.030862
0.031205
0.033910
0.031930
0.032807
0.027633
0.026256
0.032923
0.024043
0.016513
0.032225
0.025287
0.017814
0.032920
0.032000
0.032595
0.034355
0.031574
0.030054
0.032302
0.031588
0.033182
0.031880
0.032981
0.017602
0.034857
0.029279
0.030101
0.034325
0.032967
0.017329
0.030904
0.033180
0.032354
0.028014
0.032238
0.019184
0.033254
0.027563
0.032176
0.034126
0.021484
0.025121
0.032698
0.033033
0.032864
0.033306
0.032927
0.037337
0.032077
0.031322
0.032393
0.032389
0.033816
0.020460
0.032012
0.032053
0.032246
0.029096
0.032463
0.016781
0.015401
0.033311
0.027774
0.032439
0.031888
0.032728
0.033810
0.033964
0.033844
0.032848
0.032626
0.034039
0.033424
0.032038
0.019493
0.032443
0.031421
0.032173
0.016601
0.015763
0.033663
0.032610
0.029819
0.034723
0.015687
0.031304
0.032670
0.030865
0.032288
0.028446
0.032989
0.032355
0.034146
0.032100
0.031664
0.036087
0.034194
0.032970
0.034362
0.031834
0.030349
0.022746
0.033039
0.031840
0.033288
0.035372
0.022489
0.021467
0.033409
0.032738
0.033196
0.023279
0.031961
0.034624
0.019928
0.032898
0.027348
0.030974
0.031563
0.032068
0.031967
0.025679
0.032951
0.029332
0.032853
0.016544
0.023776
0.031589
0.034154
0.031873
0.031514
0.015538
0.034240
0.034633
0.032603
0.033636
0.033766
0.029309
0.035454
0.032681
0.031893
0.031893
0.032743
0.031887
0.023919
0.033236
0.029332
0.020404
0.027072
0.032090
0.033163
0.032709
0.031475
0.028835
0.033612
0.016776
0.026840
0.020710
0.034081
0.032697
0.034107
0.021290
0.016970
0.032664
0.035977
0.022743
0.022406
0.033661
0.031665
0.022073
0.032957
0.031640
0.032423
0.032571
0.035082
0.032188
0.033067
0.019847
0.031076
0.031661
0.032796
0.033852
0.017723
0.025489
0.032350
0.020455
0.032388
0.033460
0.016219
0.025647
0.034319
0.032210
0.017013
0.018867
0.015242
0.032473
0.018594
0.016884
0.033709
0.031692
0.034685
0.031793
0.017288
0.031372
0.016500
0.031733
0.023553
0.034216
0.032932
0.020279
0.033365
0.031708
0.016541
0.016106
0.017487
0.027164
0.032715
0.025864
0.035077
0.027685
0.034720
0.031514
0.029131
0.033617
0.035563
0.031030
0.033233
0.027993
0.032092
0.026275
0.032369
0.033376
0.017807
0.034957
0.020175
0.033382
0.031343
0.031337
0.029612
0.034875
0.022928
0.018318
0.031505
0.031768
0.031960
0.030932
0.032237
0.033620
0.032815
0.016809
0.030809
0.026679
0.018193
0.032303
0.033007
0.029241
0.031958
0.021360
0.017984
0.031406
0.036751
0.031658
0.026747
0.031585
0.025453
0.033792
0.034485
0.021410
0.018754
0.019132
0.023351
0.031797
0.032067
0.032137
0.020661
0.016335
0.019016
0.024165
0.032261
0.019339
0.033052
0.027092
0.023484
0.017164
0.033565
0.030209
0.033283
0.032421
0.028324
0.031507
0.032066
0.032648
0.032122
0.032804
0.033037
0.027666
0.034157
0.026938
0.034281
0.032395
0.033258
0.033477
0.017689
0.026296
0.033281
0.032223
0.031983
0.025233
0.023134
0.016811
0.033621
0.033579
0.033865
0.032685
0.024762
0.017000
0.031954
0.016890
0.032854
0.032774
0.033146
0.019488
0.032125
0.034255
0.029234
0.032567
0.024025
0.016303
0.034142
0.026550
0.019833
0.033655
0.030494
0.030349
0.019237
0.016639
0.033200
0.034260
0.019987
0.020885
0.032824
0.028882
0.031998
0.019442
0.033462
0.031292
0.027016
0.032958
0.031971
0.029866
0.031286
0.020560
0.033202
0.026787
0.033924
0.032076
0.015519
0.031590
0.019362
0.034314
0.029148
0.029065
0.032262
0.033315
0.033190
0.031104
0.016814
0.018897
0.015909
0.025446
0.031025
0.033443
0.023334
0.035540
0.029160
0.027124
0.030854
0.016208
0.015503
0.023489
0.031976
0.020940
0.030936
0.032015
0.032615
0.032951
0.033903
0.024440
0.031761
0.033878
0.033754
0.032665
0.032270
0.017548
0.033282
0.027846
0.020678
0.033025
0.015196
0.033477
0.032907
0.032485
0.032295
0.016095
0.030179
0.028136
0.023964
0.032449
0.032350
0.021707
0.026161
0.031804
0.023504
0.032643
0.016258
0.032945
0.031355
0.032057
0.023346
0.031969
0.031527
0.032820
0.034182
0.032132
0.025594
0.025514
0.032678
0.030199
0.034425
0.032970
0.021813
0.033647
0.033157
0.026647
0.026553
0.020959
0.033525
0.027477
0.033513
0.033365
0.033221
0.017191
0.033653
0.037419
0.028512
0.034200
0.023133
0.033454
0.021049
0.025030
0.035037
0.032069
0.028163
0.033238
0.032280
0.016368
0.033544
0.031848
0.028021
0.031921
0.032001
0.018807
0.034597
0.029328
0.033360
0.027315
0.035049
0.030287
0.020729
0.021847
0.037779
0.028862
0.033766
0.025951
0.033682
0.038470
0.033738
0.018907
0.018889
0.029506
0.035202
0.032913
0.029371
0.028320
0.019498
0.032161
0.034179
0.028040
0.031675
0.034748
0.033021
0.034379
0.032396
0.034196
0.025087
0.033595
0.025180
0.033917
0.031249
0.031484
0.031448
0.032808
0.032975
0.032995
0.031807
0.032358
0.034021
0.033983
0.033412
0.033955
0.034113
0.034750
0.032815
0.032433
0.033078
0.032627
0.029084
0.016562
0.023076
0.031435
0.020106
0.034303
0.019962
0.032315
0.033540
0.032624
0.031626
0.028812
0.032912
0.032674
0.021765
0.034420
0.032824
0.019591
0.034693
0.034367
0.034076
0.033797
0.027135
0.033643
0.025857
0.033512
0.019396
0.037961
0.030142
0.032117
0.034400
0.019245
0.032303
0.031781
0.027479
0.029154
0.033821
0.033430
0.034047
0.033464
0.033449
0.034646
0.032385
0.017500
0.034661
0.033087
0.038103
0.032563
0.029626
0.032783
0.031324
0.033233
0.032580
0.034637
0.033475
0.033659
0.038319
0.017260
0.026454
0.033932
0.019529
0.032509
0.034241
0.025294
0.019825
0.030846
0.031516
0.035299
0.033577
0.035709
0.023729
0.023722
0.033581
0.018356
0.035540
0.033988
0.017843
0.036344
0.033816
0.016803
0.018583
0.033371
0.033795
0.030591
0.023700
0.031416
0.032688
0.033290
0.032580
0.034045
0.033334
0.033729
0.031274
0.034327
0.032830
0.031923
0.033920
0.030590
0.028115
0.028752
0.030562
0.018586
0.035286
0.034657
0.024418
0.033386
0.024338
0.034788
0.033381
0.034333
0.018093
0.017945
0.033095
0.032368
0.032011
0.019198
0.025821
0.031586
0.033931
0.016393
0.034437
0.029734
0.017076
0.017886
0.034383
0.029358
0.033024
0.017082
0.033167
0.029185
0.021186
0.035047
0.028534
0.032310
0.032410
0.034825
0.017559
0.019854
0.033519
0.033441
0.032440
0.026099
0.034369
0.033329
0.021789
0.035897
0.032106
0.033445
0.030862
0.035380
0.022823
0.032758
0.018836
0.019480
0.032311
0.032019
0.032664
0.030476
0.032519
0.034853
0.033305
0.032639
0.034014
0.032595
0.027353
0.032949
0.023225
0.032786
0.031772
0.024832
0.032415
0.027308
0.032941
0.034265
0.031043
0.025240
0.033492
0.024548
0.025412
0.032307
0.017598
0.033277
0.035125
0.022840
0.022639
0.030918
0.032717
0.033221
0.033049
0.032702
0.034624
0.033884
0.030071
0.032767
0.034890
0.032154
0.028661
0.029341
0.019414
0.026254
0.033946
0.034539
0.019506
0.033110
0.034439
0.020670
0.027099
0.033378
0.031898
0.031798
0.033248
0.023125
0.016212
0.032859
0.034364
0.026390
0.025654
0.032648
0.030253
0.033892
0.029287
0.034529
0.033621
0.031560
0.017301
0.033572
0.032308
0.028589
0.031787
0.034255
0.026111
0.033532
0.026284
0.018793
0.026365
0.034257
0.034421
0.036511
0.016874
0.021543
0.032591
0.031458
0.033124
0.025407
0.036032
0.032942
0.032788
0.032899
0.034187
0.033613
0.033535
0.033686
0.017248
0.033014
0.032678
0.031736
0.032231
0.031814
0.032700
0.018750
0.020287
0.032796
0.032931
0.024549
0.032589
0.032961
0.029395
0.017290
0.032077
0.031760
0.033177
0.034101
0.034629
0.032545
0.026465
0.032712
0.034099
0.018522
0.020769
0.016528
0.019941
0.031862
0.032134
0.032827
0.032275
0.031358
0.033231
0.016512
0.029653
0.032628
0.034930
0.025066
0.032714
0.031653
0.033448
0.032444
0.023354
0.032984
0.034599
0.034518
0.032788
0.022400
0.024217
0.027822
0.017801
0.034048
0.020538
0.033447
0.032628
0.018934
0.025411
0.033004
0.031934
0.031828
0.026669
0.032090
0.017045
0.033031
0.024534
0.025087
0.033585
0.032471
0.035789
0.035247
0.032212
0.032142
0.017173
0.017792
0.033335
0.033960
0.032768
0.033621
0.032544
0.033274
0.035968
0.032680
0.017598
0.016731
0.018625
0.026068
0.033711
0.027319
0.032528
0.018157
0.017143
0.033884
0.033412
0.035593
0.032741
0.036304
0.030786
0.020476
0.018841
0.033219
0.026012
0.033445
0.029544
0.033868
0.034101
0.033702
0.033245
0.027805
0.018340
0.015802
0.018697
0.033874
0.033921
0.033062
0.025007
0.031129
0.033176
0.032116
0.016834
0.026441
0.034785
0.030452
0.033081
0.021968
0.029624
0.017127
0.034274
0.031837
0.032604
0.032652
0.031816
0.029235
0.034133
0.024314
0.023406
0.024480
0.036996
0.033800
0.029337
0.033367
0.032320
0.024020
0.027556
0.033581
0.017507
0.017622
0.015993
0.032489
0.031690
0.031806
0.032936
0.032547
0.025673
0.034380
0.031312
0.029116
0.017335
0.033910
0.029612
0.032785
0.032950
0.023339
0.034575
0.032675
0.031737
0.027711
0.018403
0.035310
0.018585
0.034508
0.021013
0.032625
0.017609
0.033489
0.031836
0.032290
0.031672
0.031826
0.024192
0.025507
0.034233
0.031795
0.033957
0.016456
0.034721
0.019586
0.032978
0.032045
0.033084
0.034834
0.024300
0.021368
0.033351
0.034038
0.021160
0.033782
0.031994
0.035531
0.032867
0.033235
0.021106
0.026104
0.032520
0.028694
0.020072
0.016821
0.017632
0.032941
0.032329
0.032750
0.026419
0.034173
0.032048
0.036079
0.032017
0.034134
0.032500
0.019094
0.031482
0.032231
0.032067
0.034151
0.029487
0.032368
0.021222
0.034428
0.034552
0.032409
0.017836
0.027796
0.032468
0.033703
0.027424
0.023110
0.029515
0.033410
0.021126
0.032289
0.026002
0.028106
0.033574
0.019098
0.033299
0.032343
0.033000
0.033627
0.020155
0.026875
0.032480
0.034171
0.032630
0.033429
0.033153
0.034042
0.036479
0.033255
0.024431
0.020643
0.034070
0.017128
0.032148
0.033988
0.028967
0.029151
0.016833
0.032915
0.033636
0.032554
0.033931
0.034563
0.034180
0.034098
0.032549
0.032082
0.023799
0.035444
0.024594
0.032272
0.026042
0.035675
0.023646
0.020389
0.033104
0.034668
0.034835
0.035650
0.033957
0.032709
0.033938
0.018017
0.035145
0.033245
0.034821
0.020167
0.030423
0.034837
0.034680
0.017746
0.036070
0.035142
0.032886
0.034585
0.028966
0.034170
0.019040
0.031416
0.038025
0.031873
0.030344
0.025395
0.031818
0.018676
0.032718
0.032784
0.018013
0.036692
0.025340
0.028565
0.020868
0.017325
0.033811
0.033664
0.032909
0.019466
0.035625
0.035861
0.033574
0.035755
0.031956
0.034316
0.017004
0.030840
0.032375
0.015855
0.020043
0.031732
0.033126
0.025834
0.016766
0.033776
0.033764
0.032241
0.023644
0.034866
0.030001
0.033196
0.032994
0.032681
0.031278
0.033068
0.037748
0.033235
0.023490
0.032047
0.032545
0.036235
0.032710
0.035212
0.019312
0.029930
0.033239
0.032535
0.033552
0.019850
0.016693
0.019245
0.024253
0.032346
0.034840
0.032741
0.031377
0.033940
0.033637
0.031767
0.016169
0.032598
0.028820
0.032051
0.028096
0.017936
0.028033
0.032676
0.032982
0.035642
0.019033
0.015820
0.037293
0.015960
0.031145
0.018885
0.029327
0.032096
0.033376
0.032449
0.016922
0.019175
0.032172
0.018991
0.034903
0.016702
0.032483
0.023920
0.034534
0.031893
0.027388
0.026224
0.017269
0.033351
0.018317
0.033659
0.033498
0.032547
0.031635
0.016566
0.031946
0.029736
0.019033
0.020198
0.018230
0.034551
0.035323
0.033091
0.032880
0.018277
0.024140
0.027818
0.031816
0.016014
0.030765
0.030434
0.023120
0.028086
0.032105
0.032032
0.033306
0.027782
0.032912
0.027471
0.020629
0.032780
0.033760
0.019255
0.034956
0.021040
0.020163
0.034261
0.033626
0.034371
0.019064
0.027566
0.029747
0.016714
0.027572
0.034103
0.032171
0.017376
0.020812
0.033058
0.016483
0.024958
0.024683
0.019441
0.033200
0.029019
0.033805
0.035137
0.017415
0.034824
0.032949
0.032133
0.034801
0.032692
0.032708
0.032445
0.032741
0.033792
0.032279
0.033508
0.016309
0.032066
0.032498
0.031761
0.017143
0.034899
0.033195
0.033135
0.032789
0.019429
0.027095
0.031293
0.031280
0.020184
0.033056
0.033021
0.031685
0.033124
0.032186
0.032186
0.032929
0.031840
0.019012
0.028270
0.033997
0.032511
0.028461
0.016583
0.032060
0.031421
0.032320
0.016252
0.018691
0.032980
0.034421
0.024509
0.019906
0.031905
0.017273
0.031195
0.020250
0.019585
0.032655
0.032191
0.034613
0.034170
0.032212
0.033490
0.031866
0.017704
0.028557
0.033419
0.031262
0.031761
0.033582
0.030809
0.035482
0.033555
0.031120
0.028777
0.032686
0.033851
0.033903
0.033473
0.033373
0.025616
0.033465
0.033596
0.031863
0.030586
0.024820
0.033272
0.023994
0.031880
0.026729
0.033626
0.032645
0.029438
0.033889
0.028902
0.033607
0.034586
0.026237
0.029092
0.032801
0.025061
0.033391
0.023857
0.024728
0.021250
0.019933
0.035341
0.032700
0.034368
0.027115
0.033035
0.023820
0.031712
0.016758
0.033421
0.033864
0.029349
0.032991
0.033416
0.032135
0.029618
0.033314
0.032430
0.033384
0.022082
0.034806
0.025179
0.022399
0.034118
0.033032
0.032303
0.031631
0.034976
0.034446
0.032499
0.020300
0.034685
0.033800
0.034784
0.032699
0.031927
0.025243
0.038376
0.019028
0.019340
0.031504
0.033790
0.032365
0.033547
0.032793
0.027209
0.034374
0.032847
0.033013
0.036936
0.019609
0.035278
0.032530
0.032365
0.032728
0.034051
0.019751
0.036852
0.032683
0.023497
0.031931
0.033700
0.018430
0.029467
0.032165
0.032552
0.032832
0.023896
0.026127
0.031232
0.020916
0.030935
0.035320
0.025229
0.017405
0.031147
0.032702
0.032014
0.035589
0.020984
0.021210
0.029736
0.032380
0.034030
0.031322
0.016345
0.034045
0.015734
0.033400
0.017820
0.033511
0.033963
0.034778
0.036468
0.028903
0.016903
0.034028
0.024177
0.033447
0.032747
0.017161
0.028177
0.032143
0.017832
0.034792
0.032846
0.031427
0.032091
0.016682
0.032766
0.032657
0.019611
0.032245
0.033174
0.032530
0.019228
0.024876
0.032945
0.032845
0.029089
0.022803
0.031193
0.033578
0.020507
0.035090
0.023230
0.032001
0.034989
0.025227
0.031579
0.018929
0.032579
0.032367
0.024001
0.017406
0.031322
0.033033
0.031430
0.032791
0.030672
0.017813
0.034126
0.033315
0.032299
0.033540
0.017386
0.031882
0.033307
0.032182
0.033157
0.027593
0.031958
0.032201
0.017045
0.033509
0.031924
0.032637
0.025876
0.032728
0.034817
0.032524
0.033446
0.019439
0.033815
0.034293
0.035879
0.036540
0.033113
0.026867
0.032554
0.018621
0.033542
0.033137
0.034702
0.031866
0.016781
0.033571
0.032321
0.023525
0.035289
0.018551
0.032141
0.033201
0.033022
0.032497
0.033807
0.020957
0.034376
0.030326
0.033176
0.036110
0.029042
0.030409
0.015595
0.034204
0.030881
0.033857
0.027160
0.017625
0.032784
0.034528
0.030642
0.021105
0.023002
0.031796
0.023323
0.032535
0.034529
0.027503
0.026212
0.032305
0.032645
0.031885
0.030042
0.032377
0.031364
0.026814
0.034071
0.028348
0.029028
0.031839
0.024653
0.033498
0.019316
0.034060
0.031927
0.026118
0.028620
0.028070
0.028285
0.021609
0.028480
0.033193
0.033786
0.033285
0.018440
0.032754
0.032173
0.032394
0.031222
0.026255
0.032279
0.031552
0.018753
0.034912
0.035091
0.023976
0.032245
0.033284
0.017527
0.020498
0.033769
0.033197
0.032995
0.033603
0.033778
0.033434
0.032863
0.032675
0.033143
0.029985
0.032994
0.028283
0.017399
0.017103
0.022111
0.031683
0.022029
0.018009
0.027147
0.032909
0.032822
0.029947
0.033596
0.019979
0.037125
0.029624
0.030053
0.031844
0.034926
0.032855
0.023052
0.032795
0.033131
0.034299
0.031385
0.016576
0.033663
0.031710
0.033035
0.036351
0.032321
0.033564
0.032358
0.016774
0.034123
0.032739
0.025208
0.034083
0.022502
0.034856
0.033358
0.026866
0.034924
0.031161
0.017528
0.016185
0.032315
0.032216
0.019115
0.019352
0.018529
0.032312
0.019868
0.017620
0.032129
0.034765
0.033392
0.028876
0.025423
0.016386
0.020252
0.032395
0.032765
0.021377
0.035293
0.031749
0.034323
0.017286
0.018997
0.034161
0.016210
0.032882
0.031952
0.023327
0.030886
0.028453
0.025447
0.015397
0.018339
0.026029
0.027241
0.018156
0.031991
0.031728
0.020467
0.028403
0.032754
0.032856
0.032032
0.032073
0.034102
0.016476
0.020068
0.017212
0.027126
0.021395
0.032771
0.034159
0.033509
0.032921
0.031784
0.020269
0.032874
0.028026
0.033723
0.031757
0.018697
0.032657
0.025044
0.032731
0.035760
0.035146
0.031728
0.033334
0.024665
0.018934
0.028017
0.031487
0.031549
0.016747
0.032999
0.031988
0.033820
0.016842
0.035298
0.035046
0.018952
0.033057
0.032907
0.019637
0.035270
0.020246
0.018122
0.021363
0.033031
0.033664
0.030431
0.017757
0.032797
0.031869
0.032533
0.030068
0.020654
0.033952
0.024326
0.029980
0.033898
0.032045
0.032960
0.023248
0.031830
0.036554
0.020931
0.033084
0.034465
0.032315
0.032615
0.032556
0.033463
0.032635
0.020514
0.026748
0.032928
0.034305
0.027239
0.026707
0.035920
0.021327
0.033069
0.033516
0.033050
0.033108
0.024469
0.017387
0.016986
0.033721
0.033139
0.034409
0.025017
0.033022
0.021722
0.031788
0.028168
0.033380
0.031663
0.033558
0.035975
0.017156
0.016308
0.034393
0.032926
0.031804
0.024757
0.034603
0.033044
0.034210
0.032530
0.033530
0.031937
0.033578
0.032139
0.033446
0.030690
0.032528
0.033057
0.031559
0.029994
0.033375
0.028616
0.034049
0.032135
0.032321
0.034633
0.033316
0.016770
0.020738
0.031483
0.026795
0.035195
0.033548
0.033192
0.030400
0.034728
0.032019
0.034093
0.031584
0.033367
0.025629
0.026305
0.029246
0.034324
0.021785
0.031804
0.032910
0.035235
0.035421
0.032792
0.019489
0.018583
0.033206
0.032674
0.016924
0.028097
0.019407
0.032771
0.033018
0.016113
0.033267
0.034020
0.032698
0.032294
0.032994
0.033970
0.032079
0.036104
0.032691
0.036496
0.032881
0.032609
0.036162
0.033658
0.034692
0.033222
0.032307
0.033094
0.035323
0.032980
0.033340
0.032065
0.031628
0.017492
0.032275
0.029627
0.018172
0.033953
0.018211
0.034171
0.035407
0.031664
0.033573
0.034693
0.033292
0.031852
0.030054
0.033421
0.032351
0.031391
0.033729
0.016525
0.020609
0.036067
0.033134
0.017116
0.016873
0.020281
0.032979
0.020703
0.033240
0.030819
0.024936
0.032176
0.035877
0.033993
0.032687
0.033506
0.020805
0.030191
0.032880
0.032516
0.016392
0.029773
0.033020
0.034312
0.018515
0.033254
0.032028
0.028311
0.032141
0.032615
0.032945
0.023712
0.020472
0.033236
0.032535
0.034002
0.021694
0.033084
0.032150
0.033315
0.023206
0.032739
0.033652
0.016327
0.033569
0.021519
0.017578
0.034055
0.025889
0.025453
0.020094
0.034044
0.032048
0.033065
0.030824
0.036893
0.032331
0.030010
0.033319
0.032341
0.031857
0.032687
0.033380
0.031573
0.033670
0.034711
0.032578
0.031828
0.033195
0.033044
0.033639
0.032827
0.032487
0.026393
0.033718
0.027725
0.034809
0.026203
0.033665
0.034038
0.017258
0.023879
0.033751
0.022300
0.031158
0.020118
0.016492
0.033856
0.021755
0.020004
0.015739
0.016151
0.022454
0.027248
0.033361
0.031716
0.031956
0.033193
0.028404
0.032717
0.033246
0.028095
0.025558
0.020182
0.024164
0.034420
0.033324
0.021634
0.020999
0.016404
0.033027
0.032062
0.033070
0.033427
0.028874
0.032093
0.034937
0.035414
0.032799
0.033608
0.033186
0.016104
0.016317
0.034452
0.018856
0.032326
0.033096
0.033213
0.033632
0.032006
0.031897
0.024755
0.034021
0.020159
0.034576
0.034104
0.029912
0.032167
0.032048
0.031524
0.032849
0.031223
0.032719
0.016765
0.032312
0.029763
0.018654
0.019567
0.032388
0.031948
0.025319
0.029439
0.033280
0.023893
0.019551
0.033024
0.032642
0.018690
0.018484
0.016861
0.033298
0.032716
0.031606
0.028037
0.020123
0.017709
0.031536
0.016203
0.016363
0.031743
0.025462
0.024154
0.032226
0.028398
0.019376
0.035039
0.032234
0.024400
0.027062
0.032546
0.032636
0.034199
0.036132
0.033503
0.025834
0.025596
0.032101
0.033627
0.031480
0.028033
0.018328
0.036310
0.034650
0.033353
0.031923
0.033081
0.019567
0.032121
0.025024
0.035743
0.035331
0.032732
0.033290
0.031228
0.023753
0.034689
0.031398
0.017861
0.020036
0.033304
0.033420
0.024536
0.031117
0.035070
0.020232
0.033740
0.032301
0.028137
0.025475
0.025723
0.033799
0.033085
0.033192
0.020665
0.033059
0.031433
0.031527
0.032766
0.030884
0.032809
0.031581
0.020039
0.033672
0.032764
0.028266
0.031302
0.032600
0.033200
0.033214
0.034360
0.032276
0.030328
0.033438
0.027576
0.032983
0.032332
0.027439
0.019396
0.028082
0.032640
0.034888
0.033173
0.032407
0.016865
0.033384
0.032306
0.033700
0.032528
0.033851
0.032268
0.033025
0.035187
0.033688
0.028870
0.037047
0.032977
0.034532
0.032955
0.017124
0.033099
0.018569
0.032812
0.019877
0.034654
0.032387
0.024476
0.034166
0.025986
0.032534
0.033287
0.030001
0.018612
0.017071
0.033049
0.034102
0.017197
0.018595
0.034421
0.032851
0.022139
0.033114
0.017918
0.034145
0.032946
0.029711
0.020294
0.019239
0.033417
0.031565
0.034262
0.022545
0.027697
0.031916
0.027598
0.032007
0.028482
0.030652
0.016639
0.018867
0.033405
0.033174
0.034603
0.017229
0.033235
0.035898
0.030066
0.017830
0.033102
0.018028
0.034671
0.034100
0.018341
0.016545
0.035953
0.018281
0.033099
0.032679
0.029227
0.032636
0.030982
0.033569
0.033132
0.027782
0.033199
0.018893
0.033864
0.033051
0.019585
0.017788
0.034635
0.033614
0.033136
0.034186
0.032412
0.016470
0.018667
0.034585
0.035033
0.032810
0.032674
0.034431
0.031383
0.018104
0.020882
0.033166
0.023206
0.033944
0.035551
0.031657
0.020442
0.033571
0.018753
0.017594
0.023037
0.034529
0.032956
0.033743
0.035402
0.024923
0.018324
0.034991
0.033571
0.029463
0.032112
0.031815
0.022382
0.033468
0.033585
0.033674
0.035256
0.026894
0.034114
0.020057
0.026502
0.020558
0.018028
0.036200
0.035319
0.031820
0.032602
0.033714
0.029964
0.032220
0.021027
0.034127
0.033673
0.033655
0.033751
0.032272
0.030287
0.034775
0.029609
0.033225
0.018187
0.033694
0.032966
0.034257
0.033885
0.033912
0.032976
0.028917
0.033980
0.027626
0.021147
0.016527
0.018722
0.017519
0.033018
0.031075
0.032192
0.035400
0.032576
0.023834
0.024169
0.021175
0.034036
0.038405
0.035419
0.018512
0.033900
0.017445
0.017340
0.034339
0.034303
0.033633
0.029207
0.034021
0.033525
0.035067
0.018680
0.033161
0.019299
0.023887
0.016812
0.032699
0.022618
0.026622
0.034179
0.035347
0.019817
0.034060
0.032956
0.029292
0.035460
0.024287
0.033388
0.033138
0.033262
0.018700
0.035641
0.031506
0.032868
0.017493
0.030805
0.032727
0.036306
0.022261
0.017758
0.034404
0.034817
0.033865
0.022977
0.034302
0.022589
0.034836
0.017624
0.036372
0.034417
0.033485
0.020478
0.020043
0.031460
0.033654
0.036150
0.032714
0.036047
0.033250
0.019231
0.017496
0.033307
0.033248
0.029358
0.018121
0.032966
0.033211
0.025579
0.033106
0.026480
0.022864
0.036644
0.034124
0.028054
0.032709
0.028294
0.033082
0.034203
0.033573
0.035523
0.033961
0.034122
0.033504
0.027284
0.033965
0.034107
0.034188
0.032087
0.017248
0.019161
0.033504
0.035040
0.033688
0.021115
0.033922
0.034135
0.017681
0.034208
0.033820
0.035534
0.027474
0.034445
0.033308
0.034280
0.018272
0.033961
0.017829
0.018756
0.034705
0.025880
0.033684
0.036097
0.019020
0.033297
0.024157
0.033287
0.032550
0.032382
0.016855
0.036145
0.017671
0.032640
0.016691
0.032911
0.033412
0.032619
0.029348
0.034586
0.016460
0.031188
0.033868
0.034194
0.035254
0.035838
0.035197
0.028464
0.032778
0.019272
0.032297
0.017136
0.031839
0.032600
0.034196
0.020046
0.020594
0.017452
0.033617
0.027653
0.016675
0.032740
0.033320
0.033164
0.034499
0.031134
0.033135
0.034422
0.023906
0.018359
0.022641
0.032082
0.034033
0.024974
0.027588
0.024031
0.033380
0.018507
0.034163
0.034585
0.029965
0.032708
0.032364
0.033497
0.033793
0.033552
0.020565
0.032860
0.024513
0.033732
0.021665
0.032112
0.029838
0.032102
0.031525
0.034342
0.035968
0.031473
0.033510
0.033128
0.032525
0.033154
0.020316
0.016242
0.034236
0.032888
0.034216
0.023747
0.033603
0.030261
0.029193
0.032495
0.033705
0.028693
0.031964
0.042053
0.020609
0.030438
0.018394
0.033957
0.028542
0.031759
0.033942
0.030700
0.032665
0.034663
0.033811
0.029325
0.018109
0.033752
0.023276
0.031948
0.035436
0.032974
0.033826
0.019621
0.015616
0.031457
0.034840
0.027890
0.035269
0.028939
0.026766
0.033979
0.020273
0.018146
0.028898
0.033602
0.033036
0.033228
0.033078
0.020720
0.032585
0.032833
0.021270
0.033171
0.033720
0.032978
0.026404
0.032798
0.031469
0.016146
0.017038
0.033090
0.020470
0.032071
0.035268
0.034233
0.019653
0.019027
0.017730
0.017355
0.025635
0.032891
0.025688
0.033471
0.031604
0.017215
0.016744
0.016732
0.018818
0.017096
0.016045
0.018501
0.015450
0.019477
0.016335
0.033614
0.033010
0.033658
0.033460
0.033446
0.024084
0.033674
0.027216
0.022241
0.031261
0.035622
0.032852
0.031849
0.031608
0.031651
0.033046
0.016898
0.033179
0.033106
0.031994
0.032523
0.032249
0.026169
0.023542
0.032722
0.034746
0.031274
0.021677
0.031093
0.031266
0.032793
0.021734
0.027536
0.034179
0.029649
0.030142
0.019563
0.031901
0.027482
0.036358
0.018551
0.030656
0.033669
0.030267
0.033342
0.032801
0.032135
0.023309
0.033877
0.032350
0.016525
0.016390
0.016587
0.032872
0.031866
0.033107
0.016313
0.033970
0.035533
0.032830
0.034965
0.034290
0.034013
0.034009
0.019028
0.032247
0.036423
0.031844
0.033303
0.025611
0.032370
0.031385
0.029208
0.033065
0.029593
0.033921
0.032679
0.016844
0.035874
0.019427
0.020176
0.015913
0.023190
0.032418
0.024254
0.023943
0.030367
0.032320
0.032450
0.024922
0.020225
0.034228
0.018289
0.032005
0.017039
0.019017
0.032428
0.019695
0.026953
0.021766
0.033419
0.032287
0.025070
0.031409
0.031953
0.035201
0.021175
0.032896
0.018625
0.030886
0.020224
0.032887
0.034017
0.027301
0.032221
0.033426
0.032325
0.017942
0.034307
0.020190
0.033227
0.027779
0.032444
0.033066
0.018870
0.031751
0.024184
0.017588
0.032149
0.016337
0.032788
0.032396
0.030663
0.032154
0.032930
0.034461
0.032143
0.019051
0.015806
0.033220
0.033238
0.020883
0.020319
0.031976
0.021874
0.034760
0.034413
0.017436
0.030155
0.020302
0.022697
0.036324
0.034486
0.031449
0.015920
0.035768
0.030431
0.031764
0.033055
0.033295
0.032305
0.025106
0.025160
0.017028
0.025929
0.034213
0.017843
0.017569
0.033550
0.031905
0.032925
0.032864
0.022198
0.032154
0.034003
0.024095
0.032570
0.035022
0.033857
0.025778
0.032846
0.039216
0.033876
0.032228
0.029924
0.032028
0.033719
0.016211
0.033247
0.034302
0.034747
0.017693
0.032250
0.032144
0.021780
0.033366
0.032206
0.032259
0.019245
0.020116
0.034361
0.034283
0.026860
0.032099
0.026168
0.032526
0.031745
0.032950
0.033129
0.033950
0.037523
0.034118
0.035785
0.033434
0.034322
0.033036
0.026356
0.024753
0.033316
0.024857
0.019562
0.031067
0.033405
0.032077
0.020275
0.033260
0.027329
0.016644
0.021521
0.019358
0.032221
0.020423
0.016288
0.032829
0.027663
0.031779
0.031133
0.016412
0.032377
0.031868
0.023280
0.033728
0.023139
0.031094
0.028239
0.032953
0.032274
0.032467
0.033311
0.031694
0.031432
0.023518
0.034674
0.027434
0.031335
0.018171
0.020673
0.016547
0.030001
0.016683
0.033045
0.030372
0.016684
0.033957
0.032712
0.032036
0.021616
0.033396
0.033818
0.033223
0.034589
0.031167
0.030097
0.032769
0.029514
0.032117
0.032503
0.033104
0.028938
0.031285
0.031238
0.031527
0.031836
0.018131
0.016690
0.027733
0.033817
0.027564
0.032187
0.017301
0.027220
0.033140
0.038072
0.015765
0.019570
0.018701
0.034263
0.032779
0.032230
0.033280
0.032614
0.026781
0.032406
0.027030
0.034358
0.032922
0.016407
0.018505
0.016113
0.034028
0.034228
0.031927
0.033738
0.027490
0.025041
0.025219
0.030869
0.019629
0.015355
0.017909
0.016291
0.032815
0.032564
0.033140
0.021842
0.033882
0.024268
0.031693
0.032624
0.033009
0.032343
0.020781
0.034059
0.034020
0.032968
0.032505
0.033055
0.031537
0.031781
0.027375
0.035459
0.018335
0.025233
0.033529
0.032400
0.032563
0.032496
0.030990
0.035201
0.018800
0.032939
0.015849
0.033136
0.031646
0.034585
0.033433
0.025551
0.016403
0.016477
0.016270
0.031958
0.031937
0.033459
0.028210
0.032566
0.031202
0.030014
0.031969
0.032411
0.032983
0.016511
0.032638
0.032141
0.034516
0.031566
0.016475
0.029506
0.021955
0.031868
0.016662
0.032485
0.034997
0.032380
0.022228
0.018811
0.015692
0.017083
0.016579
0.029412
0.025972
0.025266
0.035218
0.019129
0.032235
0.033425
0.022533
0.021321
0.032698
0.031066
0.033379
0.020934
0.021873
0.033459
0.032177
0.027225
0.017551
0.026318
0.032756
0.031831
0.028992
0.031888
0.033077
0.031241
0.033265
0.024168
0.028787
0.034235
0.030926
0.032074
0.023571
0.033281
0.031546
0.031918
0.024944
0.033200
0.028886
0.033291
0.032063
0.032652
0.031397
0.018672
0.030791
0.035334
0.020586
0.032082
0.032757
0.032975
0.032332
0.030897
0.018770
0.021865
0.032671
0.027894
0.033840
0.029327
0.032262
0.024425
0.020118
0.031952
0.031429
0.033792
0.031926
0.029306
0.032763
0.031798
0.031887
0.035063
0.016227
0.032476
0.016874
0.032268
0.029722
0.026756
0.033336
0.028788
0.032751
0.032686
0.033067
0.020205
0.033351
0.034156
0.028869
0.034176
0.017248
0.020206
0.033696
0.020285
0.033408
0.032135
0.029921
0.033131
0.032952
0.017442
0.026343
0.016201
0.016462
0.027997
0.036055
0.030869
0.035844
0.032969
0.028237
0.033594
0.016325
0.027631
0.031110
0.034412
0.030284
0.034743
0.024037
0.032673
0.033926
0.020208
0.034202
0.019259
0.034063
0.029940
0.034140
0.033724
0.033516
0.029335
0.029421
0.016448
0.033164
0.031322
0.033175
0.033811
0.032963
0.021953
0.033315
0.035780
0.033646
0.023874
0.032150
0.015985
0.033721
0.021283
0.028966
0.033961
0.031876
0.027630
0.032551
0.032851
0.032046
0.018995
0.033226
0.032416
0.031461
0.032522
0.036040
0.037066
0.033952
0.032852
0.018815
0.022002
0.032769
0.032778
0.031777
0.031625
0.029123
0.032403
0.032841
0.032185
0.032809
0.023964
0.030390
0.016789
0.033563
0.031124
0.034364
0.033335
0.032533
0.033933
0.025974
0.021375
0.018340
0.035160
0.036290
0.017359
0.025499
0.033497
0.024296
0.025421
0.022608
0.032059
0.032779
0.019055
0.034627
0.032243
0.032684
0.025526
0.032046
0.036907
0.031206
0.033861
0.032367
0.029212
0.032638
0.027407
0.026512
0.024233
0.033622
0.033663
0.028888
0.021793
0.032931
0.033494
0.016465
0.016034
0.027777
0.033358
0.017238
0.019144
0.020938
0.032821
0.034867
0.033248
0.031644
0.033307
0.034080
0.033614
0.032224
0.016645
0.026162
0.033699
0.016291
0.017896
0.024552
0.031053
0.032564
0.025954
0.031762
0.029355
0.035565
0.033978
0.016834
0.035007
0.032814
0.034328
0.018142
0.033246
0.034818
0.033026
0.035483
0.027915
0.032278
0.033007
0.019542
0.032990
0.025413
0.034513
0.032994
0.032928
0.019909
0.036764
0.024279
0.033464
0.032369
0.033233
0.034157
0.032887
0.023590
0.033687
0.032149
0.017192
0.016203
0.033419
0.032756
0.025111
0.032401
0.032246
0.033086
0.028292
0.019355
0.016920
0.015898
0.031485
0.030073
0.026553
0.032921
0.031812
0.033300
0.028572
0.034524
0.026579
0.033116
0.029109
0.033253
0.035321
0.029174
0.035585
0.017583
0.029764
0.033069
0.025054
0.021302
0.016978
0.033104
0.020591
0.028538
0.028342
0.031200
0.033447
0.034651
0.019203
0.015579
0.034678
0.031473
0.032894
0.016585
0.016137
0.016218
0.032837
0.031496
0.021223
0.033486
0.027285
0.034324
0.032587
0.024021
0.033133
0.034315
0.035351
0.032849
0.016032
0.030785
0.033406
0.031824
0.033830
0.020317
0.017282
0.031964
0.030020
0.033322
0.033079
0.029194
0.024496
0.020912
0.035297
0.032709
0.032856
0.032960
0.033431
0.031541
0.031791
0.026088
0.033362
0.033048
0.020992
0.033829
0.032072
0.035197
0.023432
0.034746
0.018893
0.027464
0.034247
0.019760
0.032059
0.033689
0.032808
0.030709
0.034990
0.032609
0.019657
0.031989
0.033758
0.033774
0.030329
0.016402
0.036263
0.026940
0.031597
0.024102
0.033437
0.032169
0.033198
0.031402
0.031229
0.032314
0.032293
0.031311
0.023929
0.033229
0.034597
0.024119
0.026099
0.020744
0.030982
0.018029
0.038499
0.016726
0.032509
0.034229
0.024855
0.032748
0.017788
0.033564
0.031791
0.017959
0.034422
0.024257
0.032795
0.032459
0.016914
0.021444
0.015201
0.032658
0.028644
0.030547
0.031763
0.035129
0.032576
0.034246
0.034787
0.016469
0.033347
0.034041
0.017989
0.036342
0.033592
0.031080
0.018985
0.038061
0.035333
0.017365
0.034352
0.034685
0.034150
0.034416
0.036921
0.032436
0.029047
0.025988
0.030204
0.018642
0.036376
0.034187
0.035100
0.030386
0.034541
0.032428
0.033211
0.023886
0.020752
0.030449
0.033072
0.033960
0.016457
0.016516
0.034591
0.017360
0.024383
0.034245
0.032982
0.034317
0.020114
0.024393
0.016823
0.033539
0.034571
0.022882
0.034695
0.023571
0.033077
0.029219
0.031567
0.033702
0.031780
0.033562
0.032453
0.018841
0.032124
0.031099
0.019012
0.031197
0.035326
0.033881
0.025055
0.032513
0.031882
0.034601
0.035811
0.025476
0.025054
0.035019
0.032405
0.028520
0.016155
0.033141
0.034725
0.033411
0.033377
0.028634
0.035072
0.032979
0.034543
0.029791
0.029741
0.032715
0.022067
0.026900
0.026922
0.032961
0.034917
0.017058
0.022338
0.035665
0.021832
0.032807
0.032435
0.034160
0.016741
0.017798
0.034450
0.033536
0.024869
0.033218
0.035150
0.035565
0.033746
0.035271
0.034046
0.035082
0.018343
0.032579
0.034111
0.036132
0.033719
0.033887
0.019276
0.035335
0.034815
0.018938
0.020009
0.035182
0.033861
0.032873
0.032545
0.023958
0.027427
0.033847
0.034156
0.019218
0.033330
0.022350
0.035204
0.032770
0.031088
0.033257
0.033463
0.031255
0.030846
0.033270
0.035980
0.033513
0.029660
0.033767
0.033132
0.033780
0.032210
0.032275
0.032314
0.031824
0.031474
0.033485
0.023811
0.032958
0.033604
0.032498
0.016761
0.033564
0.036234
0.031847
0.026505
0.020209
0.032104
0.032807
0.034032
0.036100
0.032242
0.018191
0.033965
0.031831
0.031646
0.032152
0.015018
0.028429
0.035841
0.030899
0.032323
0.031039
0.018053
0.032443
0.033721
0.018921
0.031151
0.027264
0.031909
0.032209
0.032180
0.031109
0.031560
0.032541
0.032641
0.022537
0.031407
0.031826
0.031755
0.033582
0.023695
0.028219
0.034024
0.030430
0.032082
0.032147
0.019971
0.015694
0.018971
0.015021
0.035726
0.027840
0.033051
0.031312
0.034506
0.036186
0.034043
0.016598
0.034201
0.034334
0.016277
0.019985
0.017030
0.019644
0.020738
0.016691
0.016979
0.033852
0.032804
0.031562
0.031812
0.032078
0.028978
0.034099
0.032534
0.032682
0.032398
0.020458
0.034492
0.033772
0.020120
0.017158
0.016416
0.033099
0.023852
0.031214
0.033884
0.024787
0.025314
0.033677
0.032190
0.022246
0.033035
0.020978
0.034794
0.031319
0.027381
0.032774
0.033809
0.033007
0.021004
0.028364
0.034209
0.024508
0.033277
0.033169
0.022597
0.024672
0.029508
0.027107
0.033872
0.032541
0.019490
0.025043
0.023940
0.033304
0.031522
0.028672
0.032403
0.020860
0.036876
0.019264
0.027036
0.032124
0.028260
0.025489
0.034113
0.033125
0.032832
0.028039
0.032765
0.035439
0.027507
0.018519
0.034116
0.035442
0.032566
0.032045
0.033432
0.026020
0.033454
0.034080
0.033210
0.032850
0.015783
0.032649
0.024929
0.029961
0.031032
0.033851
0.032833
0.034497
0.032413
0.033202
0.020386
0.019518
0.032312
0.033156
0.030970
0.015438
0.019727
0.017318
0.031710
0.031529
0.031272
0.019860
0.035082
0.016845
0.033208
0.032817
0.019397
0.030836
0.030877
0.017165
0.026556
0.031760
0.029434
0.016838
0.031260
0.018893
0.030428
0.031981
0.034341
0.034034
0.024256
0.033081
0.032033
0.031404
0.031926
0.033244
0.033142
0.033680
0.033833
0.033269
0.022986
0.030293
0.033557
0.032463
0.032846
0.029686
0.032434
0.029509
0.033627
0.033359
0.031932
0.031581
0.032236
0.033436
0.033294
0.030966
0.033489
0.033765
0.025863
0.033168
0.033394
0.033818
0.031068
0.034419
0.033505
0.032199
0.035720
0.031987
0.032043
0.033946
0.033618
0.030924
0.032339
0.019524
0.017571
0.017150
0.033047
0.025809
0.032564
0.032464
0.032248
0.023039
0.029275
0.032717
0.028198
0.019955
0.022507
0.036175
0.031394
0.031163
0.030857
0.031961
0.016204
0.031089
0.030884
0.020440
0.026099
0.027608
0.016916
0.034327
0.016709
0.019704
0.034612
0.018596
0.027082
0.032326
0.033141
0.032995
0.015723
0.034308
0.020936
0.032914
0.032292
0.032764
0.032873
0.032132
0.018014
0.031046
0.032274
0.016882
0.019021
0.032853
0.032021
0.025267
0.031161
0.031441
0.032420
0.032805
0.025393
0.032300
0.035618
0.024366
0.017023
0.033260
0.031904
0.032384
0.030058
0.032170
0.031548
0.031450
0.032444
0.031652
0.034282
0.031806
0.029575
0.033106
0.015601
0.016311
0.029143
0.032098
0.033540
0.033147
0.024387
0.033598
0.034754
0.019095
0.032993
0.033076
0.033653
0.030685
0.032315
0.032315
0.032287
0.033581
0.031357
0.025766
0.032331
0.027601
0.020210
0.031669
0.033289
0.034579
0.030895
0.033117
0.033730
0.015852
0.026830
0.019549
0.019897
0.032795
0.025212
0.030475
0.023274
0.018431
0.035776
0.015943
0.017410
0.025202
0.027448
0.032962
0.032392
0.031382
0.032181
0.031449
0.021388
0.032372
0.026848
0.029721
0.033061
0.032367
0.032848
0.033424
0.033747
0.031895
0.033190
0.017177
0.034252
0.016411
0.032185
0.028131
0.031187
0.034570
0.032304
0.032738
0.025794
0.032162
0.020615
0.033213
0.021250
0.030828
0.027894
0.032647
0.030952
0.017184
0.015922
0.017495
0.032402
0.033902
0.027943
0.031349
0.028789
0.034024
0.031306
0.035913
0.025779
0.032580
0.024296
0.019764
0.032468
0.034973
0.017872
0.030137
0.016769
0.031371
0.031413
0.031962
0.025602
0.023602
0.031620
0.027124
0.026625
0.017044
0.017507
0.033474
0.033056
0.030241
0.033612
0.032144
0.032135
0.033063
0.031520
0.029965
0.032895
0.032585
0.034018
0.026317
0.032211
0.025845
0.033538
0.034222
0.032738
0.024966
0.034263
0.031843
0.031417
0.033233
0.033318
0.023826
0.025506
0.031073
0.033539
0.033461
0.033716
0.032961
0.016975
0.031545
0.036179
0.024299
0.032747
0.032138
0.033003
0.034827
0.019533
0.033064
0.021688
0.033525
0.034565
0.030709
0.034234
0.033081
0.033425
0.035408
0.033158
0.033187
0.033200
0.033974
0.033258
0.032291
0.033952
0.033862
0.033843
0.020763
0.035030
0.032849
0.022418
0.034220
0.027794
0.035784
0.033509
0.018474
0.033419
0.032594
0.034075
0.032086
0.028676
0.031900
0.026117
0.032756
0.033761
0.032887
0.034630
0.031968
0.019469
0.019790
0.034119
0.017934
0.033959
0.033306
0.033201
0.032658
0.022774
0.023823
0.031173
0.027827
0.034820
0.025092
0.033234
0.033433
0.021678
0.032483
0.035919
0.033891
0.032752
0.034565
0.017238
0.036941
0.032950
0.025551
0.031284
0.030219
0.032321
0.033336
0.025383
0.025183
0.034782
0.033194
0.031594
0.033209
0.031153
0.019671
0.023193
0.032686
0.032011
0.032740
0.032313
0.032201
0.033062
0.031619
0.026362
0.032609
0.032042
0.031525
0.016580
0.019126
0.016837
0.018027
0.015428
0.015701
0.019039
0.016891
0.015580
0.015297
0.016475
0.018074
0.017207
0.017088
0.033019
0.016032
0.017683
0.018677
0.018403
0.016997
0.019182
0.015718
0.017305
0.017245
0.018324
0.033103
0.017502
0.017644
0.034235
0.033322
0.020668
0.020804
0.019107
0.021883
0.032989
0.020399
0.034226
0.032300
0.018163
0.033318
0.032682
0.032725
0.024746
0.015563
0.017714
0.017614
0.019486
0.036007
0.031742
0.032706
0.029339
0.034943
0.024569
0.033286
0.021815
0.033265
0.031985
0.024869
0.029820
0.026167
0.033571
0.031413
0.034508
0.032856
0.031773
0.035318
0.032901
0.034744
0.032198
0.032182
0.032393
0.033852
0.030151
0.023832
0.032400
0.032312
0.031824
0.019572
0.033402
0.018385
0.033183
0.031932
0.033644
0.031013
0.032095
0.034056
0.034323
0.029969
0.032055
0.033984
0.033538
0.036649
0.034982
0.035293
0.028195
0.032791
0.025953
0.032724
0.034711
0.019367
0.033277
0.031686
0.033516
0.030329
0.030683
0.033762
0.024127
0.033400
0.029345
0.032876
0.017368
0.033159
0.027414
0.032888
0.020204
0.028783
0.031978
0.034043
0.032873
0.031988
0.020613
0.032688
0.032884
0.033532
0.023772
0.032675
0.032711
0.031814
0.032747
0.019899
0.033193
0.035145
0.031995
0.017890
0.033096
0.021526
0.032030
0.033496
0.019339
0.033510
0.034238
0.032222
0.030710
0.023081
0.018399
0.018375
0.016864
0.033047
0.034485
0.027055
0.035015
0.025912
0.030673
0.033015
0.033237
0.033389
0.020986
0.032745
0.025173
0.030235
0.031688
0.029293
0.034539
0.035473
0.032672
0.033023
0.035012
0.038290
0.036117
0.033333
0.034402
0.032235
0.033889
0.033764
0.028881
0.035522
0.031694
0.034238
0.027117
0.026244
0.024519
0.030083
0.033755
0.033261
0.033870
0.023308
0.035460
0.038197
0.036036
0.022030
0.034971
0.035571
0.035155
0.033360
0.036127
0.035860
0.034829
0.034916
0.033702
0.033722
0.017924
0.035290
0.032928
0.033132
0.032986
0.032485
0.032358
0.021490
0.033628
0.028438
0.023522
0.017685
0.034768
0.017735
0.017412
0.016798
0.016873
0.017147
0.026250
0.032942
0.034036
0.033292
0.033696
0.033805
0.028935
0.034819
0.033768
0.033663
0.018716
0.031020
0.035738
0.029559
0.024469
0.036085
0.035099
0.034473
0.018195
0.033599
0.016837
0.033742
0.018677
0.025540
0.031411
0.033557
0.027914
0.018658
0.034064
0.034651
0.033679
0.026829
0.035545
0.033566
0.033697
0.033874
0.019345
0.033433
0.036175
0.017755
0.034558
0.016939
0.017808
0.036285
0.033604
0.035335
0.019762
0.034162
0.033171
0.028422
0.021983
0.017373
0.029866
0.034699
0.018882
0.019884
0.034866
0.032780
0.029926
0.027143
0.035277
0.034798
0.021281
0.034108
0.038245
0.034483
0.021088
0.033403
0.034179
0.030442
0.033916
0.035882
0.034207
0.027682
0.020380
0.019478
0.036120
0.036251
0.032886
0.033622
0.019611
0.028269
0.033806
0.036085
0.033243
0.032190
0.022737
0.018219
0.034946
0.032462
0.036992
0.028847
0.020971
0.022820
0.032567
0.024973
0.032843
0.033399
0.033673
0.034137
0.017054
0.033341
0.032745
0.031896
0.033812
0.028758
0.036391
0.034920
0.033198
0.032810
0.033356
0.033188
0.033945
0.033018
0.033415
0.028999
0.033429
0.030015
0.018041
0.022588
0.034876
0.033291
0.032641
0.032771
0.034653
0.035122
0.025269
0.036013
0.021596
0.033146
0.033758
0.031668
0.019829
0.019415
0.028129
0.017687
0.032938
0.034576
0.036616
0.030098
0.016230
0.019016
0.029896
0.031853
0.034940
0.019117
0.033997
0.017828
0.034171
0.032733
0.032848
0.018273
0.028096
0.033672
0.019688
0.035397
0.033928
0.033272
0.035547
0.035287
0.033523
0.019208
0.020207
0.035326
0.033627
0.033638
0.020053
0.017379
0.019679
0.033306
0.029957
0.034480
0.036900
0.033964
0.034376
0.035616
0.019257
0.032089
0.034599
0.034644
0.033228
0.032602
0.026478
0.030700
0.017910
0.016475
0.019364
0.016626
0.033095
0.033363
0.025544
0.030000
0.017167
0.032010
0.034389
0.025477
0.034450
0.026304
0.033085
0.033344
0.026705
0.034103
0.022536
0.025056
0.026985
0.036805
0.035310
0.032643
0.025896
0.036396
0.033487
0.034853
0.033282
0.033951
0.024687
0.024368
0.034113
0.033485
0.035063
0.032872
0.032852
0.032343
0.033960
0.034298
0.033510
0.032723
0.033525
0.033672
0.034537
0.026252
0.033757
0.029479
0.034990
0.027783
0.033934
0.031177
0.034211
0.026689
0.033171
0.031067
0.035952
0.032855
0.034436
0.035129
0.024219
0.032279
0.032598
0.019192
0.033981
0.034953
0.037627
0.020573
0.018267
0.017225
0.032223
0.034153
0.036013
0.037010
0.032492
0.034195
0.026114
0.034361
0.024503
0.018495
0.016950
0.034915
0.032519
0.033254
0.016608
0.019169
0.018748
0.026210
0.021638
0.028698
0.034449
0.035949
0.036799
0.028661
0.033185
0.027801
0.033789
0.033619
0.032317
0.035122
0.020319
0.016793
0.032778
0.028588
0.033701
0.032686
0.030952
0.034119
0.031286
0.033139
0.022533
0.032859
0.032656
0.034697
0.033341
0.033217
0.034024
0.034057
0.019454
0.017805
0.033629
0.022400
0.034627
0.032676
0.033862
0.029436
0.033937
0.025482
0.033617
0.030711
0.025197
0.034422
0.035381
0.033615
0.017983
0.033267
0.035594
0.033734
0.033134
0.018829
0.034135
0.034962
0.033599
0.032847
0.033601
0.017379
0.029910
0.031301
0.019288
0.032067
0.016813
0.033712
0.026937
0.029105
0.021982
0.020632
0.032501
0.017842
0.028086
0.032387
0.033016
0.036381
0.032457
0.034602
0.020310
0.022173
0.017281
0.032266
0.033189
0.029078
0.027888
0.016056
0.033341
0.025209
0.033548
0.033807
0.029310
0.033215
0.027341
0.021190
0.031823
0.017317
0.036143
0.032540
0.016369
0.026120
0.018665
0.033664
0.033907
0.033568
0.032813
0.033698
0.032797
0.032384
0.031524
0.028121
0.031683
0.030843
0.021071
0.016636
0.022027
0.032974
0.033005
0.036095
0.033025
0.033735
0.016352
0.016148
0.033910
0.031940
0.033318
0.021999
0.018510
0.026229
0.017626
0.030710
0.021602
0.030904
0.032526
0.027801
0.032600
0.033893
0.027659
0.023730
0.033400
0.020391
0.033343
0.034163
0.017955
0.026229
0.015842
0.029112
0.027450
0.032910
0.016004
0.018524
0.032378
0.031880
0.031723
0.032489
0.032587
0.034320
0.033929
0.018544
0.032748
0.034482
0.033564
0.034023
0.034851
0.033094
0.033417
0.025144
0.033419
0.020228
0.019958
0.032653
0.033151
0.034143
0.031779
0.033822
0.031624
0.034121
0.036037
0.027220
0.033189
0.019870
0.025352
0.035035
0.019390
0.033879
0.034249
0.031128
0.028707
0.027876
0.032820
0.036109
0.032537
0.016723
0.020269
0.030204
0.033098
0.022593
0.034137
0.032583
0.029531
0.033605
0.032466
0.032986
0.032334
0.017558
0.032505
0.034446
0.033352
0.033369
0.032071
0.032465
0.032899
0.017549
0.015936
0.031730
0.033414
0.027617
0.031566
0.032676
0.034867
0.022060
0.033843
0.033031
0.032224
0.033862
0.029318
0.033272
0.026019
0.034815
0.025471
0.033248
0.024960
0.033562
0.017633
0.033570
0.032523
0.032959
0.034095
0.032571
0.032781
0.035027
0.030314
0.028704
0.033584
0.033817
0.019433
0.032809
0.025773
0.018559
0.029029
0.019774
0.034357
0.032614
0.034469
0.035383
0.030777
0.019447
0.032445
0.034373
0.019011
0.035618
0.034264
0.032506
0.034461
0.031989
0.032319
0.034681
0.017756
0.032705
0.033808
0.019259
0.034726
0.032621
0.023656
0.034572
0.032826
0.027120
0.034208
0.033299
0.031940
0.032344
0.033808
0.015717
0.017793
0.015615
0.015834
0.032162
0.033655
0.029734
0.029980
0.033923
0.033435
0.031278
0.033176
0.032385
0.032595
0.033023
0.033353
0.025667
0.033043
0.031008
0.033476
0.032064
0.032852
0.022717
0.032668
0.027355
0.028612
0.031556
0.031712
0.028366
0.031049
0.032505
0.034240
0.024792
0.022988
0.018482
0.033928
0.032687
0.032942
0.031651
0.030648
0.023513
0.028002
0.031165
0.032711
0.030624
0.033333
0.029571
0.033313
0.027979
0.031705
0.031461
0.033500
0.031873
0.032253
0.034498
0.033350
0.031753
0.031718
0.030761
0.025629
0.028400
0.027298
0.034377
0.031497
0.032108
0.032661
0.032296
0.034183
0.033080
0.030874
0.033012
0.019215
0.031195
0.034151
0.032481
0.033025
0.029474
0.032917
0.032456
0.031639
0.033663
0.032818
0.022887
0.032519
0.032156
0.033403
0.025679
0.033601
0.034156
0.033890
0.032250
0.026192
0.030785
0.032234
0.020538
0.030157
0.032664
0.037251
0.033122
0.032811
0.032032
0.032526
0.032765
0.025728
0.034083
0.031451
0.029713
0.032612
0.021233
0.023753
0.029643
0.021509
0.033379
0.031823
0.034920
0.036339
0.032241
0.033792
0.017835
0.026556
0.031660
0.032290
0.031792
0.033312
0.031417
0.033470
0.033121
0.036297
0.034608
0.035079
0.022912
0.033459
0.032603
0.026874
0.034177
0.032625
0.020674
0.033497
0.025712
0.034548
0.035221
0.033134
0.025772
0.018687
0.020661
0.032420
0.025693
0.034805
0.034680
0.034231
0.035460
0.034966
0.021125
0.035064
0.033463
0.030729
0.035540
0.034409
0.019908
0.017175
0.033716
0.036370
0.032994
0.033607
0.031981
0.034168
0.034915
0.034330
0.034407
0.032905
0.033537
0.033946
0.019448
0.032834
0.034186
0.026243
0.030017
0.024714
0.019852
0.033936
0.028831
0.034758
0.017742
0.033900
0.033019
0.030515
0.032577
0.033692
0.035046
0.034463
0.030402
0.033406
0.034403
0.034465
0.032693
0.034902
0.033478
0.034984
0.034477
0.034169
0.020036
0.017508
0.030432
0.028180
0.027593
0.033222
0.033390
0.034065
0.031330
0.028604
0.033680
0.032871
0.033435
0.034376
0.031628
0.033227
0.027440
0.031905
0.032676
0.024454
0.031528
0.019286
0.016851
0.034767
0.033729
0.033278
0.018478
0.031720
0.033628
0.033680
0.033589
0.029068
0.033160
0.016478
0.032858
0.019011
0.020676
0.032421
0.031409
0.032006
0.025360
0.030891
0.033301
0.032933
0.025640
0.035672
0.032096
0.031291
0.016489
0.031627
0.031594
0.036622
0.033423
0.030910
0.034413
0.015903
0.031966
0.033464
0.032049
0.031164
0.025200
0.023879
0.032784
0.025076
0.031817
0.017776
0.020268
0.033020
0.032469
0.033476
0.018829
0.032737
0.033093
0.017356
0.032658
0.020208
0.023581
0.016655
0.033393
0.019806
0.033332
0.016792
0.031226
0.025188
0.034009
0.028073
0.017737
0.033981
0.033098
0.032319
0.032133
0.018871
0.016305
0.033684
0.032887
0.028499
0.036028
0.036153
0.031206
0.032838
0.031526
0.027689
0.032687
0.032732
0.028114
0.033046
0.033353
0.032344
0.028679
0.033668
0.032994
0.016245
0.026507
0.019153
0.019834
0.016699
0.033695
0.032838
0.033517
0.023129
0.033285
0.022091
0.032879
0.033178
0.022806
0.032163
0.033564
0.035934
0.029860
0.023382
0.025061
0.032737
0.030958
0.031583
0.033149
0.030721
0.016574
0.033710
0.025736
0.032314
0.035934
0.034283
0.017231
0.031870
0.032363
0.029150
0.032777
0.033072
0.026004
0.027204
0.027146
0.030148
0.032249
0.031234
0.019532
0.035963
0.033924
0.017235
0.034095
0.035978
0.035051
0.033362
0.022459
0.033672
0.024290
0.034578
0.031918
0.031194
0.021856
0.036331
0.035088
0.034070
0.034060
0.030337
0.033181
0.033922
0.033165
0.033774
0.022666
0.025814
0.030762
0.034250
0.035900
0.033152
0.031670
0.031937
0.035882
0.027690
0.027757
0.024217
0.033765
0.033699
0.032241
0.031569
0.033009
0.035324
0.030152
0.022508
0.037983
0.033351
0.032293
0.021403
0.031997
0.031497
0.024656
0.033328
0.018373
0.033183
0.029255
0.028100
0.032210
0.028378
0.025146
0.027802
0.019997
0.033133
0.032032
0.017476
0.018211
0.026468
0.018536
0.033625
0.028764
0.035736
0.033181
0.019990
0.033464
0.032604
0.017116
0.034436
0.035208
0.029711
0.032900
0.018267
0.034920
0.029513
0.021285
0.036983
0.035695
0.033593
0.033334
0.031895
0.032559
0.024407
0.031693
0.031876
0.031928
0.020580
0.033609
0.034889
0.033748
0.035078
0.021425
0.033818
0.032378
0.026198
0.017788
0.030420
0.033383
0.026931
0.033401
0.030194
0.034177
0.034675
0.034292
0.033799
0.029486
0.032599
0.032996
0.033676
0.033042
0.029938
0.034445
0.033315
0.027256
0.028187
0.018553
0.033837
0.034131
0.033109
0.022381
0.033028
0.032370
0.027374
0.030004
0.028193
0.033798
0.033171
0.032836
0.033815
0.032376
0.034253
0.033337
0.033112
0.031960
0.032907
0.037685
0.033979
0.033488
0.038677
0.033623
0.022257
0.029737
0.025165
0.032727
0.033228
0.022600
0.021738
0.031759
0.028095
0.031777
0.032685
0.033069
0.033060
0.024420
0.019621
0.033147
0.035562
0.033431
0.034625
0.031713
0.031964
0.030817
0.034031
0.032856
0.027363
0.031959
0.030896
0.025792
0.032982
0.024435
0.028952
0.033356
0.032815
0.029388
0.034176
0.021947
0.032702
0.031852
0.023163
0.033342
0.032199
0.034173
0.016931
0.030214
0.032778
0.033877
0.035432
0.031855
0.034258
0.033128
0.033074
0.035926
0.033939
0.031918
0.017513
0.035290
0.036011
0.033802
0.032980
0.034367
0.016484
0.020600
0.034411
0.017258
0.020065
0.021705
0.023226
0.036491
0.033656
0.030561
0.030996
0.026191
0.032383
0.024914
0.033300
0.033859
0.030667
0.032959
0.032360
0.031121
0.028579
0.033939
0.033446
0.034528
0.034734
0.035077
0.034716
0.020019
0.019217
0.034672
0.030603
0.021299
0.017708
0.029299
0.033245
0.030977
0.033471
0.033900
0.033295
0.032862
0.032932
0.031971
0.033503
0.026245
0.016569
0.034479
0.032785
0.034448
0.036622
0.034453
0.039121
0.019194
0.023470
0.032568
0.035070
0.033795
0.034212
0.032755
0.032433
0.033325
0.034022
0.022602
0.033281
0.034901
0.030411
0.029932
0.030217
0.034329
0.033279
0.016983
0.034451
0.034574
0.036516
0.032592
0.034875
0.024030
0.028751
0.019116
0.035342
0.033326
0.036062
0.018967
0.017082
0.017378
0.027264
0.033000
0.034086
0.036224
0.033847
0.032847
0.018571
0.033867
0.032030
0.032763
0.034953
0.035264
0.016839
0.031615
0.032509
0.033790
0.033096
0.033911
0.016513
0.037167
0.026172
0.034159
0.033519
0.017103
0.032560
0.031761
0.017601
0.032930
0.022813
0.036275
0.032805
0.035630
0.036150
0.023269
0.031907
0.032761
0.028952
0.033422
0.016684
0.032502
0.028007
0.033482
0.022038
0.032499
0.035232
0.033065
0.023224
0.034435
0.030276
0.035417
0.032282
0.033482
0.036038
0.035942
0.034838
0.035353
0.035543
0.033003
0.035472
0.033701
0.033735
0.032340
0.020409
0.032994
0.019791
0.034426
0.033240
0.035965
0.026892
0.026298
0.018080
0.033069
0.019989
0.020845
0.019735
0.032734
0.033500
0.033692
0.034726
0.035779
0.034332
0.017492
0.034289
0.020133
0.016537
0.031398
0.024907
0.033320
0.032337
0.019448
0.033543
0.035200
0.026022
0.032840
0.018013
0.018145
0.019018
0.019446
0.025019
0.033653
0.034866
0.033587
0.033382
0.034111
0.033420
0.018513
0.032886
0.035322
0.033679
0.033880
0.033606
0.032788
0.034957
0.032926
0.033930
0.034340
0.032440
0.035247
0.025710
0.027332
0.033415
0.018019
0.019158
0.030923
0.038008
0.031037
0.033042
0.020700
0.033162
0.031706
0.033363
0.033590
0.032623
0.032667
0.033890
0.025793
0.030780
0.036781
0.034423
0.035188
0.033660
0.023927
0.035118
0.032897
0.030113
0.018930
0.019621
0.035432
0.033007
0.020071
0.026553
0.021663
0.017191
0.016982
0.018168
0.017513
0.019499
0.017164
0.032988
0.033934
0.019607
0.033744
0.028074
0.034976
0.036975
0.035576
0.017538
0.034178
0.022991
0.033157
0.017095
0.031324
0.021795
0.036908
0.017409
0.034480
0.033806
0.033882
0.034170
0.017138
0.024927
0.027509
0.028034
0.033994
0.035482
0.033645
0.034261
0.032133
0.034139
0.029438
0.035712
0.019146
0.029860
0.019134
0.016506
0.034123
0.028353
0.024530
0.025989
0.028813
0.033099
0.034317
0.032811
0.033869
0.032692
0.036419
0.032601
0.020216
0.033314
0.034097
0.031946
0.031943
0.032092
0.032919
0.033067
0.031691
0.034527
0.025283
0.033604
0.033432
0.021522
0.018959
0.033801
0.020543
0.018661
0.016562
0.016034
0.031924
0.032618
0.029809
0.031113
0.033020
0.017110
0.025082
0.027690
0.032282
0.030077
0.028666
0.031137
0.018379
0.032347
0.036694
0.028239
0.026466
0.031694
0.033418
0.031812
0.028105
0.035083
0.030187
0.031711
0.033019
0.030602
0.027563
0.018617
0.017640
0.016056
0.019965
0.019845
0.021071
0.032985
0.033830
0.032037
0.031205
0.032563
0.028226
0.024896
0.033415
0.025280
0.029288
0.032780
0.032572
0.025299
0.031569
0.033810
0.033030
0.017960
0.019651
0.032224
0.018571
0.019572
0.032879
0.035994
0.036228
0.031741
0.020702
0.026700
0.028050
0.027431
0.034067
0.032128
0.028199
0.033069
0.032289
0.022566
0.031865
0.033657
0.028222
0.032774
0.032528
0.035062
0.034605
0.031226
0.031620
0.018764
0.033582
0.032236
0.033881
0.027113
0.033332
0.034393
0.036844
0.031710
0.032338
0.032444
0.034808
0.032654
0.032963
0.033246
0.031337
0.032015
0.032669
0.034657
0.022756
0.032720
0.034182
0.032984
0.020523
0.029313
0.032433
0.031341
0.034744
0.033219
0.033297
0.027052
0.033130
0.016508
0.030984
0.033221
0.028152
0.033028
0.033046
0.032802
0.018947
0.035220
0.033792
0.032881
0.021586
0.031873
0.035179
0.032762
0.034961
0.033050
0.032133
0.024202
0.032944
0.032825
0.034201
0.029397
0.017881
0.032647
0.019236
0.032641
0.027030
0.032716
0.034457
0.032958
0.034233
0.024137
0.031824
0.022073
0.028343
0.031283
0.019816
0.033004
0.032694
0.019534
0.016335
0.017267
0.032066
0.032969
0.027987
0.027979
0.032384
0.032532
0.032972
0.032876
0.026273
0.032979
0.032895
0.037162
0.033865
0.032348
0.025848
0.033344
0.033184
0.035056
0.032588
0.031782
0.031929
0.019073
0.035647
0.033067
0.027174
0.031632
0.032970
0.032512
0.026597
0.032093
0.034482
0.028096
0.026379
0.032941
0.031596
0.017371
0.028521
0.032911
0.032613
0.020171
0.033113
0.032717
0.028311
0.031137
0.031532
0.034413
0.021426
0.029119
0.018281
0.017679
0.017475
0.029554
0.033634
0.033330
0.031438
0.025324
0.032612
0.032977
0.033229
0.031383
0.032640
0.032959
0.031813
0.033924
0.027036
0.032193
0.032289
0.032116
0.033823
0.033527
0.024523
0.033324
0.032834
0.034096
0.032699
0.033275
0.034480
0.031695
0.029512
0.033098
0.031871
0.019910
0.033793
0.034457
0.032387
0.031233
0.025136
0.032309
0.025578
0.024896
0.033802
0.029371
0.029420
0.030529
0.032148
0.032100
0.033688
0.033336
0.032069
0.021113
0.017611
0.017254
0.025273
0.032780
0.032494
0.032073
0.036428
0.025005
0.015664
0.033675
0.031244
0.032264
0.021187
0.027710
0.031844
0.032591
0.032097
0.025232
0.033790
0.029767
0.024693
0.021198
0.021385
0.031392
0.028165
0.035468
0.036770
0.034331
0.027062
0.018959
0.032449
0.016634
0.025647
0.033799
0.034189
0.016334
0.031980
0.033143
0.032877
0.026297
0.025829
0.032774
0.019367
0.032269
0.031192
0.034792
0.031339
0.032968
0.020225
0.030911
0.032816
0.025020
0.032881
0.033120
0.035532
0.018391
0.033157
0.017055
0.034072
0.033615
0.032595
0.029560
0.035433
0.017096
0.032144
0.019757
0.030736
0.034133
0.032780
0.028189
0.020195
0.019496
0.022466
0.032890
0.032361
0.025685
0.034080
0.032883
0.019962
0.019412
0.030578
0.029664
0.029611
0.016055
0.026868
0.032639
0.031775
0.019193
0.034068
0.025885
0.033579
0.038701
0.028489
0.034724
0.034231
0.031397
0.032142
0.016862
0.021305
0.031467
0.028262
0.032643
0.032471
0.032909
0.033056
0.029358
0.031540
0.032680
0.033490
0.023851
0.031906
0.034739
0.033390
0.033412
0.026757
0.028647
0.019253
0.018335
0.033813
0.015773
0.020220
0.032238
0.019243
0.035027
0.033037
0.037131
0.020137
0.030887
0.033749
0.028942
0.020784
0.027858
0.032543
0.024140
0.018147
0.032697
0.032344
0.032321
0.032155
0.032734
0.021832
0.024405
0.032346
0.032755
0.028830
0.034156
0.033075
0.034756
0.033528
0.032790
0.033612
0.032095
0.028702
0.031760
0.028510
0.023981
0.026190
0.026656
0.033310
0.017457
0.025533
0.036870
0.026962
0.034064
0.034205
0.033358
0.034842
0.033246
0.034053
0.023792
0.019385
0.033986
0.033336
0.033961
0.032520
0.031686
0.034289
0.025180
0.022356
0.021904
0.032094
0.033243
0.030229
0.034537
0.032592
0.031601
0.033447
0.031703
0.018948
0.027067
0.032266
0.034530
0.034411
0.033871
0.034238
0.020747
0.016125
0.027250
0.033709
0.026016
0.030885
0.023868
0.033121
0.031264
0.017221
0.020709
0.018325
0.035753
0.030388
0.034117
0.026573
0.018462
0.019293
0.032308
0.033463
0.036250
0.033679
0.021651
0.033540
0.028712
0.033644
0.026212
0.033329
0.035893
0.032916
0.033248
0.033112
0.033069
0.032994
0.033332
0.026116
0.018594
0.019850
0.017765
0.033608
0.032682
0.034942
0.032102
0.030953
0.033998
0.031700
0.021349
0.036136
0.032740
0.034967
0.035969
0.034014
0.032508
0.033573
0.032775
0.033935
0.022937
0.017239
0.032552
0.032977
0.019173
0.033990
0.032965
0.033013
0.017131
0.032429
0.035184
0.022785
0.032101
0.020403
0.033831
0.022352
0.018464
0.017702
0.019012
0.023733
0.029489
0.025741
0.024754
0.026650
0.019493
0.032792
0.033030
0.033968
0.017143
0.032820
0.033760
0.035753
0.036090
0.033023
0.017069
0.026257
0.034217
0.032195
0.033557
0.028197
0.032844
0.031969
0.034580
0.036393
0.032002
0.028393
0.033102
0.033387
0.031582
0.019063
0.033443
0.033039
0.017103
0.031513
0.034861
0.032310
0.032688
0.033930
0.032858
0.033389
0.033166
0.033265
0.021462
0.022156
0.032975
0.033650
0.033219
0.033354
0.031749
0.031115
0.018041
0.033259
0.032286
0.032602
0.034517
0.032838
0.031366
0.017119
0.035551
0.033643
0.034294
0.019558
0.027595
0.032979
0.033339
0.018740
0.018404
0.032709
0.034900
0.032163
0.032320
0.027531
0.033481
0.023616
0.036140
0.032628
0.030109
0.033480
0.030244
0.031607
0.034307
0.021890
0.020776
0.033309
0.034824
0.033695
0.037483
0.033385
0.029692
0.035371
0.032527
0.031867
0.032071
0.021282
0.020140
0.037020
0.022073
0.022876
0.034084
0.022794
0.034179
0.019317
0.033750
0.018662
0.017077
0.020134
0.030962
0.032202
0.024054
0.027384
0.032680
0.035809
0.034891
0.032871
0.036457
0.029772
0.034216
0.022499
0.032055
0.034291
0.033617
0.030797
0.033611
0.033457
0.034992
0.026040
0.032311
0.030591
0.034816
0.031804
0.032830
0.030229
0.033560
0.021547
0.033409
0.033653
0.019369
0.020949
0.019481
0.032102
0.033895
0.033349
0.028488
0.033871
0.032988
0.036015
0.035309
0.028157
0.033395
0.033625
0.033006
0.019699
0.033544
0.035733
0.026576
0.019885
0.033077
0.035578
0.033025
0.017850
0.016382
0.024629
0.032139
0.029658
0.036347
0.034022
0.023794
0.033882
0.033324
0.030763
0.017727
0.016922
0.030063
0.034612
0.035843
0.030732
0.033608
0.033407
0.035275
0.033062
0.034882
0.030503
0.034418
0.034182
0.017804
0.019255
0.032705
0.018985
0.020406
0.032460
0.032648
0.032255
0.035701
0.028511
0.032623
0.032890
0.032440
0.027564
0.034815
0.032178
0.036639
0.034454
0.032794
0.033801
0.036180
0.033962
0.019692
0.034073
0.017999
0.019385
0.032086
0.033420
0.032460
0.021466
0.020534
0.032560
0.033541
0.025464
0.032310
0.030397
0.027685
0.035086
0.018868
0.033103
0.034301
0.031574
0.020160
0.018449
0.035857
0.030714
0.034354
0.030985
0.017397
0.032557
0.032370
0.025034
0.034313
0.026356
0.032819
0.032630
0.020243
0.024910
0.034964
0.028558
0.036159
0.033004
0.028778
0.031928
0.026654
0.031606
0.028652
0.016907
0.032876
0.031406
0.030066
0.033279
0.017943
0.025830
0.026494
0.032071
0.020990
0.028486
0.018501
0.017010
0.029729
0.033714
0.036230
0.034132
0.033859
0.032826
0.021563
0.024322
0.034003
0.033112
0.032137
0.032660
0.039639
0.017838
0.017420
0.017624
0.033893
0.033723
0.022467
0.032940
0.032971
0.034780
0.033890
0.018705
0.033020
0.016400
0.034569
0.033607
0.035606
0.020653
0.016301
0.021888
0.026717
0.033006
0.031501
0.028277
0.033359
0.032062
0.026070
0.019068
0.018755
0.022975
0.032458
0.028406
0.032576
0.034562
0.021434
0.029087
0.028843
0.033588
0.019003
0.020227
0.033369
0.023686
0.035840
0.032339
0.032495
0.032257
0.023512
0.020778
0.032719
0.031693
0.034356
0.024565
0.029666
0.033200
0.034888
0.032299
0.016608
0.017724
0.033858
0.034279
0.033412
0.033491
0.032812
0.026125
0.031880
0.025694
0.032945
0.032034
0.032203
0.032298
0.022460
0.032089
0.032586
0.025266
0.032661
0.033720
0.019458
0.029562
0.034478
0.019455
0.023041
0.035979
0.033118
0.033750
0.033547
0.029955
0.019220
0.015528
0.033579
0.033303
0.028760
0.031535
0.024821
0.033607
0.025483
0.034060
0.016311
0.032665
0.031868
0.033568
0.033295
0.033860
0.020885
0.017664
0.017301
0.026990
0.032951
0.033446
0.029719
0.032658
0.032816
0.035898
0.033470
0.033867
0.033705
0.034321
0.033315
0.033934
0.031758
0.021505
0.028471
0.020045
0.035089
0.033973
0.020365
0.034740
0.032851
0.030027
0.029159
0.034416
0.033367
0.017395
0.033033
0.033511
0.033304
0.032436
0.033132
0.032458
0.033741
0.034153
0.034369
0.033628
0.034522
0.020526
0.033502
0.031621
0.034993
0.026621
0.028976
0.032920
0.022977
0.034225
0.023964
0.023366
0.017720
0.029436
0.017610
0.033191
0.033502
0.031866
0.022755
0.031910
0.032383
0.028152
0.033915
0.032235
0.030691
0.033174
0.018015
0.018452
0.032614
0.029797
0.035533
0.023253
0.031949
0.024923
0.033081
0.020387
0.031738
0.031497
0.032017
0.032862
0.028704
0.018386
0.032679
0.033437
0.027076
0.030543
0.027714
0.031734
0.032396
0.025974
0.017663
0.033660
0.034342
0.031217
0.021460
0.028587
0.032145
0.021888
0.033864
0.032088
0.031261
0.032051
0.028619
0.020595
0.015208
0.015731
0.020911
0.018419
0.020089
0.015836
0.016353
0.031086
0.033780
0.018074
0.015612
0.017089
0.026652
0.034513
0.026634
0.027607
0.024174
0.035381
0.032868
0.034037
0.028210
0.018787
0.031990
0.026139
0.019753
0.017512
0.033347
0.032018
0.033200
0.017478
0.033530
0.033137
0.034338
0.033350
0.025700
0.033067
0.032563
0.031801
0.033967
0.033498
0.026175
0.031667
0.019156
0.017450
0.016821
0.017665
0.019588
0.015471
0.017201
0.017014
0.017524
0.034366
0.019966
0.020242
0.017589
0.022283
0.026108
0.033868
0.032558
0.033491
0.021599
0.033678
0.033290
0.033190
0.025587
0.028818
0.018845
0.015921
0.020389
0.024637
0.033603
0.033877
0.032223
0.019094
0.016404
0.021501
0.032655
0.034228
0.032062
0.033665
0.025436
0.022972
0.035495
0.029998
0.026175
0.035647
0.029015
0.033593
0.021847
0.034904
0.035243
0.028234
0.031256
0.037185
0.020738
0.032166
0.032150
0.017158
0.017111
0.032559
0.034159
0.032957
0.020475
0.032789
0.019079
0.029708
0.020780
0.026044
0.025330
0.027464
0.034267
0.033684
0.033349
0.020951
0.027065
0.020009
0.031600
0.029132
0.020123
0.025609
0.033757
0.016023
0.016367
0.018961
0.025094
0.027295
0.025081
0.032869
0.032166
0.033399
0.026942
0.033080
0.033726
0.031862
0.033731
0.020314
0.016361
0.033142
0.024099
0.033150
0.019633
0.032566
0.033276
0.025619
0.032943
0.032251
0.019532
0.034716
0.028821
0.033095
0.032956
0.027236
0.027513
0.033406
0.021520
0.034046
0.033746
0.034543
0.031182
0.032158
0.033701
0.028754
0.032204
0.033036
0.032933
0.018265
0.020129
0.034664
0.028023
0.030622
0.024907
0.032972
0.030815
0.032120
0.032679
0.033386
0.031827
0.033882
0.033405
0.033443
0.033459
0.033709
0.032873
0.031112
0.018905
0.033017
0.016634
0.032864
0.032557
0.020980
0.030972
0.032242
0.033354
0.030148
0.034557
0.031555
0.033669
0.019767
0.015998
0.034159
0.026127
0.015449
0.017255
0.022163
0.022196
0.032323
0.027726
0.031928
0.033274
0.032688
0.033837
0.018363
0.034374
0.033641
0.017954
0.030581
0.035157
0.030328
0.032876
0.036113
0.017425
0.031983
0.032484
0.032434
0.034010
0.032148
0.016192
0.032376
0.032547
0.032373
0.032308
0.028724
0.022685
0.028949
0.031443
0.016889
0.036274
0.019748
0.026444
0.033188
0.016481
0.034073
0.031898
0.026646
0.033102
0.031057
0.033500
0.019028
0.033662
0.028646
0.029013
0.033401
0.032465
0.034718
0.033097
0.029722
0.033468
0.033198
0.034598
0.034123
0.016942
0.016963
0.033957
0.017949
0.025079
0.032849
0.033583
0.032408
0.018429
0.016006
0.032627
0.026421
0.029578
0.034573
0.032515
0.035046
0.029828
0.033322
0.032733
0.017494
0.019230
0.033939
0.033352
0.034679
0.032360
0.032402
0.034256
0.016832
0.036567
0.020936
0.033794
0.031884
0.032314
0.022266
0.017157
0.018567
0.029882
0.030308
0.029323
0.018123
0.033858
0.033006
0.025894
0.020697
0.034252
0.018464
0.025630
0.034942
0.032941
0.017712
0.035673
0.033150
0.033707
0.033129
0.035717
0.032781
0.033791
0.032964
0.033287
0.034314
0.025431
0.035504
0.034075
0.032670
0.032337
0.034648
0.017245
0.031507
0.024630
0.027087
0.032891
0.033139
0.033947
0.019552
0.031950
0.031788
0.032813
0.032374
0.032525
0.033275
0.033113
0.032902
0.034880
0.034758
0.031692
0.018171
0.017874
0.027228
0.032596
0.031223
0.027557
0.032479
0.029418
0.033981
0.037728
0.033349
0.031521
0.031260
0.017723
0.015366
0.034870
0.033111
0.033770
0.033749
0.026890
0.021895
0.029043
0.016996
0.036295
0.032028
0.015551
0.029065
0.033314
0.029541
0.020725
0.016884
0.018866
0.030516
0.020331
0.028202
0.031981
0.033161
0.015028
0.027467
0.031760
0.032861
0.024219
0.033278
0.032644
0.032034
0.031645
0.030893
0.032162
0.038338
0.031893
0.032725
0.031661
0.016363
0.015891
0.034072
0.019178
0.028467
0.031949
0.016457
0.016681
0.032093
0.032677
0.032532
0.032303
0.032183
0.016405
0.032854
0.032894
0.034385
0.036387
0.031467
0.034728
0.033398
0.033239
0.033139
0.032724
0.033574
0.032199
0.032400
0.032026
0.033407
0.025404
0.033924
0.018939
0.032003
0.027164
0.032281
0.033385
0.034070
0.034633
0.017181
0.031994
0.034209
0.032844
0.033474
0.034254
0.031972
0.031584
0.022213
0.023029
0.026234
0.027432
0.032563
0.033108
0.033285
0.032505
0.028121
0.033359
0.031573
0.034375
0.022023
0.031914
0.024724
0.029577
0.030535
0.021531
0.030702
0.031827
0.035334
0.023526
0.033273
0.032035
0.023816
0.032670
0.031267
0.033193
0.016705
0.035779
0.029642
0.037400
0.030055
0.034266
0.032459
0.029637
0.016224
0.017160
0.032764
0.030060
0.032862
0.033260
0.033141
0.016343
0.016784
0.033592
0.028009
0.035003
0.032753
0.033516
0.018484
0.031715
0.024671
0.033341
0.016539
0.016250
0.037487
0.018737
0.016445
0.023351
0.032641
0.030644
0.033148
0.032258
0.017895
0.019925
0.032545
0.026664
0.030401
0.032229
0.021422
0.033911
0.023839
0.016294
0.033647
0.033037
0.026053
0.028652
0.033807
0.034035
0.033502
0.032143
0.028223
0.032080
0.032773
0.034468
0.028177
0.028946
0.028721
0.032512
0.029121
0.028983
0.031013
0.033971
0.031950
0.030766
0.032497
0.026058
0.028144
0.032500
0.029165
0.031621
0.031843
0.021745
0.027379
0.033224
0.033917
0.032768
0.032568
0.028085
0.035877
0.031747
0.033978
0.025709
0.031861
0.032408
0.017727
0.033944
0.033840
0.035092
0.025319
0.033449
0.027000
0.020830
0.032051
0.015960
0.033072
0.033211
0.032058
0.034839
0.029299
0.034200
0.020751
0.037360
0.031820
0.031098
0.018579
0.019734
0.032645
0.020439
0.032906
0.017166
0.019760
0.035372
0.032767
0.032112
0.030580
0.032826
0.031584
0.027294
0.016234
0.034317
0.035285
0.032597
0.031851
0.033678
0.032921
0.025861
0.031296
0.035023
0.032658
0.019931
0.033567
0.031283
0.032043
0.031447
0.033935
0.033914
0.031712
0.032385
0.032004
0.031570
0.022630
0.033974
0.033349
0.031781
0.018035
0.032787
0.031176
0.031790
0.031662
0.022886
0.016579
0.034581
0.021969
0.019259
0.026026
0.032502
0.033385
0.032200
0.035320
0.034183
0.032570
0.032778
0.033676
0.031145
0.020128
0.030542
0.031252
0.033622
0.031424
0.033654
0.034333
0.031412
0.032134
0.028181
0.026024
0.032790
0.027516
0.028110
0.030832
0.032939
0.032409
0.032939
0.030816
0.032239
0.024327
0.032319
0.031429
0.033199
0.032548
0.034554
0.025446
0.033466
0.021524
0.032751
0.016424
0.032767
0.032446
0.033804
0.015690
0.024954
0.024319
0.032049
0.032921
0.033288
0.032557
0.022345
0.033249
0.031410
0.033082
0.032615
0.032916
0.032396
0.016761
0.031959
0.036229
0.031444
0.030268
0.032066
0.032104
0.032650
0.033434
0.028420
0.034738
0.032989
0.033495
0.032424
0.033723
0.035354
0.035823
0.035601
0.035217
0.035068
0.023416
0.026342
0.034677
0.036451
0.035442
0.035405
0.029973
0.035703
0.034923
0.032607
0.031262
0.026963
0.033415
0.036023
0.035540
0.033976
0.021451
0.034868
0.026144
0.032086
0.036452
0.036504
0.035615
0.034904
0.034866
0.035354
0.033445
0.033777
0.026249
0.033731
0.032109
0.033625
0.032331
0.035264
0.032055
0.033948
0.034536
0.028526
0.032802
0.015745
0.033198
0.030588
0.018740
0.015858
0.033300
0.031839
0.029528
0.032945
0.033390
0.034006
0.032820
0.034667
0.031183
0.033689
0.030828
0.017220
0.026840
0.032974
0.026815
0.033752
0.017884
0.032677
0.031416
0.033622
0.032509
0.018295
0.031755
0.034031
0.032540
0.031766
0.034328
0.016728
0.030925
0.018939
0.016075
0.033180
0.028798
0.032792
0.025724
0.030998
0.032006
0.032831
0.033579
0.031840
0.032397
0.031925
0.031182
0.028452
0.032049
0.031363
0.032916
0.026604
0.033556
0.017281
0.016220
0.031620
0.033293
0.025395
0.032925
0.030852
0.031040
0.033262
0.032711
0.032763
0.030520
0.020754
0.032161
0.035172
0.032009
0.022706
0.031691
0.019329
0.018152
0.034503
0.025685
0.032955
0.019352
0.018326
0.035022
0.017057
0.032767
0.016816
0.023077
0.032239
0.034786
0.035046
0.032959
0.032825
0.032820
0.031297
0.031118
0.016102
0.017786
0.019678
0.026750
0.031742
0.034801
0.024214
0.027358
0.018453
0.015181
0.031524
0.021722
0.022695
0.032579
0.018250
0.018972
0.022815
0.033579
0.031501
0.016203
0.033146
0.032947
0.031434
0.028247
0.034582
0.029630
0.027419
0.015838
0.017596
0.018147
0.035316
0.018781
0.015881
0.029834
0.032618
0.032079
0.032846
0.024668
0.031047
0.022276
0.018658
0.030798
0.032114
0.031944
0.025870
0.015958
0.032803
0.019841
0.034507
0.031832
0.028533
0.033954
0.033119
0.033041
0.032948
0.018561
0.016445
0.034538
0.033005
0.021024
0.033310
0.032485
0.022746
0.021581
0.023295
0.023162
0.027054
0.024976
0.026349
0.033470
0.033252
0.032868
0.015938
0.026899
0.032197
0.032124
0.032795
0.034459
0.019300
0.016552
0.032589
0.017750
0.033424
0.033617
0.031512
0.016144
0.017414
0.024575
0.033333
0.033601
0.017934
0.033372
0.034825
0.030623
0.018720
0.032085
0.033774
0.015684
0.034231
0.032199
0.030192
0.016468
0.033271
0.030720
0.025396
0.031754
0.022215
0.018585
0.029307
0.031800
0.029588
0.025777
0.018973
0.031917
0.032880
0.027165
0.019805
0.032519
0.032464
0.033601
0.033080
0.032413
0.033142
0.030660
0.032645
0.031968
0.029018
0.027280
0.035339
0.019301
0.032733
0.025679
0.031828
0.026850
0.035715
0.031856
0.031779
0.027793
0.030583
0.031494
0.029530
0.024972
0.028199
0.034333
0.032862
0.032089
0.032747
0.033408
0.033265
0.033840
0.028000
0.034126
0.032472
0.033608
0.023612
0.031958
0.034601
0.033078
0.019807
0.025231
0.034299
0.022686
0.032785
0.031565
0.020921
0.025238
0.032637
0.028508
0.032525
0.033704
0.015856
0.015145
0.026554
0.030213
0.031997
0.031598
0.032344
0.031950
0.033277
0.032562
0.032833
0.032246
0.031683
0.034005
0.032282
0.032257
0.016253
0.032919
0.020166
0.031431
0.030275
0.018862
0.021861
0.033546
0.029421
0.019364
0.017834
0.028293
0.032461
0.017066
0.032295
0.032278
0.017478
0.032167
0.034982
0.035227
0.032654
0.018121
0.033349
0.032948
0.033076
0.025553
0.032775
0.032278
0.017251
0.019197
0.023776
0.016243
0.030366
0.032949
0.033439
0.026909
0.025349
0.017360
0.032072
0.030752
0.033477
0.033043
0.033089
0.027678
0.033613
0.030513
0.033480
0.017745
0.017982
0.033030
0.032363
0.032890
0.033458
0.029073
0.033545
0.028078
0.030691
0.032635
0.032756
0.031515
0.031792
0.019938
0.032630
0.018246
0.022288
0.022029
0.031678
0.034106
0.033628
0.032538
0.028910
0.031622
0.034655
0.034452
0.030501
0.015265
0.016295
0.031901
0.034775
0.033582
0.031231
0.032749
0.033424
0.030986
0.033534
0.020877
0.032138
0.032736
0.028856
0.016862
0.018278
0.033589
0.019814
0.026445
0.018728
0.031622
0.018996
0.032487
0.032417
0.035021
0.018546
0.036480
0.035332
0.032124
0.027320
0.027375
0.017304
0.034252
0.030776
0.027356
0.027298
0.032776
0.033674
0.023103
0.032987
0.020663
0.033179
0.032779
0.029330
0.033561
0.016879
0.018940
0.029485
0.022013
0.032908
0.025365
0.019200
0.031294
0.021628
0.032227
0.035567
0.015964
0.032916
0.034038
0.025349
0.033548
0.027750
0.032623
0.034117
0.026741
0.032822
0.022684
0.033201
0.016818
0.032778
0.034785
0.028174
0.033914
0.035802
0.033553
0.038199
0.032099
0.034439
0.016242
0.027847
0.032497
0.016549
0.017047
0.034513
0.035948
0.032518
0.034441
0.026346
0.033849
0.028490
0.019735
0.033576
0.033838
0.030631
0.023421
0.032628
0.016250
0.033301
0.031221
0.032833
0.022461
0.032036
0.032083
0.032307
0.031646
0.034399
0.027869
0.026596
0.033333
0.026825
0.032510
0.033775
0.021094
0.018224
0.033547
0.033767
0.035066
0.032779
0.026561
0.035279
0.034070
0.032990
0.034881
0.033092
0.034642
0.018407
0.032858
0.031221
0.019445
0.018627
0.018317
0.033315
0.036022
0.019223
0.020662
0.019338
0.030766
0.028872
0.032211
0.033675
0.027634
0.032364
0.031593
0.035026
0.031469
0.034042
0.033442
0.016448
0.019556
0.024765
0.029188
0.035547
0.032228
0.031601
0.032906
0.037876
0.033694
0.025248
0.032056
0.023040
0.028121
0.029137
0.031305
0.031241
0.032792
0.033025
0.019120
0.031477
0.033085
0.016328
0.035338
0.016955
0.033084
0.016612
0.024867
0.025472
0.020334
0.029545
0.033520
0.032010
0.033767
0.031439
0.032532
0.033322
0.018260
0.020469
0.031048
0.029561
0.033590
0.015617
0.024026
0.020778
0.031685
0.029890
0.018121
0.020887
0.018455
0.033637
0.032230
0.033446
0.018325
0.033626
0.022943
0.028008
0.022545
0.033187
0.033135
0.035351
0.030963
0.028239
0.033173
0.033876
0.018392
0.032214
0.025990
0.032031
0.033349
0.031809
0.032860
0.029863
0.026110
0.028218
0.032466
0.032676
0.029392
0.022121
0.015850
0.034227
0.024720
0.023148
0.028978
0.032368
0.027771
0.031347
0.032576
0.036843
0.032278
0.031940
0.034079
0.025937
0.027265
0.031880
0.033056
0.033692
0.031548
0.032367
0.025998
0.033152
0.029133
0.031697
0.032811
0.031971
0.015858
0.034813
0.033080
0.032936
0.033422
0.031639
0.031869
0.033785
0.031107
0.024981
0.032092
0.024800
0.033929
0.032543
0.037817
0.020344
0.031592
0.024852
0.034262
0.016661
0.033791
0.034306
0.029494
0.033798
0.020424
0.033014
0.034645
0.033369
0.033624
0.025199
0.017249
0.033409
0.018508
0.017297
0.019454
0.033394
0.032851
0.019440
0.032641
0.033999
0.019272
0.033593
0.032271
0.032843
0.033218
0.034520
0.027499
0.033010
0.029746
0.017024
0.018423
0.032441
0.021191
0.036154
0.034157
0.030840
0.028448
0.029413
0.027832
0.031052
0.031173
0.032072
0.032937
0.031928
0.034205
0.030759
0.032832
0.033812
0.033075
0.034458
0.024807
0.027283
0.032945
0.032169
0.019553
0.037035
0.033313
0.035217
0.027726
0.017244
0.030470
0.033204
0.031527
0.033847
0.016427
0.027374
0.027076
0.018999
0.023826
0.019302
0.028595
0.027436
0.028445
0.025979
0.022593
0.017382
0.017044
0.028930
0.016870
0.019281
0.032348
0.032309
0.033968
0.032924
0.032213
0.018017
0.029158
0.027500
0.025258
0.023178
0.029806
0.017928
0.015959
0.033510
0.032221
0.032838
0.034326
0.030800
0.031650
0.033605
0.023694
0.035145
0.036502
0.032161
0.028258
0.021661
0.032940
0.033094
0.032991
0.032592
0.023278
0.032598
0.034101
0.027885
0.016916
0.029824
0.023968
0.034469
0.032965
0.033041
0.033799
0.021806
0.032790
0.025155
0.016176
0.032640
0.031390
0.035326
0.033058
0.032404
0.031565
0.026528
0.022856
0.032949
0.031768
0.033342
0.031769
0.019024
0.029163
0.018059
0.032652
0.033607
0.031943
0.030615
0.033494
0.032727
0.030435
0.030272
0.017781
0.033089
0.033366
0.037350
0.033225
0.026366
0.030884
0.032636
0.031890
0.033960
0.021704
0.032203
0.032109
0.017188
0.017359
0.029637
0.033347
0.020788
0.032682
0.029588
0.032679
0.026617
0.034509
0.028342
0.032634
0.022655
0.033205
0.028043
0.026671
0.017715
0.018980
0.020155
0.016547
0.033310
0.035473
0.034580
0.033804
0.026100
0.024170
0.033075
0.031365
0.021133
0.033225
0.032643
0.033638
0.026253
0.016165
0.034535
0.033087
0.017111
0.034533
0.032082
0.031660
0.031194
0.033729
0.031617
0.033802
0.032302
0.016340
0.035679
0.021354
0.019730
0.016379
0.028171
0.029305
0.031619
0.032152
0.028143
0.035357
0.028158
0.023407
0.026919
0.015973
0.032360
0.031054
0.033071
0.023612
0.032903
0.032841
0.025893
0.018880
0.033356
0.032211
0.030444
0.020728
0.033751
0.034372
0.034408
0.030199
0.034474
0.036639
0.033249
0.034103
0.020380
0.034081
0.032951
0.017499
0.031224
0.035142
0.032499
0.031962
0.028862
0.018777
0.034958
0.019523
0.031638
0.029175
0.023061
0.034038
0.033600
0.032054
0.033613
0.033733
0.018047
0.031542
0.033389
0.023485
0.024941
0.020402
0.028286
0.027040
0.034536
0.019327
0.016972
0.031812
0.033459
0.028453
0.033087
0.033379
0.032445
0.032405
0.032829
0.037491
0.033648
0.034338
0.033505
0.030346
0.033578
0.033845
0.019468
0.033364
0.029879
0.032363
0.032971
0.029983
0.037582
0.032729
0.023301
0.034706
0.031609
0.031987
0.028683
0.024100
0.025642
0.033988
0.032895
0.026881
0.026392
0.032875
0.032076
0.036493
0.033222
0.029922
0.029525
0.030694
0.032470
0.033021
0.027046
0.033927
0.024878
0.027917
0.023760
0.029659
0.033089
0.019337
0.034303
0.031953
0.016542
0.016547
0.016705
0.016863
0.017470
0.032855
0.033105
0.027971
0.034421
0.035648
0.033354
0.032317
0.030249
0.032968
0.028368
0.028258
0.032271
0.032572
0.029589
0.031163
0.016573
0.019836
0.035925
0.032642
0.034063
0.032643
0.033103
0.020421
0.035574
0.030512
0.020243
0.032900
0.031914
0.019413
0.028309
0.033593
0.031882
0.030591
0.018042
0.032123
0.031438
0.035738
0.020560
0.031937
0.025182
0.032340
0.028170
0.029940
0.019429
0.028907
0.019085
0.034028
0.032562
0.034420
0.032361
0.034420
0.026762
0.015554
0.035050
0.034534
0.029191
0.034629
0.025771
0.032997
0.033192
0.032936
0.026608
0.031834
0.032796
0.033525
0.032775
0.033396
0.034989
0.032336
0.024071
0.027251
0.035546
0.033123
0.024347
0.034478
0.033359
0.031954
0.034289
0.033832
0.032825
0.033320
0.035231
0.017551
0.017565
0.019901
0.032124
0.033023
0.035507
0.033320
0.031644
0.033108
0.035237
0.026637
0.025129
0.034609
0.032552
0.025360
0.034866
0.032913
0.031548
0.031764
0.035725
0.023579
0.035189
0.017878
0.019211
0.024606
0.033235
0.030526
0.032058
0.032397
0.023978
0.020171
0.021679
0.032029
0.032684
0.018712
0.032172
0.031729
0.033010
0.032967
0.027474
0.020005
0.033026
0.032657
0.034178
0.031865
0.028335
0.031621
0.031827
0.022022
0.024747
0.033736
0.033059
0.032167
0.016193
0.032765
0.034610
0.016973
0.019106
0.032319
0.033618
0.028525
0.034312
0.032370
0.031348
0.018763
0.018004
0.033112
0.031904
0.029008
0.034153
0.029649
0.032009
0.031803
0.032231
0.035633
0.025819
0.033997
0.032486
0.034276
0.016070
0.025133
0.032713
0.031262
0.032582
0.033266
0.031577
0.033814
0.032941
0.033780
0.032057
0.032341
0.030387
0.019731
0.036261
0.024347
0.032523
0.032507
0.026397
0.034374
0.031605
0.031336
0.033686
0.021883
0.033076
0.030965
0.035080
0.018713
0.033827
0.033065
0.023482
0.032041
0.031844
0.035392
0.027556
0.032057
0.031559
0.024769
0.033330
0.031242
0.033021
0.032110
0.036757
0.031842
0.032167
0.032773
0.031933
0.024303
0.031080
0.024101
0.029888
0.032822
0.021914
0.032423
0.016519
0.019427
0.016493
0.017033
0.015753
0.016548
0.016463
0.016605
0.016589
0.017419
0.017696
0.033960
0.024338
0.020748
0.020819
0.024353
0.016901
0.017778
0.021613
0.019429
0.022203
0.035459
0.032583
0.032464
0.033675
0.029289
0.038967
0.019368
0.019948
0.017589
0.017430
0.034536
0.032454
0.018122
0.031473
0.033667
0.030699
0.033258
0.020806
0.034151
0.027279
0.026507
0.033575
0.034425
0.033900
0.032898
0.029723
0.036076
0.033105
0.032600
0.023908
0.029635
0.023269
0.020674
0.019454
0.032244
0.026473
0.028686
0.029303
0.031205
0.033015
0.033013
0.023075
0.029013
0.031828
0.031433
0.026118
0.023403
0.033277
0.036153
0.018443
0.032694
0.025313
0.033514
0.030962
0.030679
0.032099
0.027199
0.017737
0.031945
0.032891
0.020911
0.024816
0.032290
0.032916
0.031645
0.030034
0.032223
0.036029
0.031694
0.034364
0.035010
0.019454
0.033264
0.018368
0.018424
0.032380
0.036227
0.034547
0.032919
0.034220
0.032803
0.019279
0.020589
0.032081
0.032587
0.035047
0.033204
0.032310
0.033365
0.032256
0.034249
0.033215
0.031468
0.032964
0.033592
0.035695
0.034682
0.021352
0.034680
0.033932
0.031712
0.025075
0.020069
0.024989
0.033482
0.034211
0.032817
0.036817
0.034017
0.033187
0.029788
0.034911
0.029401
0.032818
0.033505
0.025770
0.025742
0.031530
0.027505
0.027777
0.029113
0.023823
0.031986
0.033787
0.032516
0.032820
0.031564
0.031468
0.033040
0.025590
0.032167
0.026323
0.032744
0.031315
0.032645
0.033188
0.026919
0.032429
0.023399
0.029525
0.016586
0.031802
0.015924
0.035446
0.033493
0.031559
0.015537
0.027381
0.018867
0.016294
0.033389
0.031788
0.027480
0.031633
0.031842
0.029188
0.031896
0.028144
0.033619
0.020872
0.032710
0.031892
0.031510
0.019354
0.015589
0.032685
0.026293
0.016010
0.030604
0.031082
0.029974
0.032232
0.025689
0.032600
0.021418
0.032502
0.031818
0.032207
0.034135
0.032681
0.030895
0.032002
0.032584
0.029156
0.031821
0.031274
0.020751
0.033105
0.025366
0.032099
0.034292
0.015385
0.031637
0.034362
0.032910
0.032449
0.031522
0.027734
0.033927
0.016966
0.034885
0.032098
0.033896
0.031165
0.016061
0.030363
0.035890
0.032392
0.032654
0.034166
0.020201
0.031683
0.024518
0.031472
0.031520
0.021726
0.030415
0.032911
0.034834
0.018342
0.031625
0.029551
0.031837
0.032509
0.032396
0.030484
0.033088
0.032449
0.032539
0.024655
0.024103
0.032772
0.029477
0.033812
0.016999
0.033344
0.032127
0.032077
0.032046
0.016820
0.031343
0.025965
0.028085
0.033069
0.030014
0.033782
0.033887
0.031904
0.016943
0.033344
0.032037
0.033532
0.035128
0.031555
0.032212
0.035739
0.032451
0.033309
0.028480
0.033028
0.032284
0.032653
0.032818
0.033468
0.030910
0.031754
0.034047
0.025834
0.032945
0.032648
0.034870
0.016738
0.033814
0.033225
0.033424
0.036994
0.028011
0.031473
0.031623
0.034023
0.025305
0.033653
0.027903
0.033070
0.033095
0.023689
0.033947
0.019039
0.036502
0.033077
0.032055
0.032068
0.034256
0.032375
0.025465
0.027047
0.016923
0.020036
0.016483
0.030082
0.033898
0.016812
0.031800
0.021569
0.034270
0.032932
0.027417
0.035586
0.032449
0.033123
0.032537
0.034211
0.029382
0.033631
0.029014
0.026681
0.034426
0.034659
0.035143
0.026016
0.031955
0.032629
0.024198
0.034997
0.027974
0.038340
0.028803
0.028905
0.025946
0.033045
0.034409
0.032840
0.032099
0.016955
0.033653
0.032909
0.022348
0.032859
0.033472
0.020884
0.034209
0.032816
0.020994
0.029151
0.027390
0.033806
0.021323
0.023191
0.025380
0.032907
0.031687
0.032512
0.020820
0.033670
0.034757
0.019005
0.032951
0.016750
0.032787
0.033992
0.032948
0.034071
0.033144
0.034035
0.032112
0.032693
0.033344
0.035026
0.016134
0.032495
0.035402
0.021072
0.020245
0.017437
0.016691
0.025282
0.023133
0.034021
0.032201
0.029413
0.016274
0.037915
0.034178
0.026483
0.034377
0.031929
0.024983
0.032573
0.033175
0.037535
0.024516
0.035893
0.020402
0.033689
0.034353
0.019367
0.015831
0.025450
0.034104
0.033257
0.025270
0.032979
0.033438
0.034873
0.033589
0.034125
0.034276
0.035287
0.033597
0.032501
0.035672
0.034925
0.032479
0.032821
0.032239
0.032415
0.031586
0.033931
0.016823
0.032938
0.031807
0.032610
0.026111
0.024569
0.032290
0.032821
0.032020
0.033861
0.033649
0.031701
0.033337
0.028013
0.033463
0.032323
0.037392
0.034229
0.018872
0.032459
0.020660
0.021735
0.034324
0.032950
0.033366
0.024761
0.028789
0.018312
0.033190
0.032967
0.031191
0.033103
0.029860
0.032758
0.025181
0.029671
0.036441
0.023603
0.029727
0.032808
0.020595
0.030411
0.032022
0.033327
0.033806
0.034624
0.018021
0.026910
0.032939
0.021084
0.033190
0.028947
0.035665
0.027496
0.024531
0.027995
0.025271
0.017351
0.033114
0.034158
0.025537
0.025079
0.031116
0.028735
0.019114
0.033338
0.029672
0.027496
0.031869
0.032450
0.033084
0.032287
0.033033
0.032782
0.032070
0.025398
0.033064
0.030914
0.016479
0.017018
0.033809
0.031965
0.031759
0.032517
0.030702
0.024805
0.032501
0.031326
0.032233
0.032315
0.033104
0.034179
0.031178
0.032521
0.032391
0.032802
0.016696
0.036024
0.019771
0.033732
0.021770
0.032154
0.029280
0.033149
0.035199
0.032560
0.032227
0.016310
0.029245
0.021104
0.035552
0.033264
0.024844
0.026700
0.031145
0.034219
0.025611
0.017321
0.031826
0.033315
0.033006
0.026971
0.033854
0.032680
0.033381
0.023827
0.019209
0.032279
0.016543
0.035070
0.026450
0.017780
0.028988
0.027665
0.032177
0.017432
0.032937
0.030967
0.033514
0.024511
0.032447
0.033555
0.020944
0.023868
0.032893
0.024810
0.032400
0.032243
0.033402
0.033206
0.027801
0.029632
0.033614
0.021221
0.032346
0.019749
0.031569
0.032492
0.031984
0.032150
0.025130
0.032004
0.033143
0.031863
0.019865
0.015940
0.027850
0.032363
