0.014196
0.018738
0.016939
0.036875
0.035910
0.036350
0.025932
0.033911
0.033042
0.033384
0.036510
0.033091
0.031412
0.034095
0.034166
0.019625
0.017806
0.035421
0.032984
0.032465
0.033830
0.033008
0.032637
0.033295
0.025603
0.032757
0.020709
0.018875
0.030420
0.034795
0.035370
0.022595
0.035200
0.033360
0.017377
0.028939
0.018384
0.018920
0.016382
0.018298
0.032727
0.033500
0.032590
0.033741
0.034910
0.033019
0.022897
0.035370
0.033464
0.017857
0.033991
0.017849
0.036426
0.034494
0.034457
0.021533
0.033971
0.034205
0.034059
0.026146
0.034088
0.033510
0.019173
0.019423
0.034491
0.033407
0.030016
0.027509
0.017477
0.018134
0.033823
0.025065
0.033375
0.034325
0.035517
0.031965
0.033050
0.033937
0.032574
0.026999
0.034097
0.032213
0.033349
0.028369
0.031151
0.033071
0.023489
0.028598
0.033268
0.033496
0.021861
0.033501
0.023787
0.021031
0.033067
0.031825
0.027861
0.035356
0.034984
0.034000
0.034793
0.019549
0.033712
0.034801
0.033324
0.032883
0.017989
0.020258
0.034710
0.020310
0.027640
0.030054
0.035012
0.033453
0.021066
0.030341
0.019797
0.016434
0.032224
0.032933
0.033842
0.033355
0.018374
0.032354
0.033003
0.035867
0.034410
0.017060
0.019428
0.017557
0.027102
0.034218
0.033247
0.018756
0.029144
0.032921
0.033450
0.024125
0.033191
0.029566
0.033266
0.036778
0.032894
0.034139
0.033089
0.032946
0.029503
0.033226
0.034665
0.025674
0.033863
0.035164
0.020265
0.035439
0.029678
0.033708
0.019773
0.020609
0.015780
0.022842
0.033349
0.016838
0.029539
0.024611
0.022867
0.035809
0.026741
0.017270
0.032045
0.032545
0.023309
0.033624
0.033889
0.033126
0.028378
0.030253
0.032891
0.032563
0.031952
0.036034
0.016231
0.029288
0.019279
0.032940
0.034564
0.034238
0.033565
0.034751
0.021048
0.024502
0.019279
0.033183
0.034736
0.032000
0.032412
0.024396
0.034484
0.019958
0.017616
0.021157
0.032604
0.016877
0.021173
0.017623
0.019180
0.034361
0.034893
0.034074
0.034322
0.033565
0.034684
0.034694
0.031582
0.033461
0.025593
0.030338
0.035475
0.020340
0.019220
0.033818
0.032307
0.033924
0.032600
0.025889
0.032571
0.033148
0.028129
0.024767
0.032429
0.033215
0.035058
0.033655
0.033832
0.032978
0.032937
0.025062
0.034213
0.026670
0.032804
0.036538
0.031553
0.031863
0.033275
0.033174
0.033091
0.033045
0.025366
0.017944
0.030198
0.036557
0.032560
0.027954
0.032574
0.027318
0.026566
0.033839
0.028314
0.033906
0.032377
0.028681
0.033178
0.035321
0.026009
0.034575
0.023935
0.033366
0.026325
0.033582
0.027746
0.034874
0.034498
0.018245
0.033062
0.026295
0.032497
0.032585
0.035182
0.023075
0.031446
0.032878
0.033935
0.029399
0.035621
0.032496
0.033414
0.032976
0.033329
0.033289
0.033997
0.038846
0.033581
0.032181
0.032493
0.033743
0.033459
0.033943
0.034853
0.027059
0.033039
0.031974
0.038623
0.032616
0.033227
0.031883
0.032353
0.028310
0.021753
0.034435
0.032138
0.036765
0.032679
0.031159
0.024444
0.033926
0.032326
0.027706
0.029301
0.024416
0.032968
0.032553
0.030956
0.032490
0.016989
0.031763
0.025966
0.025532
0.034895
0.028367
0.024640
0.032413
0.032228
0.034056
0.032287
0.033257
0.031664
0.034647
0.033575
0.027970
0.034822
0.032921
0.026542
0.028382
0.028851
0.033049
0.032189
0.032044
0.024745
0.033416
0.026342
0.032960
0.033504
0.033488
0.032275
0.034837
0.034516
0.019276
0.033164
0.032994
0.034034
0.032266
0.033489
0.026122
0.034291
0.020677
0.030859
0.027045
0.019219
0.033280
0.038530
0.027369
0.033863
0.031907
0.033800
0.033033
0.031337
0.018216
0.035018
0.026237
0.030468
0.033962
0.032679
0.033548
0.031627
0.034050
0.026577
0.026670
0.032644
0.032448
0.033287
0.029468
0.034954
0.018827
0.023436
0.017919
0.032840
0.025255
0.021159
0.034130
0.017883
0.032284
0.034395
0.032252
0.033324
0.032152
0.018915
0.033462
0.029962
0.020374
0.030359
0.032216
0.034711
0.020894
0.033480
0.032335
0.034205
0.033150
0.031446
0.034661
0.031252
0.033165
0.034554
0.031873
0.032701
0.033313
0.032218
0.020152
0.028478
0.032345
0.021595
0.025180
0.032207
0.031826
0.027653
0.017299
0.033598
0.032542
0.032526
0.024874
0.032792
0.018768
0.033855
0.026401
0.032579
0.034750
0.034531
0.033967
0.030501
0.033413
0.033782
0.031996
0.031300
0.031857
0.027357
0.033878
0.022464
0.031961
0.031772
0.033718
0.026073
0.032621
0.034024
0.024747
0.016933
0.015967
0.017022
0.018064
0.031314
0.031763
0.033442
0.033802
0.024630
0.032429
0.031598
0.029156
0.033159
0.031836
0.031546
0.033420
0.032830
0.025241
0.025123
0.034450
0.028775
0.033015
0.033772
0.032373
0.025300
0.028518
0.027062
0.032970
0.019242
0.017637
0.032246
0.033148
0.017049
0.032355
0.034531
0.029536
0.034099
0.029203
0.029164
0.030278
0.034301
0.016934
0.031559
0.033958
0.022624
0.032588
0.030949
0.032864
0.031576
0.023630
0.031568
0.023413
0.038954
0.023654
0.035013
0.033680
0.025403
0.031735
0.031167
0.024588
0.028970
0.033096
0.024222
0.032814
0.034731
0.032236
0.032892
0.019403
0.017503
0.020849
0.019884
0.018384
0.017756
0.017069
0.015855
0.016290
0.017540
0.017769
0.017627
0.017490
0.016889
0.017466
0.016704
0.016675
0.016739
0.017365
0.018637
0.017014
0.016904
0.016519
0.016083
0.016186
0.018104
0.017434
0.019610
0.016808
0.018315
0.015731
0.015722
0.015868
0.020420
0.015839
0.016771
0.017226
0.017025
0.016573
0.016427
0.015586
0.015685
0.016179
0.015820
0.018483
0.019782
0.018847
0.018365
0.017020
0.019381
0.023381
0.025201
0.021839
0.022737
0.019330
0.027363
0.015937
0.020745
0.016447
0.016710
0.015945
0.015600
0.015768
0.016807
0.032564
0.016422
0.021000
0.032965
0.032827
0.035612
0.024400
0.033268
0.019953
0.025181
0.034230
0.033281
0.032627
0.015951
0.032021
0.034442
0.026913
0.032242
0.020624
0.031210
0.033667
0.023466
0.032900
0.032309
0.034172
0.032778
0.029771
0.032460
0.033144
0.021655
0.033433
0.026489
0.033362
0.020505
0.018058
0.033666
0.033019
0.024828
0.026013
0.038919
0.033195
0.033985
0.026693
0.024327
0.018011
0.033122
0.025028
0.033431
0.033052
0.033947
0.033777
0.032934
0.034681
0.032870
0.026012
0.018876
0.033016
0.018567
0.032604
0.033239
0.033717
0.032114
0.033893
0.032971
0.030010
0.030125
0.026283
0.018561
0.032972
0.024282
0.036063
0.032992
0.034837
0.033585
0.032673
0.032785
0.030681
0.033914
0.033664
0.033510
0.032292
0.029517
0.020542
0.017310
0.035045
0.034006
0.033157
0.031911
0.023978
0.028869
0.023863
0.026848
0.037917
0.031718
0.033052
0.033510
0.019721
0.033771
0.018533
0.018597
0.019278
0.033785
0.034009
0.016732
0.018617
0.018316
0.015961
0.018081
0.016491
0.016650
0.034594
0.019360
0.016230
0.036456
0.030475
0.032760
0.037286
0.032160
0.033606
0.031541
0.031322
0.031690
0.035239
0.036683
0.032768
0.019456
0.033513
0.017708
0.034783
0.034602
0.019193
0.018124
0.033906
0.034739
0.034366
0.033520
0.033019
0.023324
0.033874
0.018157
0.017974
0.031105
0.033519
0.032262
0.035515
0.025426
0.033513
0.030798
0.016970
0.036897
0.019792
0.017684
0.036811
0.026998
0.033177
0.034402
0.036674
0.030085
0.032735
0.033463
0.037380
0.029263
0.032647
0.018391
0.020290
0.018382
0.017260
0.019993
0.021467
0.021399
0.026713
0.033645
0.031049
0.035531
0.028938
0.032224
0.033019
0.030895
0.030766
0.019704
0.034338
0.033406
0.032251
0.028707
0.028062
0.034162
0.033763
0.033754
0.032981
0.019677
0.018585
0.026949
0.030658
0.017825
0.015404
0.017220
0.020438
0.019466
0.032051
0.034256
0.035072
0.031908
0.024912
0.019800
0.023209
0.016862
0.018711
0.016548
0.033826
0.024971
0.033805
0.033399
0.022210
0.035353
0.034452
0.033729
0.033251
0.032202
0.035314
0.034403
0.019579
0.032525
0.032730
0.032097
0.032667
0.032887
0.025044
0.029407
0.016387
0.033765
0.031591
0.033496
0.025437
0.031478
0.032646
0.032669
0.031651
0.032014
0.024544
0.031399
0.033241
0.018779
0.029973
0.032112
0.032732
0.031304
0.032758
0.032547
0.031979
0.033767
0.027192
0.031691
0.031541
0.031616
0.032377
0.032551
0.033787
0.029854
0.033244
0.033075
0.028606
0.022066
0.033932
0.031786
0.026498
0.032859
0.032869
0.033476
0.033247
0.033129
0.032570
0.032773
0.032564
0.031189
0.034033
0.026233
0.030764
0.033507
0.032138
0.027895
0.033108
0.035736
0.017756
0.033913
0.026595
0.021698
0.016913
0.034326
0.033982
0.033165
0.035854
0.030507
0.035261
0.034709
0.022074
0.033481
0.026668
0.034655
0.018314
0.033376
0.036079
0.023553
0.019686
0.032681
0.028134
0.033848
0.033316
0.033181
0.031156
0.034289
0.019886
0.016963
0.032651
0.028784
0.036237
0.033048
0.017171
0.032991
0.033167
0.033753
0.033136
0.032976
0.033330
0.020505
0.031989
0.032542
0.033607
0.031414
0.028088
0.034014
0.032240
0.017358
0.032789
0.033048
0.028062
0.016531
0.032775
0.032468
0.033195
0.032414
0.020211
0.033359
0.033600
0.032742
0.030194
0.032930
0.035001
0.025083
0.034091
0.035649
0.017745
0.016379
0.032724
0.029922
0.033640
0.033563
0.024071
0.032002
0.033531
0.034281
0.034417
0.018207
0.031888
0.019450
0.017630
0.027789
0.032548
0.033152
0.034209
0.030244
0.032663
0.017920
0.032308
0.031584
0.033254
0.032051
0.033920
0.033294
0.034592
0.031746
0.033915
0.035679
0.017617
0.034481
0.018995
0.025258
0.022710
0.033431
0.032394
0.033896
0.036465
0.021156
0.033848
0.032530
0.037215
0.032617
0.033006
0.026548
0.035915
0.037442
0.031816
0.021327
0.018569
0.017550
0.019065
0.033451
0.031616
0.031951
0.032407
0.035070
0.024561
0.032718
0.029713
0.032592
0.020649
0.030623
0.033881
0.032172
0.018099
0.021927
0.015568
0.034901
0.021905
0.027334
0.032737
0.023432
0.032028
0.031998
0.030944
0.033228
0.032132
0.028615
0.035470
0.032413
0.030379
0.021786
0.032166
0.031878
0.032644
0.031171
0.032820
0.033416
0.027361
0.033198
0.025666
0.038831
0.033571
0.027147
0.032533
0.032274
0.025486
0.032040
0.033187
0.035293
0.028164
0.017692
0.019244
0.033726
0.035707
0.033946
0.035257
0.022941
0.031021
0.027251
0.031246
0.034631
0.033647
0.034053
0.030477
0.017960
0.015059
0.018894
0.032430
0.032467
0.018536
0.017108
0.017318
0.020186
0.017736
0.032617
0.024225
0.035271
0.025232
0.034422
0.032879
0.033318
0.026499
0.033504
0.032405
0.033345
0.033286
0.032810
0.034405
0.024396
0.027804
0.032308
0.032941
0.032944
0.033090
0.017451
0.032652
0.033890
0.032840
0.032754
0.034461
0.026308
0.034006
0.028281
0.033646
0.028039
0.017277
0.033335
0.033001
0.030002
0.032791
0.027497
0.032819
0.033045
0.034099
0.030998
0.019835
0.033043
0.031126
0.031345
0.016609
0.030871
0.032824
0.032715
0.031787
0.032776
0.032498
0.025527
0.025702
0.021660
0.032750
0.027355
0.020243
0.035384
0.033504
0.033868
0.030655
0.033022
0.033906
0.036598
0.033660
0.033839
0.033858
0.026225
0.035691
0.032805
0.036028
0.034651
0.033230
