342,362,98,40
371,352,46,70
368,348,56,65
365,350,52,62
351,349,63,60
340,348,65,60
322,344,68,58
306,336,66,61
305,340,63,56
300,338,70,56
300,339,70,55
298,338,73,52
293,338,73,53
297,336,74,54
290,326,70,63
271,314,82,64
360,331,63,60
385,322,53,68
380,326,53,69
388,317,54,70
387,325,56,67
389,316,55,70
390,327,59,62
399,321,55,69
395,329,61,64
402,332,60,61
407,327,50,64
405,327,49,62
402,327,50,60
398,325,49,63
394,327,52,59
392,325,53,62
392,321,49,67
386,321,48,67
372,319,55,67
367,316,49,76
381,320,50,72
364,323,59,65
364,322,56,69
346,324,68,59
360,322,72,62
364,322,69,70
337,320,77,54
339,319,82,56
332,319,86,55
324,319,85,52
314,321,89,48
310,321,74,48
316,322,71,46
325,324,67,45
334,326,77,46
336,329,82,47
340,330,69,50
341,335,63,51
348,337,50,56
345,335,47,64
351,337,52,78
361,338,57,80
364,343,58,72
364,347,58,66
375,354,60,55
367,351,52,58
353,356,66,57
358,356,82,56
365,351,82,85
373,358,94,105
307,355,114,88
291,357,127,76
290,359,119,74
292,357,98,87
290,367,138,63
355,367,92,69
362,369,88,65
365,372,84,62
356,371,93,62
348,373,100,62
351,372,96,64
360,374,113,64
341,373,129,65
337,370,154,66
341,367,143,68
351,364,149,69
345,366,164,67
350,364,162,69
355,366,171,68
368,368,165,67
371,372,170,64
380,372,169,66
380,374,179,68
380,375,169,70
381,379,187,66
381,375,189,72
379,379,196,70
381,374,187,74
380,371,187,74
379,366,192,77
382,363,173,77
383,361,168,76
383,360,158,74
389,359,158,75
392,359,167,80
398,366,163,76
403,366,167,76
410,371,160,75
416,375,159,76
422,374,154,77
428,376,167,80
431,376,186,82
433,378,266,92
451,376,314,111
441,370,308,124
437,372,308,118
423,376,321,117
412,370,321,123
400,371,320,122
383,366,327,127
369,368,349,126
345,368,363,126
328,369,380,124
311,371,398,124
289,371,422,122
275,369,439,121
262,367,451,119
336,369,371,114
414,369,296,108
409,371,296,103
399,373,304,105
397,377,303,104
396,380,304,105
389,383,312,106
387,385,315,108
375,387,328,110
370,389,331,111
368,390,331,112
367,392,326,112
366,393,327,112
363,394,332,113
360,394,333,113
354,392,341,114
347,390,339,114
340,389,346,114
339,388,321,114
336,386,337,115
340,388,365,118
341,390,369,117
342,394,352,115
344,398,374,116
348,399,355,116
345,401,373,120
342,406,368,117
350,412,359,115
350,414,356,117
373,414,349,119
371,419,356,117
380,419,341,115
381,422,368,121
377,418,385,126
387,428,392,121
395,424,386,127
400,428,388,125
405,426,386,129
402,427,389,130
413,428,374,131
414,425,371,133
418,432,370,129
422,430,364,134
407,428,370,133
417,441,384,123
418,431,376,136
431,440,380,125
437,423,389,143
439,428,396,135
468,417,369,145
486,413,349,141
457,408,367,135
432,392,385,136
448,382,355,130
399,374,364,131
372,371,366,132
346,375,382,127
347,379,372,124
343,379,360,126
344,387,350,126
359,399,261,128
377,428,278,129
376,457,251,118
400,463,258,112
422,450,204,125
606,409,198,118
709,398,148,160
574,401,197,166
396,451,338,124
386,416,343,149
529,290,182,283
532,328,156,194
484,346,105,147
502,364,99,131
473,348,97,123
440,362,108,108
412,349,95,111
369,338,81,117
351,342,96,132
332,330,104,120
296,318,111,134
300,306,103,124
295,309,92,122
288,322,88,100
279,326,80,92
272,320,71,99
271,318,70,99
265,307,76,112
260,310,74,100
255,316,93,127
245,289,83,121
240,297,81,111
240,297,72,103
233,301,76,97
231,310,88,113
221,305,80,112
212,310,74,103
199,315,76,96
195,317,74,88
186,318,65,85
184,316,62,93
163,321,65,89
144,322,64,85
124,323,65,83
105,323,64,85
81,325,60,85
59,325,59,87
38,326,62,94
42,334,89,113
38,337,119,158
2,320,109,131
2,258,80,220
0,236,85,268
16,423,259,89
42,419,199,94
14,422,165,89
8,426,124,77
4,427,77,64
2,417,131,49
72,380,102,80
119,368,149,108
160,367,93,160
161,382,82,134
121,373,95,134
126,364,87,140
110,364,81,139
93,333,98,137
76,319,123,125
57,375,96,145
65,330,100,106
64,350,92,102
77,313,94,94
72,336,81,105
52,371,100,109
73,308,99,105
70,328,95,106
65,324,95,106
43,335,101,121
24,342,108,133
0,343,94,179
7,299,116,158
167,233,151,67
278,216,119,123
359,366,125,122
440,368,89,122
460,374,89,121
461,376,90,120
440,387,103,117
441,378,82,123
429,360,89,134
423,377,80,118
436,365,76,112
411,358,92,115
397,362,80,112
399,376,86,94
399,358,102,99
437,355,75,119
408,364,96,116
406,361,87,116
414,354,94,119
402,347,97,127
389,359,90,121
365,363,76,112
330,358,88,111
317,333,86,117
303,320,88,113
313,307,92,118
288,312,104,122
334,256,119,133
356,233,150,169
338,238,225,180
468,233,125,193
482,250,102,166
483,242,110,172
472,247,115,171
486,247,116,172
469,242,118,185
434,245,106,188
436,240,104,188
478,251,104,174
517,252,86,159
471,261,115,158
443,210,105,177
460,242,109,155
481,243,100,157
479,257,91,143
447,234,92,151
431,209,87,150
428,219,89,163
430,222,91,155
447,242,81,152
442,218,82,118
442,220,87,142
434,213,86,127
410,239,108,148
447,225,89,145
455,246,87,159
445,248,86,154
444,245,91,151
446,237,92,156
372,258,123,171
351,260,120,166
300,251,131,172
346,248,142,183
367,245,107,184
353,257,118,173
374,250,110,179
369,247,109,181
364,255,96,170
330,251,134,179
336,254,119,179
328,266,112,176
335,254,115,184
308,241,121,175
307,266,125,179
305,261,115,181
273,255,133,189
178,284,188,159
181,268,198,178
228,280,137,174
259,245,149,152
267,236,119,164
221,234,136,188
169,276,161,165
257,240,126,166
238,262,156,167
207,263,118,168
213,243,119,197
127,265,201,180
186,265,113,194
69,264,180,185
197,152,126,233
122,255,188,182
122,227,202,200
235,160,121,240
268,224,128,182
