0.013733
0.032405
0.032944
0.034801
0.017070
0.033319
0.017666
0.028534
0.027103
0.030923
0.032068
0.027174
0.016922
0.031661
0.027000
0.033452
0.026060
0.018557
0.027626
0.019800
0.019137
0.030904
0.026552
0.032509
0.035368
0.016268
0.032091
0.028003
0.031943
0.024115
0.033260
0.022075
0.016976
0.015500
0.015091
0.019243
0.017254
0.033019
0.021252
0.019600
0.036705
0.028997
0.031002
0.030955
0.032065
0.034477
0.028004
0.032470
0.020372
0.022141
0.016561
0.018515
0.031197
0.033319
0.032150
0.034724
0.033389
0.031781
0.032420
0.020040
0.022548
0.036100
0.018116
0.017365
0.016775
0.017631
0.018097
0.018914
0.026176
0.036735
0.032049
0.032987
0.033296
0.031948
0.032405
0.028548
0.024820
0.027064
0.031838
0.031728
0.031413
0.033398
0.017575
0.019019
0.043808
0.027183
0.034202
0.020859
0.034064
0.033179
0.029158
0.033918
0.027445
0.026487
0.038842
0.035329
0.028634
0.034971
0.032745
0.037341
0.035897
0.032942
0.044962
0.032540
0.018742
0.027150
0.034997
0.042704
0.017735
0.017024
0.018242
0.023329
0.027104
0.033326
0.032278
0.039683
0.034213
0.029817
0.039440
0.017529
0.016792
0.017242
0.018632
0.016517
0.016366
0.016294
0.018072
0.031383
0.030608
0.034601
0.020969
0.042524
0.032116
0.017336
0.034350
0.031784
0.028486
0.026012
0.018172
0.031594
0.023598
0.031184
0.030713
0.020107
0.016541
0.018846
0.026160
0.031452
0.030630
0.018670
0.020181
0.021164
0.016745
0.016986
0.015497
0.032296
0.031750
0.029064
0.033319
0.033057
0.017790
0.016096
0.032312
0.019634
0.017095
0.016298
0.020262
0.021132
0.017005
0.020547
0.015865
0.031470
0.030841
0.032171
0.033629
0.030966
0.019013
0.031817
0.032249
0.021136
0.031787
0.020878
0.034674
0.031511
0.020947
0.031881
0.018841
0.032482
0.028368
0.031968
0.033554
0.032527
0.032422
0.017381
0.032682
0.032313
0.033628
0.030514
0.031086
0.030968
0.030983
0.031306
0.024759
0.016390
0.032110
0.030988
0.026183
0.032804
0.034701
0.016410
0.018374
0.020296
0.032621
0.018175
0.017439
0.016855
0.016029
0.016932
0.018786
0.032812
0.033195
0.032184
0.032827
0.020108
0.034080
0.032252
0.033100
0.030441
0.015703
0.017182
0.015948
0.018024
0.030442
0.020499
0.017056
0.033145
0.033785
0.033555
0.022027
0.030700
0.019516
0.016743
0.015572
0.016706
0.021116
0.032978
0.043749
0.045630
0.049222
0.047363
0.035022
0.018066
0.018918
0.022633
0.036884
0.040370
0.033653
0.033151
0.034405
0.031692
0.033711
0.034595
0.019699
0.018256
0.042006
0.032435
0.033880
0.035852
0.036816
0.018797
