0.001570
0.018169
0.015886
0.016016
0.017369
0.015436
0.014661
0.019045
0.015323
0.015199
0.015803
0.014753
0.014611
0.014869
0.016728
0.020020
0.015574
0.015570
0.014630
0.015203
0.015154
0.023042
0.016228
0.019637
0.016438
0.014788
0.014354
0.014790
0.014997
0.015162
0.016308
0.017836
0.015967
0.015972
0.017759
0.014081
0.014116
0.014258
0.018342
0.014724
0.014282
0.018124
0.014812
0.015199
0.021335
0.017123
0.016099
0.016350
0.015347
0.014901
0.014982
0.014804
0.014623
0.014263
0.014557
0.014310
0.014289
0.014883
0.014111
0.014057
0.015423
0.022553
0.014761
0.015900
0.014931
0.015824
0.015072
0.014504
0.018899
0.014398
0.015102
0.015532
0.014194
0.014506
0.014526
0.014957
0.014667
0.014651
0.015397
0.014356
0.014331
0.014251
0.016414
0.014600
0.014685
0.015971
0.014343
0.014686
0.014696
0.016957
0.014515
0.014817
0.015295
0.019146
0.014689
0.014935
0.018776
0.014754
0.014283
0.015704
0.014282
0.014597
0.015221
0.017696
0.015482
0.015038
0.020207
0.016140
0.014808
0.015735
0.014893
0.014940
0.020440
0.023244
0.026972
0.018321
0.017483
0.016963
0.017148
0.020033
0.015721
0.015238
0.025405
0.014400
0.015442
0.015409
0.015044
0.014582
0.014384
0.018176
0.014710
0.015546
0.018846
0.014642
0.014666
0.016093
0.014503
0.014456
0.014621
0.014998
0.014542
0.015125
0.015680
0.014354
0.017534
0.014879
0.014280
0.015977
0.015687
0.021107
0.015546
0.015264
0.016329
0.016985
0.017280
0.016130
0.014581
0.014695
0.014451
0.020174
0.014076
0.014468
0.016910
0.015379
0.014560
0.021312
0.014626
0.014722
0.014926
0.014419
0.014326
0.014565
0.018853
0.014261
0.014513
0.018465
0.014570
0.014787
0.016144
0.017186
0.015464
0.016082
0.020912
0.014745
0.014713
0.014657
0.014198
0.014695
0.014606
0.019211
0.015347
0.016481
0.017935
0.018247
0.014626
0.018838
0.015015
0.015717
0.016126
0.016829
0.015887
0.014818
0.014724
0.014766
0.014931
0.027061
0.014937
0.015600
0.016047
0.014756
0.015899
0.014352
0.014250
0.014907
0.014930
0.015606
0.014886
0.014943
0.014887
0.014534
0.014813
0.014946
0.021342
0.015505
0.016673
0.022083
0.014810
0.015249
0.015212
0.016842
0.015468
0.015826
0.014851
0.014760
0.015458
0.016640
0.017482
0.016628
0.015445
0.014551
0.015325
0.016591
0.019634
0.015194
0.017287
0.018594
0.015490
0.014441
0.017120
0.015812
0.015053
0.015588
0.015789
0.015309
0.015149
0.015826
0.015089
0.017845
0.028076
0.015645
0.015022
0.014770
0.015075
0.014881
0.014523
0.015180
0.014639
0.014486
0.014657
0.014143
0.015867
0.014829
0.015738
0.015275
0.015828
0.015661
0.015064
0.015364
0.015590
0.015371
0.016597
0.016083
0.015381
0.015043
0.019264
0.015240
0.015696
0.017332
0.015914
0.016446
0.015437
0.016514
0.017851
0.015328
0.016011
0.014705
0.014617
0.016464
0.015216
0.016682
0.019079
0.014755
0.014246
0.015256
0.016799
0.016295
0.014845
0.015134
0.014776
0.015509
0.014892
0.015022
0.015712
0.015011
0.015052
0.014685
0.014711
0.014917
0.014636
0.017507
0.015400
0.015143
0.015303
0.014766
0.015237
0.015688
0.015264
0.014710
0.014617
0.014980
0.015024
0.015199
0.016915
0.014879
0.015026
0.014865
0.015114
0.014646
0.014760
0.015136
0.014689
0.014506
0.014870
0.019976
0.015938
0.014780
0.018456
0.016225
0.016513
0.016218
0.016323
0.015491
0.017028
0.014659
0.014918
0.017390
0.016992
0.015098
0.015980
0.022154
0.015485
0.016218
0.016600
0.018475
0.015250
0.016542
0.018207
0.015383
0.019176
0.015304
0.015184
0.015741
0.018211
0.015835
0.015728
0.022127
0.015277
0.020429
0.024397
0.015451
0.015253
0.016056
0.014943
0.014989
0.015367
0.017664
0.014581
0.014831
0.015066
0.014833
0.014609
0.014540
0.015088
0.014543
0.015213
0.016031
0.014527
0.014628
0.014810
0.016099
0.016672
0.014640
0.022432
0.014853
0.014606
0.016081
0.014929
0.014725
0.015167
0.016362
0.015237
0.014987
0.016446
0.017206
0.016216
0.053134
0.020223
0.016078
0.016667
0.015754
0.014598
0.014586
0.015220
0.014462
0.015109
0.020953
0.014771
0.014772
0.016292
0.015576
0.014541
0.018754
0.016704
0.014519
0.014762
0.023944
0.015256
0.015008
0.021507
0.014245
0.014826
0.016062
0.014536
0.014823
0.015005
0.015463
0.014179
0.015366
0.015676
0.014585
0.014521
0.019829
0.015811
0.015147
0.015229
0.024408
0.015588
0.014418
0.015354
0.014481
0.014324
0.014377
0.017264
0.015569
0.015166
0.020626
0.014843
0.014792
0.015670
0.019208
0.015036
0.015399
0.015627
0.015310
0.014293
0.020030
0.014931
0.014849
0.015330
0.014674
0.014911
0.014730
0.019853
0.015425
0.015954
0.016174
0.014571
0.014872
0.015367
0.018419
0.014726
0.015360
0.020783
0.016232
0.015192
0.016320
0.014745
0.015171
0.015309
0.015788
0.014724
0.016337
0.021178
0.015009
0.016519
0.020375
0.017208
0.015123
0.022281
0.018618
0.020940
0.015615
0.015348
0.015743
0.016956
0.015607
0.016632
0.016887
0.015208
0.016115
0.015386
0.020654
0.015514
0.015981
0.016409
0.015422
0.015342
0.015252
0.021456
0.015312
0.016107
0.019250
0.016213
0.015410
0.016023
0.017045
0.014522
0.015766
0.022204
0.014669
0.014229
0.022106
0.015190
0.015737
0.016621
0.015791
0.015186
0.016094
0.020676
0.015902
0.016577
0.016141
0.015945
0.014982
0.015734
0.018524
0.015690
0.015184
0.017831
0.018567
0.015334
0.015090
0.015377
0.014534
0.015113
0.020432
0.015657
0.014741
0.019775
0.021289
0.016987
0.017460
0.017303
0.017260
0.015449
0.015472
0.015029
0.015996
0.017414
0.016189
0.015082
0.014988
0.014863
0.014744
0.014969
0.017783
0.014683
0.015403
0.015108
0.014606
0.014936
0.015030
0.018822
0.015078
0.015351
0.014874
0.014894
0.014694
0.014866
0.014908
0.015109
0.015163
0.017054
0.014997
0.016136
0.015750
0.014613
0.014446
0.020602
0.019596
0.014966
0.015077
0.014840
0.015165
0.014667
0.015858
0.015019
0.015125
0.014907
0.017030
0.015650
0.015033
0.023693
0.019431
0.017558
0.026331
0.015789
0.016573
0.015429
0.015001
0.014760
0.015567
0.017711
0.014976
0.015049
0.021214
0.014979
0.015431
0.014939
0.018617
0.016119
0.015949
0.018665
0.015193
0.016642
0.019569
0.015113
0.017134
0.015815
0.015867
0.015682
0.015562
0.016780
0.015770
0.016026
0.015946
0.015605
0.015574
0.017616
0.015696
0.015951
0.020421
0.015994
0.015723
