777,315,37,30
778,312,37,31
777,314,35,31
777,313,37,32
775,314,36,33
773,312,37,31
769,314,35,33
767,313,36,32
765,313,35,32
764,315,36,32
761,313,36,32
759,316,37,31
754,314,38,33
757,312,37,33
755,315,36,32
748,311,41,35
753,313,35,33
752,314,35,33
749,315,36,32
748,314,36,32
748,313,36,32
747,316,35,30
744,316,38,31
744,314,36,32
743,316,36,32
741,316,37,29
741,317,36,29
739,316,37,29
737,315,35,30
738,315,35,30
735,317,35,30
734,316,35,30
733,316,34,30
732,317,34,29
731,316,34,29
729,317,34,29
730,315,34,30
729,316,35,30
728,315,34,29
726,317,35,29
723,316,37,29
722,315,38,30
721,316,37,30
720,316,36,30
719,316,35,31
717,316,37,31
716,316,35,31
712,316,37,31
714,316,35,30
709,318,39,30
707,318,38,28
706,315,38,30
703,317,39,28
702,317,37,30
703,317,36,29
701,316,39,31
700,317,36,30
699,317,38,30
698,317,37,28
697,317,35,28
694,316,35,29
691,318,36,30
691,317,36,36
689,317,38,31
689,315,37,31
686,319,37,30
685,318,36,28
685,319,35,27
683,318,37,27
682,319,38,28
679,317,37,27
678,318,36,28
678,318,36,29
677,318,37,28
676,318,36,27
674,318,37,26
672,317,37,30
670,315,36,33
668,317,37,37
668,316,36,32
666,315,36,32
665,316,35,32
664,317,35,32
663,316,36,31
660,316,38,32
662,315,37,31
658,317,37,30
658,317,36,29
657,318,36,29
657,318,36,28
655,317,37,29
652,317,38,29
652,319,37,28
650,317,38,27
648,317,38,30
649,317,37,29
647,318,37,28
645,318,38,27
643,318,38,28
642,317,37,28
640,319,36,29
639,319,36,27
637,319,37,27
634,317,38,30
634,317,36,28
631,318,39,28
632,318,35,28
629,317,38,27
627,316,37,28
627,319,37,25
627,319,35,26
626,319,34,25
626,319,35,25
623,319,34,25
622,319,35,26
621,320,34,25
618,319,36,26
617,319,37,27
615,318,39,28
612,319,38,27
613,318,35,26
612,318,34,26
610,318,36,26
608,319,36,26
607,318,36,27
607,318,36,30
606,316,37,28
603,318,36,27
601,319,37,26
599,318,38,27
599,318,37,28
598,317,38,27
598,320,36,27
596,317,39,28
594,319,37,26
593,319,38,26
591,319,39,25
590,318,39,27
591,320,37,26
590,317,38,28
590,320,37,26
585,317,36,29
584,320,37,27
584,319,36,27
574,318,39,26
579,320,38,27
576,319,41,26
576,318,39,28
576,317,40,28
572,319,42,29
575,319,37,28
572,319,39,28
569,319,40,27
569,318,41,27
568,318,39,27
566,320,38,26
567,318,39,29
566,319,38,29
566,316,36,30
562,317,40,30
562,318,36,29
562,319,37,28
560,319,35,28
559,317,37,28
558,319,36,28
555,318,38,28
556,319,37,28
554,318,40,28
554,319,37,28
552,317,38,29
551,319,37,28
550,317,39,27
547,318,37,28
548,318,35,28
546,318,34,27
547,318,34,27
545,320,36,27
542,317,37,32
541,320,40,30
539,319,41,31
537,320,38,32
537,321,38,30
535,324,36,33
534,324,39,29
533,325,38,31
532,327,38,30
532,327,35,30
531,329,36,29
530,332,38,31
529,334,36,29
527,336,37,30
527,334,37,31
524,337,37,31
522,337,39,30
521,336,38,32
521,338,38,31
518,338,39,32
515,337,39,31
516,337,38,30
515,338,38,29
515,337,39,29
514,338,37,29
513,338,37,28
509,340,35,30
508,341,38,29
508,342,38,31
502,340,38,33
503,338,37,34
502,338,39,33
499,339,39,32
498,338,40,32
497,339,39,31
496,338,38,31
493,339,38,31
494,338,36,31
490,336,37,32
490,334,37,33
488,332,35,34
485,332,37,32
484,329,37,34
482,328,37,32
481,327,36,31
481,324,35,31
478,321,37,32
475,322,40,31
473,321,39,32
473,320,40,31
476,322,36,31
473,325,36,29
473,327,35,27
472,329,34,28
471,329,34,28
470,329,34,27
468,330,36,28
465,330,37,30
465,331,37,29
463,329,38,27
463,324,38,31
462,323,37,31
462,322,37,31
459,322,39,32
459,322,36,32
457,321,35,31
459,321,36,30
457,323,34,28
456,322,36,28
455,323,35,28
456,323,34,29
455,323,37,28
453,322,38,27
454,324,36,27
453,323,36,27
453,323,36,27
451,323,36,28
451,323,37,28
449,324,37,27
449,324,37,28
449,324,35,28
447,323,35,28
446,325,36,27
445,323,36,27
443,323,37,28
442,323,37,29
441,323,36,27
441,324,37,28
441,323,35,27
439,323,34,28
439,322,35,27
438,323,35,27
438,323,35,26
437,324,34,26
437,324,35,26
435,324,35,27
435,324,37,26
432,323,38,28
432,324,36,28
429,323,37,28
431,324,35,27
429,324,36,27
430,324,36,27
433,324,35,26
439,324,35,27
451,326,34,25
463,324,32,25
477,326,33,25
483,325,34,26
485,323,36,27
483,321,35,28
482,321,37,28
482,323,37,27
479,321,36,28
479,323,37,29
478,324,36,29
476,323,37,29
475,323,38,31
475,324,36,30
474,327,34,29
474,330,34,27
473,332,34,27
472,334,36,28
471,337,36,28
469,339,37,28
466,339,37,29
467,337,35,28
465,333,35,32
464,334,36,28
464,334,35,26
463,334,34,27
461,334,34,28
461,334,34,27
459,333,32,29
458,332,34,30
456,330,35,31
456,328,34,31
454,326,35,31
454,326,33,27
454,323,34,27
453,324,34,26
453,324,33,25
451,325,32,25
449,324,31,27
448,324,33,27
448,325,34,24
442,325,36,28
443,325,39,25
440,325,41,26
442,325,40,25
438,324,38,25
439,325,41,25
435,324,44,26
435,324,41,26
435,325,45,25
430,324,38,25
427,324,33,25
429,324,34,25
427,325,34,24
422,324,34,27
425,324,33,26
422,324,35,26
423,325,33,24
422,325,35,24
422,325,32,24
420,325,33,24
418,325,33,24
415,325,33,25
414,325,34,25
412,324,37,24
411,324,36,25
411,325,33,24
409,325,32,24
407,326,34,22
405,326,34,22
405,326,33,23
402,326,33,23
401,326,35,24
399,325,37,24
397,325,38,25
395,326,39,26
392,324,38,26
392,324,42,27
389,324,39,29
389,324,40,28
388,324,39,29
387,324,39,27
387,324,37,27
389,325,39,27
387,325,37,28
388,325,36,26
386,325,36,26
387,325,36,26
386,325,38,26
384,324,39,28
385,324,40,28
386,324,39,26
385,326,40,29
385,325,40,29
382,324,40,29
384,325,39,28
384,324,40,27
386,326,40,30
388,326,41,25
389,326,39,28
389,326,41,24
392,327,39,26
393,326,39,24
394,326,37,26
392,326,37,25
391,326,38,26
392,325,39,27
391,325,38,27
391,325,39,26
392,325,38,26
389,324,38,27
389,326,39,25
390,325,38,26
388,325,38,27
387,325,40,29
388,325,40,30
388,325,39,27
387,324,38,28
386,325,39,30
388,325,37,27
390,325,36,28
389,324,37,29
391,324,36,28
388,325,39,27
388,324,38,29
388,324,38,28
390,324,35,28
387,324,39,28
388,324,38,27
388,324,38,26
388,324,37,26
387,324,38,26
388,324,38,26
387,325,40,28
389,324,39,29
389,325,38,29
389,325,38,28
389,325,37,28
391,325,36,27
390,325,37,27
389,325,38,27
391,326,37,26
390,326,37,26
392,325,34,26
392,326,35,27
393,325,35,25
391,326,37,27
393,325,35,26
396,325,35,27
400,326,35,26
385,325,35,27
385,324,37,28
385,324,36,27
387,324,36,27
385,325,36,26
385,324,36,27
385,325,35,26
388,325,34,27
369,325,36,26
351,325,35,26
332,326,35,25
313,325,33,25
295,326,36,25
293,325,36,26
291,324,35,26
293,326,32,25
291,325,33,25
288,326,33,25
286,325,33,26
287,325,32,25
284,325,33,25
283,326,33,26
280,325,34,26
278,324,34,27
279,324,33,28
278,325,33,26
276,326,36,26
274,324,34,27
275,327,34,25
272,325,34,27
272,326,35,26
270,323,33,28
271,327,34,24
267,323,33,28
269,328,35,23
266,325,33,26
266,328,36,24
263,325,32,27
263,327,35,26
260,327,34,26
259,324,33,27
260,328,34,26
259,325,33,27
255,326,36,29
254,325,36,27
249,327,39,27
246,325,38,29
243,327,41,28
244,325,38,28
241,327,42,28
240,326,39,27
239,326,37,26
240,326,37,28
238,325,39,29
236,324,40,30
236,324,40,31
237,322,40,33
234,323,41,33
233,321,41,34
232,321,42,34
230,322,40,32
232,323,41,32
231,323,39,31
230,325,42,28
230,325,43,29
228,325,46,30
228,326,42,32
230,323,40,33
230,326,42,31
231,325,39,32
234,327,41,31
234,326,39,32
233,330,41,30
232,326,40,33
234,333,38,26
233,336,37,26
234,335,34,24
235,335,33,25
235,336,34,23
236,336,32,23
239,336,32,27
241,337,34,28
242,337,34,26
243,337,34,25
243,335,34,24
243,336,33,23
242,336,33,23
242,336,32,23
240,333,34,26
240,332,37,28
241,335,36,27
241,332,38,26
243,330,38,30
248,331,35,28
250,333,35,26
252,333,35,26
252,332,35,29
253,333,36,28
253,333,35,28
255,332,35,28
256,335,34,28
258,335,33,22
259,331,34,28
259,335,36,24
260,332,33,27
263,333,35,28
263,333,33,28
265,336,32,30
265,335,35,25
264,333,32,26
266,334,34,28
267,334,34,32
266,330,35,33
267,345,43,46
274,343,50,61
198,272,43,55
163,271,51,50
124,273,41,47
120,270,42,49
125,268,36,54
128,269,36,53
139,270,42,59
138,269,38,52
133,270,37,51
143,270,38,57
162,278,35,44
162,265,36,56
162,270,35,50
161,272,35,44
173,278,35,45
188,286,41,45
215,270,44,48
225,268,39,50
205,268,41,52
229,271,37,46
218,267,40,48
167,310,55,35
227,268,38,47
215,266,37,50
209,268,40,51
235,269,36,47
226,265,39,48
181,266,45,53
209,266,41,50
192,263,39,52
168,264,35,52
172,266,33,50
157,265,33,48
178,266,33,48
172,266,36,46
174,265,35,52
164,263,35,49
176,266,33,50
163,267,32,46
191,266,34,49
208,263,40,50
170,267,34,48
173,266,35,47
162,266,30,46
182,265,34,51
158,267,33,46
172,269,31,48
161,268,33,46
166,264,33,50
177,265,34,49
170,266,32,49
211,266,35,48
220,266,36,46
228,267,34,45
214,268,38,49
223,266,38,47
229,268,40,50
204,267,44,51
173,266,34,49
218,265,35,45
232,269,38,47
218,263,35,49
164,268,33,46
193,264,32,48
203,267,44,50
168,265,34,50
169,268,30,49
220,265,32,47
217,265,42,49
221,268,42,52
181,268,40,46
219,265,35,46
232,269,41,46
243,271,44,48
215,269,46,48
218,265,42,51
239,268,35,42
220,266,37,48
225,269,48,51
216,265,38,51
229,267,41,45
231,270,45,50
212,266,44,47
192,270,41,52
229,269,38,45
254,273,33,38
223,268,32,42
216,266,34,48
230,269,40,44
225,272,49,55
216,269,37,52
224,267,31,46
221,266,33,47
220,265,35,48
189,270,34,45
225,266,31,43
222,270,42,50
212,268,42,47
174,267,31,49
177,266,33,49
182,266,33,47
168,267,31,46
169,267,34,44
175,266,30,46
184,266,32,47
184,267,30,47
174,267,30,45
180,267,30,46
169,267,31,45
187,266,34,48
195,267,33,46
189,266,34,47
223,264,33,45
216,268,41,52
171,270,32,44
177,266,31,48
180,266,35,46
