246,189,68,86
230,193,88,76
226,181,82,84
222,173,78,89
217,170,78,85
216,166,79,86
225,175,73,80
218,188,82,80
217,199,88,77
238,205,83,83
247,203,83,77
263,210,86,73
263,208,92,74
261,211,98,75
272,215,93,77
270,216,92,77
269,218,92,77
266,220,97,74
262,220,108,75
263,217,103,79
275,220,90,77
267,202,93,97
267,206,82,93
247,202,84,91
242,200,78,89
241,198,66,86
234,194,76,91
226,200,70,86
216,197,68,91
206,198,71,88
196,196,70,88
185,190,75,92
171,190,81,91
155,186,80,92
143,185,95,89
138,186,107,88
129,190,74,83
125,196,64,85
121,199,63,85
122,194,63,89
129,189,62,93
131,186,58,93
128,181,60,96
126,176,60,96
138,175,69,87
118,176,61,90
113,176,58,84
105,176,56,83
97,174,58,83
92,172,61,88
91,173,63,87
92,176,64,88
93,182,65,86
95,181,94,88
94,182,97,90
93,184,94,87
97,184,71,82
96,193,80,82
106,186,105,82
115,192,184,79
118,185,243,101
109,188,298,124
83,191,316,120
65,193,319,118
42,192,325,118
25,188,329,116
11,185,328,116
1,178,327,122
0,185,314,113
0,177,311,124
0,192,308,110
2,198,304,109
0,199,305,112
0,192,311,121
0,190,303,119
0,190,303,120
2,186,291,124
2,185,277,122
0,191,294,119
18,179,270,130
0,174,243,130
10,170,218,119
86,168,159,123
70,163,139,112
83,156,162,109
75,144,144,126
34,176,215,117
68,178,181,116
66,181,184,116
64,177,188,119
71,175,182,123
73,165,177,134
118,150,144,139
122,154,120,135
127,157,105,121
128,160,116,92
126,159,87,94
144,170,97,94
153,173,93,104
153,177,91,95
168,175,84,97
144,174,102,93
144,169,112,101
136,167,115,100
143,169,114,100
143,165,116,109
143,166,115,111
137,165,124,115
132,162,130,120
129,161,128,121
129,162,123,121
131,165,122,120
140,168,119,118
149,171,117,117
147,176,126,114
160,171,122,120
172,175,113,122
186,178,112,118
187,180,116,121
189,184,111,120
188,187,109,122
186,186,119,126
184,175,126,140
184,169,129,141
185,173,141,136
186,167,134,137
197,168,127,142
203,173,131,139
221,190,111,127
213,190,137,131
216,192,122,131
216,185,138,134
215,182,114,133
213,182,136,133
210,189,132,121
206,192,131,121
205,190,131,124
207,193,125,124
209,192,128,128
213,193,122,129
213,194,122,128
217,198,118,125
217,200,114,122
218,202,113,119
215,201,117,119
208,203,123,122
214,207,122,121
209,208,118,124
213,197,125,131
229,202,119,123
233,183,117,143
240,187,108,138
234,190,118,135
229,194,123,131
224,197,121,128
226,198,120,126
231,197,118,130
233,202,127,125
228,201,131,131
228,206,135,125
223,204,138,126
219,203,133,120
217,210,132,117
208,211,125,111
200,215,132,113
195,217,123,114
188,213,132,119
189,210,126,124
187,208,123,124
197,210,122,126
194,209,131,131
209,217,121,125
204,212,116,125
201,212,113,125
194,211,110,124
193,211,100,122
193,214,89,116
183,215,75,116
185,240,113,101
166,253,137,101
162,249,140,112
168,233,134,120
194,234,107,118
200,232,100,104
201,231,90,108
206,231,99,101
215,238,98,113
214,231,104,125
223,238,103,116
220,224,105,127
218,217,108,134
213,217,131,129
212,213,123,126
218,218,122,121
225,216,120,124
220,211,138,129
225,201,133,135
213,198,138,136
222,194,128,130
222,195,139,128
224,194,140,129
255,193,119,131
264,204,116,120
281,192,102,124
270,191,102,128
264,184,95,131
262,185,90,128
261,182,82,128
254,180,81,131
250,184,90,128
249,221,107,95
251,186,103,134
268,207,107,114
276,218,104,100
275,199,101,116
298,189,80,124
295,191,90,118
305,180,82,127
298,183,91,120
290,177,99,127
287,187,123,120
282,186,119,124
284,189,132,125
294,190,113,120
302,187,94,119
311,189,101,117
318,187,111,121
330,191,114,116
339,181,105,116
344,180,110,120
344,179,129,129
348,173,127,132
349,173,119,125
354,174,121,124
350,172,108,126
353,175,126,125
341,167,131,132
336,163,119,135
334,165,121,125
326,159,113,130
316,162,125,119
312,155,123,121
308,162,113,117
300,157,125,122
295,153,121,127
289,154,121,126
292,156,119,130
292,160,114,131
294,166,115,130
303,181,113,118
300,167,118,132
295,172,118,123
300,168,100,127
307,169,108,127
301,169,103,127
299,176,94,117
302,178,91,118
309,167,91,124
298,209,104,88
322,207,95,81
355,227,87,100
306,230,98,76
319,223,107,82
321,151,108,140
322,151,123,132
345,142,115,153
359,208,117,108
377,228,104,91
372,220,106,85
383,231,95,83
383,208,85,96
379,210,102,93
386,189,103,119
389,185,116,126
378,192,129,111
381,177,119,127
373,175,132,133
376,178,132,125
390,177,115,114
403,190,114,113
414,177,100,133
427,189,112,123
439,197,107,119
445,191,102,129
442,190,112,128
432,193,115,125
419,197,114,112
409,202,115,112
397,198,113,109
390,206,108,109
386,203,105,103
381,204,110,108
383,201,96,105
385,200,104,113
386,199,95,111
386,198,97,119
385,198,96,124
385,200,94,125
380,202,91,124
371,206,93,117
366,203,94,118
368,199,92,121
372,196,90,123
380,202,93,111
388,206,89,101
397,213,90,91
406,212,90,94
420,208,84,100
418,195,83,115
440,196,89,121
451,203,96,109
458,188,89,125
465,204,88,132
475,205,71,133
465,201,75,131
466,213,66,127
449,233,85,99
447,232,78,103
449,224,73,114
439,237,77,105
421,247,90,116
397,242,103,106
407,220,108,107
357,186,150,106
395,245,101,123
397,239,104,103
396,242,95,108
389,240,106,94
398,246,92,103
402,222,88,131
373,250,98,105
359,234,91,131
351,226,101,139
324,174,93,144
312,183,137,124
365,179,94,166
285,176,123,155
277,205,110,171
275,214,95,148
263,226,84,137
266,230,82,132
258,235,85,119
261,245,80,119
244,242,86,116
229,229,101,124
209,217,100,157
173,227,103,188
169,274,107,113
201,262,75,125
220,253,70,120
230,248,71,117
235,250,80,103
259,249,75,111
267,263,94,98
276,280,104,90
283,265,104,101
293,267,104,106
279,258,113,100
294,267,109,102
297,271,104,103
299,270,109,112
300,277,108,105
305,264,111,115
313,277,99,117
312,293,101,103
309,281,105,108
318,291,107,100
342,267,98,111
344,288,112,99
367,279,106,138
381,295,118,138
397,324,110,120
415,332,100,124
415,353,99,106
406,358,107,103
399,351,102,102
403,342,96,108
402,326,99,118
394,310,98,132
377,298,126,128
348,274,148,129
323,269,145,122
319,255,143,146
312,243,151,159
280,256,126,146
267,258,103,148
262,265,87,136
251,252,100,150
246,236,118,144
265,210,117,158
252,262,101,169
278,272,97,151
299,300,84,159
320,327,80,157
338,334,86,149
361,343,80,123
360,347,94,104
378,358,91,93
388,354,93,99
406,347,82,96
413,335,74,103
416,326,75,96
421,311,77,101
411,302,86,101
414,289,85,109
398,293,105,96
396,292,108,98
391,295,114,94
390,292,118,94
388,288,119,97
386,286,120,97
383,282,122,96
380,276,118,95
371,267,117,97
364,265,116,93
360,260,113,94
354,258,113,92
351,255,110,95
347,254,109,92
355,252,105,91
364,244,110,97
375,241,105,95
381,237,104,97
384,235,107,96
395,238,105,98
423,240,77,101
432,256,77,96
441,265,82,97
467,272,74,104
462,283,67,108
458,299,78,98
455,306,98,97
446,308,108,102
454,310,96,105
454,300,91,111
480,292,80,118
485,280,85,117
470,274,100,113
474,271,102,111
443,264,66,112
420,268,55,104
412,269,58,104
404,270,58,103
397,271,56,98
388,273,56,103
379,273,57,102
380,276,54,102
333,296,54,93
330,296,50,80
332,300,48,85
329,300,46,83
328,303,46,83
327,308,52,97
357,306,85,119
352,305,83,130
361,307,82,130
270,327,64,116
264,332,58,108
258,333,55,99
250,332,53,96
247,335,56,91
240,330,53,96
213,338,53,84
202,336,52,88
195,347,49,76
188,346,49,84
176,354,51,95
170,357,53,89
168,360,54,95
161,358,53,95
154,359,52,94
135,356,74,101
199,344,74,118
172,344,80,121
92,301,140,96
165,356,65,111
157,354,62,112
134,325,85,127
127,332,73,138
114,349,73,125
102,368,75,120
86,366,78,129
76,363,80,133
69,367,76,126
61,370,75,121
48,372,79,127
26,356,94,125
10,295,122,102
1,288,113,98
1,286,120,82
0,270,95,105
2,281,66,101
4,281,66,91
0,282,51,89
0,282,54,106
0,354,67,129
8,351,77,143
18,350,87,149
0,324,106,181
133,148,124,133
137,159,189,176
223,310,172,221
298,232,144,196
330,251,137,189
327,258,132,182
310,258,124,180
323,273,161,170
242,324,103,177
250,349,89,139
243,308,104,147
213,319,170,192
219,292,227,277
545,201,245,264
486,251,381,324
43,281,345,294
0,311,158,264
0,359,105,216
18,386,101,152
74,396,96,130
127,402,76,84
148,411,60,87
157,411,63,86
162,410,64,90
163,411,63,89
166,407,66,101
174,395,83,118
210,380,75,128
150,368,119,131
152,342,101,149
186,311,135,153
343,317,77,119
347,329,64,110
320,341,69,111
275,357,69,112
249,364,66,109
223,364,65,105
175,371,66,93
171,374,61,90
147,383,61,94
148,378,59,100
164,380,53,106
169,398,55,102
180,385,54,120
181,369,68,116
206,380,56,103
213,376,56,98
230,371,56,106
243,365,61,90
260,367,60,98
349,375,75,62
354,389,67,90
356,392,75,93
381,390,80,88
393,394,76,96
409,394,79,89
401,385,81,81
407,381,77,92
386,372,75,114
406,363,72,95
409,356,67,100
406,349,66,105
412,353,65,100
420,348,62,102
421,348,66,111
426,348,65,113
425,356,68,100
