0.012996
0.017091
0.028641
0.036254
0.034739
0.033614
0.031907
0.019497
0.033008
0.032993
0.028614
0.033974
0.023704
0.033660
0.033321
0.033727
0.033435
0.036002
0.035090
0.031870
0.032534
0.022658
0.025033
0.032560
0.024715
0.031592
0.027804
0.034333
0.033420
0.033757
0.016959
0.032353
0.031635
0.031831
0.027360
0.033135
0.031870
0.033810
0.033736
0.033213
0.032964
0.035920
0.026583
0.027703
0.024885
0.033991
0.034497
0.032415
0.032331
0.031166
0.033015
0.032507
0.033689
0.031965
0.032378
0.028456
0.031531
0.028804
0.030147
0.034947
0.033733
0.038005
0.033027
0.024042
0.028559
0.031974
0.033404
0.031890
0.034426
0.018786
0.032148
0.032375
0.027063
0.031877
0.033532
0.034123
0.019565
0.031761
0.031637
0.017477
0.032994
0.027404
0.033367
0.031448
0.028384
0.034495
0.026200
0.031024
0.033914
0.025393
0.016546
0.034109
0.027009
0.028238
0.032454
0.033371
0.034546
0.033800
0.034511
0.032657
0.021340
0.032890
0.031951
0.029356
0.033214
0.033664
0.031281
0.032754
0.032676
0.024061
0.032620
0.036121
0.019578
0.032277
0.032873
0.031847
0.034159
0.031660
0.036000
0.031612
0.033484
0.032115
0.018737
0.032144
0.026623
0.032207
0.032091
0.033419
0.031235
0.034405
0.031820
0.031718
0.038995
0.032906
0.027795
0.033689
0.032638
0.028396
0.027871
0.032640
0.026155
0.032969
0.028646
0.033662
0.032322
0.031844
0.033609
0.031759
0.033617
0.032812
0.032762
0.034234
0.022324
0.024094
0.033339
0.033278
0.023571
0.031633
0.031878
0.023942
0.033653
0.031852
0.033517
0.024709
0.032678
0.020303
0.032518
0.027793
0.033562
0.019632
0.033252
0.016972
0.032922
0.016530
0.033258
0.028183
0.037231
0.034745
0.033227
0.026346
0.035324
0.033409
0.033348
0.032959
0.031014
0.033038
0.033208
0.025217
0.034761
0.029379
0.029125
0.023214
0.030001
0.016050
0.017078
0.015852
0.015935
0.032783
0.033552
0.027523
0.032500
0.034646
0.026351
0.027497
0.019447
0.019821
0.034099
0.018715
0.030019
0.034880
0.018270
0.034579
0.017785
0.017661
0.033626
0.032167
0.019927
0.033880
0.037464
0.035909
0.035886
0.027488
0.019302
0.032294
0.031512
0.029844
0.030628
0.031730
0.026392
0.026959
0.033328
0.032361
0.029961
0.016479
0.026716
0.032173
0.032832
0.024997
0.032705
0.018201
0.019789
0.033354
0.032095
0.031430
0.032382
0.029539
0.032228
0.033718
0.035317
0.033999
0.020042
0.029097
0.029628
0.017882
0.016988
0.034076
0.035122
0.032817
0.033295
0.031957
0.033669
0.031945
0.035467
0.031057
0.034387
0.032674
0.033289
0.032310
0.033271
0.027557
0.035176
0.032628
0.032487
0.029630
0.032915
0.032647
0.033988
0.031046
0.031746
0.032045
0.031875
0.019981
0.032315
0.033669
0.016897
0.035560
0.032698
0.033575
0.032089
0.030897
0.033024
0.031253
0.029621
0.032973
0.033037
0.028712
0.033522
0.033538
0.027374
0.020329
0.024251
0.036043
0.032641
0.032546
0.026626
0.035086
0.033058
0.033441
0.034025
0.029857
0.019828
0.032349
0.031776
0.025067
0.033767
0.032452
0.034059
0.029734
0.029974
0.032705
0.035010
0.028407
0.032904
0.033189
0.032647
0.034055
0.034947
0.033338
0.031951
0.033795
0.032016
0.032781
0.025608
0.018616
0.032529
0.033623
0.033998
0.030994
0.033152
0.019761
0.032172
0.024105
0.029618
0.036081
0.031531
0.035794
0.034650
0.032932
0.033780
0.033299
0.034293
0.019276
0.016181
0.032626
0.032443
0.026631
0.033903
0.033156
0.028062
0.033119
0.033006
0.021294
0.031363
0.032648
0.032555
0.018659
0.031901
0.033613
0.016631
0.033104
0.034856
0.031321
0.034474
0.034353
0.016374
0.031628
0.032521
0.033434
0.034498
0.034230
0.033484
0.033787
0.034715
0.033231
0.033007
0.034026
0.033463
0.026567
0.032987
0.032200
0.028244
0.035143
0.025243
0.032511
0.032790
0.034539
0.027280
0.030986
0.023877
0.032001
0.030456
0.031737
0.024486
0.033234
0.020989
0.023306
0.035761
0.033230
0.021684
0.032073
0.031587
0.016959
0.016262
0.032019
0.033411
0.034322
0.034215
0.032363
0.028093
0.028887
0.033819
0.031652
0.033103
0.022320
0.033149
0.021577
0.016884
0.017549
0.024682
0.031160
0.027215
0.032363
0.032603
0.035273
0.020328
0.032246
0.032220
0.030747
0.015490
0.031476
0.032170
0.018683
0.033369
0.020006
0.031364
0.032021
0.032059
0.031252
0.027639
0.033190
0.028606
0.024297
0.031791
0.032423
0.033097
0.032360
0.032697
0.017073
0.023407
0.027232
0.020764
0.035221
0.032332
0.030777
0.022640
0.033365
0.032329
0.023876
0.034813
0.033131
0.030154
0.026510
0.033589
0.018578
0.034154
0.029097
0.034249
0.033284
0.030201
0.033299
0.033678
0.022614
0.026962
0.031581
0.033440
0.033321
0.033382
0.032258
0.031720
0.033231
0.032088
0.034342
0.033670
0.032288
0.031164
0.022104
0.028130
0.033005
0.029956
0.032505
0.032815
0.033279
0.031351
0.032802
0.031307
0.033595
0.032266
0.033551
0.031961
0.032432
0.034023
0.035542
0.034447
0.019946
0.034406
0.019874
0.034070
0.032119
0.034672
0.027595
0.031718
0.037161
0.016494
0.035840
0.019099
0.033631
0.031777
0.025544
0.034714
0.032744
0.016292
0.031497
0.032570
0.032044
0.023268
0.032839
0.021394
0.031521
0.029015
0.033042
0.032007
0.033000
0.026932
0.031605
0.032238
0.024527
0.032802
0.027276
0.033920
0.031083
0.032651
0.034117
0.031330
0.036523
0.034121
0.032686
0.033820
0.034408
0.032340
0.034416
0.026815
0.033116
0.033684
0.017078
0.018207
0.018539
0.032809
0.034397
0.028362
0.021879
0.027684
0.032820
0.028645
0.032255
0.019737
0.033655
0.033824
0.033130
0.032369
0.035609
0.029902
0.027856
0.034222
0.017478
0.017132
0.035733
0.028193
0.031735
0.027958
0.037007
0.032756
0.032824
0.026695
0.024238
0.016130
0.034737
0.033351
0.031895
0.016077
0.016374
0.031762
0.033327
0.019302
0.020752
0.031618
0.029251
0.031967
0.032524
0.032828
0.033648
0.033011
0.033495
0.030205
0.034204
0.029218
0.032011
0.033584
0.033651
0.030161
0.032159
0.031572
0.032656
0.034832
0.031135
0.026185
0.030675
0.022840
0.032170
0.031795
0.033057
0.031689
0.026213
0.032521
0.031469
0.028220
0.031910
0.032275
0.033478
0.036562
0.031390
0.034030
0.021095
0.028617
0.021184
0.031227
0.023949
0.029387
0.031662
0.032329
0.020591
0.032597
0.019811
0.035577
0.031271
0.033411
0.028385
0.029501
0.031776
0.031773
0.033038
0.031342
0.033418
0.023138
0.024140
0.030837
0.035313
0.033746
0.033141
0.023915
0.032681
0.031721
0.032012
0.033792
0.032543
0.030124
0.018114
0.023331
0.028255
0.022371
0.016326
0.031361
0.027857
0.015589
0.034066
0.031763
0.028327
0.033298
0.033269
0.029263
0.033090
0.034481
0.034836
0.034292
0.021216
0.024714
0.033949
0.032884
0.033075
0.031630
0.032197
0.030938
0.034056
0.017586
0.020061
0.028744
0.033642
0.031687
0.033843
0.032313
0.031745
0.033928
0.033401
0.030026
0.033044
0.016629
0.032454
0.032124
0.016747
0.015698
0.036345
0.032364
0.024218
0.019411
0.020374
0.031304
0.033475
0.032120
0.028046
0.029865
0.031949
0.031488
0.032311
0.032552
0.033922
0.031365
0.034168
0.028190
0.029361
0.033026
0.033423
0.027591
0.028694
0.025495
0.034000
0.035408
0.020281
0.034731
0.033284
0.033269
0.032538
0.033507
0.021239
0.034029
0.021359
0.032225
0.033316
0.033800
0.031633
0.021830
0.031852
0.033563
0.033240
0.033570
0.031713
0.032156
0.032868
0.025635
0.033189
0.031639
0.020236
0.024697
0.033831
0.018027
0.033133
0.027560
0.033252
0.032409
0.020571
0.033394
0.032215
0.033799
0.032752
0.034556
0.033432
0.032490
0.027607
0.042228
0.018306
0.033494
0.032438
0.032555
0.033137
0.017550
0.016332
0.016717
0.024817
0.026493
0.022627
0.032349
0.026309
0.034039
0.030700
0.033066
0.036145
0.020179
0.026132
0.019089
0.028951
0.034416
0.026261
0.032671
0.033139
0.032866
0.029625
0.032439
0.034016
0.036855
0.034463
0.035867
0.023090
0.031605
0.027766
0.031944
0.034434
0.032798
0.034697
0.033457
0.017045
0.033562
0.032718
0.018314
0.033497
0.035322
0.032293
0.028972
0.030475
0.032613
0.032324
0.025650
0.031064
0.033308
0.030629
0.033809
0.032305
0.033457
0.033601
0.034237
0.032454
0.031921
0.032841
0.032972
0.032180
0.031278
0.032177
0.023316
0.021760
0.033466
0.016367
0.033092
0.018968
0.031707
0.031644
0.034500
0.033549
0.032845
0.031206
0.032676
0.015726
0.031415
0.028573
0.034151
0.029936
0.031413
0.022134
0.016704
0.035907
0.032599
0.032658
0.031417
0.033247
0.017877
0.032938
0.029539
0.032415
0.031562
0.027914
0.024413
0.028728
0.033735
0.033184
0.033067
0.034118
0.033181
0.019496
0.015633
0.016269
0.032170
0.032863
0.036560
0.032958
0.035016
0.033294
0.029912
0.032360
0.034798
0.032017
0.022471
0.033952
0.020880
0.029509
0.032170
0.023728
0.033066
0.023051
0.022346
0.032655
0.032110
0.032153
0.032816
0.028865
0.034179
0.030248
0.032369
0.035611
0.016775
0.018881
0.031613
0.032593
0.028066
0.039746
0.034251
0.028927
0.018215
0.033189
0.031829
0.033683
0.032511
0.032511
0.032321
0.035239
0.033923
0.035007
0.024855
0.027006
0.031908
0.034279
0.028829
0.033066
0.033059
0.032215
0.033607
0.033887
0.035080
0.028371
0.034245
0.027188
0.029623
0.032605
0.033441
0.032580
0.033037
0.017629
0.033966
0.019661
0.036133
0.032743
0.032827
0.033919
0.034307
0.032491
0.031800
0.033305
0.035181
0.016661
0.022331
0.033403
0.026838
0.024881
0.026720
0.020481
0.026615
0.019246
0.016547
0.019419
0.023987
0.033143
0.032535
0.025713
0.033403
0.033403
0.034916
0.035251
0.033061
0.032501
0.034054
0.021933
0.032897
0.032299
0.037759
0.028341
0.020399
0.033940
0.033219
0.032366
0.028935
0.033947
0.036429
0.020916
0.032699
0.031209
0.032157
0.035615
0.032834
0.032234
0.034649
0.034099
0.032361
0.032135
0.031774
0.032775
0.027891
0.033107
0.028635
0.033726
0.025642
0.033477
0.032499
0.033469
0.024198
0.033139
0.034823
0.032352
0.025877
0.020153
0.022346
0.033140
0.030030
0.034948
0.031731
0.029613
0.034760
0.035637
0.033326
0.031466
0.028622
0.021654
0.032879
0.033464
0.025883
0.032739
0.032267
0.016066
0.034372
0.023329
0.023028
0.026280
0.036380
0.019677
0.034581
0.022291
0.029115
0.033225
0.033946
0.031699
0.032785
0.034646
0.024303
0.033419
0.031849
0.027030
0.033794
0.034475
0.020915
0.026174
0.017636
0.025491
0.033234
0.032518
0.032928
0.033467
0.033281
0.031179
0.033994
0.033013
0.033176
0.033573
0.025074
0.033338
0.033237
0.026909
0.032214
0.033288
0.033968
0.033147
0.026647
0.029377
0.032937
0.033657
0.033321
0.028431
0.033834
0.034531
0.034237
0.034226
0.034147
0.033442
0.031822
0.033844
0.032783
0.032962
0.034014
0.035118
0.026082
0.028569
0.033365
0.030008
0.029455
0.030855
0.027092
0.034438
0.034116
0.025807
0.033668
0.033123
0.034442
0.033910
0.033109
0.034391
0.020772
0.035172
0.032760
0.017123
0.017993
0.033314
0.019049
0.033390
0.029600
0.023915
0.037914
0.021283
0.028663
0.033239
0.033458
0.033216
0.032851
0.032800
0.032516
0.032036
0.016966
0.034775
0.033293
0.034788
0.034291
0.025510
0.034301
0.031500
0.024035
0.031959
0.032364
0.032548
0.032538
0.027147
0.030832
0.032594
0.031638
0.031473
0.033256
0.032694
0.029759
0.016459
0.020913
0.033262
0.032328
0.033136
0.032984
0.033454
0.032272
0.023371
0.034365
0.034356
0.031946
0.016964
0.025870
0.033415
0.029110
0.035250
0.029966
0.020204
0.032068
0.021334
0.026718
0.035549
0.031425
0.032839
0.034004
0.033989
0.033560
0.031969
0.033169
0.030984
0.033040
0.019985
0.025286
0.033947
0.032751
0.031115
0.033981
0.023449
0.019933
0.033168
0.025904
0.033063
0.026986
0.015252
0.032432
0.031317
0.016521
0.033065
0.035935
0.032381
0.033045
0.032730
0.033041
0.021975
0.020593
0.035403
0.031047
0.033915
0.033751
0.025778
0.032920
0.035779
0.032876
0.033751
0.035438
0.031957
0.034400
0.033305
0.027145
0.032480
0.015999
0.032396
0.018811
0.029728
0.033014
0.032897
0.034250
0.024837
0.029473
0.032568
0.024671
0.033576
0.035107
0.033550
0.030314
0.026937
0.033380
0.031901
0.036252
0.032093
0.031728
0.032338
0.032159
0.032579
0.024943
0.034571
0.033060
0.020872
0.031746
0.032467
0.025426
0.033692
0.029338
0.026824
0.029916
0.033515
0.032872
0.033083
0.028994
0.033301
0.032290
0.031784
0.033555
0.017527
0.033661
0.031984
0.032694
0.035369
0.031981
0.028069
0.034883
0.032625
0.031205
0.033875
0.033114
0.036272
0.032637
0.026469
0.023850
0.032279
0.032410
0.033574
0.024494
0.033640
0.025996
0.033689
0.015619
0.032500
0.036196
0.029939
0.031682
0.015698
0.015331
0.032805
0.032859
0.022707
0.027769
0.029576
0.032617
0.027639
0.032362
0.035222
0.032436
0.032449
0.033201
0.017874
0.032145
0.032255
0.033223
0.031139
0.032943
0.029745
0.016207
0.032141
0.031682
0.018373
0.031382
0.017718
0.032626
0.020835
0.032041
0.024024
0.030783
0.033629
0.032952
0.035493
0.032067
0.028129
0.016894
0.029874
0.016357
0.015286
0.030240
0.033510
0.034940
0.032099
0.033314
0.033457
0.032498
0.020706
0.033009
0.033104
0.032971
0.023703
0.033978
0.017097
0.020780
0.031947
0.031298
0.027128
0.022235
0.027242
0.038593
0.021657
0.031109
0.031896
0.037234
0.034518
0.032065
0.027176
0.032082
0.016596
0.029207
0.034383
0.032609
0.032975
0.033756
0.033458
0.032316
0.023093
0.032923
0.035001
0.034565
0.026867
0.030576
0.033394
0.032368
0.033422
0.033307
0.030021
0.025080
0.033377
0.026031
0.033470
0.035318
0.032586
0.026105
0.033156
0.032696
0.033315
0.032918
0.033351
0.032702
0.033159
0.034277
0.037926
0.026031
0.031886
0.033163
0.033151
0.033515
0.030517
0.032835
0.028425
0.034248
0.035540
0.032751
0.031609
0.028718
0.033457
0.033084
0.029424
0.018335
0.020453
0.029510
0.032084
0.017299
0.033768
0.031616
0.024030
0.032786
0.033469
0.034183
0.026325
0.031812
0.033412
0.033339
0.034309
0.032810
0.035519
0.029377
0.032481
0.027691
0.034270
0.035703
0.028416
0.033136
0.033038
0.036556
0.034267
0.020976
0.034949
0.033344
0.032591
0.026942
0.038741
0.033445
0.030053
0.033978
0.032042
0.026870
0.034405
0.034413
0.032465
0.033598
0.025951
0.033408
0.032438
0.034703
0.033386
0.027748
0.028966
0.033635
0.018621
0.033672
0.036353
0.021448
0.029398
0.034976
0.032022
0.031466
0.028721
0.033238
0.033990
0.035352
0.034830
0.032890
0.032582
0.032975
0.031713
0.034073
0.032041
0.017633
0.037640
0.032829
0.022233
0.019571
0.021568
0.019113
0.027330
0.035403
0.031734
0.024478
0.034122
0.034238
0.031934
0.033943
0.033486
0.031799
0.033221
0.031778
0.033070
0.035022
0.034342
0.020057
0.021120
0.016448
0.027310
0.028321
0.031955
0.037515
0.032617
0.029437
0.034189
0.024416
0.031990
0.033015
0.031065
0.034778
0.035469
0.033380
0.027071
0.034126
0.032137
0.025218
0.029821
0.032615
0.018533
0.018945
0.033052
0.032163
0.032266
0.032018
0.027491
0.033112
0.033273
0.032772
0.035347
0.027604
0.034843
0.032918
0.033058
0.033149
0.033409
0.032420
0.035449
0.033244
0.028559
0.034903
0.032500
0.032355
0.029804
0.036197
0.027927
0.029104
0.016909
0.033454
0.033277
0.032524
0.017122
0.032973
0.032600
0.035389
0.016971
0.017606
0.033673
0.032168
0.032565
0.032288
0.031924
0.033616
0.032383
0.033907
0.032427
0.031427
0.025311
0.033822
0.031552
0.035193
0.034121
0.033447
0.022177
0.034232
0.020786
0.033698
0.019909
0.033714
0.032508
0.020875
0.020181
0.034000
0.031865
0.031833
0.026286
0.032970
0.029783
0.035208
0.025693
0.032374
0.025140
0.018644
0.016877
0.019376
0.034172
0.030153
0.029279
0.032546
0.033338
0.032369
0.033332
0.032297
0.037531
0.034430
0.032577
0.034237
0.032359
0.032490
0.031813
0.033911
0.024787
0.032927
0.031852
0.031662
0.034104
0.024824
0.034881
0.030438
0.032380
0.025281
0.032028
0.025586
0.036589
0.031510
0.023173
0.032969
0.030848
0.032204
0.033649
0.032054
0.030274
0.033648
0.032551
0.020942
0.033045
0.035186
0.039311
0.024928
0.035146
0.016508
0.016185
0.033688
0.031640
0.033464
0.028689
0.033454
0.032084
0.024218
0.023018
0.032699
0.033946
0.023376
0.033492
0.031352
0.033038
0.034134
0.031852
0.032615
0.032236
0.033089
0.033310
0.032614
0.026868
0.033949
0.033097
0.033104
0.033095
0.023926
0.022431
0.031332
0.032974
0.034793
0.033886
0.033293
0.019132
0.031609
0.020465
0.034297
0.026751
0.033577
0.033275
0.025743
0.019509
0.029595
0.030182
0.033257
0.022021
0.032463
0.033319
0.023784
0.027535
0.032730
0.031854
0.024968
0.033382
0.032460
0.024004
0.031796
0.035289
0.032840
0.033597
0.032671
0.034154
0.019317
0.029342
0.031662
0.033682
0.025552
0.032839
0.033898
0.016716
0.031697
0.034961
0.031986
0.036808
0.032758
0.031836
0.023262
0.028813
0.025768
0.031664
0.015492
0.033041
0.034799
0.034249
0.029522
0.032812
0.031358
0.033553
0.031479
0.029819
0.032708
0.030556
0.031434
0.017092
0.022051
0.026000
0.033188
0.033685
0.024106
0.033499
0.031803
0.034322
0.031904
0.024187
0.032834
0.033340
0.033392
0.035331
0.034089
0.033885
0.032478
0.021075
0.033039
0.031621
0.033638
0.033335
0.024435
0.032598
0.031043
0.028079
0.030470
0.016027
0.032066
0.033442
0.032650
0.033513
0.033383
0.029294
0.033806
0.032785
0.016616
0.021960
0.031797
0.032336
0.026270
0.033434
0.035018
0.032482
0.020045
0.034398
0.032733
0.034021
0.033279
0.034313
0.032065
0.033804
0.017454
0.017549
0.032945
0.026822
0.033302
0.032156
0.031989
0.029339
0.032832
0.029751
0.027223
0.033049
0.033919
0.031972
0.032325
0.033738
0.034150
0.033975
0.034184
0.032327
0.033398
0.026262
0.032955
0.016784
0.022131
0.032218
0.028401
0.016848
0.031478
0.031670
0.032454
0.032186
0.031887
0.031729
0.032148
0.021387
0.032443
0.033613
0.033155
0.035430
0.033179
0.032828
0.033653
0.033509
0.032895
0.034024
0.021372
0.032699
0.028047
0.036252
0.031747
0.030153
0.033032
0.032260
0.032180
0.032026
0.016726
0.030213
0.033326
0.032494
0.025659
0.031598
0.033112
0.033511
0.037266
0.032258
0.037138
0.032809
0.030032
0.031748
0.032096
0.033792
0.032903
0.030823
0.019592
0.034658
0.019853
0.033526
0.032520
0.031164
0.034868
0.026970
0.025923
0.032140
0.031096
0.027756
0.034768
0.032682
0.031381
0.021146
0.032983
0.036209
0.034086
0.032318
0.019358
0.036633
0.016631
0.030888
0.034056
0.032480
0.031682
0.019563
0.024080
0.033125
0.032862
0.017278
0.017043
0.032237
0.030526
0.031281
0.019267
0.032504
0.024597
0.020598
0.029255
0.033607
0.033668
0.032499
0.022390
0.018708
0.016673
0.032170
0.033863
0.033672
0.034932
0.033430
0.027391
0.033630
0.034044
0.027992
0.035525
0.019338
0.033124
0.034031
0.033273
0.024615
0.034035
0.023474
0.033559
0.031116
0.032219
0.037935
0.033750
0.021750
0.030188
0.019398
0.017461
0.036229
0.034214
0.032342
0.020970
0.019089
0.019817
0.021702
0.017053
0.036106
0.018852
0.016915
0.032858
0.033646
0.033020
0.034628
0.017982
0.016768
0.034229
0.033737
0.025875
0.033132
0.024492
0.033570
0.032192
0.017408
0.018149
0.034442
0.023556
0.032972
0.033564
0.032361
0.026212
0.033353
0.033845
0.018331
0.033766
0.031211
0.019039
0.033165
0.033817
0.022669
0.029386
0.018801
0.031087
0.029307
0.033221
0.032110
0.031661
0.031502
0.033265
0.034706
0.025087
0.026073
0.034368
0.024724
0.032968
0.029964
0.026014
0.032975
0.018182
0.032787
0.032498
0.030869
0.035163
0.033852
0.027029
0.021004
0.018124
0.016218
0.032989
0.024459
0.032292
0.033595
0.032453
0.039634
0.033822
0.035541
0.026760
0.032734
0.021898
0.033578
0.015960
0.016975
0.019747
0.028393
0.031947
0.031360
0.032868
0.031688
0.031240
0.033057
0.032559
0.032798
0.031370
0.032302
0.032044
0.016493
0.032577
0.021256
0.021174
0.033584
0.027073
0.031717
0.029386
0.021322
0.033737
0.030542
0.030644
0.032375
0.023314
0.017727
0.031983
0.035265
0.031317
0.034083
0.034987
0.033776
0.028727
0.019846
0.033850
0.032910
0.030186
0.034231
0.018607
0.030031
0.023100
0.020278
0.031645
0.032215
0.020148
0.032285
0.031367
0.017234
0.026721
0.035334
0.033431
0.033745
0.024050
0.017349
0.018001
0.034632
0.022429
0.033167
0.032462
0.032010
0.020235
0.019322
0.016149
0.019370
0.015882
0.033599
0.017391
0.017496
0.031602
0.031989
0.032632
0.032239
0.018033
0.033349
0.034089
0.032333
0.017150
0.036391
0.019802
0.018848
0.020443
0.024675
0.034380
0.032918
0.034682
0.030317
0.034123
0.031147
0.031732
0.033062
0.032726
0.032805
0.032456
0.018777
0.032729
0.031856
0.032641
0.025784
0.029805
0.030364
0.025264
0.021657
0.032758
0.033692
0.028537
0.016358
0.020994
0.032956
0.027928
0.016096
0.033948
0.031984
0.029489
0.033146
0.032165
0.019243
0.033172
0.034037
0.021580
0.032340
0.029236
0.031509
0.035062
0.018636
0.032990
0.033610
0.026973
0.032198
0.035253
0.024303
0.029938
0.033039
0.032994
0.033849
0.033320
0.033608
0.035593
0.033532
0.031436
0.017212
0.019796
0.030797
0.033064
0.028395
0.033889
0.025354
0.020266
0.035084
0.033570
0.033353
0.032976
0.033492
0.016778
0.031088
0.032109
0.034868
0.033232
0.028329
0.033626
0.031824
0.031765
0.034564
0.032375
0.033233
0.031769
0.032610
0.031972
0.031195
0.033396
0.032185
0.032907
0.033859
0.033096
0.029485
0.032504
0.026908
0.032818
0.016629
0.031156
0.032953
0.026084
0.035232
0.032531
0.035454
0.034235
0.033696
0.033540
0.025812
0.025748
0.034367
0.034146
0.033457
0.033161
0.028896
0.031798
0.025013
0.031775
0.018110
0.031545
0.029527
0.026421
0.022667
0.031596
0.022458
0.031724
0.033115
0.037228
0.033957
0.032839
0.034130
0.026426
0.024587
0.033951
0.032573
0.033430
0.034009
0.017085
0.017062
0.017532
0.032495
0.033393
0.029032
0.037251
0.033958
0.031569
0.024595
0.017383
0.031450
0.025425
0.020500
0.035679
0.032128
0.036155
0.032820
0.030651
0.033202
0.025631
0.033476
0.033263
0.025777
0.034369
0.033396
0.031947
0.019979
0.032891
0.032580
0.034418
0.024382
0.034225
0.029601
0.025642
0.033293
0.030053
0.017292
0.028186
0.032787
0.033609
0.033830
0.034678
0.024059
0.021869
0.016075
0.016196
0.032331
0.032381
0.032425
0.031927
0.033036
0.032192
0.032549
0.026053
0.032896
0.025494
0.032993
0.030833
0.020720
0.032686
0.032094
0.030511
0.031691
0.025335
0.033290
0.033489
0.032541
0.031572
0.031621
0.033257
0.036382
0.028095
0.032109
0.017338
0.034051
0.032614
0.018559
0.031738
0.033592
0.015975
0.017400
0.034049
0.032809
0.029919
0.032748
0.032304
0.029259
0.033091
0.025093
0.024264
0.025693
0.019751
0.016937
0.035209
0.030461
0.031752
0.033484
0.035269
0.036994
0.017306
0.017288
0.016111
0.031697
0.031675
0.029227
0.029485
0.032739
0.033823
0.021139
0.021397
0.015570
0.020408
0.032211
0.020854
0.022353
0.033097
0.024199
0.031871
0.033432
0.016086
0.019335
0.033681
0.031956
0.029732
0.032060
0.026945
0.034170
0.033253
0.032646
0.017970
0.018041
0.016025
0.017108
0.032121
0.032180
0.032527
0.028136
0.032382
0.032662
0.034407
0.020276
0.031761
0.033916
0.033916
0.020807
0.031568
0.036240
0.024199
0.032941
0.034892
0.033628
0.033196
0.031043
0.026187
0.025192
0.033549
0.032621
0.015993
0.032733
0.028262
0.032897
0.031981
0.033479
0.032391
0.023434
0.025153
0.034956
0.032775
0.032045
0.033339
0.020305
0.034568
0.036752
0.030217
0.032734
0.032312
0.025866
0.024182
0.033398
0.033855
0.032457
0.033643
0.032602
0.033343
0.030525
0.034086
0.020764
0.033048
0.033288
0.020490
0.033652
0.035039
0.034371
0.026696
0.032887
0.019083
0.020237
0.031386
0.032304
0.031994
0.031944
0.031839
0.034590
0.032916
0.019813
0.029160
0.032445
0.029391
0.031301
0.031515
0.036976
0.032736
0.027464
0.030616
0.032454
0.031185
0.026757
0.027155
0.023938
0.033966
0.032109
0.031563
0.022705
0.033965
0.023236
0.032542
0.017469
0.029728
0.019485
0.035241
0.031237
0.031553
0.034155
0.033038
0.032232
0.033233
0.032383
0.037100
0.030426
0.032979
0.035879
0.026371
0.033015
0.032309
0.025404
0.032603
0.023724
0.032276
0.032918
0.030537
0.029276
0.022493
0.033023
0.033542
0.031472
0.035005
0.030415
0.032350
0.020743
0.032406
0.016974
0.032697
0.029382
0.032731
0.031404
0.032174
0.021279
0.033258
0.032576
0.028094
0.015884
0.028938
0.033707
0.031995
0.021129
0.035235
0.033254
0.033019
0.017840
0.028663
0.035236
0.028989
0.033071
0.032873
0.019434
0.033921
0.032111
0.034401
0.026489
0.031286
0.032225
0.032068
0.026045
0.027834
0.016284
0.021010
0.030918
0.017476
0.028017
0.033451
0.027650
0.032891
0.029482
0.034504
0.033242
0.032141
0.027517
0.017161
0.027024
0.033364
0.022831
0.033147
0.033534
0.035306
0.029361
0.031209
0.033965
0.031793
0.030813
0.031704
0.019510
0.034976
0.034582
0.034249
0.032348
0.033786
0.033498
0.032505
0.034451
0.032383
0.028510
0.031447
0.029374
0.033312
0.034711
0.035433
0.036729
0.030692
0.031702
0.032753
0.021305
0.031734
0.032951
0.032923
0.032373
0.029093
0.033701
0.031943
0.031233
0.033045
0.033906
0.025367
0.024482
0.031537
0.032785
0.031544
0.024661
0.032838
0.025214
0.028201
0.024009
0.031884
0.032495
0.032410
0.035061
0.033861
0.022959
0.032834
0.020933
0.029212
0.030783
0.034370
0.031922
0.031815
0.032326
0.023573
0.019586
0.032845
0.033805
0.034545
0.025848
0.033844
0.017179
0.034383
0.032371
0.033499
0.024452
0.033890
0.021484
0.033787
0.020013
0.032373
0.035480
0.033002
0.025016
0.033769
0.034541
0.030964
0.033864
0.028353
0.031194
0.021998
0.018775
0.015006
0.022121
0.033046
0.033886
0.031619
0.033049
0.020296
0.016202
0.018304
0.033734
0.031745
0.025055
0.031873
0.033050
0.033672
0.032316
0.024151
0.031794
0.030341
0.032721
0.032354
0.016419
0.027484
0.034992
0.032506
0.032875
0.019577
0.018161
0.019086
0.021477
0.033351
0.019694
0.029676
0.027021
0.026023
0.034361
0.032245
0.024163
0.032361
0.032680
0.032500
0.032636
0.020635
0.028042
0.035323
0.033546
0.034299
0.034898
0.034184
0.031880
0.020943
0.016288
0.017477
0.017545
0.017563
0.019146
0.017015
0.018246
0.015812
0.016752
0.015779
0.015818
0.031686
0.029176
0.028761
0.033000
0.032904
0.031969
0.032569
0.034994
0.024687
0.032887
0.023885
0.031990
0.032952
0.018628
0.032211
0.033518
0.020422
0.032592
0.032128
0.021683
0.033612
0.032979
0.031589
0.034348
0.033138
0.030044
0.033085
0.033670
0.032788
0.036481
0.020419
0.031567
0.032972
0.032755
0.026007
0.034851
0.029691
0.033477
0.032793
0.018056
0.034644
0.034610
0.028621
0.033332
0.031659
0.031404
0.032734
0.017200
0.032409
0.032143
0.032573
0.034092
0.033224
0.016373
0.033402
0.016712
0.033166
0.032055
0.028913
0.033285
0.023723
0.017282
0.017049
0.017355
0.028680
0.022135
0.033750
0.032342
0.022456
0.031789
0.019716
0.018186
0.017631
0.025636
0.035107
0.026601
0.032433
0.032375
0.017690
0.016196
0.017335
0.033348
0.028633
0.033706
0.032621
0.033890
0.031077
0.032444
0.016094
0.033845
0.034244
0.032744
0.018403
0.017546
0.026547
0.032507
0.026441
0.027734
0.031884
0.020815
0.031212
0.034190
0.033213
0.023490
0.033236
0.032809
0.026423
0.031494
0.033112
0.032605
0.034243
0.034024
0.024566
0.033732
0.031442
0.035315
0.027374
0.026554
0.025550
0.027218
0.034246
0.033867
0.033778
0.022132
0.032881
0.032507
0.033967
0.029510
0.031399
0.031133
0.033253
0.034597
0.027775
0.032436
0.035596
0.034524
0.032898
0.034014
0.031015
0.019263
0.017079
0.036586
0.035311
0.030243
0.033170
0.031907
0.032528
0.023905
0.026048
0.019969
0.017059
0.028891
0.037982
0.031500
0.034952
0.020707
0.033333
0.033040
0.033556
0.020128
0.033259
0.033595
0.032357
0.024079
0.033483
0.032622
0.016269
0.022089
0.029428
0.031930
0.033197
0.033217
0.033894
0.035597
0.037142
0.020751
0.031500
0.018782
0.017310
0.033699
0.032556
0.032348
0.031688
0.032478
0.033205
0.024146
0.032327
0.031830
0.027620
0.033788
0.033125
0.032200
0.031679
0.033444
0.027870
0.034110
0.033546
0.032819
0.032851
0.033157
0.025947
0.032352
0.032904
0.026465
0.023717
0.028736
0.032157
0.021949
0.020694
0.031780
0.034890
0.016848
0.033477
0.026214
0.031457
0.032481
0.033326
0.032448
0.017694
0.033293
0.034937
0.034314
0.030189
0.032681
0.031403
0.031549
0.035413
0.034579
0.034851
0.033889
0.032505
0.023263
0.034447
0.033140
0.033214
0.028750
0.025915
0.019736
0.033697
0.032774
0.035336
0.032308
0.019162
0.017016
0.027539
0.033895
0.034461
0.034589
0.033155
0.029337
0.030254
0.023734
0.033240
0.032570
0.026976
0.023439
0.032240
0.017129
0.025493
0.034062
0.033732
0.023308
0.032897
0.033092
0.031672
0.031398
0.033463
0.033714
0.021003
0.028984
0.033414
0.030946
0.024667
0.033621
0.032048
0.015718
0.025887
0.017846
0.016245
0.033056
0.024715
0.032952
0.033545
0.026990
0.033339
0.022526
0.030429
0.035844
0.031487
0.033638
0.032957
0.032642
0.027754
0.034021
0.029372
0.027971
0.032347
0.028061
0.035107
0.029976
0.035009
0.034639
0.034989
0.023761
0.016989
0.033366
0.032748
0.031659
0.032932
0.022465
0.034055
0.033456
0.025849
0.034231
0.025712
0.031172
0.033432
0.025422
0.025756
0.032925
0.026902
0.031941
0.023763
0.033211
0.032728
0.032650
0.032530
0.022239
0.024876
0.032364
0.031947
0.030285
0.029000
0.035009
0.031323
0.031731
0.023810
0.033262
0.033317
0.033037
0.028059
0.020919
0.032441
0.034644
0.035003
0.028371
0.031691
0.033150
0.024494
0.030080
0.017292
0.017556
0.033732
0.019633
0.032732
0.021393
0.035047
0.033110
0.034012
0.020746
0.023855
0.031748
0.024137
0.021572
0.016289
0.033448
0.028798
0.017056
0.031652
0.033568
0.031964
0.033199
0.026569
0.031807
0.033115
0.034715
0.031945
0.033736
0.020824
0.033326
0.031599
0.033183
0.032738
0.020618
0.034066
0.032757
0.016627
0.032429
0.017747
0.034902
0.031515
0.028870
0.031370
0.033636
0.033855
0.032320
0.031414
0.024904
0.022358
0.032458
0.019084
0.025303
0.019537
0.031534
0.033501
0.019500
0.031322
0.036344
0.025752
0.025222
0.016323
0.032319
0.032808
0.032379
0.032514
0.034436
0.028617
0.032193
0.034271
0.033567
0.034311
0.033516
0.031743
0.034480
0.028059
0.033579
0.032079
0.018524
0.017891
0.036539
0.032462
0.023351
0.031183
0.029478
0.033463
0.032489
0.032449
0.032975
0.021706
0.028471
0.034598
0.032279
0.019733
0.033119
0.017056
0.030584
0.032966
0.031953
0.032866
0.031666
0.029355
0.032701
0.020502
0.033392
0.034845
0.034494
0.033880
0.032220
0.034405
0.033821
0.031793
0.034475
0.034439
0.032230
0.032815
0.031985
0.031976
0.031950
0.027996
0.028329
0.033389
0.030088
0.031777
0.023258
0.026730
0.033261
0.028798
0.033677
0.029319
0.028084
0.033564
0.032510
0.033453
0.033943
0.023445
0.017177
0.033323
0.021885
0.025400
0.032840
0.032202
0.032107
0.033812
0.033393
0.033741
0.033269
0.033848
0.032711
0.034698
0.019400
0.032125
0.031855
0.019784
0.032910
0.034727
0.032700
0.033353
0.032005
0.026124
0.033286
0.030107
0.033367
0.033152
0.032567
0.024634
0.017259
0.018275
0.017435
0.032849
0.034180
0.033532
0.032974
0.033479
0.034302
0.037326
0.019217
0.033423
0.032833
0.032568
0.033679
0.032773
0.033611
0.032664
0.033787
0.032013
0.034730
0.032184
0.032167
0.033479
0.025336
0.019478
0.032934
0.021275
0.034272
0.031708
0.032058
0.033380
0.034436
0.033792
0.032166
0.031544
0.035306
0.033941
0.026488
0.027388
0.033876
0.033807
0.023407
0.029813
0.034318
0.033214
0.032556
0.032938
0.027079
0.032478
0.032826
0.022092
0.023925
0.031265
0.032265
0.027222
0.032192
0.022686
0.031663
0.035163
0.026198
0.034782
0.033584
0.017294
0.027477
0.032122
0.034055
0.033595
0.031907
0.031879
0.031982
0.031769
0.033497
0.033512
0.026198
0.033785
0.026415
0.019680
0.024954
0.031454
0.032004
0.033688
0.032253
0.031084
0.034255
0.032916
0.028045
0.035499
0.034097
0.030358
0.032396
0.032779
0.031918
0.029001
0.029997
0.032843
0.031492
0.034720
0.035190
0.033214
0.033228
0.033931
0.032162
0.033096
0.034657
0.033671
0.034539
0.021561
0.036278
0.032307
0.027562
0.033895
0.032053
0.021392
0.031382
0.019885
0.017843
0.016508
0.031487
0.033134
0.032303
0.023605
0.034730
0.020514
0.018801
0.020960
0.026916
0.018797
0.018333
0.027685
0.035890
0.032108
0.031963
0.032685
0.030785
0.032793
0.031770
0.019025
0.030803
0.033462
0.027943
0.033484
0.031975
0.035434
0.033904
0.031771
0.029958
0.032615
0.031787
0.035728
0.030097
0.033660
0.034714
0.032386
0.028386
0.033024
0.020164
0.018766
0.032562
0.032023
0.025166
0.025428
0.033486
0.028574
0.031735
0.023713
0.032996
0.033385
0.024727
0.016921
0.028489
0.020203
0.032539
0.030979
0.025655
0.033321
0.032926
0.032143
0.032319
0.034038
0.033395
0.032828
0.022954
0.032319
0.033897
0.030334
0.028528
0.036625
0.034029
0.019091
0.018564
0.033895
0.019126
0.028540
0.032768
0.033209
0.031697
0.019464
0.017016
0.029256
0.033123
0.019506
0.032928
0.022467
0.036566
0.032725
0.032640
0.018190
0.032252
0.032682
0.027291
0.028944
0.035063
0.023121
0.027584
0.033788
0.033570
0.034132
0.029998
0.028969
0.033238
0.034044
0.017191
0.031162
0.031759
0.033095
0.032662
0.029292
0.020194
0.035171
0.033693
0.033501
0.026960
0.031610
0.033971
0.029791
0.034763
0.032224
0.026419
0.033961
0.020923
0.033850
0.032985
0.036203
0.033232
0.031741
0.028129
0.031878
0.031577
0.016755
0.034500
0.032511
0.025358
0.031631
0.032706
0.032354
0.026470
0.033664
0.033370
0.032801
0.032444
0.032384
0.034218
0.033298
0.016596
0.017410
0.018663
0.018307
0.019087
0.021208
0.034001
0.024322
0.032298
0.026098
0.032621
0.020948
0.033672
0.032710
0.031105
0.029083
0.035785
0.033144
0.033188
0.022723
0.034752
0.034181
0.031902
0.033750
0.033312
0.031179
0.016189
0.034250
0.035246
0.031655
0.032669
0.033795
0.032545
0.033381
0.027917
0.019530
0.032833
0.032078
0.033516
0.035687
0.035330
0.034259
0.034589
0.029760
0.032424
0.021627
0.033123
0.028646
0.026249
0.026108
0.031852
0.034598
0.034765
0.017038
0.019935
0.017575
0.022134
0.026903
0.032967
0.032663
0.033135
0.032293
0.033697
0.018558
0.032655
0.033622
0.034311
0.033259
0.024163
0.032928
0.027157
0.032526
0.032601
0.033046
0.032305
0.028814
0.034078
0.021471
0.019264
0.031701
0.033795
0.033157
0.038479
0.032692
0.024907
0.033231
0.032865
0.032801
0.025794
0.033618
0.033008
0.017357
0.031064
0.035673
0.017353
0.034275
0.017760
0.015888
0.032565
0.032459
0.034578
0.019183
0.035019
0.033719
0.030023
0.025987
0.033805
0.020325
0.033460
0.032545
0.018396
0.018887
0.028293
0.024199
0.031894
0.029858
0.032458
0.033575
0.024739
0.019302
0.019372
0.031688
0.025244
0.032216
0.025393
0.032256
0.034720
0.025819
0.033289
0.035903
0.034594
0.029555
0.019869
0.024512
0.026012
0.036840
0.034651
0.018564
0.019853
0.016860
0.018976
