0.014071
0.031484
0.032828
0.035459
0.022780
0.031773
0.021092
0.034851
0.033730
0.031810
0.019481
0.030641
0.027658
0.022176
0.033547
0.029728
0.034336
0.032825
0.032692
0.033166
0.021493
0.031539
0.031765
0.033280
0.032013
0.031700
0.034867
0.031950
0.021575
0.033694
0.031888
0.025187
0.023520
0.030514
0.035205
0.024693
0.031312
0.033411
0.028746
0.033912
0.032483
0.029630
0.031898
0.026778
0.019390
0.033604
0.032502
0.025735
0.018363
0.031377
0.032618
0.025493
0.031284
0.033620
0.027227
0.032483
0.031529
0.032093
0.031800
0.033399
0.031482
0.033501
0.033503
0.031210
0.032506
0.030479
0.029633
0.033074
0.033137
0.032027
0.029838
0.032357
0.033830
0.032378
0.032480
0.031227
0.025671
0.030486
0.031818
0.031149
0.031182
0.032642
0.030797
0.024674
0.026829
0.032867
0.030680
0.017293
0.015457
0.031955
0.031506
0.028760
0.032687
0.026695
0.031039
0.031602
0.017077
0.030139
0.032753
0.032954
0.032182
0.019758
0.030921
0.034143
0.032402
0.032657
0.033096
0.015705
0.032486
0.032411
0.026139
0.032444
0.032110
0.026908
0.031241
0.031458
0.028880
0.031692
0.031486
0.032548
0.032767
0.031562
0.031396
0.016620
0.033872
0.032026
0.032601
0.028949
0.025100
0.023786
0.035035
0.032212
0.032551
0.031838
0.032477
0.017680
0.019434
0.033190
0.027109
0.032072
0.030128
0.018838
0.035025
0.032958
0.033685
0.030923
0.032223
0.031190
