0.001745
0.020791
0.015010
0.016319
0.019719
0.028431
0.015614
0.015020
0.029169
0.015000
0.017873
0.021156
0.014488
0.017031
0.015577
0.016348
0.015560
0.014413
0.027177
0.015595
0.024262
0.020596
0.018296
0.027878
0.016691
0.016049
0.021875
0.019145
0.016549
0.016089
0.015521
0.015646
0.017909
0.019345
0.016973
0.015774
0.019362
0.015668
0.015294
0.021808
0.015631
0.016084
0.019283
0.016079
0.015346
0.029153
0.015479
0.018334
0.019257
0.015917
0.014862
0.023049
0.016427
0.015902
0.016011
0.018546
0.015431
0.017078
0.014901
0.026198
0.020094
0.017952
0.018300
0.016289
0.015905
0.028568
0.015699
0.014701
0.021372
0.017629
0.016936
0.016202
0.016629
0.024985
0.018482
0.016701
0.022141
0.017458
0.017448
0.015042
0.029254
0.017114
0.017986
0.017675
0.020141
0.016404
0.017768
0.015439
0.014685
0.021937
0.017493
0.015887
0.019018
0.018738
0.021601
0.016011
0.018080
0.014852
0.022927
0.016020
0.014812
0.019010
0.015848
0.015342
0.024634
0.015613
0.017371
0.017143
0.016231
0.018603
0.015675
0.014668
0.022970
0.015073
0.015082
0.025847
0.015930
0.019329
