0.014366
0.032796
0.033282
0.026991
0.031250
0.023888
0.029326
0.033259
0.033394
0.037365
0.016616
0.031862
0.031852
0.028879
0.032425
0.031766
0.031549
0.024352
0.029562
0.032720
0.033210
0.033902
0.019291
0.032518
0.031202
0.025748
0.021647
0.022903
0.031828
0.027910
0.030986
0.032391
0.031651
0.032137
0.032142
0.031488
0.020681
0.032305
0.027805
0.028391
0.022082
0.039453
0.034689
0.026942
0.033024
0.015214
0.033264
0.027538
0.032250
0.032204
0.020580
0.029182
0.035329
0.024392
0.033997
0.023301
0.032499
0.015951
0.015038
0.014679
0.016921
0.031191
0.031871
0.032279
0.030756
0.033143
0.035396
0.024518
0.019220
0.031271
0.021049
0.031705
0.031808
0.022143
0.031666
0.019270
0.032584
0.031544
0.032712
0.018701
0.019165
0.019013
0.016793
0.034169
0.020077
0.032510
0.032242
0.031602
0.015751
0.029192
0.032368
0.032199
0.032461
0.031538
0.032389
0.032062
0.029354
0.026443
0.032447
0.032296
0.032434
0.027902
0.025996
0.027245
0.021304
0.035030
0.024071
0.032196
0.019926
0.031340
0.032938
0.032902
0.031250
0.015918
0.033115
0.031202
0.032154
0.030494
0.026500
0.031454
0.030763
0.032548
0.024276
0.032029
0.028925
0.031999
0.033498
0.032256
0.032390
0.033043
0.026998
0.033578
0.030933
0.032195
0.032740
0.032460
0.032592
0.032351
0.032542
0.034900
0.031592
0.020318
0.028841
0.031675
0.032768
0.018033
0.032709
0.019259
0.033743
0.032910
0.026028
0.022400
0.025467
0.031828
0.021974
0.032367
0.031482
0.032785
0.033521
0.030724
0.033595
0.025241
0.034284
0.034878
0.021527
0.034127
0.034089
0.027005
0.032713
0.033222
