0.002859
0.019230
0.016833
0.015127
0.018681
0.015301
0.018320
0.016310
0.016157
0.015287
0.018852
0.016228
0.015504
0.017467
0.025894
0.024014
0.015915
0.015137
0.017914
0.015105
0.017573
0.015939
0.015375
0.021405
0.017562
0.016051
0.017403
0.018160
0.015265
0.023201
0.015630
0.014851
0.022563
0.015351
0.014616
0.026289
0.016107
0.015347
0.015970
0.014845
0.020790
0.017163
0.016281
0.019332
0.015595
0.016349
0.025862
0.016489
0.015080
0.019228
0.016172
0.018008
0.017488
0.015793
0.017708
0.018166
0.015516
0.017161
0.020667
0.016261
0.018121
0.015453
0.014889
0.017629
0.015620
0.015003
0.023539
0.015858
0.015228
0.018478
0.017579
0.015575
0.019327
0.017562
0.016740
0.015279
0.016081
0.016135
0.025721
0.015658
0.015743
0.018226
0.015643
0.018456
0.015223
0.015721
0.027710
0.016193
0.015329
0.015562
0.015672
0.019302
0.016317
0.018224
0.022867
0.031435
0.016057
0.016073
0.020782
0.020169
0.017686
0.023741
0.015759
0.014863
0.015852
0.014896
0.025419
0.016134
0.015577
0.018759
0.015034
0.022252
0.017246
0.015321
0.020288
0.015653
0.016173
0.023185
0.016490
0.017343
0.016715
0.025712
0.015641
0.021600
0.016889
0.018267
0.023433
0.016214
0.016410
0.023233
0.017798
0.015635
0.020251
0.015471
0.016104
0.017296
0.019466
0.016644
0.016523
0.016324
0.027130
0.016993
0.017100
0.019706
0.019214
0.015976
0.027729
0.016981
0.017812
0.017429
0.016605
0.015690
0.019500
0.017272
0.016420
0.018250
0.016759
0.015215
0.019943
0.017388
0.016094
0.024707
0.018253
0.016084
0.022045
0.015840
0.016157
0.016906
0.015233
0.018680
0.016375
0.016493
0.027399
0.016820
0.016187
0.021806
0.017006
0.015820
0.020175
0.015789
0.015349
0.023824
0.018247
0.025957
0.016173
0.020784
0.019397
0.017120
0.016986
0.017149
0.016362
0.016804
0.017509
0.017906
0.019345
0.017132
0.016145
0.029412
0.026432
0.017358
0.015522
0.022662
0.017230
0.015837
0.018446
0.018180
0.017033
0.017068
0.025280
0.016126
0.016047
0.019599
0.018487
0.016750
0.016550
0.018029
0.016182
0.016560
0.018662
0.016380
0.017292
0.026957
0.016482
0.016031
0.019425
0.025264
0.019665
0.017286
0.018138
0.016817
0.019338
0.016925
0.016485
0.015497
0.028445
0.016501
0.015587
0.015919
0.016210
0.019665
0.017871
0.016881
0.015907
0.017543
0.018472
0.018221
0.017002
0.015580
0.030114
0.017094
0.017692
0.016398
0.017332
0.020000
0.017473
0.016748
0.019398
0.015453
0.014812
0.016790
0.018353
0.016064
0.015715
0.016488
0.027692
0.017696
0.017508
0.016326
0.016711
0.015353
0.019435
0.016447
0.015626
0.016129
0.017518
0.021130
0.015143
0.020897
0.016435
0.015149
0.027560
0.016496
0.015373
0.024199
0.016937
0.015413
0.014800
0.015188
0.023038
0.016037
0.015136
0.018819
0.016414
0.018726
0.021953
0.017044
0.017679
0.024648
0.017800
0.017331
0.028070
0.017068
0.017196
0.027062
0.018471
0.017474
0.020306
0.017746
0.017082
0.024357
0.017023
0.016997
0.022710
0.016959
0.018506
0.018709
0.022188
0.017185
0.017285
0.026312
0.017782
0.016958
0.028503
0.019633
0.019849
0.017969
0.021290
0.018552
0.016885
0.023020
0.017835
0.018521
0.019629
0.019957
0.016350
0.019859
0.017955
0.016914
0.018508
0.019198
0.017848
0.017574
0.026485
0.018733
0.018405
0.017852
0.018632
0.025817
0.019468
0.018524
0.018331
0.027516
0.019165
0.017308
0.017988
0.017962
0.017588
0.018346
0.018532
0.017068
0.018464
