0.003519
0.016002
0.020052
0.017299
0.019426
0.035606
0.024156
0.032988
0.032477
0.022007
0.017951
0.017167
0.018695
0.017241
0.020109
0.033342
0.035403
0.033367
0.028460
0.032741
0.032422
0.027041
0.025072
0.034014
0.017329
0.020635
0.016940
0.032929
0.032531
0.035527
0.035902
0.033890
0.021468
0.016378
0.033454
0.023699
0.019495
0.020316
0.019792
0.016883
0.017563
0.016612
0.019630
0.031799
0.021739
0.035399
0.039566
0.043448
0.020239
0.023744
0.033949
0.016722
0.016936
0.041895
0.043310
0.045790
0.019696
0.016181
0.038521
0.035296
0.032624
0.036752
0.046405
0.031945
0.042049
0.023334
0.025991
0.032394
0.036100
0.023283
0.018267
0.023485
0.033565
0.016417
0.026217
0.035137
0.033380
0.033145
0.021967
0.017497
0.033933
0.033483
0.024257
0.026128
0.031245
0.018214
0.018865
0.021235
0.019618
0.022603
0.032406
0.032914
0.034260
0.032795
0.023561
0.033241
0.028631
0.034679
0.031686
0.031379
0.024198
0.035095
0.034830
0.018093
0.016768
0.017045
0.033521
0.032448
0.032532
0.033226
0.034111
0.033234
0.029332
0.032676
0.034380
0.018581
0.035302
0.034057
0.030815
0.024142
0.033305
0.018358
0.032340
0.023065
0.034984
0.032490
0.018419
0.034536
0.032431
0.033905
0.033035
0.019488
0.019125
0.018123
0.016398
0.020941
0.018806
0.017430
0.017741
0.016068
0.016063
0.034775
0.016781
0.018898
0.017605
0.034153
0.032360
0.033190
0.027436
0.038225
0.027659
0.035204
0.033041
0.026334
0.024767
0.028723
0.034636
0.029299
0.016783
0.021057
0.017467
0.019975
0.018471
0.035468
0.032387
0.031787
0.034991
0.033757
0.021020
0.018251
0.039001
0.029916
0.017745
0.016978
0.021537
0.016662
0.021195
0.016590
0.019887
0.017812
0.023516
0.019516
0.019695
0.021256
0.021986
0.018445
0.038124
0.031760
0.032817
0.033320
0.029770
0.041484
0.038067
0.032627
0.024544
0.022939
0.019546
0.047400
0.031264
0.033197
0.033091
0.032026
0.036038
0.016450
0.036147
0.031498
0.042866
0.043118
0.018557
0.024254
0.030533
0.038999
0.036388
0.034819
0.027785
0.034468
0.032597
0.033779
0.032657
0.032539
0.032977
0.019169
0.020363
0.019150
0.032061
0.021811
0.034582
0.033331
0.033876
0.032230
0.034499
0.034427
0.029002
0.033318
0.031610
0.017970
0.023079
0.017759
0.019089
0.018522
0.018339
0.020196
0.033301
0.032683
0.034370
0.038068
0.033233
0.020048
0.022649
0.017571
0.018504
0.017645
0.020118
0.033923
0.033326
0.033011
0.033059
0.031515
0.020091
0.017527
0.021115
0.018506
0.037962
0.032502
0.033855
0.033485
0.034322
0.020974
0.020928
0.016975
0.016749
0.019231
0.017320
0.017560
0.031587
0.023797
0.034435
0.033547
0.033992
0.033667
0.033020
0.033231
0.031854
0.018425
0.020416
0.036420
0.031724
0.022065
0.017877
0.018754
0.047853
0.048162
0.047086
0.046751
0.047237
0.043883
0.028460
0.045641
0.025713
0.046356
0.025327
0.035300
0.034397
0.033829
0.017489
0.027168
0.033094
0.032875
0.018417
0.025660
0.019750
0.017563
0.033244
0.032966
0.035833
0.034407
0.034167
0.025217
0.023123
0.033719
0.025916
0.019243
0.017424
0.032955
0.033064
0.019764
0.040184
0.035637
0.034037
0.033885
0.032586
0.033903
0.034050
0.022429
0.016730
0.033491
0.018527
0.034420
0.032743
0.034842
0.033762
0.017260
0.017468
0.034770
0.038538
0.033098
0.033513
0.035143
0.034031
0.034195
0.017805
0.032937
0.018403
0.017101
0.033480
0.034276
0.021302
0.032809
0.034696
0.034308
0.032906
0.032333
0.018655
0.017340
0.021698
0.030564
0.032458
0.032387
0.032620
0.018894
0.032350
0.034153
0.021906
0.024176
0.034360
0.034484
0.027406
0.032721
0.032171
0.033585
0.033606
0.030560
0.032865
0.032911
0.033494
0.019535
0.019024
0.018067
0.017472
0.018561
0.018656
0.018469
0.017910
0.017448
0.016365
0.017236
0.017951
0.019472
0.024835
0.018817
0.020101
0.016055
0.018154
0.017150
0.017165
0.017385
0.016897
0.020777
0.019493
0.023183
0.021440
0.018118
0.017569
0.020789
0.017075
0.016961
0.016656
0.016376
0.017654
0.017321
0.017956
0.017898
0.019120
0.017699
0.016935
0.017107
0.017573
0.034609
0.044334
0.020518
0.019320
0.037345
0.034401
0.023049
0.034104
0.029497
0.038080
0.034517
0.032495
0.016710
0.033528
0.035823
0.051889
0.044533
0.036218
0.019191
0.017538
0.039301
0.039287
0.030466
0.036578
0.028290
0.035375
0.036884
0.033207
0.039382
0.018687
0.023317
0.043168
0.037429
0.021492
0.037410
0.033338
0.034946
0.034297
0.019788
0.017676
0.017998
0.032007
0.035730
0.033433
0.034097
0.024515
0.033296
0.033828
0.034331
0.019209
0.019916
0.039073
0.031911
0.033123
0.033525
0.033819
0.032592
0.032965
0.033092
0.033891
0.033034
0.034268
0.021988
0.021285
0.016322
0.032921
0.025267
0.032962
0.021415
0.017402
0.018601
0.022755
0.018904
0.026602
0.028341
0.033165
0.034304
0.030381
0.032676
0.019644
0.018139
0.021091
0.020504
0.016562
0.020888
0.020361
0.017344
0.030699
0.032886
0.032547
0.031322
0.027309
0.033016
0.032096
0.032979
0.033345
0.016709
0.022157
0.036920
0.035391
0.033151
0.027074
0.032453
0.033103
0.034596
0.034423
0.032629
0.031990
0.020860
0.024223
0.032270
0.034319
0.018234
0.017673
0.034243
0.030066
0.040262
0.018816
0.017043
0.016343
0.019803
0.021062
0.033498
0.033851
0.022041
0.031848
0.033725
0.019849
0.023006
0.017065
0.017051
0.018149
0.018852
0.020591
0.017017
0.019307
0.017006
0.033130
0.032075
0.029359
0.033589
0.029278
0.033893
0.034216
0.019265
0.034342
0.033013
0.033787
0.043725
0.038372
0.033438
0.022892
0.035397
0.042376
0.044696
0.020969
0.043315
0.026638
0.024636
0.023705
0.023671
0.034631
0.025562
0.037132
0.033411
0.030171
0.030798
0.046916
0.048106
0.052065
0.052931
0.032598
0.040140
0.032654
0.020123
0.018465
0.018188
0.036856
0.033138
0.029048
0.032170
0.033280
0.036458
0.036191
0.019109
0.019191
0.027703
0.032355
0.016368
0.020747
0.015759
0.017931
0.017391
0.016365
0.016174
0.018990
0.030814
0.033458
0.035140
0.025087
0.032342
0.029895
0.024893
0.019111
0.016330
0.017015
0.018911
0.016522
0.016766
0.033168
0.029023
0.030855
0.033761
0.025718
0.034809
0.031481
0.033571
0.033561
0.033577
0.033504
0.033267
0.033372
0.033696
0.018455
0.035088
0.035356
0.035111
0.029472
0.034037
0.017256
0.019197
0.018180
0.017268
0.021771
0.034211
0.032701
0.028076
0.024233
0.032973
0.019244
0.037741
0.017866
0.031840
0.032907
0.032263
0.033508
0.029949
0.019299
0.016226
0.016354
0.018600
0.025502
0.035240
0.032427
0.033636
0.035324
0.034049
0.032646
0.018403
0.016243
0.016024
0.025895
0.032585
0.028329
0.033365
0.033710
0.017891
0.033993
0.032477
0.018239
0.017180
0.020225
0.019721
0.018127
0.025990
0.033015
0.031010
0.034390
0.037344
0.034426
0.035925
0.029102
0.032909
0.031517
0.033167
0.032218
0.018477
0.016398
0.015909
0.031116
0.019767
0.016636
0.017439
0.017984
0.034221
0.021427
0.038905
0.042252
0.016805
0.015482
0.015893
0.017729
0.020651
0.020750
0.019562
0.016466
0.045917
0.026049
0.039045
0.050338
0.033195
0.020964
0.016673
0.034587
0.017615
0.019436
0.044028
0.052258
0.019621
0.034487
0.043876
0.030154
0.019353
0.035487
0.033835
0.035204
0.028430
0.034302
0.019458
0.017549
0.035076
0.036545
0.033204
0.033538
0.034513
0.016657
0.034368
0.035935
0.018166
0.033149
0.031705
0.035858
0.029731
0.031332
0.026786
0.020544
0.032559
0.033443
0.034246
0.018121
0.019609
0.017150
0.017057
0.017207
0.018857
0.019391
0.032064
0.032575
0.032226
0.033008
0.033222
0.028263
0.032722
0.019304
0.019405
0.028218
0.034257
0.033093
0.029373
0.028345
0.032238
0.029722
0.031035
0.033501
0.019786
0.035532
0.033105
0.032582
0.035482
0.019235
0.022176
0.017650
0.031551
0.033379
0.033179
0.021076
0.034358
0.020201
0.015841
0.016645
0.016279
0.017757
0.016729
0.032614
0.039412
0.030410
0.030901
0.035356
0.035216
0.025227
0.027634
0.017125
0.016408
0.019807
0.032834
0.032056
0.025712
0.029714
0.031009
0.032022
0.018789
0.015892
0.016613
0.018191
0.037513
0.020662
0.015759
0.038542
0.037963
0.018044
0.021159
0.017191
0.036815
0.021031
0.025411
0.046141
0.033780
0.041826
0.033669
0.036144
0.034517
0.032547
0.032823
0.022801
0.025008
0.043535
0.032997
0.033977
0.032817
0.047764
0.032327
0.028047
0.021025
0.020972
0.033864
0.019372
0.018135
0.016312
0.018354
0.019520
0.018430
0.032836
0.033662
0.035721
0.025068
0.041919
0.032497
0.032565
0.016357
0.015507
0.020401
0.018116
0.019413
0.020867
0.019326
0.032895
0.035340
0.026240
0.033264
0.035777
0.028383
0.034607
0.016718
0.019944
0.018569
0.030876
0.026770
0.036389
0.031263
0.031587
0.032762
0.033886
0.022168
0.029278
0.035376
0.032998
0.032690
0.018418
0.033348
0.030896
0.034432
0.024297
0.022350
0.024393
0.017316
0.017410
0.016400
0.016739
0.034192
0.027208
0.019827
0.016264
0.031491
0.036815
0.036130
0.034824
0.017974
0.034749
0.021757
0.021466
0.016508
0.018715
0.016328
0.019773
0.019937
0.032752
0.032065
0.028570
0.032631
0.032463
0.036090
0.031231
0.025029
0.017222
0.016057
0.016739
0.032658
0.033147
0.021139
0.024631
0.032599
0.034830
0.019194
0.026734
0.032562
0.033551
0.026073
0.018533
0.021168
0.033914
0.033596
0.031538
0.033101
0.020746
0.029139
0.033208
0.020017
0.026732
0.019501
0.018354
0.017698
0.024156
0.025342
0.018740
0.033563
0.016452
0.020360
0.019439
0.016318
0.017503
0.017644
0.015747
0.021225
0.027252
0.046917
0.023637
0.024968
0.024854
0.020202
0.018317
0.020281
0.018155
0.016712
0.031896
0.018203
0.050278
0.037760
0.042025
0.047553
0.046016
0.036996
0.025877
0.019942
0.048410
0.024989
0.021159
0.017360
0.026250
0.017236
0.016336
0.022146
0.016589
0.033174
0.032198
0.032564
0.028434
0.031609
0.034494
0.032363
0.033086
0.033452
0.017916
0.017519
0.016752
0.018021
0.018375
0.032684
0.032858
0.035692
0.036338
0.032663
0.034341
0.033887
0.030185
0.033100
0.033819
0.032167
0.025705
0.016717
0.016309
0.019318
0.018255
0.032655
0.031866
0.031313
0.032663
0.030529
0.032296
0.032643
0.032893
0.022258
0.031497
0.031620
0.025345
0.027131
0.021724
0.031567
0.031758
0.031760
0.032544
0.017814
0.036167
0.031517
0.032587
0.034477
0.035205
0.021751
0.016868
0.016335
0.032343
0.036725
0.032017
0.025013
0.017693
0.027786
0.026120
0.033413
0.024845
0.033153
0.033612
0.033185
0.025301
0.034894
0.023793
0.033654
0.024179
0.019293
0.032493
0.021468
0.016892
0.035243
0.034117
0.032422
0.023678
0.018325
0.034850
0.035006
0.021565
0.019321
0.020931
0.015678
0.016482
0.032459
0.034183
0.032267
0.021862
0.032425
0.027539
0.016867
0.015608
0.032548
0.024711
0.033215
0.017328
0.035145
0.017138
0.017239
0.019791
0.032611
0.033189
0.016500
0.018286
0.016986
0.020234
0.019796
0.015465
0.017424
0.018612
0.029793
0.018422
0.016155
0.017521
0.016984
0.017288
0.033119
0.017631
0.034083
0.027561
0.016675
0.017500
0.023220
0.033192
0.033970
0.033066
0.032452
0.047980
0.033643
0.033833
0.035090
0.033391
0.040369
0.032123
0.031831
0.033913
0.043470
0.038512
0.034260
0.020452
0.018146
0.033398
0.033798
0.024916
0.016812
0.035346
0.045114
0.045708
0.037481
0.031862
0.018619
0.016363
0.044659
0.039918
0.037750
0.020559
0.022943
0.022177
0.019033
0.034054
0.033841
0.030491
0.035701
0.034502
0.033330
0.017553
0.018283
0.016480
0.037782
0.017343
0.037331
0.032863
0.028461
0.031202
0.031761
0.034706
0.031734
0.032504
0.020468
0.016473
0.017140
0.032508
0.035742
0.027591
0.018876
0.031565
0.032585
0.019950
0.033802
0.028988
0.032662
0.019262
0.032000
0.029697
0.021210
0.032615
0.021285
0.024629
0.016907
0.031718
0.032885
0.033430
0.016323
0.025045
0.023530
0.027822
0.016404
0.033043
0.019934
0.032153
0.019732
0.017440
0.017270
0.032239
0.034906
0.031138
0.018695
0.018866
0.017888
0.035090
0.022914
0.024326
0.019541
0.019121
0.031921
0.032699
0.033216
0.033934
0.034804
0.028497
0.032346
0.033799
0.031132
0.023648
0.031747
0.016114
0.017195
0.017543
0.016499
0.033483
0.032134
0.035608
0.024241
0.033926
0.031466
0.026518
0.032925
0.018364
0.017540
0.027303
0.023019
0.044138
0.021352
0.023333
0.017631
0.031436
0.041950
0.032358
0.033736
0.018179
0.016354
0.048698
0.035150
0.044469
0.035199
0.044101
0.028867
0.028711
0.017390
0.033047
0.018340
0.033970
0.024448
0.042524
0.017695
0.016333
0.016457
0.016819
0.016127
0.020347
0.015774
0.028122
0.032490
0.032180
0.028437
0.033709
0.033255
0.033365
0.031744
0.032010
0.033327
0.020616
0.036066
0.034810
0.018093
0.035749
0.030262
0.038673
0.037356
0.033975
0.032588
0.016522
0.016796
0.016452
0.018210
0.033489
0.032981
0.036653
0.025868
0.029569
0.032268
0.033422
0.040866
0.035763
0.032635
0.033231
0.032357
0.017377
0.024782
0.033797
0.024071
0.033466
0.021410
0.031661
0.032972
0.031645
0.016475
0.018572
0.017133
0.031975
0.035175
0.033666
0.020574
0.033498
0.033234
0.033139
0.032228
0.031822
0.016020
0.025798
0.019529
0.016258
0.021023
0.017481
0.015857
0.021311
0.019871
0.015998
0.015945
0.016643
0.018657
0.023269
0.017292
0.019971
0.019897
0.019540
0.016346
0.019293
0.017668
0.034197
0.034439
0.026265
0.031803
0.033381
0.043098
0.034895
0.032981
0.034919
0.036510
0.030641
0.032481
0.032287
0.016787
0.031714
0.019205
0.033016
0.029858
0.033482
0.035400
0.033976
0.023870
0.029313
0.033610
0.021719
0.028896
0.035375
0.022685
0.032409
0.034159
0.019484
0.016552
0.032475
0.022558
0.017455
0.033505
0.017897
0.019145
0.017538
0.017088
0.034049
0.017422
0.016965
0.033562
0.033838
0.034520
0.017040
0.022806
0.019778
0.035166
0.033832
0.036074
0.033664
0.032324
0.033886
0.018161
0.037172
0.036405
0.033252
0.033257
0.033991
0.028882
0.020625
0.017525
0.032403
0.042094
0.033259
0.040046
0.045266
0.037540
0.034614
0.024668
0.023637
0.037446
0.033353
0.055561
0.045426
0.035367
0.031981
0.022963
0.017152
0.018774
0.016825
0.033679
0.017682
0.016364
0.016690
0.016101
0.033628
0.025076
0.032663
0.033403
0.033082
0.033439
0.032814
0.032875
0.034050
0.017817
0.020406
0.033598
0.032477
0.032235
0.030391
0.031914
0.032887
0.020265
0.034050
0.018048
0.019166
0.037429
0.033385
0.032977
0.031629
0.017287
0.020343
0.022358
0.035335
0.033858
0.034585
0.032933
0.033279
0.033703
0.033887
0.018436
0.036912
0.032369
0.031261
0.033726
0.031906
0.019132
0.019776
0.017520
0.037855
0.033469
0.018970
0.032763
0.034897
0.018136
0.021331
0.033335
0.026525
0.033283
0.032528
0.019557
0.028697
0.028607
0.033554
0.033371
0.017517
0.033045
0.039945
0.035433
0.017756
0.034700
0.016243
0.031847
0.034519
0.033610
0.030200
0.034175
0.032931
0.017204
0.020707
0.036695
0.035028
0.032223
0.033302
0.034060
0.034502
0.017885
0.017354
0.033512
0.033926
0.032418
0.038953
0.022112
0.019737
0.018718
0.033135
0.032006
0.041724
0.032902
0.018697
0.034383
0.023089
0.017755
0.016830
0.021803
0.029749
0.023180
0.024441
0.018758
0.026623
0.035120
0.026353
0.049240
0.036643
0.038663
0.041471
0.048772
0.046554
0.026296
0.029529
0.032262
0.032445
0.048612
0.029825
0.037229
0.030067
0.033330
0.033085
0.037774
0.020325
0.016734
0.017102
0.019992
0.017056
0.016618
0.016537
0.031780
0.032864
0.033355
0.024181
0.028588
0.032950
0.021996
0.046180
0.030664
0.034011
0.032029
0.025610
0.034567
0.031145
0.034064
0.018157
0.021231
0.022585
0.020452
0.034479
0.034344
0.035393
0.038525
0.034245
0.037716
0.034360
0.032826
0.031260
0.034453
0.019921
0.033324
0.039175
0.023560
0.045641
0.026418
0.024180
0.021200
0.031340
0.036666
0.032577
0.016992
0.033799
0.032046
0.017431
0.017434
0.019392
0.037680
0.033224
0.033604
0.020433
0.019951
0.017315
0.017726
0.017865
0.018268
0.021531
0.021123
0.033912
0.028294
0.027713
0.038580
0.034395
0.022716
0.036196
0.043735
0.035085
0.018409
0.020732
0.018007
0.018170
0.020787
0.020143
0.023143
0.023722
0.030309
0.032740
0.034532
0.036471
0.038272
0.032641
0.032734
0.030812
0.030072
0.040991
0.029645
0.031039
0.036319
0.027808
0.034196
0.033027
0.032905
0.020730
0.031893
0.038582
0.033524
0.026415
0.033191
0.018625
0.019562
0.019609
0.019165
0.018466
0.017798
0.017507
0.018247
0.030417
0.030593
0.030743
0.033993
0.033314
0.034616
0.016644
0.021622
0.030896
0.032846
0.038143
0.035651
0.035475
0.021222
0.016676
0.016854
0.018863
0.040769
0.033397
0.032732
0.023038
0.041712
0.021998
0.029049
0.036475
0.030773
0.042422
0.021940
0.020903
0.019365
0.018445
0.023204
0.021323
0.017528
0.019355
0.017439
0.016614
0.016868
0.025438
0.018511
0.032982
0.033106
0.029850
0.022400
0.020383
0.017004
0.018279
0.035153
0.033205
0.033077
0.020432
0.018269
0.020875
0.017405
0.021816
0.018003
0.034265
0.034195
0.037109
0.033403
0.023783
0.020716
0.018013
0.019884
0.022420
0.020080
0.017006
0.019456
0.017036
0.018996
0.016810
0.033513
0.020942
0.034708
0.021511
0.018608
0.017792
0.017614
0.037464
0.020504
0.029934
0.030621
0.028528
0.034972
0.028522
0.033225
0.033403
0.033541
0.033027
0.033260
0.022668
0.033828
0.032892
0.033474
0.017222
0.017099
0.019085
0.016565
0.019868
0.034516
0.035707
0.023529
0.030909
0.034018
0.027496
0.032108
0.034310
0.028975
0.021235
0.016522
0.034580
0.031842
0.030092
0.033066
0.032379
0.032199
0.034431
0.032930
0.018580
0.034028
0.017479
0.033786
0.032225
0.044909
0.031655
0.034272
0.017758
0.032167
0.036318
0.032691
0.029243
0.020297
0.018573
0.032515
0.027701
0.046336
0.035181
0.044931
0.046474
0.045632
0.047741
0.040893
0.023355
0.025869
0.017516
0.022577
0.049057
0.040592
0.025981
0.036121
0.035253
0.038042
0.038484
0.028690
0.017565
0.034936
0.030183
0.035835
0.027302
0.027719
0.034595
0.033073
0.031392
0.034129
0.019241
0.015590
0.019975
0.024151
0.032351
0.029532
0.035921
0.026324
0.028522
0.033168
0.032916
0.035635
0.031727
0.037812
0.017529
0.020050
0.020458
0.018528
0.037668
0.033983
0.034034
0.021248
0.031320
0.023534
0.016925
0.028697
0.027843
0.032223
0.032984
0.018611
0.019370
0.031452
0.032680
0.032800
0.033418
0.032078
0.018752
0.035831
0.035708
0.033196
0.021423
0.031337
0.033407
0.033389
0.017716
0.020120
0.034960
0.033833
0.016583
0.017481
0.018955
0.015862
0.029819
0.035234
0.033172
0.032490
0.019987
0.036203
0.022533
0.016652
0.032835
0.033206
0.019356
0.035475
0.033900
0.033543
0.030475
0.033288
0.032570
0.030656
0.032234
0.034616
0.018835
0.015429
0.017957
0.016552
0.017163
0.016684
0.039265
0.033769
0.029701
0.032158
0.041198
0.033766
0.031894
0.033654
0.035830
0.032499
0.026638
0.034690
0.033146
0.031952
0.032154
0.032928
0.020294
0.016881
0.020390
0.019394
0.017124
0.016423
0.015110
0.016397
0.033765
0.033888
0.032000
0.035553
0.033851
0.025795
0.016539
0.032629
0.033412
0.029978
0.023179
0.032740
0.031892
0.019283
0.018455
0.018460
0.019505
0.035029
0.032464
0.034011
0.022252
0.030513
0.033287
0.036036
0.037475
0.034996
0.033488
0.018173
0.034624
0.023801
0.037472
0.033014
0.022090
0.022898
0.019059
0.019286
0.023754
0.023662
0.032008
0.033734
0.029980
0.047439
0.041471
0.036811
0.051561
0.035792
0.019173
0.018249
0.021335
0.038865
0.035651
0.021335
0.034060
0.037251
0.018307
0.017440
0.026363
0.026089
0.042127
0.033551
0.031379
0.032451
0.024323
0.018467
0.017268
0.019527
0.018669
0.037030
0.035625
0.036425
0.033171
0.034298
0.031671
0.028412
0.036262
0.033703
0.034029
0.034354
0.020570
0.016002
0.016365
0.033396
0.017681
0.031039
0.032417
0.026856
0.030222
0.033612
0.034174
0.031338
0.033658
0.034672
0.033397
0.018645
0.023548
0.022172
0.017096
0.025684
0.032386
0.034359
0.031928
0.034002
0.033844
0.032477
0.018772
0.018804
0.033211
0.020777
0.018487
0.015659
0.026007
0.033118
0.033652
0.033596
0.019007
0.017027
0.020379
0.018260
0.019026
0.033963
0.033708
0.043740
0.028396
0.025126
0.035684
0.017551
0.017612
0.049245
0.017542
0.017575
0.019383
0.038006
0.031824
0.044412
0.044903
0.036407
0.028138
0.024322
0.032166
0.027432
0.044016
0.018553
0.017277
0.018353
0.020535
0.038635
0.035292
0.035795
0.033160
0.037585
0.027623
0.021951
0.033717
0.033358
0.032986
0.026640
0.034238
0.030023
0.034414
0.034129
0.034166
0.018997
0.018497
0.021945
0.017535
0.017382
0.019658
0.016940
0.017634
0.017037
0.019960
0.032341
0.034665
0.036555
0.033803
0.029727
0.033926
0.033637
0.028993
0.032298
0.026327
0.034525
0.032781
0.021546
0.021703
0.016947
0.017256
0.035870
0.020681
0.035849
0.025163
0.021340
0.019593
0.032276
0.034093
0.017896
0.034200
0.034099
0.036276
0.018655
0.026332
0.034192
0.034778
0.035850
0.022828
0.019143
0.034170
0.027053
0.031731
0.037570
0.022221
0.034957
0.019056
0.021166
0.016835
0.018629
0.027116
0.020303
0.035082
0.038091
0.033957
0.036549
0.034739
0.033735
0.022775
0.034241
0.021223
0.022890
0.021421
0.017626
0.016887
0.018281
0.021615
0.018402
0.018134
0.021634
0.018878
0.018529
0.020121
0.021690
0.033910
0.036441
0.026798
0.034774
0.035765
0.018206
0.016829
0.019453
0.016682
0.033978
0.033331
0.026417
0.019724
0.038212
0.034791
0.023310
0.023685
0.018339
0.024824
0.018275
0.034195
0.029091
0.035191
0.032907
0.040862
0.021535
0.034565
0.033198
0.034725
0.032375
0.035058
0.029821
0.034014
0.026797
0.030651
0.032094
0.036896
0.030097
0.033089
0.034979
0.021070
0.034256
0.033553
0.020563
0.020937
0.021641
0.017321
0.017836
0.019743
0.034981
0.033629
0.034707
0.035812
0.033383
0.029542
0.036699
0.033179
0.028863
0.032457
0.024145
0.030320
0.034338
0.019218
0.031474
0.030830
0.030343
0.035264
0.033642
0.026232
0.038804
0.034294
0.028272
0.033351
0.020106
0.024251
0.016160
0.031811
0.026201
0.026677
0.036735
0.034040
0.018004
0.033489
0.033474
0.021193
0.017696
0.018053
0.034681
0.017328
0.035479
0.035941
0.034111
0.033734
0.030236
0.033476
0.030571
0.019419
0.017303
0.034824
0.027833
0.033319
0.026508
0.022719
0.017261
0.034252
0.027940
0.032141
0.017341
0.021195
0.015943
0.034923
0.034254
0.034795
0.034995
0.033595
0.017383
0.019335
0.017596
0.034821
0.025693
0.034754
0.018044
0.033026
0.026958
0.016968
0.017176
0.033646
0.035549
0.023622
0.032713
0.032317
0.016356
0.037913
0.032983
0.033331
0.019749
0.017872
0.021848
0.033206
0.032076
0.018612
0.021829
0.032024
0.017046
0.051862
0.026460
0.031564
0.017301
0.020270
0.020132
0.021924
0.020795
0.034480
0.034060
0.033647
0.033629
0.036071
0.017387
0.023685
0.032315
0.029896
0.017992
0.022057
0.016593
0.019248
0.020266
0.018344
0.017068
0.018975
0.034922
0.036175
0.034199
0.033496
0.033756
0.032762
0.032876
0.032921
0.026923
0.033130
0.032285
0.017817
0.019521
0.032634
0.033429
0.034353
0.032537
0.028553
0.034545
0.019140
0.033957
0.021008
0.019928
0.019010
0.017315
0.016157
0.018169
0.017664
0.034795
0.031576
0.036449
0.032628
0.025421
0.032097
0.021040
0.016635
0.018131
0.016260
0.017477
0.032228
0.024940
0.034970
0.046271
0.020533
0.018975
0.020475
0.021233
0.030178
0.021911
0.016369
0.018902
0.016369
0.016563
0.015897
0.016118
0.018312
0.016823
0.017049
0.019569
0.017823
0.017567
0.017531
0.015264
0.019799
0.016483
0.033878
0.032193
0.032229
0.031691
0.034091
0.031584
0.016497
0.028989
0.033797
0.032239
0.033370
0.020568
0.032970
0.031613
0.018630
0.034386
0.017308
0.020220
0.020144
0.018069
0.034428
0.030705
0.037205
0.028375
0.033581
0.020629
0.020360
0.020059
0.016770
0.016826
0.033173
0.022835
0.033074
0.031615
0.033836
0.032599
0.032415
0.030639
0.036932
0.018956
0.035547
0.021950
0.035438
0.028631
0.021574
0.034173
0.016189
0.017318
0.016574
0.017091
0.030848
0.016415
0.025967
0.018412
0.019011
0.016472
0.033074
0.026990
0.031723
0.027960
0.033838
0.022189
0.032869
0.033437
0.020367
0.018193
0.016567
0.016641
0.018435
0.032995
0.036228
0.027315
0.032011
0.032758
0.031403
0.036979
0.032012
0.024261
0.033512
0.043291
0.025316
0.021639
0.015887
0.021830
0.016083
0.032285
0.034107
0.033922
0.017087
0.036146
0.033265
0.017662
0.019337
0.020510
0.018983
0.016948
0.036686
0.017505
0.017100
0.018147
0.017863
0.018168
0.023790
0.033523
0.026307
0.032719
0.024766
0.019636
0.033231
0.021270
0.032175
0.020331
0.032837
0.031477
0.037706
0.032846
0.033072
0.035833
0.019219
0.033572
0.023059
0.018721
0.017104
0.025062
0.033608
0.034022
0.016033
0.035566
0.033962
0.017448
0.016941
0.033999
0.031486
0.032783
0.031386
0.032386
0.033505
0.034262
0.031015
0.031933
0.031191
0.028820
0.034737
0.041066
0.031167
0.016217
0.016380
0.018332
0.016159
0.018529
0.033146
0.018814
0.019232
0.020842
0.016740
0.017329
0.031787
0.033489
0.050569
0.039305
0.022952
0.036398
0.032279
0.035394
0.039767
0.035375
0.022024
0.037918
0.028131
0.047297
0.022622
0.033946
0.033591
0.048994
0.038577
0.048075
0.020666
0.017238
0.020467
0.018500
0.031986
0.034130
0.018203
0.031357
0.035311
0.036071
0.022521
0.019982
0.022083
0.023763
0.015451
0.033220
0.022206
0.033662
0.033083
0.029627
0.026378
0.032010
0.027691
0.022349
0.020014
0.037253
0.032360
0.033446
0.032817
0.024853
0.017550
0.032782
0.033882
0.032861
0.026042
0.034827
0.031115
0.034365
0.021021
0.018550
0.026644
0.026203
0.033617
0.031811
0.034098
0.016953
0.017557
0.032717
0.020431
0.022610
0.031816
0.024808
0.035065
0.034842
0.033264
0.033842
0.032195
0.033059
0.017218
0.018886
0.020022
0.016773
0.021582
0.019140
0.035205
0.031906
0.032214
0.033440
0.033202
0.021823
0.036732
0.033327
0.032177
0.037776
0.024614
0.017489
0.021293
0.017585
0.019290
0.021188
0.018506
0.017641
0.033648
0.032835
0.024828
0.019153
0.017009
0.022403
0.017024
0.021653
0.020811
0.019766
0.018052
0.019056
0.019141
0.020278
0.033309
0.018229
0.017020
0.034656
0.030816
0.021940
0.033408
0.031819
0.034000
0.034663
0.021274
0.019782
0.033363
0.039891
0.033736
0.030915
0.025450
0.048058
0.017625
0.018855
0.032443
0.038556
0.027363
0.044230
0.036474
0.033766
0.033728
0.034314
0.021300
0.027619
0.017886
0.021326
0.037155
0.038276
0.029585
0.020331
0.038190
0.022683
0.036705
0.020200
0.035413
0.036067
0.035041
0.027140
0.029529
0.030820
0.024675
0.034057
0.035279
0.039438
0.044777
0.022352
0.034282
0.022414
0.025049
0.021978
0.037246
0.037613
0.021991
0.020684
0.037885
0.033238
0.041575
0.020386
0.021098
0.019991
0.020365
0.034717
0.036925
0.026474
0.027597
0.038701
0.023750
0.034839
0.026527
0.020767
0.034132
0.034135
0.038174
0.036103
0.036916
0.037706
0.035321
0.026581
0.030085
0.033173
0.033891
0.034122
0.037022
0.030988
0.019953
0.031773
0.017948
0.020397
0.018861
0.019569
0.031332
0.035601
0.020360
0.021746
0.019130
0.019090
0.019808
0.018133
0.017240
0.019703
0.020829
0.027180
0.039690
0.034845
0.022488
0.024052
0.032537
0.033642
0.034093
0.029250
0.047173
0.032766
0.033581
0.034391
0.044444
0.036484
0.050306
0.046460
0.020948
0.018986
0.035835
0.036908
0.033211
0.040962
0.034140
0.035345
0.036078
0.018077
0.039724
0.041531
0.048379
0.035820
0.018119
0.035450
0.034230
0.036550
0.023117
0.029502
0.025242
0.035354
0.034431
0.036991
0.028200
0.041804
0.035977
0.042634
0.021374
0.018117
0.018824
0.037343
0.023972
0.028724
0.033880
0.033487
0.020538
0.019628
0.033807
0.033681
0.022156
0.035400
0.034603
0.033757
0.033177
0.028259
0.032657
0.034812
0.017961
0.019851
0.021128
0.017616
0.018670
0.019462
0.033708
0.037089
0.033885
0.029358
0.035084
0.035629
0.029497
0.033222
0.033785
0.027332
0.032921
0.030688
0.033592
0.018929
0.035326
0.029422
0.019068
0.019645
0.033967
0.031982
0.030392
0.036835
0.017838
0.021025
0.016589
0.021036
0.016791
0.033754
0.025521
0.034162
0.034515
0.031993
0.035146
0.034064
0.032211
0.029091
0.027853
0.030461
0.034838
0.033811
0.033238
0.027361
0.032599
0.033105
0.034175
0.035320
0.036860
0.027622
0.034347
0.032563
0.028617
0.033498
0.039829
0.019538
0.019562
0.017619
0.018697
0.016670
0.017572
0.018139
0.016939
0.017936
0.018174
0.017498
0.018941
0.033205
0.031230
0.031115
0.034177
0.036994
0.021581
0.017399
0.017819
0.030101
0.032462
0.032739
0.028102
0.034040
0.032815
0.024670
0.033780
0.033610
0.026125
0.024916
0.037781
0.033687
0.017702
0.017643
0.017277
0.032500
0.032762
0.035783
0.033213
0.034549
0.033919
0.018177
0.033821
0.034319
0.034883
0.046348
0.029635
0.017620
0.020161
0.015872
0.034054
0.033307
0.024037
0.027787
0.017054
0.034414
0.033452
0.016876
0.023075
0.038492
0.037012
0.046507
0.047116
0.049620
0.017876
0.028549
0.026744
0.034259
0.033285
0.029649
0.041317
0.038611
0.036797
0.024907
0.031890
0.023789
0.033674
0.033719
0.033789
0.019401
0.020939
0.019883
0.017299
0.019209
0.019681
0.032438
0.033969
0.032518
0.032327
0.033379
0.028946
0.032897
0.026426
0.032687
0.018351
0.019048
0.027496
0.029339
0.036037
0.026887
0.033428
0.032178
0.024826
0.033900
0.034417
0.025903
0.032867
0.017366
0.021649
0.019600
0.018296
0.026053
0.033431
0.034637
0.032706
0.017324
0.030923
0.033285
0.033339
0.019258
0.016681
0.016358
0.031708
0.031150
0.033620
0.035006
0.033745
0.033276
0.032196
0.033521
0.032928
0.017140
0.031790
0.035400
0.026520
0.037123
0.021726
0.017406
0.030938
0.018945
0.015931
0.016197
0.020543
0.016365
0.017109
0.030255
0.031599
0.033727
0.032149
0.024283
0.033181
0.034571
0.035501
0.022344
0.032606
0.022560
0.033004
0.033027
0.031967
0.032376
0.021229
0.034274
0.031860
0.033390
0.017058
0.029245
0.024603
0.033873
0.031972
0.032166
0.032098
0.033929
0.023997
0.033674
0.018987
0.021434
0.018781
0.017184
0.029930
0.035706
0.033078
0.028081
0.025566
0.034163
0.032128
0.032664
0.020483
0.024049
0.017127
0.017747
0.035940
0.032655
0.031590
0.032264
0.036768
0.034616
0.039275
0.036704
0.034759
0.034338
0.036959
0.031346
0.032075
0.027907
0.025411
0.045333
0.027685
0.018723
0.019681
0.029103
0.041244
0.045469
0.035911
0.034820
0.019504
0.028975
0.019834
0.017617
0.018920
0.027509
0.021038
0.038154
0.045697
0.033050
0.033292
0.047473
0.024330
0.041369
0.027733
0.027206
0.029700
0.031328
0.017552
0.019346
0.033524
0.034304
0.031980
0.017997
0.016080
0.016916
0.037490
0.032994
0.032136
0.032189
0.034214
0.017154
0.019791
0.017383
0.016985
0.016427
0.016951
0.016285
0.017398
0.025300
0.032316
0.034133
0.031657
0.021665
0.031550
0.031768
0.033028
0.025412
0.019761
0.031754
0.033338
0.032289
0.028265
0.017955
0.033462
0.031525
0.024708
0.032209
0.033217
0.029405
0.019803
0.016165
0.026729
0.016589
0.018206
0.016362
0.019428
0.017544
0.019006
0.033988
0.034620
0.033817
0.033536
0.034109
0.017627
0.017937
0.032954
0.034157
0.032130
0.027296
0.017145
