0.015727
0.033875
0.033385
0.031777
0.034020
0.033658
0.036152
0.031371
0.028538
0.035643
0.034123
0.022495
0.033348
0.034191
0.024934
0.025064
0.018927
0.019421
0.024646
0.035260
0.034964
0.033336
0.034770
0.031759
0.021437
0.033526
0.033796
0.033179
0.032710
0.033932
0.031812
0.035644
0.017448
0.034726
0.026545
0.033670
0.032940
0.037269
0.034848
0.033221
0.034178
0.034473
0.021548
0.017208
0.017843
0.017172
0.017409
0.032801
0.021938
0.033789
0.033639
0.033828
0.035264
0.017121
0.030627
0.035259
0.027613
0.019712
0.016850
0.018008
0.018008
0.018376
0.034062
0.028394
0.034510
0.034841
0.034040
0.017691
0.017773
0.017762
0.017914
0.017833
0.018307
0.035433
0.028093
0.031704
0.032965
0.034726
0.034066
0.026006
0.031857
0.026336
0.035075
0.034282
0.032416
0.032086
0.032762
0.032875
0.035912
0.026331
0.034271
0.026394
0.035569
0.017248
0.032164
0.035366
0.033029
0.026022
0.033796
0.017398
0.033648
0.019379
0.038269
0.031628
0.034220
0.021299
0.034372
0.034690
0.033034
0.034047
0.017673
0.033087
0.035025
0.035110
0.032832
0.033215
0.034017
0.027342
0.022243
0.033746
0.032672
0.034105
0.033584
0.026865
0.034098
0.029980
0.019485
0.016879
0.016248
0.033871
0.036455
0.034488
0.026336
0.034998
0.031815
0.031751
0.031876
0.026766
0.020222
0.016503
0.016114
0.017720
0.019602
0.019615
0.017676
0.020340
0.033959
0.033691
0.033508
0.031069
0.032720
0.020367
0.034044
0.029556
0.032735
0.031612
0.033338
0.034040
0.018813
0.020523
0.016536
0.032471
0.028229
0.030354
0.032268
0.032873
0.029021
0.032454
0.032094
0.032665
0.018824
0.019570
0.016700
0.018903
0.018658
0.019727
0.016402
0.016985
0.017045
0.024425
0.023190
0.019063
0.016290
0.018948
0.016381
0.016662
0.020012
0.017309
0.025403
0.022367
0.034153
0.032910
0.032758
0.031318
0.026826
0.032520
0.029153
0.032745
0.025165
0.034298
0.033186
0.034497
0.034605
0.016658
0.032655
0.033103
0.034209
0.033233
0.026288
0.033370
0.021330
0.032470
0.025212
0.033655
0.031585
0.034040
0.034523
0.034671
0.033112
0.026402
0.021453
0.027694
0.033630
0.035298
0.033288
0.034281
0.018524
0.032909
0.038446
0.038717
0.032516
0.033726
0.017610
0.019981
0.028194
0.031895
0.019877
0.035437
0.037131
0.034768
0.019661
0.019305
0.018827
0.035482
0.034043
0.033532
0.023664
0.034698
0.027052
0.034680
0.034259
0.032362
0.029262
0.032194
0.033865
0.034696
0.035524
0.028746
0.025943
0.024912
0.016900
0.018449
0.019575
0.017629
0.017128
0.023017
0.031646
0.032522
0.034205
0.025449
0.016984
0.019713
0.038196
0.031113
0.030575
0.034074
0.031923
0.034396
0.019113
0.028098
0.033996
0.034639
0.036123
0.034239
0.033298
0.033828
0.025091
0.033215
0.022908
0.018079
0.020598
0.018434
0.021550
0.035462
0.027175
0.035222
0.033113
0.026345
0.033169
0.030529
0.032988
0.033199
0.034531
0.034732
0.020015
0.032401
0.019750
0.021518
0.030994
0.035116
0.035496
0.034726
0.034575
0.037260
0.035229
0.023055
0.021741
0.021344
0.024744
0.019842
0.028194
0.033235
0.034097
0.018013
0.019694
0.017262
0.020527
0.019145
0.035398
0.034318
0.025435
0.019278
0.019245
0.020535
0.026257
0.034842
0.034660
0.032341
0.034300
0.031650
0.034298
0.018435
0.035100
0.020353
0.035444
0.026338
0.027307
0.036120
0.024478
0.022807
0.032800
0.033340
0.023595
0.035214
0.029450
0.032574
0.035429
0.032871
0.035009
0.017874
0.020125
0.019933
0.017101
0.017260
0.033511
0.027091
0.028177
0.025368
0.032641
0.032066
0.032964
0.034806
0.032697
0.034392
0.017721
0.034973
0.033334
0.032550
0.034356
0.016966
0.024790
0.031738
0.034176
0.034470
0.017110
0.033578
0.033363
0.033211
0.017765
0.017761
0.035786
0.033381
0.033426
0.032513
0.033091
0.031114
0.032377
0.018667
0.019721
0.018014
0.017950
0.019291
0.017050
0.034714
0.027998
0.032105
0.032818
0.034125
0.022058
0.020629
0.017072
0.017028
0.028071
0.032948
0.036289
0.025418
0.035819
0.019801
0.018391
0.034307
0.033974
0.029899
0.034266
0.020048
0.035358
0.032842
0.035230
0.033907
0.033341
0.034509
0.033204
0.033252
0.019409
0.021016
0.026832
0.034492
0.034473
0.033425
0.033772
0.023810
0.037068
0.028554
0.034323
0.021627
0.018182
0.021701
0.020760
0.017555
0.018069
0.034724
0.033495
0.019751
0.025264
0.036114
0.034717
0.034063
0.017240
0.018240
0.018465
0.018113
0.022545
0.019457
0.034631
0.033293
0.033233
0.034957
0.032491
0.033649
0.033383
0.031044
0.034426
0.035463
0.025463
0.033540
0.034133
0.036581
0.027143
0.023310
0.032885
0.034808
0.034243
0.033407
0.035223
0.034857
0.034144
0.032021
0.037967
0.035069
0.020160
0.026371
0.032855
0.029829
0.035306
0.033237
0.027820
0.030094
0.030029
0.033216
0.034768
0.036461
0.016897
0.032280
0.018408
0.018872
0.033167
0.034003
0.034823
0.033615
0.016833
0.018559
0.017076
0.020715
0.032647
0.035154
0.035589
0.035200
0.032808
0.032717
0.033230
0.032865
0.021585
0.033809
0.035691
0.023044
0.031105
0.034411
0.033554
0.032722
0.032904
0.018208
0.017158
0.016804
0.018062
0.017123
0.034030
0.031663
0.026192
0.028070
0.029788
0.033062
0.020262
0.019651
0.033779
0.034017
0.035261
0.017406
0.034203
0.033898
0.017662
0.035295
0.021511
0.034100
0.034663
0.027050
0.018589
0.016940
0.016893
0.024099
0.016687
0.018660
0.019794
0.017254
0.033896
0.032752
0.033575
0.033057
0.024398
0.034138
0.025937
0.034918
0.033247
0.032046
0.033923
0.035405
0.034997
0.026738
0.030438
0.018083
0.018242
0.017305
0.035677
0.035656
0.034069
0.016753
0.018214
0.018521
0.033082
0.022701
0.026769
0.033725
0.026391
0.033528
0.034279
0.035031
0.036669
0.022816
0.032248
0.034966
0.032768
0.033604
0.016943
0.022764
0.021163
0.034931
0.034898
0.034011
0.033767
0.018349
0.034594
0.030115
0.034217
0.029451
0.017093
0.020458
0.017717
0.017505
0.017300
0.018547
0.017477
0.032620
0.029310
0.032846
0.018270
0.020136
0.020041
0.021540
0.017220
0.033215
0.032993
0.033699
0.034998
0.036223
0.032752
0.037116
0.028610
0.035723
0.035241
0.033156
0.029201
0.032146
0.018618
0.035232
0.035146
0.036992
0.036104
0.026959
0.034499
0.035497
0.033648
0.036551
0.034557
0.032364
0.017822
0.025616
0.033799
0.020324
0.021078
0.020196
0.016670
0.026189
0.034692
0.022702
0.033498
0.033809
0.027318
0.031922
0.025911
0.026872
0.034459
0.031598
0.033552
0.033547
0.030595
0.035257
0.034905
0.035196
0.018150
0.034456
0.026460
0.034878
0.032076
0.032235
0.017194
0.017353
0.019007
0.017775
0.017936
0.020098
0.020212
0.018324
0.018499
0.017471
0.017749
0.017323
0.036382
0.036050
0.032967
0.030867
0.034842
0.034407
0.032026
0.021322
0.019651
0.019454
0.017748
0.034975
0.034248
0.033644
0.033636
0.036631
0.035379
0.032067
0.020442
0.036966
0.032515
0.035789
0.034706
0.023962
0.034566
0.035102
0.031229
0.026077
0.020732
0.032602
0.018426
0.033991
0.034056
0.019342
0.017933
0.035244
0.034644
0.035958
0.034267
0.019707
0.019982
0.035666
0.035481
0.034227
0.033935
0.027593
0.034715
0.036018
0.033654
0.034146
0.017950
0.034357
0.025648
0.021813
0.018272
0.017644
0.035043
0.036053
0.021678
0.032896
0.032767
0.033273
0.030827
0.017469
0.017723
0.039319
0.017641
0.017673
0.020753
0.033449
0.024798
0.036081
0.033588
0.033352
0.035497
0.034465
0.031506
0.033490
0.034888
0.019390
0.024605
0.034631
0.035125
0.039165
0.038146
0.034795
0.033997
0.033422
0.018040
0.034812
0.034517
0.034453
0.033922
0.035267
0.033503
0.017825
0.018724
0.019434
0.017407
0.017384
0.017999
0.035919
0.037256
0.033811
0.034007
0.018348
0.030417
0.033530
0.018216
0.036163
0.024310
0.033185
0.033916
0.032206
0.032927
0.032791
0.018803
0.018496
0.017406
0.016898
0.033228
0.033509
0.032274
0.033573
0.032719
0.035476
0.017999
0.034846
0.033263
0.035965
0.034996
0.035200
0.033347
0.033843
0.035254
0.033714
0.032674
0.035571
0.034015
0.023398
0.017736
0.033737
0.034581
0.033324
0.033402
0.033082
0.035521
0.033395
0.034447
0.019912
0.034682
0.034742
0.033308
0.032310
0.033791
0.033224
0.034850
0.033399
0.031728
0.032657
0.032406
0.033756
0.017176
0.020273
0.021816
0.024132
0.038022
0.025325
0.033571
0.035586
0.029944
0.032866
0.024865
0.034357
0.030268
0.032438
0.019668
0.033388
0.019704
0.036228
0.035764
0.020223
0.019352
0.017556
0.033044
0.019889
0.034522
0.033726
0.020277
0.025446
0.033692
0.033986
0.033849
0.017534
0.017722
0.031564
0.034892
0.034222
0.033808
0.032254
0.033322
0.033956
0.033803
0.027571
0.038585
0.020989
0.034695
0.027170
0.022553
0.033754
0.027849
0.033718
0.034505
0.023080
0.033929
0.018821
0.032274
0.027340
0.019052
0.030853
0.035181
0.033248
0.031948
0.027433
0.028745
0.033977
0.032097
0.019341
0.021259
0.034219
0.033407
0.034707
0.019155
0.016705
0.016271
0.016967
0.019898
0.019763
0.020357
0.036946
0.024967
0.033883
0.019952
0.026870
0.034527
0.033444
0.038262
0.017568
0.036057
0.034107
0.035259
0.020430
0.035955
0.034909
0.021877
0.033931
0.035495
0.019673
0.034352
0.033421
0.035408
0.034769
0.023482
0.018025
0.018169
0.018556
0.025944
0.033977
0.034152
0.034790
0.034069
0.035179
0.020219
0.018631
0.016949
0.016789
0.018999
0.035433
0.022060
0.017748
0.019284
0.036298
0.033476
0.033100
0.036168
0.035548
0.033652
0.020135
0.017803
0.017146
0.017787
0.018260
0.017564
0.035836
0.034551
0.034654
0.033389
0.034802
0.033926
0.026494
0.018420
0.020452
0.018140
0.017863
0.018564
0.018895
0.026803
0.034467
0.029703
0.033441
0.029097
0.023277
0.033324
0.029316
0.031200
0.034432
0.024394
0.034230
0.034017
0.033374
0.037759
0.033742
0.032771
0.029358
0.034541
0.022696
0.033454
0.035974
0.033978
0.021740
0.026639
0.033031
0.020610
0.019938
0.033639
0.034455
0.035858
0.038625
0.021771
0.017738
0.024471
0.033899
0.033664
0.033624
0.017527
0.033540
0.035004
0.034637
0.019157
0.017598
0.020620
0.031565
0.035660
0.035565
0.035430
0.022089
0.036099
0.024371
0.034747
0.018927
0.022484
0.017622
0.019131
0.034445
0.037052
0.038639
0.026196
0.035415
0.034137
0.034778
0.032994
0.033557
0.033756
0.019903
0.016956
0.021848
0.033771
0.034414
0.034714
0.035469
0.032851
0.035237
0.034447
0.021506
0.032904
0.033693
0.033077
0.034260
0.025436
0.020388
0.034268
0.035071
0.036879
0.035585
0.021267
0.026060
0.034217
0.033976
0.032935
0.038597
0.021666
0.034769
0.034438
0.035759
0.026155
0.025726
0.034465
0.021075
0.034388
0.017808
0.019014
0.016962
0.016876
0.017006
0.017707
0.016794
0.018538
0.017331
0.034373
0.033825
0.034308
0.033296
0.017841
0.019676
0.025370
0.022323
0.033341
0.034063
0.030689
0.032540
0.032547
0.035160
0.016547
0.020213
0.033723
0.032569
0.020391
0.036020
0.018206
0.032077
0.026413
0.032653
0.034457
0.029412
0.030175
0.016766
0.017212
0.017540
0.025980
0.036237
0.034033
0.034992
0.033401
0.018695
0.034582
0.034750
0.035156
0.018100
0.032185
0.035424
0.032829
0.034076
0.020011
0.022005
0.035851
0.022624
0.031463
0.020261
0.022695
0.019233
0.019168
0.033975
0.034665
0.033632
0.021093
0.034476
0.034004
0.018797
0.017205
0.029010
0.032816
0.036064
0.034534
0.018566
0.018620
0.021471
0.021189
0.017059
0.035825
0.037303
0.018012
0.019924
0.019608
0.020218
0.019183
0.019973
0.018445
0.018013
0.020962
0.034714
0.030532
0.034295
0.032487
0.018621
0.018289
0.019816
0.033988
0.033462
0.034462
0.034418
0.022173
0.035228
0.034444
0.035162
0.024933
0.033982
0.037644
0.034014
0.033408
0.034909
0.033759
0.033396
0.035347
0.021772
0.032377
0.033372
0.033473
0.034200
0.029302
0.033504
0.034645
0.016936
0.033967
0.034046
0.034302
0.033938
0.018668
0.020427
0.034184
0.026485
0.017634
0.020367
0.016880
0.033132
0.034030
0.034845
0.035347
0.034453
0.038487
0.033847
0.020573
0.018198
0.033189
0.032609
0.033640
0.018867
0.020560
0.033448
0.033050
0.034268
0.034012
0.028513
0.033920
0.016674
0.033509
0.035118
0.017661
0.033725
0.019706
0.018680
0.034087
0.019882
0.032348
0.034837
0.044021
0.034997
0.034540
0.034554
0.033911
0.033396
0.034763
0.032487
0.033978
0.031019
0.029361
0.018956
0.036371
0.035167
0.032394
0.020333
0.031784
0.033282
0.034898
0.036773
0.032852
0.036353
0.037735
0.035413
0.025291
0.030158
0.034247
0.033933
0.035690
0.033987
0.035038
0.032608
0.034334
0.034616
0.032980
0.032688
0.036133
0.034286
0.033803
0.018032
0.016979
0.019665
0.018263
0.016729
0.035563
0.032793
0.032195
0.032581
0.022679
0.033139
0.033590
0.019448
0.016350
0.020566
0.019960
0.019335
0.033906
0.025394
0.023294
0.024940
0.024192
0.033912
0.025400
0.027534
0.032929
0.035853
0.030356
0.033691
0.035938
0.019803
0.033891
0.027886
0.020019
0.033504
0.034351
0.032225
0.035050
0.033217
0.032405
0.031270
0.034112
0.027972
0.032745
0.016420
0.033144
0.019524
0.016996
0.017685
0.016595
0.016555
0.016583
0.016623
0.016846
0.017415
0.016991
0.016623
0.016483
0.016155
0.016418
0.016163
0.016036
0.016030
0.015851
0.016020
0.016258
0.017029
0.026019
0.021849
0.025982
0.019250
0.026012
0.021074
0.019650
0.018317
0.017196
0.019659
0.016527
0.017938
0.017377
0.016828
0.017011
0.016371
0.017592
0.017131
0.017581
0.019118
0.017270
0.017533
0.017730
0.016485
0.017393
0.017638
0.016834
0.029889
0.034899
0.027404
0.025681
0.025783
0.033063
0.028162
0.031462
0.033299
0.018081
0.019909
0.034282
0.037228
0.034073
0.034408
0.032163
0.034982
0.033880
0.017523
0.033959
0.034333
0.031690
0.023220
0.032006
0.035953
0.017818
0.032246
0.028769
0.034099
0.021152
0.032765
0.032874
0.028947
0.033765
0.034180
0.029899
0.019966
0.020210
0.019513
0.034762
0.026197
0.030566
0.033049
0.034562
0.029323
0.024827
0.016646
0.020703
0.021219
0.025235
0.017283
0.017218
0.031125
0.029665
0.032967
0.034842
0.032843
0.034293
0.018680
0.018176
0.033257
0.034050
0.033328
0.020941
0.031556
0.033924
0.033519
0.033654
0.034849
0.019614
0.017895
0.016774
0.017395
0.032475
0.032375
0.035654
0.033224
0.029860
0.034934
0.033115
0.033576
0.028662
0.037014
0.022932
0.032521
0.020756
0.016934
0.034477
0.032827
0.032893
0.022521
0.033253
0.016958
0.034073
0.032361
0.033166
0.034297
0.033597
0.032618
0.034902
0.034122
0.033289
0.030910
0.030601
0.029561
0.033231
0.034151
0.031476
0.030407
0.032073
0.036243
0.034319
0.019583
0.025713
0.018462
0.029136
0.033675
0.034306
0.032551
0.027846
0.017775
0.017308
0.032815
0.033079
0.032297
0.032575
0.017094
0.034663
0.032375
0.019797
0.018661
0.033842
0.025171
0.034945
0.031744
0.034505
0.034494
0.017174
0.034603
0.024328
0.033643
0.033217
0.032242
0.020105
0.016633
0.035678
0.034726
0.033913
0.027210
0.020058
0.033530
0.032143
0.032101
0.028644
0.032719
0.032747
0.021833
0.033174
0.033418
0.017367
0.019385
0.035349
0.035225
0.034532
0.025333
0.034778
0.025071
0.034767
0.033415
0.033865
0.016817
0.034385
0.033086
0.032617
0.035681
0.022367
0.038070
0.035771
0.033585
0.029120
0.032514
0.034291
0.020672
0.033530
0.032923
0.033420
0.032867
0.021639
0.017182
0.034379
0.033473
0.033612
0.032883
0.032182
0.034445
0.034965
0.022616
0.032487
0.032834
0.033111
0.028259
0.032629
0.033470
0.036364
0.034573
0.020832
0.018073
0.023163
0.034052
0.033710
0.019250
0.018792
0.020933
0.031033
0.025756
0.034648
0.029179
0.022093
0.029531
0.016577
0.031950
0.033506
0.022634
0.033005
0.041783
0.018816
0.027531
0.033414
0.034564
0.031642
0.030182
0.031247
0.032526
0.033426
0.035069
0.033233
0.033434
0.033354
0.020846
0.035974
0.035032
0.035740
0.034249
0.035041
0.029344
0.020015
0.017520
0.017957
0.036808
0.031290
0.016868
0.022789
0.034126
0.028027
0.033746
0.036127
0.018122
0.028304
0.035219
0.032954
0.016835
0.033662
0.023920
0.034455
0.017076
0.026267
0.033427
0.031999
0.030329
0.018956
0.018427
0.021068
0.033644
0.032358
0.018949
0.020489
0.031623
0.029628
0.038814
0.035002
0.020900
0.017531
0.031556
0.034521
0.034609
0.020543
0.032520
0.033321
0.035297
0.032961
0.032206
0.034122
0.020278
0.034355
0.024030
0.023041
0.034651
0.027379
0.032591
0.025850
0.031672
0.025580
0.032874
0.035632
0.022743
0.027474
0.032293
0.020476
0.033316
0.034732
0.033612
0.033583
0.033872
0.025006
0.034511
0.032013
0.033607
0.024029
0.033606
0.033460
0.033687
0.031254
0.033312
0.020149
0.028697
0.025162
0.026273
0.032613
0.033931
0.032001
0.026615
0.034345
0.036757
0.034023
0.028392
0.033428
0.033272
0.033431
0.035416
0.029036
0.034712
0.032477
0.034120
0.033026
0.029959
0.034431
0.034028
0.033718
0.031757
0.024760
0.035338
0.032682
0.033848
0.030111
0.033523
0.033369
0.027778
0.034493
0.033832
0.034350
0.033194
0.032514
0.033773
0.026667
0.032838
0.040236
0.033459
0.028177
0.028174
0.036545
0.028762
0.033759
0.032723
0.034127
0.032917
0.033576
0.020790
0.032634
0.033151
0.021827
0.031449
0.027785
0.035088
0.035505
0.036861
0.034209
0.035392
0.034180
0.028059
0.033062
0.031349
0.032777
0.023622
0.033409
0.033269
0.037205
0.017843
0.017861
0.016939
0.022392
0.033217
0.032072
0.026171
0.028429
0.033792
0.020752
0.035841
0.032503
0.032053
0.033074
0.036841
0.019871
0.032971
0.029848
0.031228
0.033170
0.024006
0.032253
0.022524
0.032023
0.032808
0.027349
0.021101
0.017137
0.033275
0.037072
0.035070
0.032645
0.033446
0.032849
0.020199
0.020903
0.032732
0.019621
0.034353
0.020796
0.034773
0.032354
0.017545
0.016526
0.019450
0.036085
0.020334
0.020555
0.034150
0.028799
0.033759
0.034888
0.031548
0.034210
0.034059
0.033550
0.027674
0.033310
0.034774
0.033462
0.033337
0.035551
0.032769
0.016998
0.033817
0.033294
0.034169
0.032459
0.020343
0.020603
0.019755
0.018501
0.017648
0.017732
0.033552
0.033596
0.029779
0.034027
0.017532
0.034308
0.034282
0.034555
0.033527
0.023677
0.022527
0.033701
0.034669
0.034712
0.028125
0.034006
0.018080
0.032017
0.020140
0.033011
0.033158
0.018106
0.017333
0.033401
0.033712
0.034977
0.034675
0.032574
0.033574
0.033440
0.024191
0.018694
0.020232
0.020933
0.035855
0.033310
0.033219
0.033393
0.021725
0.022031
0.023201
0.032446
0.032238
0.027990
0.034050
0.036330
0.031542
0.033420
0.035088
0.029538
0.033100
0.035916
0.027640
0.032321
0.032990
0.031996
0.035980
0.032751
0.032629
0.035817
0.018418
0.025011
0.030898
0.034771
0.037502
0.032319
0.034049
0.034786
0.034679
0.026527
0.034757
0.035722
0.035868
0.024324
0.032334
0.025290
0.033399
0.033778
0.019635
0.019525
0.018316
0.031616
0.026644
0.026702
0.035073
0.028695
0.033928
0.031938
0.034301
0.033641
0.030347
0.024721
0.036931
0.018342
0.031464
0.030424
0.035920
0.028195
0.031829
0.033276
0.028794
0.032263
0.030615
0.032822
0.034435
0.020456
0.032751
0.036067
0.033554
0.036497
0.031732
0.034444
0.020401
0.034511
0.035159
0.020716
0.029227
0.033892
0.033159
0.028077
0.036426
0.034365
0.036021
0.026066
0.035192
0.034185
0.033198
0.025301
0.032710
0.033201
0.023923
0.034003
0.036057
0.035291
0.021024
0.020666
0.020094
0.033246
0.033571
0.034923
0.034967
0.024020
0.025809
0.024775
0.017350
0.020012
0.035314
0.032467
0.034434
0.034204
0.033280
0.033432
0.033801
0.021521
0.035247
0.033882
0.033491
0.027524
0.024184
0.023108
0.027002
0.033465
0.034840
0.033490
0.018696
0.033409
0.033073
0.034134
0.037044
0.029543
0.037752
0.033954
0.017105
0.034494
0.020013
0.033097
0.035449
0.024487
0.033036
0.028430
0.033598
0.022972
0.034372
0.036229
0.035414
0.025593
0.033885
0.017830
0.023314
0.033170
0.034565
0.031326
0.034055
0.035593
0.018625
0.016561
0.031549
0.036485
0.035731
0.031094
0.029425
0.033634
0.034150
0.034588
0.022612
0.019822
0.033096
0.027181
0.034069
0.035260
0.019679
0.017705
0.017703
0.034822
0.030987
0.033633
0.033202
0.034158
0.032412
0.022629
0.033160
0.033466
0.019685
0.034321
0.034417
0.033981
0.029871
0.033022
0.017207
0.019107
0.016579
0.016477
0.017795
0.017583
0.033695
0.033626
0.035131
0.033398
0.032310
0.021236
0.018080
0.034334
0.031723
0.034750
0.035311
0.019120
0.018936
0.018659
0.030339
0.034381
0.035390
0.034601
0.032241
0.033940
0.028651
0.033324
0.018923
0.016896
0.017666
0.029526
0.021228
0.017090
0.021007
0.033577
0.020104
0.033180
0.035904
0.026963
0.030920
0.037500
0.022703
0.033602
0.021125
0.017491
0.017488
0.031750
0.037077
0.032197
0.032656
0.033630
0.033195
0.018541
0.034693
0.025172
0.032918
0.034257
0.018274
0.017707
0.017016
0.019422
0.033302
0.034047
0.037674
0.034513
0.034673
0.034414
0.020806
0.019020
0.019261
0.034933
0.032734
0.029957
0.019283
0.018731
0.021527
0.034083
0.033183
0.033642
0.032328
0.022861
0.036451
0.020512
0.020473
0.025312
0.033873
0.032056
0.035875
0.028735
0.028634
0.035448
0.032098
0.036000
0.017135
0.017105
0.019002
0.033521
0.024204
0.034123
0.033304
0.032145
0.035127
0.022848
0.019439
0.017246
0.018651
0.030766
0.033912
0.034197
0.033464
0.034383
0.019455
0.035342
0.032494
0.034062
0.034599
0.034643
0.033712
0.026516
0.026907
0.032314
0.017959
0.034188
0.026035
0.028663
0.034512
0.034535
0.033350
0.024440
0.033232
0.035857
0.032466
0.017557
0.027878
0.019161
0.033071
0.026551
0.033824
0.033603
0.022870
0.035155
0.035298
0.036081
0.026239
0.035517
0.028218
0.032857
0.034777
0.034897
0.036004
0.021066
0.020177
0.019120
0.018117
0.018164
0.030592
0.033586
0.019280
0.031482
0.033239
0.032814
0.033966
0.037710
0.033263
0.030725
0.032665
0.032369
0.025306
0.035440
0.030113
0.034193
0.034603
0.035205
0.035037
0.033290
0.034316
0.031778
0.033885
0.028337
0.032278
0.032446
0.034947
0.034295
0.034506
0.027343
0.033078
0.033581
0.028629
0.034666
0.025500
0.034419
0.020358
0.036376
0.033843
0.034231
0.029886
0.033940
0.035646
0.032956
0.036211
0.032233
0.034065
0.025016
0.034957
0.032364
0.033263
0.024479
0.035517
0.017347
0.034174
0.033164
0.034086
0.034213
0.018542
0.032441
0.038309
0.033705
0.033689
0.021265
0.021852
0.037332
0.032677
0.027834
0.033928
0.020131
0.034359
0.034668
0.024357
0.034199
0.035118
0.034330
0.033847
0.033180
0.034967
0.030032
0.031249
0.022506
0.025451
0.025019
0.032611
0.032169
0.034989
0.032943
0.035195
0.032046
0.017401
0.034029
0.033190
0.022588
0.027590
0.034373
0.025605
0.026753
0.035589
0.033174
0.029559
0.034564
0.034267
0.037343
0.036592
0.034465
0.033514
0.018698
0.021530
0.018974
0.040645
0.019458
0.029641
0.033216
0.034288
0.035149
0.033346
0.034840
0.018473
0.032758
0.028086
0.033780
0.029739
0.033929
0.033650
0.026529
0.028908
0.036138
0.031914
0.033811
0.018097
0.017856
0.031061
0.034199
0.032865
0.032822
0.034681
0.035594
0.022724
0.041287
0.034029
0.035940
0.033085
0.033308
0.033332
0.036381
0.038208
0.021133
0.033915
0.030537
0.034082
0.024899
0.030019
0.028566
0.026489
0.034165
0.038071
0.033430
0.034741
0.027430
0.030887
0.034545
0.025965
0.016970
0.035756
0.033482
0.027729
0.037139
0.024965
0.033669
0.033530
0.033386
0.037356
0.034765
0.026285
0.033004
0.028026
0.030491
0.033358
0.034433
0.035276
0.033976
0.035856
0.033356
0.032451
0.032271
0.029753
0.019343
0.018558
0.020259
0.034326
0.033422
0.033583
0.019551
0.016142
0.030943
0.018223
0.035474
0.035070
0.035443
0.034842
0.018585
0.019140
0.016982
0.033440
0.034237
0.021063
0.035607
0.018979
0.015588
0.015805
0.034235
0.032865
0.031444
0.017387
0.035245
0.034700
0.016629
0.017317
0.031996
0.033874
0.032672
0.032618
0.034093
0.032757
0.035070
0.029127
0.026162
0.033368
0.033703
0.017057
0.033803
0.018495
0.033615
0.022957
0.016470
0.018139
0.020598
0.015917
0.033631
0.034858
0.026278
0.031270
0.031935
0.032266
0.033236
0.025701
0.024692
0.034989
0.017412
0.016379
0.026479
0.034310
0.031823
0.033836
0.030651
0.034011
0.026000
0.033090
0.027643
0.034418
0.035896
0.034052
0.033467
0.034596
0.034093
0.024232
0.031235
0.031525
0.027514
0.030966
0.031265
0.032337
0.027020
0.020403
0.031614
0.020373
0.021442
0.032063
0.032865
0.017978
0.033614
0.031969
0.032142
0.032400
0.028580
0.019980
0.033523
0.032991
0.016530
0.033600
0.031915
0.032534
0.019517
0.032485
0.034695
0.017886
0.033521
0.033152
0.032684
0.032861
0.034190
0.017232
0.031266
0.020407
0.033917
0.034767
0.029165
0.018526
0.019209
0.016438
0.016286
0.016425
0.033567
0.029335
0.034519
0.028767
0.032288
0.034474
0.034714
0.028951
0.035310
0.020523
0.034364
0.029923
0.018072
0.021023
0.033030
0.035479
0.028658
0.034686
0.018046
0.017847
0.018090
0.036247
0.033192
0.017535
0.034328
0.032320
0.034315
0.034684
0.034260
0.027095
0.034155
0.033972
0.033950
0.035058
0.018274
0.020238
0.036163
0.032962
0.032901
0.034286
0.036407
0.033868
0.022712
0.035201
0.032835
0.025872
0.035027
0.029379
0.033778
0.029566
0.034137
0.035847
0.033396
0.035117
0.032835
0.033868
0.032343
0.034746
0.031469
0.032722
0.033594
0.026896
0.027270
0.035915
0.034507
0.034729
0.029046
0.034010
0.028440
0.034443
0.021488
0.034272
0.033054
0.034197
0.033952
0.024954
0.033415
0.035276
0.033217
0.026585
0.037451
0.037308
0.019843
0.033887
0.034225
0.034427
0.030528
0.019818
0.035551
0.035641
0.034802
0.035000
0.021322
0.032782
0.032204
0.023225
0.036383
0.032615
0.033165
0.035515
0.023294
0.033275
0.026409
0.030990
0.035969
0.034795
0.033747
0.035030
0.020179
0.016943
0.034969
0.033368
0.033118
0.033534
0.034788
0.034853
0.037297
0.032408
0.033323
0.025014
0.034748
0.018101
0.017999
0.034764
0.019232
0.033442
0.033717
0.035373
0.025496
0.031701
0.037132
0.034714
0.036130
0.034374
0.034754
0.018779
0.033281
0.021136
0.021822
0.017723
0.017588
0.034120
0.031110
0.033512
0.034146
0.031317
0.033909
0.032142
0.030719
0.021608
0.019055
0.034321
0.033092
0.027988
0.034366
0.034520
0.021405
0.021217
0.018824
0.024078
0.036554
0.034833
0.036498
0.029244
0.035189
0.035878
0.031114
0.033902
0.033811
0.038170
0.035157
0.028879
0.034611
0.018428
0.020251
0.033225
0.030715
0.035653
0.036082
0.033858
0.035137
0.035645
0.032721
0.036093
0.034101
0.027230
0.036197
0.035941
0.039522
0.022816
0.034406
0.034205
0.035602
0.020777
0.033977
0.030586
0.033795
0.025732
0.018150
0.031394
0.032068
0.034755
0.017606
0.018137
0.016959
0.017817
0.017612
0.019961
0.018496
0.027250
0.034351
0.034994
0.034025
0.032520
0.017467
0.034611
0.034427
0.033122
0.030580
0.035411
0.034518
0.033782
0.034641
0.035794
0.034883
0.019624
0.034556
0.035086
0.020838
0.036237
0.019869
0.033527
0.026574
0.021836
0.019734
0.018680
0.017088
0.025531
0.034074
0.033824
0.028190
0.029229
0.021753
0.034035
0.033460
0.034801
0.033029
0.017474
0.033060
0.027664
0.034522
0.035034
0.033555
0.020332
0.034458
0.018394
0.017861
0.028395
0.033629
0.029599
0.033932
0.034344
0.027651
0.033333
0.019246
0.018621
0.022163
0.034732
0.034114
0.017670
0.018246
0.025787
0.033989
0.028041
0.026304
0.036129
0.017718
0.032381
0.035799
0.029434
0.034559
0.035321
0.024318
0.035117
0.020200
0.033429
0.035363
0.033024
0.017027
0.017237
0.036351
0.032635
0.032330
0.020849
0.034966
0.034185
0.034150
0.034027
0.019920
0.033972
0.028255
0.032845
0.034222
0.033925
0.034802
0.033293
0.028615
0.021613
0.017884
0.018159
0.030840
0.033509
0.023716
0.032849
0.031805
0.023795
0.018709
0.034926
0.033377
0.034682
0.021337
0.034472
0.018015
0.017506
0.032499
0.033524
0.025178
0.034236
0.019092
0.017591
0.017380
0.035184
0.033646
0.034431
0.036466
0.019680
0.018213
0.028571
0.033376
0.026614
0.018249
0.033047
0.034042
0.033718
0.035378
0.034053
0.027861
0.018898
0.026681
0.035112
0.024398
0.036881
0.034850
0.038825
0.032984
0.034801
0.020075
0.019784
0.021937
0.035343
0.024477
0.024666
0.018578
0.034696
0.035115
0.035275
0.033054
0.021382
0.026362
0.034144
0.036938
0.036383
0.033908
0.031096
0.032970
0.034298
0.034598
0.033620
0.034348
0.033962
0.036509
0.034502
0.034154
0.033824
0.029991
0.033239
0.033064
0.020933
0.030392
0.026740
0.033345
0.030087
0.032838
0.032058
0.021393
0.017152
0.018168
0.033202
0.028026
0.033974
0.019142
0.027619
0.034855
0.035843
0.028620
0.033987
0.034691
0.025997
0.035326
0.034616
0.026890
0.033304
0.018401
0.020666
0.033838
0.034029
0.028138
0.034096
0.032911
0.033568
0.028030
0.033380
0.024923
0.021505
0.034328
0.034281
0.034898
0.035539
0.034668
0.033222
0.025424
0.036870
0.019554
0.035822
0.035526
0.026339
0.033906
0.030506
0.037593
0.035400
0.030072
0.033367
0.034224
0.034130
0.033498
0.034307
0.027643
0.025822
0.035396
0.032473
0.028003
0.033875
0.034580
0.034265
0.029439
0.035939
0.034507
0.028049
0.027593
0.033932
0.030878
0.027901
0.026843
0.034353
0.036572
0.037076
0.033583
0.035704
0.026774
0.035234
0.034457
0.035748
0.035162
0.031858
0.032990
0.034244
0.035075
0.032647
0.034027
0.024127
0.034533
0.033719
0.033249
0.024368
0.024686
0.027822
0.041126
0.025439
0.027452
0.023934
0.034634
0.020983
0.034068
0.030605
0.033306
0.033643
0.022647
0.017514
0.019172
0.034411
0.022850
0.033871
0.024540
0.035031
0.028835
0.026531
0.030528
0.037661
0.033657
0.035101
0.038425
0.033646
0.018098
0.018838
0.031458
0.034250
0.026629
0.031725
0.033176
0.035600
0.021361
0.018586
0.029166
0.033615
0.035023
0.035324
0.034163
0.034477
0.024222
0.033925
0.019796
0.026371
0.035172
0.035818
0.034614
0.019632
0.034801
0.025850
0.037294
0.035251
0.033799
0.028513
0.033494
0.030098
0.035737
0.034686
0.035354
0.037507
0.019039
0.030311
0.025539
0.027470
0.033832
0.023813
0.033014
0.030744
0.033732
0.034577
0.024258
0.033494
0.027600
0.033813
0.033026
0.036402
0.025411
0.024635
0.032850
0.022120
0.028427
0.034027
0.029486
0.035163
0.035956
0.033716
0.019880
0.019971
0.032432
0.034718
0.031148
0.028602
0.035271
0.021996
0.034813
0.035835
0.030915
0.021497
0.033395
0.034377
0.020964
0.018276
0.019839
0.034151
0.034641
0.025070
0.034698
0.036190
0.033776
0.018456
0.020658
0.036099
0.024857
0.036308
0.018717
0.019898
0.035178
0.028188
0.034397
0.022344
0.031159
0.035257
0.022050
0.018926
0.018245
0.033745
0.033999
0.033808
0.023452
0.030073
0.017874
0.026114
0.034869
0.024644
0.017746
0.019754
0.024923
0.026865
0.030517
0.026495
0.019426
0.017982
0.036483
0.035471
0.034464
0.035003
0.026754
0.034604
0.033320
0.019714
0.034300
0.036318
0.033762
0.031947
0.033130
0.018106
0.035073
0.034556
0.033988
0.034796
0.017884
0.032817
0.017402
0.031533
0.034751
0.031218
0.020456
0.021462
0.031227
0.039535
0.026540
0.018942
0.019048
0.034794
0.028294
0.034688
0.033049
0.033535
0.034003
0.030041
0.034138
0.034565
0.034784
0.033817
0.027559
0.030640
0.026323
0.034487
0.028353
0.034745
0.023603
0.016594
0.034681
0.033268
0.021211
0.033185
0.034587
0.032217
0.016776
0.020622
0.023088
0.033644
0.034762
0.033518
0.017943
0.018083
0.034634
0.016689
0.029176
0.033384
0.034843
0.032862
0.032688
0.034123
0.019420
0.036376
0.030251
0.017181
0.034634
0.024788
0.037925
0.017832
0.037886
0.033819
0.035551
0.033530
0.031441
0.034231
0.034044
0.033797
0.017441
0.033821
0.033268
0.032095
0.028068
0.035184
0.025191
0.032111
0.033575
0.034667
0.032718
0.032875
0.025835
0.035730
0.032519
0.033525
0.033548
0.032574
0.035531
0.034138
0.034480
0.034334
0.036397
0.037493
0.034080
0.035399
0.031566
0.035999
0.025804
0.035882
0.034753
0.024669
0.020778
0.033101
0.035478
0.037497
0.030683
0.029382
0.033936
0.034889
0.019744
0.019427
0.028839
0.033312
0.034678
0.026094
0.033658
0.031993
0.034570
0.032985
0.020400
0.018466
0.032553
0.032306
0.032964
0.025445
0.032215
0.018761
0.033429
0.031901
0.029343
0.032486
0.033647
0.021940
0.017143
0.019609
0.028367
0.035451
0.033274
0.032013
0.035030
0.030074
0.033894
0.028373
0.025834
0.023457
0.033694
0.035894
0.032626
0.034739
0.033374
0.031133
0.034782
0.026494
0.032141
0.029119
0.027319
0.036143
0.034002
0.032615
0.033670
0.033762
0.033228
0.031919
0.032848
0.020417
0.020679
0.017323
0.032291
0.035511
0.016717
0.033860
0.034221
0.023415
0.033048
0.033248
0.032032
0.033258
0.034597
0.020903
0.020515
0.036232
0.033168
0.034780
0.032128
0.033193
0.032500
0.032301
0.018306
0.017737
0.030579
0.037614
0.029780
0.035606
0.028916
0.035861
0.033887
0.034358
0.035259
0.020940
0.033146
0.033237
0.032317
0.026112
0.032379
0.026704
0.034366
0.033940
0.032155
0.037379
0.034631
0.030156
0.032180
0.028138
0.024577
0.031570
0.023928
0.033270
0.032629
0.033246
0.033886
0.033001
0.019882
0.019675
0.016635
0.026130
0.021277
0.017109
0.031944
0.027938
0.033929
0.034890
0.036860
0.030672
0.033214
0.033214
0.032518
0.019555
0.019624
0.033583
0.035099
0.020510
0.031276
0.034142
0.021071
0.019418
0.019331
0.028234
0.032613
0.034847
0.034616
0.020746
0.017213
0.033445
0.021029
0.034125
0.029725
0.033711
0.034612
0.033397
0.020897
0.033829
0.031493
0.019618
0.023960
0.034245
0.032833
0.030349
0.028847
0.032063
0.033048
0.032468
0.026534
0.034395
0.016637
0.016931
0.032931
0.035198
0.026463
0.018333
0.035924
0.032601
0.032995
0.034395
0.026295
0.033604
0.034095
0.032546
0.020716
0.032377
0.034680
0.033258
0.033084
0.027225
0.034503
0.034237
0.025508
0.026330
0.032776
0.033267
0.022945
0.021121
0.017306
0.033772
0.030373
0.031980
0.033816
0.033180
0.018209
0.033192
0.017726
0.018705
0.018589
0.033686
0.038490
0.026542
0.035540
0.018042
0.035315
0.016678
0.033700
0.026377
0.033457
0.030555
0.017988
0.016227
0.030130
0.033033
0.034865
0.033055
0.035110
0.033974
0.033849
0.033042
0.033568
0.033419
0.018058
0.016455
0.019278
0.025479
0.034446
0.032642
0.026968
0.020189
0.033201
0.016591
0.036180
0.033897
0.032570
0.033201
0.033721
0.033716
0.032765
0.030422
0.035850
0.020813
0.033747
0.025526
0.028908
0.036995
0.023416
0.033569
0.033960
0.017770
0.016162
0.021613
0.027854
0.018904
0.032118
0.031922
0.033753
0.032976
0.028473
0.034138
0.033620
0.019390
0.032250
0.031296
0.034420
0.031640
0.019768
0.018635
0.033462
0.023166
0.032233
0.034243
0.033833
0.024875
0.029649
0.033872
0.032342
0.033809
0.032712
0.033245
0.020418
0.017070
0.018079
0.033374
0.032511
0.034879
0.020226
0.034302
0.035380
0.032698
0.030700
0.033188
0.033165
0.033846
0.033700
0.033176
0.032276
0.017425
0.034878
0.033646
0.018433
0.033974
0.034194
0.026257
0.033551
0.038055
0.030524
0.033180
0.032434
0.033403
0.030330
0.034595
0.033018
0.033175
0.032437
0.035861
0.030928
0.026119
0.033650
0.033821
0.018333
0.016368
0.033351
0.019962
0.029687
0.033260
0.033510
0.033857
0.035131
0.027598
0.033787
0.030236
0.033046
0.031689
0.020571
0.033855
0.032316
0.034735
0.016781
0.033808
0.027920
0.034534
0.023887
0.027478
0.032169
0.032324
0.032457
0.032490
0.024894
0.019797
0.034071
0.016138
0.033660
0.028603
0.034024
0.036109
0.033921
0.034862
0.028419
0.020183
0.018194
0.024732
0.033289
0.034544
0.033915
0.024946
0.030962
0.033460
0.034629
0.017517
0.032245
0.034457
0.033661
0.033705
0.031406
0.020852
0.017432
0.027528
0.033563
0.028352
0.036157
0.035365
0.022568
0.020659
0.033849
0.033988
0.017117
0.027282
0.020687
0.032098
0.038009
0.032605
0.033588
0.035002
0.017281
0.016558
0.019352
0.016722
0.019972
0.017480
0.018334
0.034421
0.033963
0.034379
0.035938
0.034390
0.020346
0.024113
0.030305
0.016418
0.033471
0.032759
0.021216
0.017035
0.034141
0.033800
0.033027
0.018299
0.017740
0.035969
0.032472
0.018586
0.033337
0.033234
0.032247
0.033391
0.019981
0.024986
0.034878
0.033607
0.027756
0.034154
0.023942
0.024836
0.034669
0.033777
0.035415
0.023862
0.019487
0.033937
0.022906
0.028201
0.036022
0.033682
0.028769
0.034196
0.034224
0.021851
0.018041
0.020082
0.017180
0.034462
0.032461
0.033133
0.034150
0.025735
0.018741
0.024193
0.016565
0.033185
0.030080
0.025560
0.035333
0.034703
0.032076
0.035573
0.033234
0.034306
0.035980
0.033636
0.021400
0.033462
0.020581
0.033726
0.030274
0.032145
0.025168
0.019653
0.034042
0.029315
0.032505
0.032443
0.033747
0.030224
0.024827
0.017211
0.026008
0.033291
0.034673
0.032868
0.034426
0.023652
0.033616
0.028761
0.031472
0.034722
0.022691
0.034088
0.020085
0.024856
0.032410
0.033624
0.034176
0.030194
0.030911
0.034802
0.019685
0.030290
0.023529
0.033230
0.031842
0.032166
0.022090
0.027873
0.033782
0.034581
0.032938
0.024490
0.033443
0.034048
0.034189
0.034670
0.036822
0.032939
0.032288
0.032894
0.034596
0.033470
0.033085
0.034204
0.025727
0.033732
0.030567
0.033509
0.033232
0.034685
0.020043
0.027655
0.033563
0.035479
0.034787
0.026443
0.033219
0.033357
0.033278
0.032318
0.032712
0.033239
0.017221
0.017400
0.031891
0.033819
0.035851
0.036643
0.019565
0.029070
0.033178
0.033675
0.035653
0.035297
0.032349
0.027313
0.034821
0.021674
0.034883
0.023825
0.034893
0.033483
0.035004
0.033857
0.033130
0.033826
0.030662
0.025932
0.023687
0.034094
0.024966
0.033557
0.034364
0.027592
0.034332
0.026432
0.032932
0.034400
0.033915
0.022567
0.020378
0.017526
0.034410
0.033120
0.033073
0.033993
0.032846
0.024760
0.028145
0.033883
0.033475
0.020139
0.033019
0.018903
0.034770
0.033334
0.027676
0.032737
0.034609
0.020272
0.016776
0.033469
0.033669
0.034906
0.033663
0.033019
0.034143
0.034233
0.035868
0.024890
0.033982
0.034200
0.034437
0.034041
0.032732
0.022686
0.033029
0.034953
0.033969
0.032952
0.029617
0.035871
0.028546
0.033831
0.034434
0.035233
0.033784
0.035613
0.034139
0.034542
0.034073
0.034477
0.035065
0.032240
0.032978
0.035005
0.032679
0.021689
0.022451
0.031101
0.035174
0.018702
0.039397
0.033846
0.019331
0.036577
0.034927
0.030770
0.034172
0.027336
0.035432
0.034247
0.034157
0.033718
0.022748
0.021907
0.032336
0.020016
0.035504
0.018246
0.018439
0.027457
0.035654
0.035869
0.035499
0.035135
0.033120
0.034625
0.033024
0.036533
0.022439
0.034757
0.034780
0.032687
0.034386
0.032067
0.034428
0.033743
0.027390
0.035588
0.026745
0.035932
0.033689
0.020759
0.027761
0.021012
0.022364
0.035968
0.036716
0.029041
0.036897
0.022427
0.018287
0.018920
0.030741
0.030484
0.018603
0.019651
0.034113
0.038279
0.020946
0.017873
0.026069
0.037179
0.033845
0.017958
0.033561
0.018780
0.017582
0.034510
0.033798
0.030718
0.035061
0.021408
0.024416
0.031254
0.039944
0.036452
0.035760
0.034649
0.034899
0.035136
0.020530
0.036395
0.035258
0.035131
0.031944
0.036050
0.034432
0.028979
0.019407
0.019468
0.028167
0.023412
0.017135
0.035717
0.034298
0.031614
0.034103
0.025786
0.034671
0.033097
0.033488
0.033200
0.031918
0.031335
0.032916
0.031619
0.033980
0.036693
0.019977
0.033480
0.033381
0.031897
0.032717
0.021846
0.017155
0.024385
0.033579
0.022179
0.036029
0.036039
0.029018
0.036117
0.024107
0.017428
0.026679
0.035128
0.032202
0.030522
0.024722
0.019854
0.030605
0.033382
0.019869
0.030776
0.033583
0.026145
0.031677
0.022735
0.032930
0.020948
0.016500
0.016234
0.017093
0.026120
0.032816
0.033106
0.033843
0.033524
0.034552
0.029626
0.020819
0.017601
0.019059
0.021587
0.029807
0.033462
0.022132
0.017184
0.017109
0.018547
0.033723
0.033822
0.021164
0.031887
0.034499
0.022917
0.032628
0.020130
0.033747
0.032742
0.021410
0.021328
0.033330
0.017015
0.015726
0.032820
0.034357
0.034035
0.032029
0.033248
0.032702
0.034075
0.024882
0.028925
0.032788
0.020784
0.017078
0.018749
0.032296
0.032816
0.032107
0.032261
0.024473
0.034203
0.017559
0.019706
0.030217
0.023057
0.027410
0.034327
0.028893
0.033388
0.037052
0.018874
0.033112
0.022176
0.019154
0.017595
0.033824
0.037195
0.023029
0.020812
0.032058
0.033298
0.035695
0.037050
0.027986
0.035710
0.021511
0.031152
0.034369
0.023532
0.018898
0.035980
0.041306
0.034144
0.033427
0.033622
0.036288
0.025680
0.018021
0.033057
0.035412
0.020008
0.035797
0.033352
0.022171
0.034750
0.017897
0.021389
0.035821
0.021177
0.034630
0.031920
0.032779
0.035661
0.031361
0.035429
0.020302
0.018228
0.017642
0.018539
0.036444
0.033145
0.027776
0.033783
0.035602
0.035517
0.034442
0.034482
0.019673
0.017147
0.035163
0.040327
0.035182
0.023898
0.034260
0.035249
0.036789
0.033048
0.033568
0.028266
0.035646
0.019018
0.033202
0.034166
0.034460
0.028520
0.033060
0.034692
0.019353
0.034103
0.036810
0.018703
0.034365
0.017591
0.017248
0.019782
0.018230
0.017253
0.031818
0.034995
0.033328
0.026098
0.024840
0.032393
0.024729
0.033593
0.035083
0.024514
0.032583
0.034452
0.032653
0.034126
0.018387
0.034214
0.034359
0.018431
0.019119
0.034407
0.033074
0.023699
0.026036
0.033149
0.027085
0.030253
0.033447
0.018550
0.030701
0.034464
0.024662
0.033683
0.034083
0.033656
0.036809
0.034491
0.024380
0.034857
0.022842
0.035898
0.029391
0.018604
0.035776
0.033289
0.037786
0.033085
0.033611
0.034860
0.034117
0.026856
0.035095
0.035107
0.019429
0.019115
0.038384
0.034238
0.035595
0.032193
0.033849
0.019591
0.018571
0.018728
0.034909
0.033953
0.034302
0.036270
0.025815
0.027288
0.035149
0.034510
0.033051
0.021610
0.033686
0.025612
0.032635
0.034015
0.030455
0.033930
0.032541
0.034545
0.034819
0.037647
0.019836
0.019761
0.029690
0.037925
0.035121
0.034791
0.036237
0.031748
0.021470
0.030744
0.035386
0.019851
0.019510
0.018081
0.033172
0.034930
0.019364
0.033206
0.035077
0.033272
0.020187
0.018023
0.019812
0.033836
0.030529
0.021097
0.034608
0.034143
0.033061
0.032950
0.028533
0.034505
0.019430
0.030522
0.029358
0.025563
0.033850
0.033888
0.035075
0.034839
0.032783
0.034462
0.034922
0.023875
0.018771
0.019754
0.021041
0.033877
0.033206
0.035736
0.034089
0.033687
0.034957
0.034151
0.034651
0.030211
0.033062
0.035797
0.019588
0.034775
0.034922
0.031333
0.035640
0.033952
0.034488
0.022080
0.033488
0.033796
0.035943
0.024503
0.026209
0.034195
0.031730
0.034993
0.033417
0.026191
0.034758
0.025561
0.034236
0.035520
0.030085
0.025165
0.033642
0.035206
0.034402
0.034387
0.035419
0.018340
0.022147
0.032273
0.033281
0.033969
0.019761
0.036451
0.018623
0.036779
0.034618
0.034128
0.035470
0.035171
0.023125
0.018171
0.017524
0.019884
0.022521
0.021191
0.019156
0.019555
0.034800
0.022426
0.020285
0.034623
0.031958
0.022270
0.020977
0.034870
0.034248
0.020641
0.034489
0.034249
0.034628
0.020135
0.019015
0.034750
0.029417
0.033570
0.018127
0.020852
0.019769
0.018139
0.038155
0.029264
0.024331
0.039480
0.034374
0.033296
0.024471
0.017822
0.025702
0.033082
0.034508
0.034838
0.037960
0.031566
0.035481
0.018302
0.034631
0.034665
0.018215
0.033268
0.034623
0.035668
0.027554
0.035036
0.035221
0.035809
0.033353
0.034210
0.018711
0.025716
0.034730
0.018380
0.036315
0.032849
0.029594
0.037303
0.018650
0.028294
0.034385
0.020892
0.033621
0.032823
0.033059
0.034278
0.033063
0.019444
0.034236
0.026103
0.034783
0.018096
0.036345
0.020547
0.032716
0.033487
0.026161
0.036020
0.034257
0.034416
0.019855
0.019323
0.018063
0.018728
0.020819
0.033491
0.033780
0.034836
0.032794
0.034206
0.024280
0.032902
0.035014
0.034045
0.033548
0.023283
0.024100
0.018338
0.017642
0.034790
0.031612
0.035400
0.033003
0.036308
0.033858
0.033380
0.034701
0.036432
0.034046
0.024825
0.034713
0.034747
0.034172
0.025742
0.024278
0.018068
0.025357
0.016608
0.034417
0.024423
0.034142
0.020154
0.029486
0.032086
0.027127
0.035251
0.033518
0.020548
0.016783
0.017319
0.018254
0.034273
0.032851
0.035702
0.035046
0.025840
0.018842
0.016756
0.019793
0.034244
0.028196
0.034146
0.032657
0.028171
0.033642
0.034485
0.034645
0.034200
0.032774
0.033565
0.035575
0.034747
0.023443
0.032890
0.021630
0.034908
0.033947
0.033141
0.035777
0.027398
0.018749
0.024005
0.039413
0.035649
0.025957
0.034515
0.034645
0.032253
0.032648
0.036143
0.034018
0.034265
0.035555
0.026067
0.029580
0.028183
0.027535
0.028195
0.020269
0.027314
0.036066
0.034614
0.035347
0.033191
0.032905
0.033257
0.033711
0.033226
0.033772
0.033208
0.029515
0.034678
0.033161
0.031960
0.033347
0.032719
0.034337
0.034196
0.033189
0.033283
0.033463
0.032593
0.033640
0.031006
0.034554
0.024229
0.033697
0.035106
0.032765
0.034333
0.017765
0.029778
0.034152
0.024256
0.035340
0.032578
0.034171
0.030275
0.022762
0.033487
0.035540
0.033530
0.033597
0.016872
0.032032
0.025261
0.032897
0.030825
0.027322
0.034667
0.021946
0.032576
0.020955
0.017587
0.028066
0.017826
0.029771
0.034306
0.018728
0.033648
0.033854
0.026753
0.022449
0.019130
0.018063
0.032937
0.017039
0.033473
0.033905
0.019757
0.017578
0.026816
0.017999
0.017021
0.017866
0.018324
0.033651
0.032779
0.032754
0.033589
0.032290
0.034001
0.033425
0.034799
0.028467
0.036634
0.034193
0.032569
0.025136
0.032285
0.032540
0.034936
0.034333
0.034070
0.020224
0.034509
0.033789
0.023945
0.033916
0.031207
0.032607
0.033472
0.033414
0.030742
0.019422
0.036924
0.035418
0.035811
0.034171
0.033742
0.027261
0.038238
0.033845
0.032740
0.032738
0.017982
0.034204
0.036624
0.030364
0.034178
0.034576
0.034518
0.022244
0.034569
0.034193
0.018042
0.035173
0.034923
0.020277
0.017737
0.033150
0.032221
0.032881
0.033634
0.029202
0.032292
0.033022
0.034328
0.034321
0.033245
0.034854
0.032301
0.033932
0.034839
0.033602
0.033034
0.034802
0.019433
0.035489
0.033147
0.024915
0.033372
0.032027
0.034841
0.027927
0.034711
0.023216
0.034485
0.032835
0.034495
0.034447
0.034096
0.032699
0.019307
0.035124
0.031744
0.034735
0.035243
0.023348
0.032817
0.019741
0.027253
0.035407
0.032881
0.029602
0.032002
0.033564
0.032883
0.034411
0.030753
0.033912
0.027646
0.033712
0.032515
0.033217
0.032589
0.033511
0.032509
0.032964
0.033781
0.017386
0.034120
0.033852
0.032362
0.034126
0.033244
0.024328
0.025710
0.034735
0.035930
0.021937
0.036071
0.034627
0.020049
0.030478
0.034768
0.031573
0.034693
0.025661
0.025370
0.033639
0.034592
0.032429
0.032802
0.019790
0.034345
0.033921
0.033763
0.016808
0.036529
0.036215
0.035754
0.036007
0.018214
0.032772
0.033461
0.030296
0.034511
0.032832
0.029263
0.033630
0.029358
0.034065
0.034941
0.020432
0.024547
0.016484
0.033630
0.034459
0.032606
0.035475
0.019929
0.016792
0.034999
0.026558
0.020300
0.035115
0.035858
0.024426
0.034811
0.018272
0.017959
0.019325
0.017520
0.037037
0.033413
0.019818
0.017631
0.034387
0.020339
0.021544
0.026836
0.018237
0.036633
0.034917
0.020852
0.017231
0.024283
0.033789
0.033950
0.033117
0.019069
0.028626
0.034267
0.036900
0.020704
0.023027
0.031252
0.037934
0.019589
0.034855
0.034926
0.033961
