513,257,108,209
510,256,113,217
510,256,112,215
510,256,112,215
510,256,110,216
510,255,109,217
511,256,106,217
510,254,107,219
513,254,105,219
513,255,104,218
514,254,103,218
516,255,98,219
520,252,94,221
521,253,94,219
523,254,91,219
524,253,90,219
525,253,89,219
526,253,89,218
527,253,88,218
526,254,87,217
526,253,87,218
525,253,88,218
522,255,93,216
522,256,93,217
517,256,102,217
516,255,104,217
516,255,106,218
516,256,107,219
515,255,108,218
514,256,110,217
514,258,112,215
513,257,113,215
511,256,114,217
510,257,116,216
510,258,116,216
510,257,116,215
509,257,118,215
506,257,120,215
506,257,120,215
505,257,120,214
505,256,120,214
504,257,120,214
503,257,119,215
506,258,118,214
503,258,120,214
505,258,119,213
503,258,120,213
506,257,118,214
504,258,118,213
505,258,118,213
506,258,117,213
507,258,118,212
509,259,116,213
510,259,116,213
512,257,115,214
516,258,113,214
516,258,113,213
517,258,113,213
517,259,114,212
518,261,116,210
519,261,117,210
519,263,117,208
519,263,118,209
522,263,117,209
523,262,117,207
523,262,117,207
523,262,117,208
524,261,117,209
524,261,116,208
524,262,116,208
525,264,116,206
526,264,116,206
527,262,115,207
527,263,115,207
527,263,115,206
528,265,115,205
525,264,116,205
527,265,114,206
525,264,115,205
525,263,114,207
524,263,113,207
523,261,112,210
522,260,111,211
521,259,110,212
519,259,111,211
519,259,111,212
517,258,112,213
515,259,113,212
516,260,114,211
515,260,113,212
515,259,114,212
515,260,112,211
516,259,112,212
515,260,110,211
514,259,111,211
514,259,111,212
514,260,111,211
514,261,109,211
516,261,108,210
514,260,107,211
514,258,106,211
515,255,105,214
513,252,108,215
512,252,108,214
515,253,106,212
516,255,106,211
518,257,104,212
517,259,105,212
519,260,102,212
515,260,106,212
514,261,104,210
515,259,105,212
515,259,103,211
516,259,103,212
516,259,104,212
518,259,102,212
518,259,101,212
520,259,100,212
519,260,99,212
519,259,100,213
519,259,100,212
521,259,98,212
522,259,96,212
523,259,96,213
526,258,92,213
527,259,92,212
526,259,92,212
528,258,91,212
530,258,89,212
531,258,89,213
531,259,89,213
532,258,89,214
533,259,88,213
535,260,87,211
538,260,86,211
537,260,87,210
538,260,89,210
540,260,85,210
538,261,90,208
540,261,87,209
541,264,84,205
540,265,86,204
542,267,87,202
539,268,82,200
539,267,85,200
538,268,83,200
537,269,86,199
534,269,90,199
534,268,92,200
533,269,91,200
532,270,93,199
534,270,94,198
534,271,91,198
533,271,93,196
528,270,92,198
530,271,92,196
529,272,90,196
522,274,89,192
519,275,89,190
519,275,88,189
520,275,84,190
519,275,80,189
517,274,81,188
513,275,84,186
510,275,86,187
510,277,89,185
508,276,90,186
505,278,90,185
503,279,88,185
503,281,94,182
501,277,90,184
500,280,82,183
498,278,85,185
497,278,81,185
498,280,81,182
495,279,80,183
493,281,80,180
495,282,77,180
493,283,82,179
491,281,80,182
491,281,78,180
488,280,82,180
488,281,85,179
490,283,83,177
488,281,85,180
487,282,88,179
485,283,88,179
481,282,90,179
481,283,93,178
483,284,89,177
485,284,86,178
482,283,84,180
483,283,88,180
483,282,83,180
483,282,88,181
483,279,84,184
481,279,86,184
483,278,90,185
481,278,89,184
482,276,89,186
480,278,87,185
482,277,88,187
483,276,87,188
483,277,87,188
482,278,84,184
484,279,85,185
486,276,90,187
486,269,90,195
490,268,91,197
490,271,92,194
490,268,97,197
491,267,96,198
493,266,95,200
494,267,98,201
500,262,103,206
500,264,90,203
506,266,96,203
507,263,86,207
511,262,89,208
513,260,91,209
517,261,86,208
521,260,89,209
523,260,97,208
522,262,109,207
521,263,121,205
515,262,131,205
515,262,135,204
510,262,141,204
515,261,159,206
544,259,126,210
548,257,112,211
552,256,92,215
559,260,129,209
564,247,123,223
567,245,110,225
577,240,120,232
577,242,109,227
577,239,123,232
577,240,133,231
581,242,133,228
589,245,129,227
590,245,136,226
595,244,134,229
616,241,115,231
621,239,111,236
634,236,103,239
641,235,102,239
644,233,106,240
650,232,103,241
656,233,103,240
660,233,111,239
667,235,112,239
664,234,121,242
671,235,115,240
678,235,113,242
687,233,113,243
697,228,110,245
703,226,111,251
711,223,116,253
719,219,116,258
724,208,114,269
718,216,120,262
737,216,119,261
730,220,112,260
758,223,117,256
761,193,134,287
760,183,135,298
766,183,131,300
763,181,135,298
762,183,133,298
761,183,135,298
759,182,140,300
755,183,139,299
759,188,134,295
756,187,137,295
752,186,135,297
754,191,124,292
749,185,130,297
747,185,128,299
753,187,125,295
747,184,123,300
749,187,124,297
752,186,120,298
749,185,120,298
747,185,123,300
751,185,122,299
748,181,128,302
752,179,123,305
753,177,122,305
754,178,119,306
754,179,116,306
754,179,117,305
755,179,120,305
753,179,126,305
752,176,125,306
752,180,125,303
751,180,130,304
749,181,132,301
749,182,127,300
746,182,131,298
746,181,130,299
744,183,132,297
743,183,131,296
739,182,131,299
736,183,132,299
727,184,130,298
723,184,130,297
719,186,133,297
714,186,133,296
714,186,142,296
710,190,126,292
713,194,140,287
704,194,137,288
731,210,138,271
705,197,130,283
711,207,135,276
789,227,116,256
702,212,147,269
781,227,123,256
789,229,104,252
789,228,107,253
790,229,106,251
786,228,109,252
789,227,105,253
786,226,109,254
791,227,107,253
787,225,108,255
784,227,99,253
790,230,106,251
707,196,132,288
792,224,110,261
708,190,131,293
703,192,133,293
788,227,112,255
789,224,95,257
795,224,106,256
798,221,100,259
796,220,106,260
800,221,106,258
799,219,108,260
803,220,104,260
801,219,103,260
803,221,105,260
730,199,121,284
725,212,126,268
728,188,117,295
748,210,122,272
726,197,127,288
737,216,120,264
730,216,119,266
749,208,110,273
725,209,120,273
716,215,118,268
732,207,123,274
718,209,121,273
762,208,108,274
780,206,110,275
720,213,117,270
771,208,114,273
714,213,118,270
782,205,116,277
773,207,122,275
718,199,116,281
740,206,116,277
728,208,114,277
785,218,113,263
785,216,112,266
782,215,119,266
784,213,120,269
786,217,116,265
773,216,121,267
779,214,121,269
684,205,140,280
679,186,143,305
774,215,122,268
785,221,118,261
787,221,111,261
790,222,111,259
784,221,115,260
787,220,115,262
784,220,116,263
784,219,113,264
784,219,119,263
781,219,117,265
786,217,118,264
782,219,116,264
785,216,119,266
783,217,117,265
781,217,119,266
782,215,119,267
782,215,119,268
782,215,116,267
780,216,119,266
781,216,118,267
780,215,115,267
768,216,127,266
759,215,136,267
779,216,118,269
765,216,127,266
770,215,126,269
756,214,138,269
780,213,117,271
755,213,142,270
783,213,114,272
756,213,138,269
777,214,120,271
758,212,138,272
769,214,125,271
761,212,131,272
770,213,125,271
772,213,118,270
770,213,123,270
770,213,119,270
771,214,121,270
771,213,120,270
770,213,120,270
772,214,119,270
770,213,121,270
770,213,119,270
771,214,119,270
769,214,119,270
769,215,119,269
771,214,121,270
770,214,120,270
769,215,120,269
769,214,122,270
770,214,119,270
770,214,122,269
768,215,122,269
768,215,124,270
767,216,127,269
764,216,131,270
759,216,133,269
758,220,133,265
755,221,137,264
756,222,137,262
753,223,136,262
760,220,129,264
758,219,131,266
758,217,131,268
759,216,130,270
758,213,130,271
760,210,127,275
760,205,125,280
758,197,124,288
754,188,128,296
748,174,131,310
746,166,134,319
747,173,132,312
747,181,137,303
747,180,137,304
745,180,138,304
743,180,138,304
741,178,142,307
740,178,143,305
737,174,145,310
741,181,143,305
741,176,144,311
757,208,134,280
745,201,143,283
753,212,138,275
771,210,123,276
761,211,126,274
770,210,120,275
775,212,115,271
776,212,121,271
774,213,132,270
775,213,140,273
777,211,135,273
776,212,138,274
778,211,139,273
779,211,149,273
779,212,152,275
778,211,154,275
779,214,132,273
776,211,152,273
778,213,129,275
771,210,130,274
765,211,126,273
746,210,142,274
745,210,147,275
746,210,145,274
748,212,142,275
772,211,124,274
774,211,115,274
772,212,117,272
769,211,119,273
770,211,119,273
769,211,121,273
774,211,118,273
774,212,120,272
772,214,122,271
769,214,128,271
769,215,129,270
772,216,127,267
777,217,124,266
778,218,118,263
783,220,117,262
783,220,114,261
782,222,117,260
783,224,115,257
780,225,120,256
778,225,117,255
776,228,117,253
771,230,122,252
768,230,125,252
767,230,125,250
764,230,130,251
761,231,128,249
757,229,132,251
527,187,128,306
524,190,126,305
525,188,124,307
520,187,126,308
518,185,122,311
514,183,128,311
502,180,134,317
727,231,125,245
729,233,117,242
727,235,122,243
727,237,124,238
730,237,120,238
729,236,119,237
729,236,118,239
732,235,115,240
739,234,110,242
739,234,105,242
738,234,112,240
737,234,110,240
737,235,108,239
739,235,107,239
740,236,108,239
740,236,107,238
740,236,108,237
740,236,105,237
739,237,111,237
739,237,106,238
742,237,107,237
738,238,104,236
744,237,106,236
740,237,102,236
747,235,102,236
745,236,94,239
743,234,101,238
743,234,96,239
738,234,102,239
729,233,120,239
754,231,96,243
751,234,96,239
752,233,97,239
758,232,95,240
758,230,96,241
749,230,105,243
745,229,106,246
752,228,99,245
753,229,98,246
747,230,101,244
749,230,102,244
739,230,110,245
739,230,111,247
737,231,112,247
732,231,119,245
733,232,116,244
728,231,120,246
728,229,123,251
722,229,125,251
727,227,123,254
721,226,125,255
722,224,126,257
718,222,132,261
718,222,129,260
714,219,128,262
714,220,132,264
708,218,130,264
704,218,136,265
702,219,133,265
703,220,127,265
702,219,124,266
699,219,125,265
694,218,126,267
691,215,128,270
685,214,126,271
672,212,133,274
663,210,139,277
654,208,147,278
649,208,148,278
647,206,154,280
645,211,148,279
646,208,148,280
646,211,146,279
646,212,141,278
645,209,131,280
642,211,123,279
637,212,122,278
634,212,115,276
629,213,113,276
626,214,114,275
624,215,114,275
620,216,119,274
616,217,120,274
612,218,126,274
611,218,126,273
608,220,129,273
606,219,131,275
604,218,132,275
602,217,133,276
599,215,136,276
600,215,135,276
598,215,136,278
597,214,138,277
597,214,143,277
599,213,142,279
601,213,142,279
601,212,140,280
605,212,140,281
605,212,135,279
609,214,133,280
609,213,130,279
612,213,126,279
618,214,121,279
619,216,120,275
622,217,119,274
624,218,121,273
623,218,121,273
625,219,121,272
626,220,122,271
628,221,121,268
630,221,121,268
629,223,122,266
631,223,120,265
629,225,122,265
629,225,123,264
630,225,122,264
629,225,123,264
627,225,122,264
625,225,124,264
623,226,124,264
622,226,125,264
621,224,126,266
619,222,126,268
617,223,127,267
613,225,131,265
612,223,129,268
608,224,132,267
612,224,127,267
615,222,124,268
614,221,124,269
615,220,126,270
612,221,129,270
618,221,126,271
615,222,128,269
617,222,127,269
619,224,125,266
622,227,122,263
625,228,123,261
626,231,119,260
626,231,122,258
627,231,122,259
626,231,122,259
627,231,125,257
628,231,128,258
626,230,131,258
626,230,131,259
625,229,134,261
625,227,140,263
624,224,134,265
621,223,134,267
617,222,131,270
615,220,133,270
613,218,140,271
612,219,147,272
613,218,164,273
614,219,157,272
614,218,143,272
610,219,135,272
608,221,139,270
606,222,138,268
609,222,132,268
608,221,127,270
610,221,127,271
610,220,127,272
610,220,128,273
609,218,127,275
608,217,129,275
608,215,130,277
607,215,130,278
608,214,129,279
607,214,129,278
609,213,129,279
605,214,131,279
605,214,131,280
608,213,131,280
605,214,131,279
606,214,131,279
604,214,130,279
608,214,131,279
605,214,131,279
608,214,131,279
606,214,131,278
606,215,130,278
608,215,131,278
605,215,130,277
606,215,131,278
605,215,130,277
607,215,131,278
605,215,131,278
606,214,133,279
604,214,133,279
604,213,134,280
602,213,134,280
604,212,134,282
602,213,136,282
603,212,134,283
604,211,135,283
604,212,133,283
603,212,134,283
609,211,132,283
604,212,133,282
607,212,132,284
605,213,131,281
604,214,134,282
604,214,135,282
605,215,133,281
605,216,132,280
604,215,133,281
604,215,133,280
605,217,135,281
605,217,130,279
604,217,134,279
604,218,133,279
603,216,134,280
602,218,136,279
602,219,135,277
603,221,134,276
604,223,133,274
601,223,134,273
607,224,129,272
606,229,125,268
606,230,127,266
606,230,126,265
606,231,126,265
608,232,126,265
608,228,122,265
605,222,127,275
607,183,126,318
606,175,134,326
606,206,133,290
604,210,133,286
606,200,130,294
604,199,134,294
601,194,136,299
601,198,135,294
597,181,138,312
603,199,132,293
598,196,139,296
597,200,142,293
597,201,143,291
596,202,144,292
596,202,142,290
596,202,142,292
597,199,143,294
595,199,141,295
594,199,139,294
595,198,137,295
595,197,137,296
595,197,136,296
593,199,138,294
594,199,137,294
594,195,135,300
592,196,140,298
591,202,141,292
593,175,142,319
590,204,140,289
593,176,141,320
587,205,140,288
589,192,143,303
591,191,144,305
590,201,143,295
589,195,142,300
586,200,148,296
584,200,146,295
590,180,145,315
586,205,143,289
593,174,145,321
584,206,149,288
580,204,152,292
584,205,144,290
581,207,151,290
579,206,147,288
581,208,147,287
579,210,150,285
578,211,145,283
582,210,142,284
579,212,141,283
583,212,126,282
582,212,120,283
579,214,122,282
580,215,135,280
578,216,144,282
578,216,150,278
577,218,149,276
574,218,147,275
572,221,137,275
570,219,126,276
574,221,110,275
575,220,105,274
575,219,108,275
564,221,117,274
566,220,114,275
567,220,112,275
570,221,111,273
567,222,108,271
569,220,103,272
569,220,101,271
568,218,103,275
568,220,101,272
562,220,103,276
505,219,124,280
498,192,124,308
498,189,123,315
499,183,131,318
484,181,142,319
493,181,135,319
505,178,134,320
504,178,138,321
505,179,140,320
522,176,132,321
516,178,138,316
521,177,139,317
510,191,133,301
508,198,135,296
497,229,121,261
494,230,129,260
486,230,134,259
484,230,122,257
483,231,113,257
478,233,111,258
474,234,112,254
471,237,108,252
470,238,106,251
468,240,105,249
465,240,104,248
462,241,107,247
461,241,107,245
459,241,109,245
457,242,107,244
453,241,103,245
444,240,111,245
441,240,106,243
433,241,109,241
438,240,108,243
429,241,108,242
430,240,111,245
424,241,117,244
417,242,119,242
413,244,115,240
413,244,116,239
408,244,110,240
409,242,109,241
399,244,119,242
403,243,112,238
398,247,115,239
396,245,113,238
397,246,111,236
390,247,115,236
394,247,103,236
392,248,102,234
393,250,94,233
386,250,97,231
386,250,95,229
373,249,100,230
356,248,113,231
350,248,118,233
342,250,122,232
340,249,125,232
346,249,111,232
334,248,122,235
329,249,131,232
327,248,128,235
322,249,133,235
326,248,130,237
323,248,135,236
322,247,132,237
320,247,137,236
322,243,129,240
324,244,122,239
323,243,110,238
324,246,112,240
324,245,107,240
323,245,108,241
324,246,107,241
324,245,105,241
322,245,107,241
320,245,110,241
318,245,116,242
319,244,117,241
320,245,124,240
321,245,124,241
321,246,127,239
321,246,129,239
323,247,131,241
322,247,129,240
326,248,128,239
327,248,126,239
332,246,124,240
338,246,116,239
347,245,113,239
354,247,109,238
359,245,102,237
370,246,94,237
375,245,95,236
377,245,95,237
382,245,93,237
383,245,90,238
385,243,94,240
387,246,100,239
383,246,101,239
388,244,96,240
388,244,93,241
389,243,95,241
390,244,92,241
391,242,94,242
391,243,93,242
389,242,94,242
395,243,92,242
394,241,95,244
392,242,97,244
392,241,99,244
395,241,98,244
393,241,98,244
395,241,96,244
394,241,95,244
396,241,93,245
396,240,93,245
396,240,91,245
396,240,90,245
396,240,90,245
394,240,92,244
397,240,88,245
398,240,95,244
394,240,100,244
599,179,122,317
594,168,132,322
595,172,123,322
602,167,122,327
599,166,121,328
596,170,126,324
597,174,125,321
598,166,127,328
599,178,116,317
599,168,128,323
602,167,115,329
599,166,122,327
598,172,123,321
603,167,123,326
601,165,117,329
598,166,125,328
596,173,122,321
601,167,121,326
601,165,117,328
599,165,123,330
598,178,123,316
598,169,125,323
599,177,122,318
597,169,126,323
597,172,123,322
600,169,126,325
598,165,120,330
595,172,129,321
597,172,126,322
597,170,127,323
597,171,127,323
595,174,129,321
598,175,124,316
596,178,130,317
596,173,128,319
595,179,128,314
597,180,130,312
597,180,127,311
597,184,128,307
597,185,127,307
596,182,136,308
598,177,127,315
599,185,129,308
598,181,132,311
598,178,127,313
599,186,128,306
601,184,128,307
600,183,128,307
601,178,123,312
601,186,123,304
601,177,124,314
601,180,124,310
603,175,124,315
601,176,125,314
602,172,124,318
605,170,119,320
605,169,119,321
606,167,119,323
604,164,123,326
606,158,120,333
607,156,119,335
608,159,120,332
609,167,117,323
612,165,117,324
613,162,111,330
614,171,109,322
613,168,112,324
610,168,115,323
609,167,120,323
608,162,115,329
608,165,117,325
609,163,117,326
610,162,116,327
611,163,115,328
611,164,113,325
611,167,112,322
611,166,113,324
609,166,117,324
610,165,111,324
611,168,111,325
610,166,113,326
610,168,115,322
608,168,121,322
611,164,114,325
611,171,122,317
609,170,122,318
611,178,119,309
611,171,122,318
613,159,122,329
613,145,118,342
611,132,124,357
609,163,120,325
611,161,123,324
612,152,123,334
614,138,115,352
613,143,112,345
617,144,116,345
620,140,121,346
617,145,119,343
622,137,129,351
613,154,131,332
620,137,135,348
612,151,145,334
618,156,141,328
618,157,140,328
615,152,143,334
614,154,143,331
612,153,139,332
616,158,129,327
617,150,124,335
616,151,125,335
616,151,124,334
614,150,124,334
617,155,122,334
607,146,132,337
613,153,128,335
611,152,131,334
616,152,127,337
616,153,130,333
617,151,128,336
617,149,132,338
608,153,136,333
610,160,139,323
594,168,135,316
595,154,152,331
605,150,136,336
604,147,134,339
604,148,134,339
601,149,136,337
609,151,128,334
604,145,132,339
605,151,127,333
512,238,134,238
526,235,134,242
607,221,112,261
595,222,116,260
587,219,112,264
583,230,112,250
570,234,89,241
578,228,85,246
583,224,86,251
593,199,130,285
587,181,146,303
583,176,150,310
577,185,152,301
576,190,151,296
572,195,155,293
568,197,151,289
562,193,157,295
557,201,158,286
546,199,160,290
542,205,163,280
536,202,165,288
536,206,168,282
560,217,144,269
584,209,111,272
597,228,105,252
596,229,109,246
592,232,115,242
522,198,129,292
509,198,133,296
517,223,137,258
510,218,140,270
607,237,117,245
604,242,120,239
600,244,119,239
621,244,103,226
621,244,102,232
618,244,105,231
616,244,106,226
612,245,111,227
606,246,118,226
605,249,116,223
601,249,116,219
601,249,121,222
605,250,118,216
600,255,116,217
598,253,122,220
583,253,137,222
586,254,132,222
588,246,127,225
580,251,126,224
578,247,113,228
578,252,101,218
577,258,95,212
576,257,92,215
575,259,89,213
568,259,91,214
569,259,81,211
565,259,80,207
562,258,82,206
555,259,85,204
550,260,88,206
546,258,93,208
545,263,96,205
544,264,102,206
541,261,101,206
535,260,101,210
530,255,99,215
527,252,96,218
526,253,89,217
382,234,119,257
363,214,149,285
357,218,154,271
357,216,154,275
351,188,161,311
346,182,165,316
343,188,167,312
343,187,166,312
340,192,167,306
330,186,177,312
332,189,181,308
324,188,188,308
316,191,195,307
306,193,210,305
307,197,211,298
308,206,209,289
311,216,215,276
304,208,209,289
306,216,212,273
304,209,202,289
319,216,194,273
307,213,185,286
306,213,191,281
296,209,188,287
386,229,143,261
296,215,177,276
331,220,187,269
297,218,216,275
292,224,218,268
306,227,200,266
304,226,214,270
307,229,216,264
304,231,212,261
293,231,229,262
297,236,227,259
294,234,228,263
292,235,237,260
314,241,211,256
333,237,177,261
328,237,179,259
325,233,172,262
319,237,151,255
339,238,141,254
329,238,139,262
313,234,149,263
315,235,141,261
318,234,133,261
328,228,137,270
349,234,137,263
349,222,193,276
358,218,172,276
352,221,184,274
346,234,173,260
357,233,178,261
374,225,162,270
258,255,138,225
382,213,154,279
383,187,162,307
386,178,163,314
398,178,154,321
410,172,145,324
415,183,136,313
417,172,133,325
420,170,132,327
420,168,133,328
422,169,125,327
424,166,126,331
423,165,124,331
422,163,124,334
422,165,126,334
425,163,125,336
423,164,125,334
424,161,123,337
421,161,125,339
423,159,120,340
422,157,124,342
416,169,133,332
424,160,120,336
422,155,125,346
240,249,110,235
237,248,108,236
239,247,111,236
238,246,110,236
243,246,110,235
245,246,108,236
248,246,110,237
248,246,115,237
253,242,114,239
256,242,109,240
259,241,113,243
258,240,112,244
261,239,116,245
262,238,112,246
267,237,111,247
272,237,109,246
277,235,106,248
280,234,103,249
283,232,102,251
283,232,102,252
286,232,104,251
291,232,113,251
292,231,122,253
294,231,129,252
292,230,145,253
302,227,139,257
440,149,118,350
424,161,133,333
299,230,154,259
308,231,135,257
311,230,131,254
310,230,134,252
323,228,127,251
454,137,104,354
449,139,104,355
451,145,100,350
452,146,98,350
451,146,99,351
455,144,101,351
454,145,97,352
458,144,100,350
453,144,98,352
456,146,111,346
451,148,109,348
448,146,117,348
421,155,149,341
443,146,125,349
415,147,150,350
415,170,156,329
444,144,136,349
442,148,120,348
456,146,125,352
456,152,121,348
459,148,123,350
458,150,116,348
462,147,126,352
460,153,120,345
464,151,131,345
460,150,146,345
461,150,130,343
465,148,138,347
462,148,131,347
469,147,139,347
458,147,149,348
461,146,156,347
461,149,159,349
463,149,163,351
465,148,165,349
473,148,164,347
481,151,165,343
496,152,156,342
517,149,140,346
511,150,138,349
526,145,132,354
521,140,139,361
531,167,134,330
531,184,135,316
547,225,131,262
526,238,106,258
522,238,101,249
527,236,107,260
532,238,109,254
534,237,113,246
535,237,110,245
537,235,110,242
534,235,109,242
534,234,109,241
536,235,108,240
541,235,105,238
547,236,98,238
549,237,94,236
547,238,95,235
547,239,94,234
542,239,97,234
541,239,98,234
556,239,85,234
542,239,97,233
556,239,85,233
540,239,95,232
551,239,87,233
536,239,101,232
544,239,94,233
533,239,105,232
536,239,101,235
540,240,97,234
544,239,96,235
541,238,98,236
542,239,96,235
537,239,101,235
538,240,98,235
531,240,103,234
526,239,106,234
522,239,110,233
521,237,112,237
524,238,112,238
524,237,108,238
532,237,101,238
533,238,99,236
530,239,101,234
538,238,94,236
519,240,107,233
526,239,103,236
527,239,101,235
530,239,98,235
532,240,97,233
535,239,93,234
534,239,96,233
532,241,97,231
530,239,100,233
533,241,98,233
531,241,98,232
533,241,95,232
533,241,94,231
533,243,93,230
535,241,92,230
533,243,94,230
533,242,93,230
532,244,92,228
533,245,93,227
531,246,94,227
531,246,94,228
531,247,93,225
530,249,93,224
530,248,93,224
530,249,93,221
530,249,93,219
531,249,92,220
530,250,92,219
528,249,94,221
527,249,94,221
528,249,94,222
527,249,93,222
526,250,93,222
526,249,92,222
525,250,92,221
522,250,94,221
518,252,96,219
519,251,96,220
516,252,97,220
515,253,98,219
513,253,99,218
511,253,98,218
508,253,100,218
506,252,99,218
503,250,98,220
502,252,99,219
499,252,100,219
497,252,104,219
495,251,106,219
496,252,105,218
494,252,107,217
493,253,105,216
489,253,107,216
487,253,106,217
486,252,105,217
486,253,101,216
485,253,104,216
484,254,103,214
483,255,102,215
481,254,101,215
484,257,105,214
481,254,101,215
482,257,103,214
480,253,105,217
481,254,101,216
481,255,102,215
481,255,98,215
480,253,102,216
477,252,97,218
476,255,95,215
477,255,97,216
476,255,98,216
474,254,96,216
473,249,96,221
470,251,95,220
470,250,97,222
469,248,95,224
468,249,95,223
467,247,95,224
466,246,95,225
465,246,94,226
465,246,93,225
465,246,94,225
463,246,94,224
463,246,94,225
465,246,93,225
462,246,94,225
463,246,93,226
462,246,94,225
462,246,93,225
463,246,92,224
461,246,93,225
462,247,92,224
461,247,92,223
461,248,92,223
461,248,92,222
461,248,92,222
461,250,93,221
461,250,93,220
463,251,93,220
464,251,93,219
463,251,93,217
463,253,93,216
464,252,93,217
464,253,94,217
465,251,94,219
466,252,94,216
468,252,93,217
468,253,94,216
470,255,93,215
472,257,93,213
473,259,93,211
474,258,94,210
478,259,90,209
478,262,90,207
480,260,90,209
481,260,93,209
482,260,95,208
484,264,94,205
486,261,93,206
487,264,92,205
489,259,95,209
489,258,94,210
491,259,100,209
493,257,92,210
494,257,93,209
495,258,91,207
496,257,93,207
497,257,93,209
499,256,97,211
497,256,93,211
500,254,100,212
497,256,91,210
501,258,92,208
499,257,92,209
501,255,97,211
501,258,88,208
503,255,93,209
502,255,91,210
504,255,92,209
500,257,89,207
504,255,93,208
499,256,91,208
504,254,96,209
500,259,86,205
503,258,88,206
502,258,91,206
503,260,91,203
503,259,86,204
506,256,88,208
504,258,88,207
505,259,88,206
505,259,86,205
506,256,84,208
508,256,86,208
507,258,88,206
508,258,86,206
507,257,86,207
507,257,84,207
509,257,86,207
508,255,85,209
510,255,83,209
509,256,84,208
510,255,83,209
510,255,82,209
511,255,81,209
513,254,81,210
513,255,81,209
515,253,81,210
516,254,80,210
516,255,81,210
517,255,89,209
517,256,95,210
516,257,105,210
518,256,125,208
517,254,125,211
522,257,125,206
527,254,122,211
535,258,118,206
533,259,122,204
533,260,123,203
535,260,121,202
538,262,115,199
541,261,116,203
541,256,118,207
541,257,124,207
543,258,130,206
545,257,136,206
546,254,151,207
547,251,168,211
781,219,102,241
777,222,97,238
778,222,97,236
778,221,98,237
775,221,101,237
775,220,105,237
776,219,100,239
771,220,110,238
774,220,103,238
771,219,108,240
614,257,111,205
615,263,109,197
617,264,113,195
617,266,101,193
619,256,104,204
620,261,110,199
622,261,100,199
621,265,107,197
626,257,110,202
626,250,94,208
625,262,77,196
625,259,77,198
624,261,78,195
624,257,80,198
623,266,85,189
624,266,83,190
624,264,83,193
625,269,82,189
626,262,85,197
624,271,87,188
626,267,89,193
624,268,92,191
624,268,97,191
622,268,104,189
619,268,105,190
623,265,101,194
620,265,103,193
623,264,102,195
624,264,103,194
626,264,104,193
617,266,113,192
612,267,117,190
610,268,120,189
607,266,123,192
606,258,121,199
606,255,121,203
606,256,119,203
622,259,105,200
631,264,99,194
631,265,99,192
640,257,94,200
641,236,91,227
646,225,93,237
639,225,100,236
642,224,109,239
638,222,113,240
637,219,114,246
633,220,113,244
636,217,112,245
633,218,112,244
633,217,110,245
634,216,109,245
634,216,108,244
635,216,106,244
633,216,104,244
630,217,103,247
631,217,101,248
628,218,101,249
626,217,101,248
625,216,102,250
621,216,106,252
613,215,112,253
615,215,109,252
612,212,108,256
611,213,106,255
600,211,117,258
598,212,108,258
591,210,115,260
588,208,119,260
586,207,120,261
590,206,115,262
589,205,113,264
588,204,114,264
590,205,110,263
587,205,111,264
588,206,108,262
588,207,103,264
588,206,102,264
585,206,103,263
585,204,102,264
583,204,103,266
579,204,110,266
574,202,113,267
573,202,112,266
575,202,107,267
575,201,110,269
574,202,106,268
574,201,107,269
570,201,103,268
569,202,104,268
564,202,107,268
555,202,106,269
559,204,95,267
533,203,120,270
530,201,121,273
545,201,108,270
513,204,132,265
497,200,154,274
534,204,116,268
519,205,123,265
530,204,118,265
522,206,119,264
519,205,127,265
514,202,124,267
502,203,130,268
520,209,113,261
501,206,127,266
486,204,125,268
488,205,120,264
489,206,122,263
486,206,119,262
484,209,116,261
481,209,116,259
477,210,116,258
477,214,112,253
477,213,109,257
477,212,106,258
476,212,103,260
477,212,98,260
476,212,97,260
473,217,99,255
471,216,99,256
467,215,98,256
464,214,102,258
543,232,94,235
539,246,91,223
545,238,90,227
542,246,86,219
547,238,87,227
544,240,91,226
549,238,91,228
553,230,89,236
554,234,94,231
557,229,97,235
555,230,103,233
556,229,105,235
559,228,108,236
560,230,106,235
560,231,104,233
562,234,101,231
565,236,108,228
563,237,107,228
565,234,112,229
569,236,116,227
568,237,111,227
573,238,125,224
571,242,116,221
574,240,125,224
572,232,133,231
569,239,121,224
575,232,134,232
570,238,123,225
576,234,131,229
572,241,119,221
574,250,112,213
576,247,112,216
575,245,116,218
575,253,120,209
574,248,122,216
574,253,123,208
574,253,112,208
573,251,117,212
571,249,125,214
572,253,121,209
569,244,123,218
570,244,127,217
566,245,134,215
567,248,136,211
565,251,125,208
563,252,121,208
564,247,115,215
570,249,115,212
562,250,119,212
569,253,118,208
565,253,114,210
572,254,109,208
571,257,114,206
572,259,111,201
574,260,108,200
572,263,107,197
574,260,102,199
575,259,104,203
574,259,106,201
574,264,101,197
572,260,110,201
575,264,106,197
574,261,95,200
572,259,96,204
571,251,94,211
574,256,89,205
574,256,88,204
573,256,87,204
574,256,88,204
572,257,88,203
575,252,88,208
573,252,87,209
572,252,88,208
569,253,90,207
569,254,90,207
571,258,88,203
575,251,85,209
573,258,85,202
574,256,84,204
573,258,84,201
573,260,85,201
571,260,87,200
571,262,85,199
566,262,89,199
568,264,86,197
564,264,90,196
557,263,91,199
553,263,89,199
546,257,87,204
535,259,91,202
527,253,102,210
530,258,97,203
531,256,95,204
530,256,91,205
523,255,96,208
512,257,106,205
501,256,119,206
500,254,121,209
498,251,123,211
318,228,112,243
312,226,114,246
313,226,112,245
310,225,113,245
305,226,118,243
301,227,112,239
300,227,111,242
295,229,101,240
297,229,100,242
295,230,97,241
293,237,107,237
172,259,102,214
289,228,119,244
290,227,102,244
455,260,112,204
448,255,117,211
449,263,112,202
286,227,119,245
288,235,99,234
440,256,111,210
446,259,111,205
453,253,100,212
280,230,102,241
462,261,88,204
462,260,86,205
462,259,87,206
461,260,88,206
459,258,90,208
456,261,92,205
454,261,90,206
449,256,91,211
446,258,93,208
443,258,93,209
442,257,92,210
439,260,93,206
439,263,93,203
441,262,87,205
441,257,85,208
437,261,88,204
433,259,93,207
424,261,99,206
425,254,106,211
422,254,107,213
426,254,104,213
419,256,111,211
414,252,115,214
211,233,112,234
204,234,90,235
210,258,96,214
207,235,118,233
206,233,102,232
217,239,116,233
210,233,102,234
225,236,106,234
450,261,81,202
446,253,79,211
447,258,79,205
446,254,78,210
447,255,79,208
446,256,79,208
447,255,79,209
445,256,81,208
445,254,84,211
444,254,90,211
440,255,92,211
439,257,93,209
434,258,98,209
432,258,102,208
435,261,98,206
433,261,96,205
433,259,103,208
434,261,98,205
434,260,106,207
435,261,96,206
434,256,107,211
436,254,105,212
438,253,105,214
438,253,106,213
439,252,108,214
438,248,110,218
439,248,112,219
441,248,113,218
442,249,112,216
445,248,109,217
448,250,108,216
450,248,101,219
453,253,100,213
456,251,101,216
459,250,101,217
458,251,100,217
464,250,98,218
464,252,94,217
465,252,103,217
470,249,98,218
473,251,95,215
476,252,95,215
478,250,97,218
479,251,92,217
482,250,94,217
482,252,94,215
484,252,96,215
484,252,97,215
484,253,96,215
484,253,98,215
484,254,95,213
486,253,96,214
485,255,95,212
485,254,97,213
485,254,96,211
487,254,98,211
486,255,95,211
487,255,97,209
487,256,95,209
488,254,95,210
489,255,98,210
489,254,99,211
490,253,103,211
489,253,104,212
493,253,102,211
492,253,103,213
494,253,103,213
498,252,99,213
500,252,97,213
502,253,95,213
504,252,97,214
506,252,91,213
507,250,93,215
510,252,91,213
513,250,89,215
511,250,91,215
514,251,95,214
516,252,94,214
518,251,93,214
517,251,93,214
519,251,93,213
519,251,95,213
518,253,96,212
517,252,98,213
515,253,101,212
513,253,104,212
512,252,105,212
514,250,105,214
514,251,107,215
513,249,111,216
512,248,105,217
510,247,105,218
513,248,102,217
518,249,97,217
519,252,97,214
527,251,90,215
536,249,81,215
540,246,79,216
542,245,79,216
540,244,79,216
540,246,82,214
540,247,82,215
535,245,87,217
534,250,86,214
542,247,81,217
540,247,85,216
544,246,89,219
548,246,102,219
551,246,120,218
560,237,133,227
545,235,154,229
542,239,166,226
543,236,161,225
544,237,164,227
544,236,161,228
558,239,152,226
559,235,133,230
559,236,109,233
569,234,98,233
569,235,97,234
572,232,97,238
572,232,97,237
568,232,104,238
571,233,103,238
572,231,111,239
558,231,142,241
560,226,121,246
537,226,108,242
498,215,132,263
501,195,138,279
499,192,133,285
518,208,135,264
508,192,142,282
521,197,132,277
515,197,141,280
534,218,173,257
539,198,145,275
562,209,135,267
566,186,111,289
575,194,102,282
575,185,109,289
579,182,109,290
579,186,109,287
580,180,129,293
582,186,140,288
585,185,143,287
581,184,148,292
591,188,147,287
588,198,126,272
624,184,113,291
581,213,107,260
583,214,104,260
584,227,105,246
583,226,105,248
585,224,103,249
584,225,104,248
583,224,104,249
588,224,104,249
586,224,105,249
588,225,103,247
587,225,105,247
590,226,102,246
589,227,105,246
590,228,103,245
591,229,100,243
596,227,98,245
602,227,92,243
600,227,92,243
604,226,91,245
606,228,87,243
604,228,90,242
607,227,88,242
606,227,89,242
606,226,89,243
604,227,92,242
604,226,92,243
604,225,92,244
603,225,93,244
603,225,93,246
603,225,96,245
602,225,97,246
603,224,97,246
603,223,96,247
605,223,96,247
604,224,93,247
603,223,97,248
603,223,93,247
604,222,96,249
603,224,94,247
601,223,98,247
600,223,98,247
599,223,99,247
598,223,99,248
596,222,101,248
595,222,101,248
594,222,102,248
593,223,102,247
590,224,106,247
589,224,108,248
588,224,107,248
585,225,107,247
583,224,110,246
580,227,112,246
579,227,113,246
579,227,111,246
579,230,112,244
576,231,113,243
576,229,119,244
574,232,121,240
572,232,120,240
570,231,122,241
568,234,121,238
566,233,115,237
567,231,105,239
563,232,103,237
560,235,96,233
557,234,98,233
554,232,101,237
551,234,101,237
552,234,98,237
551,234,99,237
550,235,97,236
547,237,97,233
543,238,102,232
543,237,98,234
538,238,99,231
534,239,102,231
535,240,100,230
528,243,102,227
527,242,104,228
523,240,107,230
521,241,109,229
516,239,112,230
514,238,112,231
512,238,112,232
511,239,110,230
509,239,111,230
508,240,107,229
505,239,106,228
506,241,108,227
504,240,107,228
504,239,108,228
503,240,107,228
502,240,108,227
504,241,106,226
503,241,107,226
504,241,106,226
505,241,105,226
506,240,104,226
506,241,104,226
506,240,104,226
506,241,102,225
505,242,104,225
505,243,102,224
504,244,103,223
502,245,100,222
501,247,100,221
498,248,102,218
493,250,101,216
490,249,104,217
488,248,104,218
487,248,105,217
484,248,106,216
482,247,106,219
478,245,108,220
475,245,110,220
472,247,104,217
473,247,94,218
473,249,92,216
468,249,86,216
469,251,85,212
465,251,88,212
463,249,88,213
456,248,89,215
449,248,99,215
442,246,104,219
440,244,105,219
434,247,110,219
433,246,112,219
431,248,115,216
428,249,114,214
429,251,112,215
422,253,117,213
413,255,116,214
420,249,114,218
410,251,111,217
394,247,128,221
389,243,131,224
401,242,122,225
404,241,113,226
407,238,110,231
411,237,106,232
416,238,104,232
419,239,105,230
419,239,109,229
421,239,119,230
420,237,117,235
422,238,119,232
421,237,115,235
423,237,120,236
421,236,119,236
422,236,116,237
424,236,104,237
423,233,101,238
424,236,98,236
423,235,98,236
427,233,98,238
429,236,100,234
426,235,108,236
420,234,121,237
410,232,137,237
398,232,155,238
389,234,155,236
374,233,169,239
401,233,157,238
381,233,177,238
382,233,173,239
416,234,138,239
434,229,123,244
438,232,111,240
444,230,112,242
450,230,108,242
452,231,106,241
455,230,105,241
454,231,106,242
456,230,105,242
457,229,107,242
458,230,106,243
459,229,106,244
461,229,105,244
464,228,106,245
466,229,104,245
466,228,105,246
468,228,103,246
470,227,104,246
471,226,106,246
472,226,107,247
472,227,105,247
474,225,108,249
473,226,107,248
472,227,108,248
473,225,107,248
476,226,109,246
475,226,107,245
475,222,109,249
475,221,105,251
476,221,109,250
474,221,108,252
477,221,111,251
473,224,110,250
476,224,111,249
474,224,111,248
474,224,112,247
473,223,114,247
468,223,116,247
465,222,118,249
469,223,118,248
464,222,122,249
487,225,109,246
483,226,102,243
480,226,113,244
496,227,119,243
498,227,127,243
498,227,123,240
506,227,118,243
505,228,117,242
509,230,116,241
509,229,118,244
513,230,115,241
519,230,110,242
520,229,110,242
522,230,110,241
524,230,113,242
529,229,118,242
523,230,127,242
531,229,122,241
529,231,126,239
537,229,121,240
543,231,119,240
536,229,127,242
539,230,120,241
537,229,116,241
527,228,120,243
534,226,108,243
533,229,103,243
545,227,91,244
539,226,94,244
547,226,89,246
542,226,91,245
541,225,92,246
542,226,90,245
520,226,110,244
519,224,115,249
509,223,122,250
537,223,97,248
543,224,90,247
539,224,91,247
538,224,93,248
540,224,92,248
542,224,90,247
543,224,88,247
544,224,88,246
544,224,88,246
543,224,90,246
543,223,98,247
539,225,103,247
539,225,110,247
534,224,114,249
537,223,116,248
531,224,119,249
537,223,114,249
532,224,109,249
535,224,106,248
536,225,102,247
538,226,100,246
537,225,99,247
537,225,99,247
537,226,98,247
536,226,100,247
537,226,98,247
537,225,98,247
536,226,98,247
535,225,98,247
535,226,99,247
535,226,99,246
535,227,98,245
534,227,98,245
533,227,99,245
534,227,99,244
534,227,98,244
535,227,97,243
540,225,93,245
542,226,89,244
543,225,89,245
545,226,87,245
539,225,92,246
539,223,97,249
528,226,103,247
521,224,113,249
516,223,115,253
518,221,113,254
524,221,106,255
530,221,101,253
539,223,93,251
534,221,91,252
535,220,94,253
537,220,92,255
535,221,91,254
539,221,91,252
537,221,90,253
537,221,94,253
533,222,92,252
537,220,96,254
530,223,101,252
531,224,105,251
527,225,110,250
525,224,114,251
522,224,118,250
520,224,120,248
518,226,120,243
514,227,118,247
517,225,110,248
516,227,109,249
515,228,107,248
514,230,104,247
512,229,106,246
508,231,108,243
505,232,113,243
493,233,124,242
502,235,109,238
492,236,115,240
493,235,114,239
487,234,116,240
483,234,121,241
479,233,123,244
483,233,117,243
474,231,122,247
469,232,118,244
469,231,113,244
467,232,106,244
466,233,102,245
466,232,100,244
466,233,101,244
468,233,98,244
468,232,96,244
467,230,97,245
466,232,98,245
465,235,97,244
461,238,100,240
466,234,102,255
466,236,102,256
465,229,106,265
462,230,111,269
386,135,173,371
372,125,195,380
380,128,205,379
378,124,209,384
392,123,210,383
455,128,158,379
450,126,184,377
453,125,194,382
450,124,210,385
452,121,225,381
451,123,216,380
465,127,212,375
484,126,202,376
489,127,180,376
476,166,169,335
519,132,151,369
530,166,149,336
497,221,146,262
531,207,139,274
516,231,152,253
561,223,141,257
478,254,119,221
484,261,99,206
483,259,104,208
488,259,103,211
493,256,100,214
499,258,100,212
501,255,101,213
503,255,106,218
510,259,102,213
519,264,96,203
524,263,93,207
532,262,92,203
534,266,96,198
537,253,98,210
538,246,102,218
625,244,116,235
632,232,115,250
628,226,122,253
630,155,119,333
609,153,137,337
624,152,129,333
600,154,148,334
623,172,133,317
588,201,148,286
622,164,128,323
610,153,139,331
620,162,133,322
610,161,142,320
618,161,141,320
615,161,137,322
612,162,141,320
612,163,145,320
616,165,138,318
615,170,140,312
613,172,141,308
614,175,142,304
613,178,143,303
614,178,139,304
611,177,133,305
613,178,132,306
609,178,125,305
614,177,112,305
607,173,118,303
604,179,119,296
603,181,118,295
599,180,123,295
593,179,129,298
596,183,124,294
597,183,126,292
598,183,122,291
598,187,117,288
588,189,123,286
591,188,120,285
587,189,125,286
588,189,126,286
588,188,124,285
591,190,112,282
590,193,122,278
585,193,115,279
582,192,109,277
583,196,102,276
583,196,103,276
581,196,102,276
582,194,98,277
575,196,101,275
566,198,110,271
563,201,114,269
554,199,120,270
545,198,126,274
541,189,150,281
540,177,159,292
531,184,180,286
567,187,153,281
526,196,171,272
550,204,135,263
526,195,196,269
556,206,110,259
561,201,134,265
526,201,133,269
519,201,122,267
539,202,109,268
536,202,105,264
547,204,99,262
543,203,98,262
544,207,98,259
542,210,97,256
536,212,101,253
539,212,98,253
534,214,103,250
511,216,124,250
527,209,111,256
507,210,126,255
515,204,114,262
502,203,123,260
495,201,126,262
477,198,137,264
486,204,127,255
514,212,101,250
508,214,99,249
500,215,105,246
504,215,104,248
493,214,111,246
498,215,123,249
500,215,104,244
494,218,104,242
492,219,106,241
485,219,112,243
491,220,103,239
489,221,105,237
484,220,109,239
485,221,101,239
484,222,99,236
481,223,95,236
481,223,87,236
478,223,89,237
474,223,90,235
467,223,98,235
465,223,93,237
462,223,96,237
461,223,95,238
458,224,97,236
454,224,100,234
431,227,120,232
435,223,113,236
431,225,118,235
432,224,119,235
430,236,119,225
418,228,120,231
190,277,78,182
194,287,75,172
192,288,73,171
190,289,74,170
189,287,74,171
188,288,73,171
187,289,70,170
191,286,72,173
190,288,71,170
190,287,72,171
193,288,71,170
195,287,71,170
195,288,70,171
196,287,68,172
196,288,66,171
197,287,66,172
198,288,65,172
197,289,67,173
198,289,65,172
198,287,65,174
198,290,65,173
198,286,64,176
198,290,67,174
197,288,68,175
198,288,65,176
197,289,66,175
197,291,67,174
198,290,67,175
198,291,67,174
199,293,67,172
199,294,67,172
198,294,68,172
199,292,71,174
195,293,70,174
200,293,73,174
196,294,71,172
200,292,72,174
197,293,70,172
201,293,71,173
199,293,70,172
203,290,69,175
202,290,68,173
203,291,67,173
201,290,70,172
202,289,72,174
200,288,71,174
205,287,70,175
203,289,70,173
203,289,68,173
202,288,69,173
202,288,69,173
201,288,69,173
199,288,70,174
199,287,71,175
198,284,75,177
309,239,98,224
303,241,94,223
195,282,75,184
305,238,99,225
430,255,108,206
427,259,108,198
290,242,110,222
191,280,79,185
195,287,70,177
192,286,67,175
194,287,63,178
194,289,62,175
193,286,63,177
195,289,64,175
192,287,66,177
193,288,65,176
192,286,65,178
191,288,65,177
192,286,65,179
191,287,65,178
193,290,65,175
190,285,67,180
192,284,64,182
191,287,66,179
194,290,65,175
192,288,68,178
192,287,68,178
191,288,67,178
190,287,66,179
190,287,64,178
192,288,62,178
190,283,67,184
193,281,67,185
191,283,69,186
268,237,64,234
190,277,76,190
266,235,75,235
376,243,110,233
379,241,108,236
378,240,108,239
376,237,111,242
377,234,110,246
374,232,113,248
378,231,111,244
373,231,117,246
375,229,115,251
378,228,114,252
374,228,119,253
381,228,118,254
380,229,120,254
388,228,119,255
393,227,115,257
393,229,119,258
395,226,113,262
395,224,117,262
391,222,124,266
390,217,124,270
391,215,129,269
390,216,129,270
385,215,137,272
387,215,142,271
389,214,144,276
389,214,144,278
386,216,149,275
392,218,146,274
395,216,144,277
396,214,136,280
394,210,141,283
407,207,138,287
410,205,133,287
411,205,137,289
414,204,141,291
414,203,142,293
417,205,148,292
419,204,146,292
416,204,146,295
421,204,140,297
424,202,138,299
424,202,137,299
428,200,137,301
432,200,130,300
435,198,130,301
441,198,130,300
443,196,124,301
449,194,123,303
454,195,125,303
456,194,123,302
458,194,109,303
468,194,105,306
469,192,129,308
465,191,143,309
459,189,127,316
464,188,144,311
458,185,119,319
463,189,146,313
454,186,130,319
455,184,142,318
450,184,134,320
451,182,141,319
451,182,149,321
447,183,143,322
443,183,139,321
439,185,147,318
436,187,150,318
433,190,152,316
432,192,148,315
429,195,137,313
426,195,154,311
422,198,135,309
419,196,149,309
419,196,160,311
414,197,152,306
414,196,167,307
411,198,155,305
410,198,166,304
406,199,159,303
405,199,165,302
404,200,160,302
406,202,155,302
409,201,149,301
409,202,149,301
410,204,138,299
413,202,141,300
415,204,134,298
418,202,127,300
419,205,127,296
423,205,129,296
422,207,131,293
424,209,135,292
428,211,146,290
425,214,133,285
427,216,138,284
427,219,136,281
425,220,143,280
426,220,147,278
425,219,153,278
426,220,144,277
426,219,141,279
426,217,140,283
429,214,141,285
429,214,139,284
431,213,141,285
431,211,139,288
432,210,144,289
431,208,129,291
431,208,141,291
430,207,125,294
430,205,127,294
430,206,125,295
428,206,124,294
427,206,123,294
427,205,124,292
427,204,126,293
427,204,130,292
424,203,129,296
426,203,130,295
425,203,130,296
424,205,131,295
425,207,129,294
425,209,131,292
428,212,132,289
429,214,141,285
431,214,135,286
431,215,129,285
431,215,136,284
430,215,140,283
433,214,150,284
430,211,143,287
433,210,151,291
432,208,155,294
432,208,147,295
437,203,148,297
430,204,125,298
431,202,131,297
425,203,132,295
416,202,141,298
256,139,146,381
261,128,148,387
251,120,159,397
259,120,154,398
260,115,155,404
266,116,150,410
271,112,148,410
273,110,152,415
272,108,162,420
266,107,169,417
276,103,167,422
421,205,156,305
424,211,138,293
428,216,149,288
425,215,160,287
423,216,158,288
425,217,142,284
432,214,144,288
432,214,144,288
431,214,147,294
434,211,147,293
438,207,140,299
444,208,140,295
445,205,138,297
461,204,133,296
449,205,153,300
411,200,177,311
377,118,133,416
376,100,135,425
413,186,152,323
439,198,133,309
408,184,136,330
397,74,170,463
402,69,186,458
391,68,205,459
399,66,225,461
406,68,220,467
397,67,231,469
393,60,236,478
411,60,229,479
416,57,219,478
463,56,183,473
401,219,140,293
381,214,170,288
400,208,149,295
384,207,169,295
400,208,150,296
384,206,168,295
403,209,147,294
389,205,163,296
398,212,152,288
396,208,160,293
396,209,159,292
401,210,154,291
401,207,158,294
405,208,148,293
407,205,148,297
410,206,150,297
411,206,144,296
413,204,144,297
412,205,142,297
413,204,142,299
412,202,143,298
412,204,142,299
413,203,141,299
412,204,142,299
414,207,141,294
414,209,141,293
415,212,140,289
415,215,138,288
413,215,139,286
415,216,138,286
414,213,140,288
416,213,140,290
414,210,140,291
414,211,141,292
416,210,141,291
416,210,138,292
416,211,139,291
415,212,137,290
415,211,136,290
416,212,135,290
415,213,135,290
415,213,135,290
416,211,136,292
415,211,136,291
414,210,136,292
414,209,135,293
414,209,138,293
415,211,137,292
415,212,136,290
414,215,136,287
412,218,139,284
407,221,144,280
411,225,136,276
410,228,138,274
409,229,138,273
410,229,135,272
414,228,132,271
413,226,134,275
411,217,139,283
413,209,138,292
413,195,138,305
413,179,132,321
421,148,131,350
421,128,128,372
416,178,130,316
421,99,136,398
409,179,140,309
416,175,132,316
412,181,138,310
418,187,134,308
410,192,139,305
418,195,136,303
415,197,134,302
407,196,139,304
405,194,143,306
409,192,146,307
408,194,143,305
407,192,146,308
405,192,144,307
410,193,143,307
411,193,143,305
411,192,144,306
405,194,147,305
408,192,149,306
398,193,156,305
400,195,155,304
396,195,159,303
390,197,166,301
380,199,172,300
374,197,175,302
370,201,172,301
369,199,159,301
378,198,160,303
373,196,158,304
377,195,148,305
377,195,149,307
381,194,143,304
376,194,137,306
380,192,128,308
377,192,127,306
379,192,128,304
377,191,126,306
377,192,127,307
376,192,127,308
373,192,129,309
374,191,133,310
363,190,141,312
371,185,159,319
361,195,148,311
367,192,168,310
352,192,185,313
354,192,197,312
346,193,200,311
342,193,195,310
332,194,215,311
322,195,219,308
316,197,226,303
314,195,214,307
324,195,208,309
327,195,200,308
332,194,199,309
340,195,164,309
353,191,149,315
353,191,138,316
353,191,130,315
354,192,122,312
351,194,123,308
347,195,125,309
347,195,129,309
342,193,131,310
338,192,135,312
339,193,136,310
336,194,132,308
335,195,133,307
335,194,130,307
333,195,127,306
332,196,128,306
330,196,124,305
333,199,128,303
330,200,121,302
332,203,129,300
331,205,134,297
333,207,134,296
332,208,134,296
336,211,134,292
338,212,130,291
341,214,131,289
339,214,128,289
348,217,127,284
347,214,128,286
351,215,127,285
355,214,122,285
359,214,115,283
357,211,117,286
365,214,115,280
368,213,111,282
373,214,109,281
379,216,110,280
381,218,107,278
380,220,105,276
385,222,103,274
384,232,105,262
392,235,110,258
383,236,118,253
391,227,111,264
385,239,109,250
401,241,106,252
410,220,137,279
412,176,149,322
409,169,155,330
415,162,168,338
404,157,168,342
410,158,158,335
416,182,141,316
425,166,170,332
421,157,166,339
418,160,142,338
432,160,155,337
427,158,161,340
437,165,154,333
436,157,157,339
438,158,156,341
443,157,154,341
440,158,159,340
438,159,157,339
440,160,155,340
442,160,152,338
444,161,149,336
449,161,145,334
450,163,146,333
450,161,151,335
453,161,151,333
452,162,150,335
449,163,150,332
449,165,153,333
450,164,148,334
449,165,153,333
449,164,149,337
450,162,149,338
445,162,153,339
444,160,154,341
441,159,152,342
440,159,154,343
437,161,154,342
434,160,154,342
444,226,154,281
464,231,139,272
501,245,107,251
505,247,93,246
514,249,92,243
508,246,91,246
516,248,90,244
515,248,90,239
518,247,91,236
522,249,92,230
526,249,90,230
526,249,91,230
526,249,95,236
525,250,99,239
521,247,105,246
510,250,115,244
536,250,104,232
533,254,110,232
522,256,106,233
534,255,108,236
470,249,120,243
551,254,116,231
554,252,119,232
451,247,131,248
551,250,119,234
456,243,129,249
568,246,111,237
452,224,132,280
575,248,106,231
583,246,94,232
585,252,94,228
592,255,91,221
452,232,127,272
449,236,134,261
448,231,134,270
450,199,130,307
448,201,127,306
446,222,126,283
446,191,129,316
442,159,131,345
442,161,127,342
442,161,129,340
439,165,136,339
441,167,127,337
437,168,133,336
436,167,137,335
430,169,138,334
430,168,135,333
433,167,141,334
425,178,138,326
434,167,134,334
424,170,143,332
418,168,148,334
428,167,142,334
419,168,146,334
428,167,139,334
417,170,141,331
424,168,142,333
424,170,141,332
423,169,140,332
424,170,139,332
425,171,139,331
429,170,137,332
427,167,142,335
423,165,143,337
420,162,149,339
425,169,143,334
420,164,144,337
428,162,145,341
414,165,146,339
427,163,142,341
419,164,140,340
426,163,139,340
422,165,134,338
426,167,139,336
422,166,125,336
428,166,127,338
425,162,124,342
431,165,122,339
428,163,120,340
433,163,116,342
434,163,115,343
435,163,114,344
436,163,112,343
440,162,111,345
440,162,109,345
441,163,111,344
441,161,110,345
439,160,114,343
440,162,112,342
441,162,112,342
440,162,114,343
441,162,112,343
442,161,114,343
440,163,117,342
440,161,114,344
439,162,115,342
439,166,129,338
437,166,123,336
438,166,133,334
441,166,125,335
444,172,121,329
445,171,135,331
444,171,126,332
447,167,121,335
449,171,118,332
445,160,120,342
448,186,114,319
452,188,112,320
451,154,106,352
518,246,109,242
517,247,99,239
517,248,96,238
520,249,94,232
519,246,96,246
459,187,117,317
453,149,115,355
453,150,130,353
447,152,123,352
443,154,123,351
445,151,125,350
443,155,119,348
443,154,112,351
447,152,116,350
441,156,112,348
442,152,113,351
443,155,115,349
440,155,116,347
441,155,115,347
437,155,117,349
440,155,114,346
434,155,118,347
438,155,114,346
431,154,119,348
436,155,116,346
424,154,129,346
416,153,134,346
424,154,129,347
418,156,130,343
422,153,131,347
429,158,120,347
426,157,126,345
421,158,128,343
426,157,125,343
420,158,130,344
427,158,125,343
428,158,121,344
431,157,121,346
425,157,128,344
425,158,126,344
425,157,130,344
416,158,141,343
423,157,135,346
414,158,141,346
419,157,138,344
410,159,144,346
412,160,146,338
409,163,146,337
401,165,147,332
411,167,135,330
393,168,154,331
384,167,149,330
378,170,154,329
382,186,154,314
364,195,167,312
370,188,162,313
361,175,165,332
349,176,175,333
363,175,166,332
357,185,163,323
358,191,149,313
356,175,132,332
347,174,133,331
343,171,138,332
339,172,143,330
339,171,142,331
328,167,158,334
321,165,168,342
315,169,176,338
308,163,176,343
311,168,177,344
308,156,162,352
306,156,158,356
305,156,159,357
297,156,157,360
295,153,156,356
288,156,153,354
287,154,142,355
286,152,140,360
280,151,141,359
281,148,135,362
282,148,129,362
280,152,128,359
275,151,134,361
274,149,132,363
271,150,124,360
266,148,122,366
252,150,134,363
248,147,143,365
226,146,160,364
209,145,175,364
203,147,185,366
197,145,192,368
195,148,192,365
192,152,195,363
190,152,192,363
190,153,185,364
188,154,198,362
189,155,186,363
188,156,199,360
188,154,198,365
188,155,170,356
183,153,168,365
180,154,160,362
185,154,144,362
185,156,141,355
184,159,140,356
180,161,138,351
181,160,135,353
179,162,135,352
172,163,140,350
165,164,145,347
161,165,155,349
142,165,167,349
131,165,183,349
127,168,186,344
123,170,185,346
124,175,183,340
120,178,181,337
121,181,188,336
120,188,181,330
119,189,180,327
117,192,184,323
114,191,187,323
110,193,185,320
107,194,180,318
100,193,168,318
92,194,173,313
92,190,163,320
98,191,158,318
85,191,150,319
107,193,139,312
86,192,142,317
111,203,131,311
91,202,137,311
105,201,136,312
109,205,134,308
98,205,145,310
94,204,157,309
104,201,147,312
88,200,162,313
113,194,148,317
110,195,150,320
116,198,161,317
119,188,162,325
118,184,172,332
113,180,175,331
117,181,193,334
119,174,200,341
118,175,207,342
118,176,207,343
118,176,200,342
119,174,208,342
119,172,207,345
127,167,203,348
132,166,198,349
138,162,195,352
156,162,183,354
168,159,182,355
180,160,152,353
197,157,146,354
200,158,132,355
201,154,134,360
203,156,129,360
207,155,126,358
207,154,127,361
211,153,125,359
216,152,122,363
212,153,125,360
211,151,126,361
213,150,127,363
209,152,131,362
210,151,129,357
217,151,129,359
210,152,131,362
206,151,141,357
217,150,154,361
216,152,140,361
218,155,164,360
216,157,175,357
220,162,166,352
224,165,162,349
223,153,156,360
222,151,149,364
231,131,149,384
230,128,155,388
231,120,145,392
239,90,148,423
236,94,131,420
234,74,137,439
234,104,126,407
240,89,127,415
236,86,137,416
239,91,139,413
247,90,142,415
521,242,126,239
541,244,99,239
542,244,88,235
541,245,90,234
540,246,87,235
535,246,89,236
534,246,90,237
530,245,93,238
523,244,100,241
519,244,104,242
516,244,106,244
513,244,110,244
510,244,122,244
509,241,129,245
507,240,132,244
508,240,135,243
505,238,137,244
504,239,137,245
504,239,134,245
503,240,130,244
502,240,123,244
504,239,118,244
503,239,116,244
504,238,115,244
503,240,111,244
504,240,111,245
502,239,111,244
504,240,111,244
503,240,113,245
502,239,112,244
503,240,112,244
504,241,111,244
503,240,111,243
505,240,111,244
504,240,111,243
505,241,111,243
506,242,113,242
505,241,110,240
507,241,109,242
507,243,110,241
506,244,111,240
506,244,111,242
507,246,111,239
509,244,109,241
507,245,107,241
505,243,111,243
502,244,114,242
501,245,114,241
498,248,116,238
494,248,119,237
489,249,124,237
482,250,128,237
475,250,131,236
477,247,129,237
472,247,132,239
463,247,144,240
414,248,119,239
404,239,115,262
461,246,134,253
420,231,154,275
398,140,181,377
390,136,204,381
401,133,208,385
430,130,189,384
446,133,175,377
432,139,176,377
492,130,152,386
498,131,145,383
510,128,157,383
511,126,190,388
513,123,204,386
515,135,210,373
513,129,218,379
517,126,217,386
520,123,225,391
524,128,238,391
534,125,238,389
550,133,235,385
572,125,202,389
596,133,175,380
632,134,157,378
648,119,151,384
658,124,163,388
379,255,123,226
402,261,98,217
402,261,94,218
399,264,95,213
399,264,93,212
400,265,93,211
397,266,94,210
398,266,93,210
397,265,93,210
396,265,94,210
394,266,94,210
392,264,94,210
394,264,93,211
392,266,92,208
392,265,90,209
391,265,91,208
389,266,92,206
388,266,94,207
385,265,94,211
381,264,99,213
382,261,96,215
380,262,97,216
380,261,96,216
379,262,95,216
376,261,97,216
373,261,99,217
369,261,105,218
354,260,121,219
356,259,119,219
355,258,119,218
357,259,115,218
357,259,109,218
355,260,98,220
353,258,93,221
352,259,94,220
349,259,93,220
348,259,95,220
346,259,95,221
343,259,96,220
342,259,97,220
340,260,98,219
339,260,99,220
339,260,104,219
338,260,108,219
338,260,111,220
341,260,113,221
344,259,108,220
348,258,113,221
351,259,101,220
353,259,103,221
353,258,106,220
355,258,105,222
358,259,110,221
360,258,113,223
361,257,112,221
364,256,112,224
368,257,109,223
370,257,111,222
372,258,112,223
375,259,115,221
377,259,115,222
378,261,119,219
380,259,121,221
383,257,123,223
390,256,122,223
394,254,122,224
399,254,122,223
406,253,114,224
410,254,105,226
414,254,106,226
415,254,105,226
416,254,103,226
421,255,101,224
425,259,102,220
425,260,105,219
424,259,106,220
425,258,103,220
431,257,101,221
432,253,102,225
431,254,102,224
434,252,106,224
432,251,108,226
433,254,108,223
436,255,111,221
437,255,113,221
440,252,116,225
443,252,117,224
449,256,114,219
457,257,101,218
466,258,99,217
472,261,106,213
474,260,95,212
475,258,101,216
476,262,104,213
479,261,104,213
482,260,110,215
482,259,117,216
482,259,118,216
485,258,117,217
487,258,113,218
492,257,109,218
496,258,110,217
496,258,109,218
498,259,110,216
497,259,113,218
499,258,113,218
501,257,112,218
505,258,109,218
511,257,105,218
513,255,102,221
515,255,101,221
518,255,101,221
520,255,98,222
522,254,97,222
522,254,97,223
524,253,96,223
521,253,97,224
524,253,97,224
522,253,97,224
523,253,97,224
522,252,97,224
522,253,96,223
522,253,97,223
522,254,97,223
520,253,97,223
520,253,97,223
520,254,97,223
519,253,97,224
519,254,97,223
517,253,98,224
518,254,99,223
518,253,98,223
517,254,99,223
516,254,100,224
518,254,99,224
517,254,98,224
516,254,100,224
516,254,100,224
516,254,100,224
516,253,100,225
516,254,100,224
516,254,100,223
516,255,100,224
516,253,101,224
516,254,99,224
515,253,101,224
515,254,100,224
515,254,100,223
515,253,100,224
516,255,100,223
515,254,100,224
516,255,100,223
515,254,100,224
516,255,100,223
515,254,100,224
516,256,100,223
515,254,100,223
515,254,100,223
516,255,100,223
515,254,99,223
516,255,99,223
516,254,99,223
516,255,98,223
516,254,99,224
517,253,99,224
518,254,96,223
518,253,98,223
518,253,97,224
519,253,98,224
520,252,97,224
521,253,96,224
522,253,97,224
522,253,98,223
521,254,97,223
521,254,100,222
521,255,98,221
522,255,98,221
521,255,98,222
521,255,98,221
520,256,97,220
518,258,98,218
516,259,100,218
514,259,102,218
510,258,106,218
508,257,107,219
505,259,110,216
505,259,107,215
503,259,108,216
501,258,109,217
503,257,107,218
500,257,107,217
501,257,103,218
501,257,101,218
500,259,101,217
501,258,100,217
501,259,100,217
502,259,98,216
501,257,98,217
501,258,98,217
504,258,98,218
505,259,97,216
507,258,97,217
505,258,95,216
506,257,97,218
505,257,94,217
507,256,97,218
509,257,93,217
512,256,90,217
515,256,89,217
515,256,88,217
515,257,88,216
517,257,88,216
515,257,88,216
516,257,87,216
515,258,89,215
516,258,89,215
517,260,90,215
517,262,89,217
520,265,86,218
521,269,87,223
521,273,91,223
519,276,94,222
517,280,95,220
518,285,95,220
519,288,94,224
518,293,91,220
519,298,89,220
517,301,89,223
518,303,87,224
516,305,89,223
515,306,91,223
515,307,94,224
513,307,96,223
512,308,97,224
513,307,96,225
512,308,97,224
514,307,98,224
513,305,100,224
512,303,101,226
512,302,101,228
512,300,102,228
513,301,99,228
515,298,99,229
518,298,96,229
519,299,97,228
518,298,95,229
520,296,96,229
519,297,95,227
520,296,95,227
521,296,94,225
520,297,94,225
520,297,94,225
522,297,95,225
520,298,94,224
520,299,94,224
522,299,93,224
521,299,92,224
521,300,94,223
522,300,94,224
521,300,93,224
521,300,93,223
522,301,93,223
522,301,92,223
523,300,92,224
521,300,92,224
522,300,93,224
522,300,91,224
522,299,92,225
522,300,93,223
521,301,91,223
523,300,92,223
522,300,90,223
522,301,94,223
521,300,92,223
520,300,96,224
519,297,95,227
517,296,97,228
518,293,99,229
518,292,96,231
518,292,96,229
518,293,97,228
518,293,98,228
518,294,99,228
516,295,100,229
517,296,98,228
516,298,98,227
517,298,100,226
516,298,98,226
516,299,99,225
516,297,99,226
515,296,99,226
516,295,99,227
515,295,97,228
515,294,98,226
514,294,101,228
513,296,98,227
511,296,101,227
511,297,98,227
511,298,98,225
512,299,96,226
512,299,94,224
514,301,97,223
512,300,96,224
511,300,97,224
512,299,97,224
510,298,98,224
509,298,97,225
510,297,98,225
509,298,97,225
509,298,97,224
509,298,97,222
507,299,98,222
506,300,97,221
505,300,98,221
503,300,100,223
501,298,104,223
503,299,101,223
499,299,106,223
503,299,101,222
622,273,113,244
499,293,100,229
501,298,99,224
502,298,100,222
500,297,99,222
502,295,100,224
500,295,98,221
502,294,95,222
499,294,97,221
503,293,93,222
499,293,94,220
504,293,100,221
496,295,97,218
501,294,103,221
494,296,97,219
497,295,102,220
492,294,98,221
494,297,98,219
491,296,97,220
488,296,97,219
484,297,100,218
483,297,98,217
482,298,100,216
482,299,97,215
480,298,102,217
479,303,98,216
484,304,98,217
482,307,92,218
488,308,97,219
485,312,91,220
488,315,96,218
486,318,93,219
486,320,92,218
490,322,93,218
489,325,89,217
489,325,92,216
490,327,89,215
490,327,91,215
490,328,91,215
490,327,90,216
489,329,91,214
492,328,89,213
493,326,84,214
493,323,87,216
494,323,86,216
492,319,84,220
491,316,83,220
487,313,82,220
476,310,91,223
482,310,88,222
483,307,88,223
483,304,88,225
483,303,88,224
481,302,90,223
480,301,88,222
484,299,88,222
485,301,82,219
477,295,90,223
471,296,97,223
460,297,106,223
454,292,109,227
449,292,113,224
451,291,115,225
449,291,113,226
452,290,114,225
448,290,113,224
446,289,119,223
446,291,113,218
442,286,117,224
444,289,117,221
445,290,116,220
453,287,110,223
444,289,115,224
447,287,113,222
450,287,110,224
454,284,106,227
452,288,107,223
451,289,107,221
449,289,105,221
448,291,107,219
444,288,110,222
441,292,111,219
438,290,106,219
438,287,112,224
437,287,104,223
435,287,103,224
435,287,97,223
436,288,97,222
433,287,97,224
432,285,92,226
434,286,88,225
432,285,89,225
432,284,89,226
431,284,89,227
431,283,89,227
429,283,90,227
426,282,91,228
427,283,89,227
426,282,91,228
422,283,94,227
421,284,96,228
420,283,95,229
424,283,94,229
424,283,91,229
427,282,91,228
427,283,88,228
429,281,86,228
431,282,84,229
432,283,84,228
430,283,83,228
432,283,84,228
431,283,83,228
432,283,83,227
432,283,83,227
432,284,82,227
431,283,83,227
432,285,82,227
433,284,82,227
432,285,82,227
430,284,84,228
431,285,83,228
433,284,84,228
431,284,87,227
431,285,88,226
432,286,89,225
431,287,91,224
430,288,91,223
430,287,93,223
429,288,97,223
427,287,95,224
429,288,97,224
427,288,97,226
426,288,98,225
428,288,98,225
427,288,98,225
426,288,99,225
426,287,98,225
427,287,99,226
427,287,98,225
425,288,98,225
427,287,98,225
423,288,99,225
425,287,99,225
421,286,100,226
422,287,98,225
420,287,99,225
418,287,98,225
419,288,97,224
418,287,97,224
417,287,96,226
416,286,96,226
416,288,95,224
415,287,95,224
414,290,95,222
413,290,95,221
413,289,92,223
412,289,92,222
410,290,94,220
410,292,94,218
411,291,93,219
408,290,95,221
406,293,95,216
406,290,95,218
400,293,100,217
399,291,99,219
399,291,99,219
400,291,98,219
398,290,98,219
399,290,97,218
396,290,99,218
398,291,98,219
399,289,96,220
400,290,98,219
397,291,101,220
397,291,102,218
398,292,99,217
399,290,98,218
398,292,100,217
399,289,99,220
397,291,101,221
397,289,100,220
395,290,104,221
395,288,103,221
390,287,105,223
392,286,103,225
390,287,105,224
390,285,102,226
388,287,103,225
391,286,101,225
389,287,101,224
392,287,98,223
388,288,98,223
390,287,95,223
389,287,95,224
392,287,93,223
390,287,93,225
389,286,94,224
390,287,93,224
389,287,94,224
389,287,93,223
389,288,94,224
390,287,94,223
387,287,96,224
390,287,95,223
387,287,96,224
388,287,95,224
387,286,95,224
388,287,95,224
387,287,95,224
388,287,96,224
388,288,96,223
386,287,97,223
387,287,96,223
388,288,96,223
388,287,96,223
388,287,95,223
387,287,94,224
387,287,95,224
386,287,93,224
386,287,94,224
385,287,95,224
385,288,96,223
385,287,96,222
384,288,97,223
384,287,95,223
384,286,95,223
383,287,95,223
386,286,95,223
385,287,97,222
386,287,97,221
387,289,97,219
388,288,97,219
387,289,96,218
387,289,96,218
391,291,93,216
392,292,97,214
391,294,101,215
397,293,95,215
397,290,98,219
397,289,100,220
398,288,103,220
405,286,101,222
405,286,100,222
413,285,98,223
415,288,95,220
424,290,93,217
425,294,103,213
431,292,95,216
427,295,98,212
432,293,102,214
434,291,101,215
440,294,100,210
446,294,101,209
645,255,101,244
639,257,103,243
645,257,102,243
637,258,108,243
640,257,106,243
640,256,104,244
640,257,105,243
641,257,102,242
638,258,104,241
637,257,104,242
636,257,106,242
635,257,107,242
634,258,107,242
632,259,107,241
631,261,111,240
630,260,111,241
629,261,112,240
628,261,112,239
625,262,113,238
624,264,117,237
623,265,115,235
622,267,115,233
621,269,112,231
623,272,106,231
402,282,101,229
391,285,104,229
391,283,98,233
385,282,100,233
384,278,100,238
380,271,102,243
379,264,94,252
376,258,96,257
373,254,93,262
368,250,94,265
364,249,97,270
357,249,97,272
351,253,96,269
346,257,95,267
342,259,94,265
336,261,96,265
330,261,105,266
325,261,110,266
321,257,112,272
315,253,111,276
310,246,110,282
299,241,116,287
286,240,123,290
274,240,135,290
263,238,139,292
246,245,158,288
230,248,183,286
220,254,193,285
220,253,189,292
219,255,175,292
220,249,174,297
217,247,151,300
208,239,143,309
200,237,137,309
195,235,135,311
149,235,175,311
144,236,172,307
136,237,175,310
130,239,179,307
138,242,168,309
113,242,192,316
126,243,181,313
129,238,175,318
129,233,173,325
130,229,168,330
132,228,161,333
130,226,155,335
122,226,157,338
103,224,168,335
77,226,190,331
69,224,188,333
57,223,193,336
57,225,193,340
60,228,186,340
60,227,179,342
59,222,177,348
57,215,180,355
57,211,180,355
53,210,178,358
55,209,175,355
53,208,177,362
51,207,166,360
52,208,178,359
49,206,172,363
50,204,180,366
43,204,183,364
50,204,183,365
47,204,196,365
51,205,206,359
62,203,204,360
72,201,210,360
79,204,213,360
83,200,204,366
90,201,197,366
91,201,197,366
92,200,194,367
90,200,190,367
94,200,159,364
94,201,157,363
95,203,147,362
101,204,143,362
104,205,140,362
108,208,139,359
107,210,143,355
113,210,136,351
114,212,137,349
120,214,141,343
124,212,142,343
124,214,142,343
126,215,144,343
126,214,144,345
132,215,142,345
133,215,144,345
135,217,145,344
140,217,146,345
139,216,147,346
140,216,144,347
140,216,144,347
140,216,146,347
141,216,148,349
140,215,143,348
145,216,140,350
143,215,146,352
143,214,150,350
142,213,152,352
146,212,157,353
142,210,153,354
147,210,161,354
141,204,154,362
143,182,150,386
147,169,151,400
145,188,151,380
144,157,146,412
144,197,146,367
146,199,140,366
144,209,140,352
138,213,144,343
139,223,143,335
140,232,153,331
140,237,145,325
142,242,157,322
136,244,153,321
123,241,147,320
112,240,152,324
101,237,164,330
90,234,173,334
67,233,196,334
86,230,191,332
35,232,243,333
21,228,266,333
7,225,286,340
1,221,290,346
0,208,242,365
3,202,220,373
7,194,202,381
1,191,163,384
0,182,164,393
0,183,147,389
0,179,156,396
0,256,150,314
4,308,142,259
9,331,132,224
159,348,83,177
153,346,81,178
155,345,78,179
155,344,78,178
154,344,79,179
155,345,77,178
155,344,79,178
155,344,78,178
154,344,79,178
155,344,77,179
156,345,77,178
154,345,79,178
156,344,77,179
155,345,78,177
155,344,78,178
155,344,78,178
156,344,78,179
155,345,78,178
156,344,78,178
156,345,77,177
155,345,78,177
156,344,78,177
156,345,77,177
155,345,78,176
156,346,78,177
156,346,77,176
156,346,77,176
156,346,78,176
156,345,77,176
155,345,78,177
156,345,77,177
155,345,78,176
155,345,78,176
156,345,78,177
156,345,76,177
154,345,78,176
153,343,81,178
156,341,76,180
155,343,77,178
155,343,78,177
155,343,78,178
156,342,77,178
155,343,77,178
156,342,76,178
155,342,77,177
156,343,76,178
155,343,77,176
156,343,76,177
156,342,76,178
155,343,76,177
154,343,77,177
154,342,77,178
152,342,79,178
154,342,76,178
151,342,78,178
154,342,76,177
152,346,78,174
153,346,78,174
151,347,78,175
151,346,79,174
150,345,78,175
154,347,76,173
154,345,74,175
156,346,75,174
158,345,76,175
159,349,74,172
161,348,73,172
162,350,70,169
163,348,68,172
165,350,67,170
166,348,62,173
166,343,60,178
167,350,61,170
167,343,57,178
163,345,61,177
162,349,64,174
166,347,62,175
163,343,61,179
168,348,60,175
170,346,57,177
172,350,54,172
171,350,51,171
173,348,51,174
172,347,52,173
173,347,54,173
173,345,53,175
172,345,53,176
173,345,54,175
172,346,54,174
171,344,57,176
171,345,58,176
171,344,58,177
170,343,60,177
169,345,61,175
170,346,60,175
172,344,61,177
172,349,60,173
173,344,60,178
172,347,60,175
172,343,60,178
171,345,60,177
171,341,61,179
171,343,62,177
171,342,61,178
170,342,60,178
170,341,61,179
170,340,61,180
169,340,62,181
169,341,62,177
170,342,60,176
169,341,62,178
169,341,62,177
170,343,59,176
170,340,60,179
170,343,58,175
170,340,60,179
170,342,61,177
171,343,61,175
167,341,64,177
152,338,79,182
134,316,102,208
134,298,110,230
125,275,115,263
102,259,137,306
37,189,198,381
57,183,187,388
73,185,183,390
84,185,181,389
94,191,181,384
106,192,169,380
111,194,168,380
121,195,161,378
130,193,168,379
146,177,181,393
143,201,155,369
156,202,164,367
161,201,141,368
174,207,134,361
186,210,161,357
179,232,151,335
185,194,151,372
189,204,155,369
193,213,162,350
233,221,146,338
236,220,148,343
228,217,136,345
225,217,139,342
228,217,141,341
229,219,177,338
211,221,160,343
232,225,151,332
236,226,152,332
233,231,155,327
257,234,145,322
256,234,137,320
249,234,145,314
248,232,135,311
248,231,139,309
245,230,151,316
243,228,159,322
242,228,157,325
249,229,160,325
246,232,161,323
254,235,160,320
249,235,151,320
256,235,149,316
255,237,152,316
253,234,142,315
256,235,148,313
253,234,151,315
253,233,153,317
250,233,161,317
247,234,169,315
247,234,154,316
250,237,142,313
252,239,140,309
249,242,154,306
244,240,154,308
251,244,159,305
244,243,152,303
242,245,161,303
238,245,154,304
240,246,160,303
235,246,166,303
238,246,157,300
238,244,154,306
242,245,171,303
242,245,150,303
244,243,164,306
241,243,151,304
247,244,162,308
247,243,158,305
248,243,160,310
249,243,151,307
252,244,148,304
256,245,152,300
252,246,160,301
252,248,166,299
251,249,158,299
252,250,154,298
256,250,158,296
252,250,165,298
255,247,159,300
254,246,154,301
255,245,158,307
252,240,166,311
255,239,161,314
253,238,160,314
250,236,156,316
249,236,151,318
246,236,162,319
246,234,159,318
245,233,170,318
244,234,161,317
243,232,174,322
243,231,161,322
245,231,169,323
246,230,162,322
244,231,162,323
244,230,162,326
248,229,165,325
248,229,160,325
247,227,172,326
245,230,159,322
251,227,170,327
248,229,171,323
247,230,163,321
255,229,171,324
249,231,163,319
246,230,179,322
243,231,209,319
250,235,165,315
272,232,189,320
250,231,199,319
249,233,188,315
244,231,215,323
249,230,176,321
238,229,189,324
233,230,195,321
235,230,198,323
238,229,187,320
239,229,172,326
241,231,178,325
236,231,190,326
235,232,174,321
239,233,173,323
236,235,182,321
234,235,178,319
236,235,184,321
234,233,151,320
235,232,167,321
236,235,174,320
233,235,179,321
232,236,175,321
232,236,179,321
233,235,183,319
234,236,176,320
233,237,178,321
234,237,177,316
234,237,176,318
233,237,181,319
236,236,168,316
238,234,176,321
232,234,165,319
233,236,170,316
237,235,179,319
235,235,160,319
234,235,169,315
237,236,171,318
235,235,177,317
233,236,171,318
234,236,173,319
231,235,173,318
235,236,170,318
234,235,175,318
234,235,174,317
236,235,172,319
235,235,176,317
234,234,173,317
232,233,175,319
224,233,178,319
233,232,178,322
229,233,169,319
225,232,176,318
227,234,178,318
221,233,184,317
221,234,166,316
219,228,175,319
228,234,186,315
222,237,184,315
231,231,161,322
231,229,166,322
232,232,169,320
234,231,175,321
233,234,167,318
236,234,175,317
236,237,161,314
236,237,165,314
238,241,154,309
238,240,165,309
239,244,145,306
243,243,152,305
237,243,161,309
239,245,160,307
237,244,158,305
238,244,160,304
238,246,156,303
238,244,159,308
237,245,159,306
237,243,154,308
237,245,171,307
237,245,148,304
245,245,156,303
239,242,140,307
248,243,139,305
241,242,140,307
238,242,141,307
242,242,143,306
237,243,143,305
241,242,140,307
237,244,143,307
242,243,143,307
237,243,137,307
244,243,139,307
241,245,136,306
244,243,140,307
240,244,135,307
243,243,140,309
237,243,143,309
240,243,143,309
238,242,150,310
236,242,166,312
237,243,148,310
238,240,156,312
235,243,172,311
235,244,152,313
242,241,164,311
235,244,158,309
236,239,167,315
235,240,150,314
243,239,148,313
237,239,152,316
237,238,162,316
235,237,157,317
236,237,159,315
231,237,162,317
236,235,157,318
232,235,158,319
234,235,157,319
233,235,158,319
233,234,156,319
233,234,150,318
235,235,144,316
234,235,150,316
235,235,151,317
232,235,150,318
235,237,146,316
235,236,148,317
234,234,146,318
234,235,145,316
234,236,147,315
236,236,148,316
234,235,147,317
234,239,148,314
236,242,150,311
237,245,146,309
239,249,148,304
237,254,147,298
241,257,152,297
238,260,152,293
240,257,155,295
239,262,147,289
241,255,141,295
246,250,141,299
245,238,138,311
247,227,140,321
243,209,147,339
235,206,155,341
245,176,163,370
233,204,165,334
238,200,166,329
231,199,169,328
240,198,166,329
244,203,161,329
247,206,158,331
245,216,157,327
251,228,152,320
249,243,152,307
261,247,148,302
246,246,155,303
249,250,163,299
243,247,163,303
250,245,156,306
251,246,168,303
251,246,157,303
256,248,152,300
256,251,152,298
257,253,154,295
254,254,148,294
256,256,154,292
257,253,151,296
257,252,148,296
256,251,153,297
253,249,156,298
246,248,161,301
250,246,159,303
248,244,160,304
247,244,158,305
249,244,162,305
251,243,156,306
252,243,154,306
250,244,152,307
254,243,155,307
250,243,155,306
253,244,152,307
252,240,151,310
251,240,154,310
250,239,152,310
247,237,158,313
243,236,161,312
244,240,166,309
241,239,159,306
235,238,166,310
231,241,166,306
223,241,180,307
213,241,178,309
196,240,202,308
188,242,185,308
199,240,161,313
200,239,154,309
197,241,149,309
190,238,152,309
188,240,152,311
185,240,152,310
179,243,154,309
184,243,147,307
181,244,146,306
183,244,138,304
180,243,140,304
177,243,141,305
172,243,136,305
168,245,130,304
157,246,132,300
147,246,140,300
140,244,143,300
138,247,138,297
131,248,148,297
131,250,151,295
118,250,155,297
111,254,171,294
104,253,172,296
104,255,173,293
96,256,157,294
87,255,165,293
83,256,154,288
80,254,161,288
75,256,156,287
79,255,139,291
77,256,131,287
72,258,131,289
67,258,134,287
63,259,134,287
59,260,126,286
59,262,135,285
54,264,130,282
53,261,125,285
50,262,130,283
48,261,124,284
44,261,125,282
42,264,125,279
39,264,126,276
36,266,127,274
35,269,125,273
33,267,124,273
24,267,131,274
20,267,132,277
13,267,140,277
14,267,136,276
9,270,139,273
9,274,137,272
8,276,134,270
6,285,127,260
2,289,130,254
1,293,125,247
0,300,130,241
0,299,127,239
0,304,127,236
0,311,126,228
1,308,125,233
0,307,122,233
0,310,120,226
0,309,121,229
0,308,121,229
1,308,123,230
0,304,131,236
0,303,125,238
0,298,131,244
0,299,130,242
0,296,139,245
0,292,131,249
0,296,111,244
0,291,127,250
0,290,124,252
0,289,132,254
0,279,109,262
0,286,116,257
0,286,114,257
0,284,112,260
0,283,108,260
0,281,107,262
0,283,112,261
0,282,112,262
0,282,117,261
0,280,117,263
0,281,110,261
0,283,115,259
0,285,115,254
0,284,118,254
1,288,118,251
0,287,109,252
4,283,111,255
1,283,110,255
1,279,109,259
1,285,108,252
0,282,108,257
1,285,106,254
0,288,98,250
0,285,93,256
0,285,101,256
0,287,99,254
0,281,106,260
0,289,104,250
0,286,104,255
0,287,107,252
0,291,107,249
0,291,111,249
0,286,108,255
0,291,108,250
1,288,110,253
0,284,111,257
2,288,113,252
1,287,107,252
5,288,106,252
1,283,108,256
0,290,108,249
0,294,102,246
0,290,110,249
0,292,108,247
0,293,101,247
0,290,100,249
0,289,102,250
0,291,106,247
1,293,105,245
0,292,105,245
0,293,106,244
0,292,105,245
0,291,106,246
0,296,106,239
0,291,102,246
0,292,107,246
0,295,109,241
0,291,113,246
3,293,119,243
10,295,119,240
0,290,118,248
11,291,113,248
1,297,112,242
17,293,107,244
2,292,122,247
8,295,126,243
6,296,122,243
11,294,118,244
9,292,119,246
9,293,115,245
12,287,112,251
14,292,110,246
16,289,112,248
13,291,108,248
18,289,111,248
12,293,108,244
16,292,112,245
14,292,109,247
17,293,118,246
10,297,108,243
19,295,107,244
9,294,115,245
17,294,106,244
9,295,109,244
24,295,100,242
7,294,117,244
9,294,110,242
12,294,111,243
11,297,116,241
9,295,110,241
21,297,104,236
10,291,113,245
16,295,110,239
14,295,111,242
13,294,113,243
12,295,114,243
11,296,118,241
11,292,116,245
30,297,134,239
16,302,117,235
14,294,120,245
13,293,122,244
12,295,124,243
10,297,126,243
13,295,120,244
11,292,125,247
13,288,125,251
14,294,121,244
32,276,130,257
14,284,123,254
53,297,135,237
15,301,123,237
13,286,120,251
13,303,124,235
14,289,122,249
12,294,119,243
11,283,121,256
11,296,125,242
15,282,128,258
12,286,119,255
27,284,117,254
76,220,112,316
74,225,117,316
51,217,140,329
34,228,152,313
42,227,151,317
30,228,149,313
11,235,122,307
22,231,130,312
23,231,129,311
30,228,135,314
12,243,150,304
17,227,154,320
18,228,144,313
18,258,125,290
9,232,117,310
13,237,123,307
5,230,122,315
0,233,121,311
0,231,110,315
0,231,102,317
0,231,96,316
0,233,88,311
0,236,84,305
0,240,83,302
0,241,76,298
0,264,78,272
0,288,79,252
12,292,119,247
1,295,80,243
25,291,126,247
20,283,130,251
20,283,136,250
19,285,127,246
12,279,136,253
35,280,117,251
16,286,130,248
14,278,137,252
38,283,113,251
37,276,115,256
39,277,109,255
33,277,116,256
35,278,110,255
34,277,112,254
36,277,112,255
36,276,115,256
28,275,118,258
26,276,122,258
27,275,121,258
25,276,123,258
28,276,120,258
25,276,123,257
26,274,119,258
25,273,119,259
27,274,118,258
23,274,122,257
25,273,121,258
23,276,119,255
29,276,118,254
24,272,117,260
27,273,120,258
21,272,115,259
25,275,125,256
22,274,109,259
22,279,122,253
23,275,112,257
20,278,114,254
20,279,116,252
18,280,113,252
18,281,115,251
16,281,113,252
14,282,111,251
16,285,113,249
16,284,111,249
15,283,113,249
14,286,114,247
15,284,114,248
14,286,114,247
14,285,113,247
14,286,111,247
14,289,115,244
13,285,112,245
13,287,114,246
13,288,112,244
13,288,110,243
16,289,108,243
12,290,115,243
12,288,110,242
15,289,109,243
12,287,113,245
14,287,108,244
16,288,108,243
14,287,108,245
13,285,108,246
13,286,107,245
13,287,108,243
12,286,108,244
13,285,107,244
12,285,107,244
14,286,107,243
13,285,107,244
13,286,107,243
13,285,107,244
12,285,107,244
13,285,107,244
13,285,108,243
12,285,108,244
14,285,107,244
12,284,108,245
14,285,107,244
12,284,107,245
13,284,108,244
12,284,108,246
11,282,108,246
12,282,109,246
10,284,110,244
12,285,109,244
8,283,108,246
16,283,107,246
11,286,105,243
7,284,112,245
4,273,107,255
7,281,104,246
5,278,108,249
8,276,100,252
4,278,105,250
3,271,91,259
10,267,100,263
4,281,98,247
5,266,88,262
14,279,102,249
4,279,95,250
3,266,92,263
11,276,103,252
5,282,100,246
8,273,100,255
9,277,101,249
11,278,98,251
15,275,95,254
19,280,98,247
18,288,109,239
18,286,111,242
28,279,114,247
37,275,110,249
28,287,119,239
36,274,118,251
25,258,123,271
32,254,126,271
27,261,120,265
33,247,117,276
30,236,121,290
27,245,117,279
37,243,114,278
41,249,100,271
46,248,112,274
50,250,109,270
46,252,113,272
47,255,110,269
47,256,111,267
48,255,112,267
48,254,119,268
46,251,116,272
45,255,113,269
45,256,112,267
45,256,112,266
43,263,108,259
47,245,126,277
50,242,131,282
49,242,139,281
43,252,135,270
64,250,135,270
111,256,106,261
120,259,118,257
129,261,108,251
126,264,104,252
138,259,121,256
56,265,148,256
90,262,123,256
80,265,134,252
102,263,131,256
131,263,134,252
123,263,123,257
132,266,130,251
138,262,137,255
138,264,114,252
140,266,119,250
146,263,122,253
144,263,131,254
144,264,136,254
163,265,115,249
168,267,116,249
180,264,116,251
172,262,115,252
184,264,120,249
186,263,112,251
187,264,108,249
179,265,106,248
186,264,104,247
183,268,93,244
180,267,89,242
185,269,93,240
185,270,88,241
187,268,97,246
187,271,97,243
186,271,120,242
183,266,119,250
179,266,123,252
179,266,132,253
174,262,125,256
168,263,124,258
166,261,107,258
161,262,107,256
148,263,120,254
129,263,130,257
107,266,143,253
99,270,156,249
91,271,162,249
84,271,161,254
80,271,156,257
78,273,157,256
79,275,142,253
75,275,131,251
60,270,128,256
46,265,134,263
18,268,146,257
4,273,153,250
5,271,148,253
2,268,150,258
1,270,146,256
0,267,142,263
2,271,145,259
0,275,141,256
0,274,143,258
