515,304,19,36
513,303,17,37
512,303,18,38
513,303,19,38
510,303,18,38
509,303,17,38
491,304,18,38
508,304,18,39
506,304,18,38
506,304,19,38
503,305,20,38
485,305,18,38
485,305,19,37
500,305,18,38
480,305,18,38
500,305,17,37
496,306,18,38
497,305,17,37
498,305,19,37
494,304,18,37
493,304,18,37
492,305,18,37
493,303,18,38
468,304,19,39
490,304,19,38
468,305,21,38
487,305,18,37
487,306,18,37
480,305,19,38
488,306,20,38
484,306,19,37
486,307,21,37
463,306,18,39
479,306,18,37
463,306,18,39
461,305,18,38
461,305,17,38
461,305,17,38
460,305,17,38
482,305,17,38
480,305,18,38
476,306,17,38
479,306,18,38
481,305,17,38
458,305,17,39
477,304,17,38
457,305,16,38
456,305,16,38
458,305,18,38
455,305,17,38
454,306,17,38
457,306,18,38
480,306,19,38
492,306,20,37
492,308,19,36
477,307,20,38
489,307,20,38
474,307,19,38
474,306,18,39
475,306,18,40
479,307,21,40
475,307,19,39
451,308,18,38
475,308,17,39
496,309,19,38
510,309,20,39
497,310,24,38
515,309,21,39
519,309,21,40
526,310,23,39
522,310,20,39
552,310,17,40
550,310,18,40
526,309,17,40
551,310,17,40
549,310,18,40
525,309,19,40
498,310,18,38
496,311,18,38
478,310,19,38
497,310,17,40
477,310,19,39
475,310,20,41
491,311,21,40
491,312,20,39
492,313,22,40
485,313,19,40
476,312,21,40
490,312,20,40
527,313,18,40
527,312,20,40
552,314,19,41
551,313,19,41
551,312,19,41
551,313,19,41
551,312,19,42
550,313,20,41
568,312,23,41
562,315,22,39
546,314,19,39
549,314,20,40
545,315,19,40
550,312,24,42
546,313,20,41
542,311,22,41
544,311,20,41
546,311,19,41
545,311,20,40
548,310,19,40
545,308,20,42
546,307,20,41
548,307,19,40
547,307,19,41
549,307,18,41
546,307,19,42
550,307,19,41
548,307,19,41
551,307,19,42
563,307,19,41
555,308,20,41
554,307,20,40
555,308,20,40
567,308,21,40
585,308,18,40
614,310,20,38
650,307,18,40
650,307,18,41
650,307,19,41
650,307,18,41
650,307,18,41
651,307,18,41
651,306,18,41
652,306,19,41
652,307,18,41
653,306,19,41
653,306,18,42
652,306,17,42
651,306,18,42
651,306,17,42
649,306,18,42
648,306,17,42
649,305,19,43
647,306,18,43
648,306,19,43
647,307,18,43
647,306,19,42
647,307,18,42
647,307,18,43
646,306,18,42
648,307,19,43
649,307,19,43
649,307,19,43
649,307,18,43
649,307,18,43
650,307,18,43
649,307,18,43
650,307,18,42
649,307,18,43
649,307,19,42
648,307,19,43
648,307,18,41
647,307,19,41
649,306,19,40
647,307,19,40
647,307,20,40
648,306,19,42
646,306,19,44
646,306,20,48
645,307,20,45
622,308,19,43
647,307,19,44
646,309,18,43
648,310,18,43
647,312,18,42
649,313,19,42
651,314,18,43
648,316,19,41
652,317,19,43
653,318,18,42
653,318,18,44
652,317,19,44
654,317,19,44
652,317,20,45
653,319,20,44
651,320,19,44
651,319,20,44
652,318,19,42
651,320,18,40
649,321,20,48
650,321,21,46
650,322,22,47
650,323,22,45
650,325,24,48
640,321,25,53
640,345,30,64
663,344,33,65
724,313,25,53
727,314,22,43
727,315,22,44
728,315,21,43
728,314,20,43
727,313,20,43
729,314,21,44
727,316,20,43
727,315,20,43
727,314,20,43
728,312,21,45
727,312,20,43
727,312,20,44
727,314,20,43
728,314,21,44
727,315,20,41
725,315,22,45
726,315,21,43
726,315,21,43
726,315,21,40
726,315,20,41
727,315,20,39
727,314,21,44
726,314,20,40
728,311,20,44
727,310,20,43
727,308,20,44
728,306,20,44
730,304,19,41
733,304,18,41
736,304,19,38
744,304,20,41
754,307,22,42
764,304,22,40
776,303,20,38
783,304,19,38
789,304,17,35
790,303,18,38
789,302,19,38
791,303,18,36
790,303,18,37
793,303,16,36
792,303,16,38
791,303,17,39
791,303,17,40
803,305,18,38
793,303,17,40
798,303,19,41
801,304,17,40
792,302,17,42
791,303,18,43
791,303,18,42
790,302,18,41
791,303,18,43
792,303,19,42
798,302,18,42
803,303,19,43
808,302,18,43
811,302,19,42
813,303,19,43
814,302,20,43
815,302,20,44
817,302,20,44
819,302,19,44
823,302,19,44
827,302,19,44
829,302,19,44
829,302,19,44
829,302,19,44
831,302,19,44
834,301,18,43
840,302,20,45
848,300,20,45
858,300,20,44
861,299,19,44
860,299,21,45
859,301,22,44
863,300,19,45
866,299,20,45
887,300,22,44
870,296,22,47
871,295,21,45
871,294,21,44
872,292,21,44
889,294,20,44
881,294,19,44
894,299,19,43
901,304,19,43
903,303,20,45
899,301,19,46
901,302,19,44
901,302,20,45
901,303,18,44
902,302,19,45
903,302,19,45
903,303,19,45
901,302,19,46
899,303,21,45
897,302,22,45
896,303,22,45
896,302,23,45
898,303,21,44
897,302,21,43
898,302,21,44
903,303,18,43
903,302,18,44
904,303,18,45
905,303,18,44
905,303,19,44
906,303,19,44
906,303,19,43
906,303,20,44
906,303,20,43
905,304,20,43
906,303,21,44
906,303,20,43
906,303,21,44
907,303,21,44
907,304,20,43
908,302,19,44
909,304,20,43
910,303,19,43
911,303,19,43
912,304,18,43
913,303,17,43
913,304,18,44
914,303,18,43
915,304,18,44
916,303,20,44
916,303,21,43
916,304,21,42
916,304,22,42
917,303,22,42
917,304,21,42
916,304,22,43
918,304,22,42
917,304,23,43
918,303,22,43
918,303,22,43
919,303,21,43
919,303,21,44
921,303,20,43
921,302,20,44
922,302,19,44
923,303,19,44
924,303,18,44
925,303,18,43
926,303,17,43
927,303,17,43
927,303,17,43
927,303,18,43
928,303,19,43
928,303,18,43
928,303,18,43
928,303,19,43
928,304,19,43
928,304,20,43
928,303,20,43
927,303,20,43
928,304,21,43
928,303,20,43
927,303,21,43
928,303,21,42
928,304,21,42
928,303,20,43
928,303,20,43
929,303,21,43
928,303,20,43
929,303,21,43
930,304,21,43
930,303,20,43
930,304,20,43
931,303,20,44
931,304,19,43
931,303,19,44
932,303,19,44
932,303,18,43
932,303,19,43
933,303,18,43
934,303,18,43
935,303,17,43
936,303,16,43
936,303,17,43
937,304,17,43
938,303,17,43
939,304,18,43
938,304,19,43
938,304,19,42
938,304,19,42
939,303,19,42
938,303,19,42
938,304,19,42
939,304,19,42
940,304,18,42
940,304,18,41
941,303,18,42
941,304,18,42
943,303,16,42
943,304,15,41
945,304,14,41
947,304,12,41
947,305,11,38
947,305,11,38
947,303,11,39
941,307,17,30
942,308,17,32
936,305,23,37
930,303,29,42
880,272,23,31
881,274,21,27
881,273,20,27
885,275,20,28
884,274,19,31
880,275,20,32
883,279,22,31
883,278,20,32
884,280,18,31
884,276,18,28
883,271,17,30
881,269,19,33
883,265,18,34
881,273,20,32
882,269,19,32
880,272,19,32
911,270,18,34
884,268,20,32
882,266,20,35
881,269,21,34
887,273,21,28
885,272,19,28
884,271,19,30
884,270,19,30
882,269,20,31
883,269,19,32
887,268,19,31
880,271,22,33
906,270,21,33
890,272,16,28
883,269,18,31
893,270,18,30
881,270,21,34
885,269,18,32
886,268,19,33
884,271,22,33
891,273,20,29
910,271,18,33
907,272,20,31
887,271,18,30
888,271,19,30
885,271,18,30
888,270,17,30
888,270,19,31
887,271,17,28
886,270,21,34
897,272,20,30
912,272,17,29
912,270,19,32
914,272,23,31
913,270,21,32
885,272,18,27
891,271,16,31
885,270,19,30
887,271,20,31
888,272,20,29
881,270,20,32
894,272,21,29
880,268,21,33
887,271,18,30
887,272,18,29
909,271,19,33
883,269,22,32
885,270,19,31
886,273,18,29
889,272,20,30
907,268,22,35
916,270,21,31
913,270,21,32
911,272,22,29
915,273,22,28
914,271,21,30
912,272,21,28
915,271,22,30
915,271,21,30
910,270,22,31
906,272,21,28
882,268,22,32
884,269,19,30
880,271,23,32
884,271,23,29
897,272,22,29
911,271,21,31
937,273,21,27
941,272,17,28
936,264,19,36
912,269,20,32
908,272,21,28
911,272,18,28
879,271,21,29
881,271,19,28
882,270,18,27
881,270,17,29
880,270,17,28
874,271,21,31
880,268,22,33
882,270,19,29
881,268,19,31
880,266,19,34
877,270,20,32
886,273,19,28
874,270,24,35
835,266,24,42
865,269,30,34
873,268,33,38
884,269,29,35
879,270,22,33
877,271,23,31
877,271,21,28
884,271,18,30
882,272,19,30
880,270,20,30
879,270,19,34
872,273,20,33
888,270,21,36
848,263,21,38
874,267,19,33
864,270,22,41
874,264,23,39
875,270,19,31
861,269,21,35
872,276,20,31
880,277,21,35
880,276,21,35
882,274,21,34
891,269,21,33
880,266,19,33
888,263,19,31
897,260,19,34
877,275,19,30
871,296,42,30
846,318,28,60
864,319,27,63
867,317,27,62
874,314,29,63
882,310,28,63
889,306,27,63
856,304,26,64
903,304,30,65
906,302,28,68
908,299,32,69
913,297,29,69
883,300,27,65
898,300,28,65
908,318,23,48
899,310,25,58
894,320,26,50
890,316,25,55
881,314,27,54
876,300,32,62
907,303,30,56
902,289,36,69
932,289,24,67
940,288,19,74
940,284,18,73
897,285,34,66
884,307,31,49
911,287,29,66
909,292,28,63
906,288,29,66
905,283,30,68
935,281,24,72
902,283,31,67
878,296,30,60
912,292,29,66
877,304,27,61
877,311,26,58
880,307,36,66
896,302,39,67
875,304,31,69
904,300,36,73
903,296,32,73
900,294,40,75
894,293,35,74
869,298,31,72
871,298,33,71
867,304,31,68
870,303,32,73
870,316,28,64
899,314,29,70
872,325,30,68
870,336,26,62
871,334,27,67
869,338,31,67
897,336,29,68
896,335,37,68
900,329,32,72
871,329,32,73
881,334,35,67
876,340,30,60
895,332,33,69
893,332,34,71
886,333,38,72
877,336,35,69
873,334,34,70
895,332,32,72
900,332,33,72
900,331,32,74
899,334,29,72
901,333,31,73
895,332,32,73
893,332,36,74
865,337,33,70
892,340,32,67
895,339,29,67
893,338,31,66
894,342,27,60
893,333,29,66
899,326,30,71
895,323,30,73
898,328,32,64
896,316,30,73
897,318,29,71
901,319,33,70
899,326,27,64
903,336,24,54
903,328,24,63
903,327,24,65
935,310,24,83
901,316,29,77
900,317,30,75
901,316,30,76
901,317,29,76
906,316,31,76
903,319,34,74
898,321,29,73
897,322,32,73
898,325,28,71
900,337,27,58
898,323,27,70
897,344,24,53
895,327,27,67
896,324,32,74
895,322,31,77
896,335,24,68
896,335,30,70
894,337,28,69
939,334,20,75
936,330,22,82
897,341,24,68
936,342,22,71
898,359,24,53
897,360,23,51
898,349,24,51
899,344,23,53
899,331,24,60
899,324,26,62
903,317,28,70
904,309,32,74
897,311,30,74
897,312,30,74
902,313,28,75
895,321,28,67
900,341,25,51
897,344,24,48
895,346,25,50
857,343,29,52
859,343,41,55
851,335,35,63
854,345,38,53
888,321,31,76
892,323,30,75
885,324,33,75
890,321,33,77
888,327,29,72
889,339,29,66
843,356,28,50
842,357,29,47
834,352,33,59
898,335,30,74
900,348,26,62
901,355,28,57
896,337,30,76
896,339,30,73
895,336,28,72
851,356,30,58
852,352,32,61
846,353,33,60
830,345,45,68
841,348,48,83
838,339,39,72
813,339,33,73
811,334,34,79
810,335,34,77
817,333,39,80
806,333,40,78
806,331,37,78
809,328,40,81
815,326,45,84
838,353,47,92
927,324,29,90
923,326,35,87
924,333,29,75
911,323,35,81
908,322,36,81
902,319,37,85
901,319,38,84
903,318,38,87
900,317,39,89
894,319,42,88
887,327,36,82
876,327,38,83
869,326,33,78
858,329,31,76
854,330,31,75
849,331,30,73
841,330,33,74
836,331,35,79
831,334,37,79
834,342,35,76
828,343,38,84
823,345,39,84
818,346,37,82
812,345,37,83
806,343,42,87
806,341,41,86
800,336,42,90
798,337,41,88
795,336,42,87
792,335,40,89
791,336,40,82
775,340,39,80
762,337,41,91
759,353,37,86
758,355,37,75
757,349,37,84
755,350,39,84
753,349,40,86
753,349,39,87
750,349,41,89
744,349,44,89
746,348,43,91
747,347,40,90
744,346,42,94
747,349,38,88
742,346,43,90
742,348,42,92
745,346,39,91
741,349,40,89
747,352,36,87
740,345,41,96
744,348,41,94
739,347,43,96
741,344,40,98
744,345,40,98
741,347,40,97
741,348,39,96
743,348,38,97
743,348,39,97
746,347,39,99
742,345,43,102
744,347,40,99
745,348,38,99
745,348,38,98
747,349,39,97
747,347,37,98
746,350,36,96
745,352,39,95
745,351,39,97
741,350,40,97
744,352,40,95
746,349,38,98
741,350,41,97
743,346,42,100
742,345,46,104
738,345,43,110
742,342,42,108
739,341,45,107
744,335,41,109
740,332,43,110
740,327,45,110
739,325,46,113
740,326,43,111
740,325,45,112
741,325,46,109
738,327,46,108
743,330,45,106
740,328,46,109
742,329,46,108
739,332,45,108
739,333,45,107
739,332,45,107
738,334,46,104
740,323,48,114
738,329,44,106
737,329,45,104
740,328,42,102
738,328,43,105
739,330,41,100
739,329,41,102
738,328,41,104
737,328,44,105
738,330,43,104
736,331,44,102
736,330,42,103
736,332,42,101
735,329,44,104
738,332,38,105
733,331,44,108
733,332,44,108
729,327,49,114
734,328,49,111
731,332,44,107
731,333,49,108
731,332,43,108
731,332,48,110
728,331,51,119
727,330,49,118
729,332,47,110
730,338,45,108
727,339,47,108
726,337,47,112
724,337,49,109
726,338,50,106
725,337,50,109
721,335,56,113
721,329,56,124
722,338,56,124
723,336,51,116
723,338,53,114
720,337,55,116
720,332,57,129
719,342,53,116
718,343,49,111
718,343,52,112
718,343,52,113
717,344,51,115
717,347,49,113
714,344,55,114
713,346,54,113
712,342,55,117
710,337,59,119
711,338,56,122
713,335,56,123
709,338,55,122
711,336,59,126
711,336,56,125
706,338,56,121
707,337,57,124
704,338,57,121
701,336,62,123
700,335,58,121
702,332,56,123
705,329,54,123
706,327,53,123
706,326,54,123
704,324,54,120
705,322,53,121
703,322,55,120
705,322,54,119
702,320,57,118
702,319,59,123
701,320,58,122
701,318,62,125
701,321,63,122
699,319,63,127
699,319,64,127
697,319,63,127
695,321,55,128
701,322,53,123
695,322,57,124
692,323,58,127
694,325,58,125
692,321,56,128
692,320,57,129
694,318,54,130
699,335,52,115
693,313,58,128
691,312,60,130
691,315,57,129
695,314,57,131
693,318,56,127
696,320,56,128
696,319,57,131
694,319,56,132
697,319,56,133
697,323,57,131
700,323,57,132
700,325,59,132
701,324,58,135
700,325,61,137
700,324,61,136
699,325,60,138
697,326,63,140
700,327,61,138
699,327,61,138
701,328,60,137
698,327,65,137
697,329,60,134
698,330,59,135
697,329,63,136
698,330,61,136
695,330,60,138
694,330,63,140
696,329,61,143
697,329,62,141
696,328,61,139
694,328,64,141
694,328,63,137
693,329,66,145
695,327,62,142
696,328,62,143
695,330,62,139
698,330,60,139
694,328,66,141
694,327,67,142
694,326,66,143
693,325,67,144
693,325,68,150
693,325,67,147
691,325,69,151
688,324,69,151
689,323,72,151
688,320,70,153
688,319,73,154
682,317,77,152
686,318,66,153
683,322,68,150
685,322,68,151
682,320,69,153
683,321,73,153
684,319,69,156
682,323,71,154
680,322,69,155
682,324,71,152
680,323,70,153
679,323,71,153
680,324,71,154
680,327,68,152
679,327,69,155
681,325,71,155
679,326,72,156
680,327,72,158
683,335,71,157
680,337,73,159
676,343,73,157
681,346,71,161
680,346,74,164
676,346,77,170
674,349,76,162
671,349,79,166
678,345,72,169
675,342,74,167
679,340,75,167
682,337,77,168
683,335,76,171
691,337,71,168
695,338,72,169
695,338,71,169
695,339,74,168
698,341,74,173
697,344,73,173
696,349,72,170
698,347,79,176
698,352,75,172
700,353,72,173
701,354,69,170
698,352,77,174
697,351,79,174
698,351,81,174
701,349,81,175
694,346,83,181
701,348,80,175
697,351,88,180
693,351,90,184
702,352,85,181
697,355,89,185
617,358,92,177
708,360,85,187
705,359,88,186
717,357,84,187
712,356,86,193
712,361,91,192
716,358,91,195
709,359,96,194
697,357,103,197
723,361,86,193
718,359,102,196
705,356,97,201
718,355,96,201
720,355,99,202
720,355,96,205
720,356,92,206
717,361,88,201
716,362,94,203
715,361,91,205
714,362,98,204
705,361,106,207
711,377,98,188
700,366,104,203
715,378,91,189
704,373,93,199
711,371,102,201
704,379,91,196
702,376,101,197
702,376,98,199
700,377,99,198
695,377,101,198
689,384,104,191
684,384,107,191
685,385,104,190
680,381,108,194
682,380,102,195
672,374,111,201
691,382,96,193
683,378,96,197
683,386,88,189
681,381,103,191
673,387,98,188
678,392,95,183
677,387,100,188
675,398,96,177
679,393,100,182
678,397,95,178
680,397,101,177
684,396,94,179
682,396,103,179
680,390,107,185
677,395,105,180
675,397,103,178
676,403,103,172
676,405,103,170
671,407,113,168
674,407,110,168
661,396,122,179
655,410,120,165
648,404,129,171
627,406,139,167
667,406,110,167
659,400,123,175
652,406,129,169
652,408,117,167
658,406,116,169
651,407,118,168
656,413,104,162
654,411,108,164
647,412,115,163
641,410,124,163
643,413,117,160
649,409,116,166
648,407,122,168
649,404,122,170
654,408,122,167
661,407,114,168
664,408,120,167
669,410,114,164
676,410,109,165
679,414,110,161
680,416,110,159
680,422,113,152
680,426,113,149
676,418,121,157
681,423,116,152
685,415,124,160
689,430,121,144
692,417,126,158
697,421,119,154
692,422,127,153
697,417,129,158
704,425,132,150
703,427,133,148
596,426,115,148
702,441,126,134
599,433,108,142
699,448,127,127
587,436,116,139
594,433,112,142
603,438,119,137
705,441,126,134
716,442,140,133
723,434,140,141
731,444,129,131
736,447,133,128
739,447,123,128
747,448,115,127
730,446,137,129
741,437,132,138
745,418,138,156
650,339,92,133
637,326,92,121
663,404,90,170
613,443,106,132
616,338,94,108
567,341,77,110
621,317,88,120
632,328,69,121
635,335,64,105
583,360,51,84
554,365,38,73
560,364,31,68
561,359,29,61
564,357,32,68
566,355,28,65
575,351,25,58
578,349,23,41
579,349,26,60
581,351,30,65
620,350,30,66
581,357,29,67
619,352,27,60
615,349,29,70
612,345,34,66
572,348,33,74
621,346,34,72
620,347,36,72
619,346,36,77
577,345,30,64
618,346,36,81
623,345,35,81
618,345,40,87
619,349,37,79
624,343,32,66
590,347,31,58
609,339,32,56
651,330,29,59
664,330,30,65
678,330,29,59
653,335,31,57
710,334,31,72
683,342,28,55
699,345,25,54
714,352,22,46
730,355,25,53
744,357,25,48
763,363,25,50
780,362,26,50
798,364,25,47
815,363,23,47
823,361,22,46
837,361,25,46
837,361,31,44
840,355,30,44
852,350,24,51
871,348,26,43
899,353,32,42
933,355,25,59
937,369,21,55
893,375,31,44
909,375,34,53
923,377,33,71
931,370,28,76
932,368,27,57
933,351,26,52
938,348,21,63
931,352,27,55
914,401,39,51
924,382,35,75
918,382,41,72
932,364,27,93
888,373,37,68
887,377,43,57
911,370,44,77
916,369,42,85
932,378,27,101
921,387,38,78
898,386,44,47
918,403,40,46
924,404,33,54
934,418,25,75
875,440,46,48
808,420,40,48
756,417,45,49
763,420,47,52
780,427,46,53
807,432,43,59
834,441,47,55
881,432,46,63
