0.010784
0.030642
0.031122
0.031839
0.018681
0.033499
0.016804
0.032998
0.028677
0.016055
0.031493
0.032044
0.021747
0.031039
0.030740
0.031154
0.033492
0.028590
0.029434
0.033240
0.027895
0.032023
0.031907
0.029050
0.016045
0.028286
0.032517
0.028344
0.031477
0.031354
0.032091
0.028325
0.017602
0.016690
0.018539
0.030698
0.032587
0.031150
0.022185
0.023530
0.031143
0.019002
0.032154
0.032031
0.031628
0.018959
0.031693
0.030163
0.022734
0.032987
0.015188
0.030774
0.016434
0.033916
0.038701
0.030793
0.020228
0.032271
0.017640
0.016810
0.032797
0.026874
0.019996
0.024990
0.032742
0.023441
0.023104
0.030005
0.033265
0.022292
0.014965
0.035965
0.031850
0.019091
0.028670
0.029177
0.036943
0.032491
0.033133
0.031449
0.027102
0.026029
0.032997
0.015486
0.017497
0.015631
0.032568
0.020593
0.014991
0.019839
0.016666
0.033302
0.032542
0.029401
0.016844
0.033637
0.031953
0.032443
0.015357
0.023734
0.017276
0.017402
0.032166
0.026625
0.031439
0.031095
0.034176
0.031133
0.031308
0.032390
0.017139
0.016347
0.032334
0.031475
0.032268
0.025384
0.032410
0.031723
0.031180
0.017777
0.021349
0.034716
0.031647
0.032933
0.024937
0.015876
0.025617
0.023392
0.031581
0.033427
0.032200
0.032319
0.032375
0.026062
0.015583
0.015675
0.016210
0.024691
0.025789
0.020028
0.019465
0.027713
0.030394
0.019605
0.014888
0.017157
0.016016
0.015499
0.031244
0.031391
0.034450
0.032635
0.015249
0.015318
0.019186
0.018353
0.019967
0.016771
0.015866
0.021294
0.020328
0.017977
0.021414
0.019502
0.016772
0.017920
0.016055
0.015328
0.018219
0.032124
0.032609
0.031456
0.027776
0.033599
0.016246
0.033644
0.029728
0.031970
0.033181
0.032480
0.020672
0.033714
0.024425
0.033256
0.016377
0.015441
0.032086
0.031335
0.023992
0.032122
0.032823
0.015694
0.030674
0.033502
0.032824
0.038861
0.032410
0.018872
0.025952
0.032079
0.019291
0.032135
0.025667
0.030761
0.032251
0.019491
0.026550
0.032570
0.030575
0.025926
0.031580
0.033175
0.032686
0.031225
0.023370
0.029316
0.030245
0.021970
0.030684
0.031291
0.031666
0.033814
0.031411
0.030221
0.021943
0.033320
0.032109
0.026506
0.031067
0.019096
0.017517
0.016027
0.031655
0.033197
0.033473
0.031300
0.017998
0.032355
0.032285
0.027508
0.032450
0.017919
0.027805
0.024686
0.031729
0.032581
0.032328
0.021687
0.032826
0.024377
0.032031
0.019714
0.032239
0.034616
0.033218
0.031660
0.031696
0.033068
0.027319
0.034374
0.033341
0.031658
0.022152
0.031680
0.032601
0.032780
0.027844
0.031193
0.018486
0.015609
0.034226
0.032743
0.033039
0.020479
0.030671
0.033472
0.024524
0.031020
0.028199
0.031778
0.031675
0.033071
0.016213
0.017005
0.032318
0.033203
0.025024
0.021760
0.031660
0.032097
0.025086
0.031308
0.032736
0.032998
0.024529
0.031620
0.018133
0.015553
0.016454
0.032297
0.034535
0.020290
0.015943
0.019226
0.032406
0.028826
0.032493
0.017940
0.016850
0.020026
0.019248
0.016945
0.025696
0.016946
0.032307
0.029051
0.033441
0.019878
0.027615
0.032495
0.031369
0.032068
0.031946
0.035575
0.033341
0.031282
0.032475
0.033012
0.025235
0.035159
0.031175
0.032052
0.034108
0.026966
0.018353
0.023459
0.017678
0.016317
0.031551
0.032237
0.032243
0.029925
0.032773
0.022718
0.031864
0.031690
0.032176
0.033090
0.032625
0.031429
0.018649
0.024419
0.026891
0.029398
0.034398
0.018940
0.018984
0.021787
0.031297
0.032224
0.026652
0.019514
0.015741
0.018140
0.026889
0.027536
0.033361
0.032291
0.032578
0.028196
0.031090
0.030047
0.033394
0.032528
0.016780
0.016511
0.034739
0.022815
0.032456
0.031544
0.026692
0.025894
0.029917
0.031558
0.027423
0.018430
0.033410
0.025729
0.032070
0.032239
0.033111
0.032807
0.019850
0.024427
0.031921
0.025113
0.019579
0.020349
0.015328
0.031586
0.032073
0.029410
0.016900
0.014901
0.034470
0.017088
0.032979
0.033302
0.032290
0.034692
0.022545
0.016061
0.034414
0.016632
0.025223
0.018965
0.015539
0.027253
0.032990
0.014719
0.032774
0.033134
0.031111
0.032282
0.032717
0.019551
0.031627
0.032899
0.036591
0.033609
0.032251
0.020104
0.032950
0.024840
0.033599
0.018665
0.033628
0.034052
0.020192
0.032764
0.033775
0.026597
0.016130
0.034753
0.026662
0.022706
0.033010
0.031692
0.032512
0.034353
0.026944
0.016324
0.018128
0.032407
0.033185
0.033834
0.033821
0.032015
0.023864
0.025205
0.016460
0.033825
0.033506
0.032460
0.020324
0.029908
0.031436
0.019377
0.015714
0.026945
0.033295
0.019335
0.035193
0.030702
0.030545
0.033328
0.034750
0.020676
0.031563
0.022383
0.032071
0.032076
0.033547
0.021041
0.037218
0.033096
0.033583
0.034490
0.030648
0.026277
0.016785
0.017982
0.016979
0.020867
0.019439
0.031706
0.025754
0.032607
0.031595
0.020648
0.035181
0.025921
0.030314
0.031590
0.019793
0.014713
0.027375
0.033441
0.020043
0.031104
0.032138
0.015851
0.019181
0.032632
0.031688
0.016915
0.033053
0.016195
0.027402
0.031735
0.017045
0.032135
0.033293
0.029981
0.018832
0.031234
0.030712
0.034434
0.033270
0.031756
0.026834
0.032522
0.031998
0.016550
0.033725
0.022621
0.016828
0.021295
0.019340
0.033039
0.014841
0.021884
0.032173
0.018827
0.016162
0.015500
0.031723
0.018122
0.030906
0.032396
0.033032
0.019320
0.032785
0.030348
0.020478
0.033702
0.033062
0.033176
0.022021
0.033498
0.033900
0.019190
0.016106
0.016213
0.016944
0.016154
0.017410
0.019339
0.020987
0.032286
0.031842
0.030826
0.019485
0.034311
0.031412
0.033386
0.031275
0.031748
0.031854
0.031286
0.032167
0.032511
0.033511
0.028527
0.022835
0.032570
0.028780
0.033283
0.018864
0.030619
0.031359
0.016382
0.034658
0.027250
0.023151
0.030890
0.031229
0.032850
0.015043
0.019650
0.016495
0.018412
0.031856
0.032206
0.030471
0.018574
0.022804
0.031959
0.016472
0.015779
0.017588
0.016949
0.014263
0.029552
0.016630
0.018823
0.015243
0.016415
0.031398
0.016945
0.019768
0.033173
0.031222
0.032447
0.031830
0.024103
0.031994
0.033678
0.032802
0.018364
0.015242
0.032196
0.027031
0.031434
0.030882
0.023160
0.023123
0.022109
0.017549
0.019444
0.018506
0.028156
0.030941
0.031652
0.029572
0.018801
0.019403
0.028215
0.025534
0.034648
0.032781
0.031364
0.040282
0.018099
0.015196
0.018402
0.015943
0.015766
0.018147
0.018275
0.020077
0.029231
0.031998
0.033091
0.018870
0.032111
0.033628
0.032980
0.029618
0.032796
0.028501
0.030049
0.027685
0.030830
0.032786
0.033744
0.032793
0.031688
0.017183
0.033122
0.018954
0.032317
0.015814
0.016155
0.034302
0.021816
0.032723
0.015787
0.019313
0.015683
0.021835
0.032164
0.024944
0.024489
0.031252
0.031570
0.033922
0.030263
0.016246
0.033407
0.032268
0.031676
0.028234
0.032540
0.033186
0.032359
0.032074
0.017120
0.029180
0.032584
0.027832
0.037434
0.026094
0.032692
0.029467
0.021291
0.033664
0.031142
0.035429
0.018114
0.017114
0.033792
0.024076
0.032814
0.031444
0.015506
0.016487
0.017501
0.016468
0.022376
0.029599
0.034122
0.021811
0.019674
0.030536
0.024812
0.033644
0.023882
0.032893
0.032030
0.019486
0.021112
0.033221
0.032739
0.032824
0.033877
0.031879
0.031090
0.031032
0.031799
0.016465
0.030442
0.035823
0.031315
0.031721
0.033361
0.034037
0.032559
0.032038
0.018514
0.019193
0.032806
0.023597
0.029717
0.030916
0.031370
0.018737
0.024230
0.021559
0.026402
0.027262
0.033155
0.033014
0.030818
0.014976
0.032456
0.024725
0.020343
0.032340
0.031998
0.034403
0.030839
0.026464
0.018920
0.018248
0.031254
0.035292
0.030216
0.018254
0.031275
0.021707
0.032253
0.023409
0.026962
0.019803
0.034286
0.032513
0.020090
0.027136
0.015281
0.033093
0.030640
0.033644
0.027958
0.031873
0.032239
0.019320
0.017632
0.016435
0.015178
0.028186
0.031422
0.032283
0.030878
0.015755
0.031842
0.020852
0.018039
0.015971
0.017897
0.017402
0.034736
0.031304
0.025728
0.031668
0.020385
0.019009
0.015732
0.032926
0.031497
0.031581
0.030966
0.032257
0.033245
0.032686
0.030979
0.016260
0.024602
0.031747
0.032068
0.033622
0.015999
0.019402
0.015060
0.017223
0.022523
0.030907
0.018274
0.031894
0.034776
0.031679
