0.001772
0.015586
0.015275
0.016968
0.017276
0.016212
0.015182
0.019984
0.033442
0.018926
0.032744
0.032022
0.030859
0.030775
0.024116
0.034270
0.019280
0.015711
0.031859
0.031194
0.019604
0.029787
0.031560
0.022111
0.031826
0.028815
0.035457
0.018897
0.016567
0.034976
0.034208
0.019593
0.020516
0.033220
0.023719
0.028606
0.032980
0.031745
0.031865
0.017497
0.016693
0.036682
0.031812
0.015461
0.032264
0.019681
0.032639
0.019401
0.032732
0.033457
0.032686
0.030099
0.030805
0.038915
0.029025
0.015532
0.020597
0.016331
0.017448
0.033854
0.033999
0.034976
0.033533
0.033013
0.021599
0.034726
0.021129
0.017710
0.017995
0.018945
0.023919
0.019331
0.020698
0.016842
0.035193
0.034301
0.031848
0.030040
0.030983
0.031420
0.016891
0.021093
0.020402
0.019491
0.033913
0.034327
0.030058
0.031421
0.032742
0.031999
0.032084
0.027604
0.034437
0.016670
0.015950
0.017484
0.032193
0.031498
0.031513
0.031154
0.032943
0.035066
0.026721
0.030972
0.033755
0.017117
0.017044
0.021161
0.019227
0.032664
0.025439
0.017333
0.035990
0.036766
0.033527
0.032264
0.036094
0.043163
0.032749
0.040415
0.030630
0.033925
0.031825
0.036684
0.034191
0.018598
0.020375
0.020122
0.025387
0.021186
0.015617
0.041080
0.032962
0.028327
0.030725
0.036353
0.033181
0.031353
0.034932
0.030416
0.035465
0.048862
0.033886
0.020923
0.044887
0.033262
0.032760
0.027438
0.019171
0.016150
0.028167
0.024704
0.032418
0.037734
0.021134
0.030793
0.022287
0.031575
0.031914
0.018730
0.016158
0.015557
0.015681
0.017331
0.033200
0.031521
0.033809
0.033348
0.032830
0.018154
0.018483
0.021550
0.029648
0.030989
0.032252
0.027241
0.034572
0.030919
0.028090
0.018062
0.029614
0.030483
0.019528
0.019112
0.025115
0.016259
0.018806
0.033787
0.023564
0.016576
0.033387
0.021877
0.017359
0.031395
