0.001887
0.015505
0.027147
0.017487
0.014963
0.015230
0.015237
0.017105
0.017643
0.032197
0.031125
0.022771
0.030622
0.034165
0.016225
0.015312
0.014970
0.015050
0.014788
0.020278
0.017730
0.019321
0.031593
0.030853
0.031508
0.030967
0.031945
0.031698
0.035580
0.032007
0.033120
0.030333
0.031073
0.032456
0.030304
0.016170
0.018524
0.015307
0.014878
0.015861
0.016653
0.015747
0.015894
0.018311
0.016110
0.016026
0.019301
0.030742
0.019624
0.034815
0.030744
0.036892
0.032223
0.023187
0.029924
0.031329
0.024927
0.015562
0.015767
0.019243
0.017037
0.017018
0.020189
0.034943
0.031182
0.032403
0.033356
0.031294
0.036072
0.028001
0.020053
0.015788
0.017629
0.019422
0.015422
0.016611
0.015286
0.015619
0.015959
0.017721
0.018734
0.016687
0.015630
0.020453
0.015642
0.022101
0.026109
0.031240
0.031804
0.028584
0.015605
0.016108
0.016298
0.016050
0.035368
0.018445
0.018133
0.017074
0.017203
0.015031
0.017276
0.016314
0.018128
0.017213
0.015892
0.018103
0.015119
0.018180
0.020044
0.017053
0.018481
0.032990
0.032226
0.025600
0.017061
0.020973
0.032359
0.022996
0.019858
0.022102
0.020803
0.022386
0.017620
0.017992
0.019054
0.015736
0.016847
0.018206
0.015305
0.020153
0.017801
0.018425
0.017950
0.019150
0.022779
0.020845
0.024734
0.030333
0.033553
0.026102
0.032672
0.033828
0.032415
0.032382
0.019181
0.015565
0.017336
0.019524
0.016118
0.015906
0.030664
0.018579
0.016896
0.015393
0.015461
0.020066
0.020271
0.032853
0.033935
0.021974
0.033908
0.032434
0.031349
0.032805
0.031651
0.032894
0.017810
0.034118
0.019241
0.033023
0.018322
0.015869
0.037883
0.030596
0.037636
0.033643
0.021766
0.035327
0.022520
0.034800
0.033789
0.037365
0.035301
0.031462
0.028716
0.020995
0.043339
0.033701
0.035380
0.017910
0.034087
0.034229
0.034164
0.036824
0.017597
0.035748
0.035151
0.032392
0.033631
0.040310
0.034308
0.036980
0.028738
0.033333
0.034636
0.017035
0.021958
0.017155
0.025824
0.017490
0.022981
0.020031
0.032389
0.030098
0.023802
0.032749
0.017157
0.031736
0.033826
0.031567
0.035829
0.018339
0.015615
0.015313
0.019593
0.016541
0.016575
0.020003
0.016734
0.018903
0.016582
0.032063
0.032488
0.024782
0.017299
0.022011
0.033458
0.033437
