0.014140
0.022266
0.018244
0.030461
0.033181
0.029264
0.029529
0.021580
0.033552
0.019148
0.030572
0.028086
0.031614
0.031369
0.032557
0.031395
0.022721
0.030900
0.031209
0.032155
0.030729
0.031940
0.025669
0.032563
0.027699
0.031720
0.024413
0.030890
0.032464
0.025040
0.031731
0.031205
0.031536
0.015685
0.019014
0.031867
0.021066
0.033791
0.023238
0.029811
0.025460
0.031034
0.023961
0.032652
0.030744
0.025910
0.033529
0.033798
0.032145
0.031128
0.033826
0.016929
0.032218
0.020714
0.031768
0.033099
0.031349
0.015625
0.024353
0.017912
0.016457
0.032497
0.027094
0.033697
0.033309
0.031734
