550,348,19,36
547,348,19,34
547,348,18,32
546,346,17,32
543,344,17,33
544,342,17,34
542,342,18,34
540,341,18,33
539,342,18,34
539,343,18,35
540,347,18,34
539,347,20,35
540,351,20,33
542,352,21,33
544,352,18,32
542,352,18,39
542,354,18,38
541,355,19,37
543,355,17,36
528,356,24,37
543,357,19,35
543,356,18,35
543,356,18,34
543,357,19,35
542,356,18,36
542,356,18,35
544,355,18,36
544,355,19,36
544,355,19,37
544,356,18,38
543,356,18,37
542,357,17,36
540,357,19,37
539,357,18,36
538,358,19,36
538,358,18,34
538,358,18,34
536,359,18,33
535,358,19,34
532,358,20,34
534,358,19,33
531,358,18,35
531,358,18,35
531,357,17,34
530,358,17,36
529,359,17,36
527,361,19,35
527,363,17,34
526,364,18,33
527,364,17,33
525,365,18,34
524,366,17,32
524,366,17,32
522,367,17,32
520,366,18,33
518,365,17,35
514,364,19,36
516,366,18,36
516,363,17,37
515,364,18,38
510,366,20,35
515,367,18,34
513,366,18,35
496,368,21,36
511,367,19,35
509,366,19,35
509,366,19,33
507,365,20,34
504,364,19,34
503,363,18,36
499,364,19,36
492,363,22,37
501,362,18,37
502,362,17,35
499,363,18,35
500,362,17,34
497,360,19,34
497,359,18,33
497,357,18,33
499,355,20,36
500,354,20,35
500,354,20,36
503,354,19,35
504,355,19,35
505,354,20,36
505,354,17,35
506,355,17,34
507,356,18,34
505,357,18,35
491,357,20,39
501,359,21,36
495,361,21,37
483,362,22,40
499,363,19,37
482,364,25,39
497,364,19,38
496,365,19,38
495,363,18,39
495,363,19,39
492,362,19,37
492,362,19,36
492,361,18,36
490,362,19,35
489,362,19,37
488,363,19,36
488,362,20,39
487,364,19,38
486,364,18,37
486,365,17,37
484,366,17,36
483,364,18,38
483,365,18,36
481,365,17,37
480,363,18,36
479,364,18,35
478,362,18,35
479,363,17,34
477,361,18,35
475,362,18,35
476,361,17,36
475,361,17,36
474,363,17,35
470,362,18,37
471,362,19,38
451,364,21,39
469,362,18,37
469,362,18,37
468,364,18,36
467,364,18,35
466,363,18,36
466,364,17,35
465,363,18,35
464,362,18,36
462,362,18,36
462,362,17,36
463,361,16,36
462,361,16,36
462,362,16,37
461,361,17,37
461,362,17,37
461,362,17,37
460,363,18,37
461,362,18,36
460,361,19,36
459,359,19,36
437,363,20,41
433,358,20,41
435,359,22,40
454,355,19,38
451,354,20,35
450,354,19,38
447,354,21,38
448,355,19,36
426,356,22,40
447,356,18,36
422,358,23,40
425,358,21,39
445,358,20,37
445,360,19,36
422,361,20,39
445,361,20,37
443,361,20,36
444,362,18,37
419,363,20,39
441,363,18,37
440,363,18,36
439,363,19,37
438,364,19,37
437,363,20,38
435,363,20,37
435,364,20,36
408,364,20,37
433,364,20,34
432,364,20,35
431,364,18,34
430,363,18,36
431,363,19,37
427,365,19,37
403,365,19,39
402,366,21,39
405,367,20,37
424,367,18,36
424,367,19,35
424,367,19,35
424,367,20,34
424,367,19,34
424,367,20,34
397,364,21,42
397,367,22,42
422,370,20,37
398,368,22,42
399,367,22,43
398,367,22,40
396,366,23,41
420,368,19,37
420,369,19,35
395,369,20,38
390,370,20,36
385,371,22,36
415,366,19,37
387,368,21,39
414,366,18,36
411,367,19,35
408,366,20,35
410,365,17,35
408,364,18,36
409,365,17,35
408,364,17,35
406,365,18,35
405,364,19,36
404,364,20,36
372,365,21,39
373,366,24,40
368,366,25,38
368,365,24,39
367,367,22,38
368,369,21,37
368,370,20,36
368,369,19,36
375,368,21,37
371,368,19,36
370,368,20,36
393,365,19,35
364,366,20,37
364,367,19,36
366,367,17,35
360,365,19,37
356,365,19,35
356,365,20,35
353,364,20,35
352,364,19,35
353,364,18,37
355,364,18,37
357,365,18,37
358,365,18,39
358,365,18,39
360,366,19,40
361,365,19,40
358,366,20,39
359,367,19,39
384,365,20,37
383,365,20,37
382,365,18,36
383,364,18,35
384,364,18,35
383,364,19,36
382,363,19,37
381,363,19,35
347,365,18,36
346,360,18,39
346,358,18,40
346,357,18,39
347,356,19,40
348,355,21,40
351,355,19,39
352,355,20,39
351,355,20,37
350,355,21,36
386,353,16,36
387,354,16,34
384,352,18,35
384,352,18,35
383,352,19,35
381,351,20,35
380,352,20,33
381,350,19,35
381,350,20,35
380,349,19,35
381,349,19,36
382,349,19,37
347,351,20,38
347,350,21,38
347,351,22,38
381,347,18,37
378,348,18,36
377,347,19,37
377,348,20,38
376,347,21,37
377,347,21,37
347,351,21,42
350,352,21,42
381,348,20,36
382,347,19,36
383,347,18,38
384,346,18,38
385,346,17,38
385,346,18,38
387,345,18,37
386,344,19,38
385,343,20,37
384,343,21,37
384,342,20,36
384,341,20,37
383,344,20,33
383,342,19,33
351,341,19,38
381,339,18,34
381,339,16,33
380,336,15,35
377,336,16,36
344,336,20,40
343,339,21,39
344,339,20,40
342,339,22,40
341,339,23,40
337,338,24,41
371,337,22,38
370,336,20,37
369,335,20,39
367,335,21,39
334,336,20,38
333,335,20,37
332,334,20,38
333,334,19,38
329,332,21,39
331,332,20,38
357,332,19,36
355,332,22,34
355,331,22,35
353,332,22,35
353,332,22,36
353,332,21,35
351,332,18,34
351,332,17,35
351,330,15,35
318,331,19,37
348,329,19,37
345,329,19,36
315,330,20,39
314,329,20,38
312,331,19,35
312,328,19,37
311,329,19,39
310,331,20,39
310,333,20,38
316,336,20,39
328,339,21,38
340,339,21,41
353,340,21,39
355,340,20,38
380,335,21,36
381,333,21,37
380,331,21,35
355,325,20,38
355,318,22,38
377,309,22,39
353,307,23,39
354,304,21,39
354,302,20,39
350,302,21,38
354,303,19,37
348,304,21,39
350,307,18,38
351,308,19,37
352,307,19,38
355,308,20,38
363,306,19,38
374,302,19,39
387,301,18,39
403,302,19,38
411,304,19,36
424,306,20,38
419,308,20,37
419,308,20,35
420,309,19,36
420,308,20,36
451,305,18,32
455,299,21,32
461,295,21,34
463,294,20,36
465,293,21,35
453,292,22,37
458,292,23,38
475,296,21,35
459,293,23,38
463,293,24,39
464,299,25,33
472,295,21,37
469,292,22,38
465,291,21,37
466,288,20,38
467,288,18,39
468,286,19,37
490,283,18,37
490,283,17,39
490,283,18,41
490,282,19,40
470,289,19,37
471,288,20,40
488,290,19,37
469,290,20,38
469,292,19,39
471,290,19,40
469,291,19,39
467,292,18,39
466,291,20,38
465,291,20,38
463,291,21,38
462,289,22,39
480,287,21,42
461,290,24,43
476,288,22,42
476,286,22,44
456,289,23,43
456,291,20,39
456,288,20,40
455,290,18,38
454,287,19,37
451,285,21,38
449,285,21,40
447,288,23,39
445,289,23,39
446,289,21,39
447,289,21,39
446,289,22,39
445,289,21,38
459,290,20,39
460,291,20,39
444,293,18,37
442,294,19,38
441,293,19,39
438,297,21,39
440,297,20,39
438,296,21,39
436,295,21,41
431,295,22,41
430,295,22,41
428,294,23,41
427,295,23,41
427,293,21,40
431,293,21,37
429,285,21,43
428,279,23,43
427,276,24,42
436,276,22,41
435,275,21,39
434,274,20,38
433,276,20,36
435,278,20,36
434,280,20,35
434,278,19,34
434,275,20,35
431,272,19,37
429,270,20,36
420,268,20,36
425,268,20,38
423,268,19,37
413,267,21,37
415,265,22,38
410,266,21,38
419,268,21,39
405,268,22,41
408,272,23,39
405,274,21,38
424,276,21,38
402,276,20,38
403,277,20,38
401,278,20,39
401,276,21,40
402,278,22,40
400,279,23,41
400,280,25,42
401,283,22,40
398,285,23,39
401,286,20,39
398,285,22,39
397,286,21,37
391,287,21,36
387,286,22,37
379,285,21,37
371,283,22,37
368,279,22,39
370,276,24,39
358,274,22,40
354,271,23,40
352,270,22,40
353,271,21,38
352,271,20,36
359,272,20,37
356,271,21,38
352,271,23,36
354,271,22,39
353,270,22,38
350,270,23,39
347,268,24,39
343,268,25,39
340,267,26,41
340,265,24,39
336,264,25,37
335,262,24,37
331,260,22,38
326,259,22,38
319,257,23,40
313,256,24,44
311,256,25,48
309,256,26,50
305,258,25,51
303,260,25,50
294,266,25,48
288,272,25,47
275,281,28,51
261,291,28,50
246,302,28,51
236,313,28,52
230,320,24,50
233,323,25,49
233,327,26,49
233,324,26,46
231,320,26,48
224,319,25,46
220,309,26,51
216,302,28,52
213,295,27,52
211,291,25,48
209,288,25,47
204,288,25,47
203,285,26,48
200,284,24,44
200,283,24,45
197,279,23,43
197,278,23,43
194,278,23,43
187,286,26,49
183,287,26,49
183,286,24,49
179,287,23,47
179,290,23,44
179,287,24,45
177,286,24,44
177,284,24,45
174,284,27,48
172,284,26,46
171,285,26,48
167,285,28,48
168,284,26,44
165,286,26,43
161,286,27,48
156,287,27,44
151,286,25,43
149,282,25,41
148,278,24,44
149,276,25,43
145,276,25,42
146,276,23,42
145,276,24,43
145,279,24,42
143,282,25,45
142,283,26,45
142,285,25,44
141,287,24,44
138,288,26,44
138,288,24,46
141,288,23,45
137,287,23,43
137,289,23,43
138,290,22,42
137,293,22,41
136,295,22,42
136,296,23,41
133,296,24,42
130,296,26,43
129,297,26,43
129,295,25,42
127,296,24,40
124,294,26,46
120,295,27,50
120,294,25,47
119,295,25,50
121,295,23,45
119,295,24,47
119,295,24,43
117,296,25,42
117,297,25,43
112,296,28,43
114,296,25,42
109,296,29,43
105,294,27,43
105,292,26,43
104,293,26,43
103,293,25,42
104,295,23,40
104,298,23,37
106,298,21,39
103,298,22,39
101,297,24,40
103,297,22,39
100,298,24,38
99,299,24,37
98,299,23,37
94,299,22,37
94,300,20,36
89,301,20,36
88,303,22,37
90,304,21,37
93,306,19,37
91,309,20,35
90,310,21,37
88,310,21,37
89,310,20,37
86,307,23,38
86,306,21,39
84,305,21,38
81,306,22,37
79,305,23,36
79,303,21,38
79,302,20,38
78,301,20,37
77,299,21,38
77,297,22,37
75,298,22,35
71,294,24,37
69,292,25,38
68,292,23,38
64,292,22,36
66,291,21,37
61,290,24,39
61,290,24,38
63,290,23,38
60,290,24,37
61,290,22,37
57,291,22,38
60,292,21,38
57,294,23,38
54,294,24,39
51,291,25,40
48,290,25,40
9,291,22,42
9,291,21,40
48,284,20,39
49,282,24,39
58,279,23,41
25,286,21,41
15,278,21,38
10,282,19,39
29,283,20,41
40,286,21,40
47,291,21,37
52,292,20,37
56,292,18,38
64,290,19,38
98,281,18,38
103,281,16,36
75,281,17,39
75,280,16,39
74,280,16,39
72,282,16,39
71,285,18,39
66,288,18,39
101,288,19,37
104,288,19,37
106,288,18,37
105,291,17,37
103,290,18,39
102,290,18,38
101,290,18,38
101,289,17,37
100,288,17,39
99,287,18,38
100,286,17,36
100,286,17,37
96,285,20,36
98,286,18,37
97,288,18,37
96,288,18,38
95,289,18,37
96,289,17,35
95,289,18,38
93,288,18,38
92,289,18,36
90,286,17,39
88,286,18,39
116,293,20,36
117,292,21,37
129,291,19,39
127,292,20,39
128,294,19,39
127,296,19,39
126,298,20,41
158,295,21,40
158,297,20,41
160,299,19,41
157,298,20,41
156,302,20,39
155,301,19,38
155,301,20,39
155,301,20,38
154,301,21,39
154,301,20,38
151,303,20,38
151,304,19,38
151,306,19,37
148,311,19,38
146,312,20,40
144,316,20,39
142,319,20,40
145,322,18,38
144,323,18,39
146,323,17,39
146,324,18,38
145,323,19,40
144,322,19,39
141,321,21,41
103,326,20,36
139,318,19,41
102,324,20,37
101,322,19,37
140,316,18,39
134,314,20,41
138,315,19,40
126,317,21,40
128,318,22,40
134,317,19,40
137,320,19,39
136,323,19,37
135,322,18,38
136,323,18,38
135,322,18,37
134,323,18,36
134,322,19,36
118,322,17,38
117,318,17,39
114,318,18,39
114,317,18,38
111,315,19,39
115,315,18,38
111,314,19,40
109,313,21,40
109,313,21,40
108,312,21,42
108,314,22,40
107,314,20,39
109,316,18,39
111,316,19,39
112,316,19,40
114,317,18,39
117,318,18,39
123,315,20,39
129,316,18,38
135,314,18,39
137,314,19,39
99,318,20,39
91,313,19,43
91,311,20,43
91,310,21,44
94,310,20,43
98,308,19,41
103,305,19,41
105,303,19,41
105,298,18,45
106,298,18,43
106,301,19,43
106,302,20,44
105,304,20,43
104,306,21,44
103,305,22,46
101,307,22,46
101,307,23,47
100,309,23,46
101,310,22,46
101,311,22,48
101,313,20,45
67,312,20,44
97,313,21,47
97,313,21,47
96,315,20,45
95,314,19,44
96,311,20,44
94,310,21,43
93,308,20,42
94,305,21,44
92,302,23,43
54,298,23,42
86,299,22,45
50,294,22,43
75,294,21,46
66,296,20,44
49,304,19,37
33,303,18,39
18,304,18,40
9,307,18,40
9,307,18,37
9,309,18,36
8,307,19,39
7,308,20,39
6,316,20,36
23,312,18,41
52,314,18,39
52,315,18,38
53,315,17,38
55,316,17,38
19,321,17,35
19,320,16,37
21,320,16,37
25,320,16,37
29,319,17,38
34,320,16,39
38,321,18,39
44,324,16,38
46,319,19,41
48,313,21,41
58,318,21,40
62,314,20,40
87,310,19,38
79,307,17,37
84,308,15,34
84,307,16,35
85,313,14,31
84,310,15,35
86,312,15,37
88,310,16,41
109,311,18,36
95,316,16,35
98,317,15,33
102,316,16,35
105,316,17,38
83,312,18,34
86,316,17,33
109,324,15,36
88,318,17,34
114,327,15,35
119,324,16,40
120,316,18,46
128,321,17,41
139,324,18,37
116,318,18,33
119,319,17,32
125,317,21,35
139,331,15,34
133,317,16,28
142,332,15,32
145,332,14,31
146,328,14,34
