0.008385
0.020743
0.022322
0.022379
0.022906
0.020913
0.020773
0.032480
0.020806
0.020859
0.023356
0.025614
0.021350
0.020607
0.029165
0.025213
0.021121
0.020648
0.021002
0.019877
0.020050
0.020616
0.018224
0.018908
0.022362
0.018127
0.023416
0.022461
0.019059
0.018788
0.019345
0.018595
0.020578
0.021654
0.020036
0.021118
0.021760
0.021360
0.025413
0.022970
0.022211
0.020261
0.019408
0.023509
0.026987
0.023279
0.022071
0.019244
0.019362
0.018422
0.017800
0.021002
0.017222
0.017466
0.017293
0.028846
0.020683
0.017259
0.017316
0.022274
0.017342
0.019420
0.019742
0.021528
0.018233
0.017150
0.017994
0.028711
0.020400
0.018950
0.020822
0.019263
0.025494
0.017654
0.027029
0.020035
0.018471
0.029996
0.027506
0.019569
0.018137
0.029744
0.020304
0.017872
0.022720
0.023279
0.021240
0.021517
0.020311
0.022547
0.020835
0.020427
0.018469
0.025951
0.019900
0.026320
0.018922
0.018884
0.018847
0.023213
0.017131
0.019465
0.019576
0.019054
0.029125
0.021879
0.020651
0.018768
0.019139
0.018271
0.017359
0.018741
0.018548
0.020682
0.017218
0.020586
0.018492
0.021474
0.018118
0.018757
0.017678
0.017884
0.018079
0.017874
0.016872
0.021428
0.020666
0.017442
0.018492
0.017630
0.036497
0.028994
0.018742
0.018788
0.032382
0.019472
0.019249
0.020090
0.023887
0.019639
0.023956
0.018415
0.018698
0.024713
0.019965
0.018646
0.020689
0.017374
0.027167
0.026038
0.022623
0.019560
0.017445
0.020563
0.030949
0.020717
0.018969
0.024426
0.017883
0.023276
0.018275
0.017246
0.017123
0.016138
0.017863
0.018408
0.017955
0.019164
0.019890
0.020641
0.016581
0.016912
0.017275
0.021440
0.017928
0.016520
0.016453
0.020462
0.017243
0.026327
0.020927
0.022836
0.022055
0.017079
0.019183
0.018795
0.027818
0.020342
0.018408
0.020075
0.018807
0.018323
0.016492
0.017290
0.016801
0.017714
0.019739
0.017747
0.017691
0.027588
0.021675
0.020767
0.022782
0.025177
0.023009
0.025040
0.020994
0.018150
0.026416
0.018987
0.021109
0.020896
0.015909
0.017053
0.015122
0.015255
0.016993
0.015555
0.020974
0.017229
0.017280
0.024037
0.023045
0.025104
0.037132
0.022173
0.022600
0.021005
0.022468
0.019556
0.021031
0.019892
0.017898
0.019326
0.017999
0.017600
0.021607
0.021372
0.017689
0.016878
0.019844
0.020504
0.024953
0.018720
0.020354
0.021239
0.023215
0.029480
0.021844
0.022511
0.024245
0.026017
0.036083
0.021647
0.022359
0.020552
0.017757
0.018385
0.017811
0.018208
0.017711
0.018849
0.017889
0.017140
0.021269
0.018313
0.017489
0.018014
0.017901
0.017176
0.033631
0.045158
0.029245
0.018879
0.018751
0.018306
0.017475
0.017386
0.017205
0.017378
0.018625
0.018100
0.017174
0.020496
0.018036
0.019871
0.016800
0.017430
0.017658
0.020759
0.020362
0.024659
0.019531
0.016827
0.017390
0.017774
0.038777
0.017385
0.023610
0.017700
0.018584
0.017890
0.025365
0.017969
0.016687
0.018728
0.017190
0.016589
0.023184
0.016919
0.017595
0.018773
0.023066
0.017323
0.024399
0.017711
0.018878
0.018778
0.017404
0.017921
0.021661
0.015584
0.022864
0.015751
0.015396
0.022622
0.021205
0.021951
0.017173
0.015970
0.027180
0.015858
0.016725
0.016673
0.027898
0.017195
0.017916
0.016397
0.016566
0.019666
0.016774
0.018805
0.015923
0.017287
0.017551
0.016619
0.015578
0.015840
0.018455
0.018237
0.016540
0.021336
0.018410
0.018430
0.023634
0.022651
0.016989
0.016616
0.017191
0.017215
0.017984
0.015781
0.015470
0.024680
0.017917
0.015415
0.017332
0.018617
0.016899
0.015721
0.017026
0.016534
0.017209
0.020878
0.016319
0.015999
0.016702
0.021943
0.015560
0.014965
0.015258
0.017169
0.016613
0.016876
0.015576
0.016139
0.016270
0.017175
0.016411
0.016383
0.016105
0.015397
0.015040
0.014793
0.014965
0.016556
0.016003
0.017092
0.015298
0.018528
0.016446
0.017595
0.016788
0.015593
0.016371
0.017147
0.018456
0.017342
0.017084
0.017598
0.016675
0.017600
0.017086
0.016741
0.026876
0.017440
0.017384
0.017364
0.029129
0.017632
0.016972
0.018984
0.018349
0.017252
0.019937
0.021473
0.019386
0.021673
0.018227
0.017956
0.022941
0.018807
0.019348
0.017102
0.016354
0.016564
0.016148
0.023863
0.018658
0.020803
0.020079
0.018432
0.019481
0.016437
0.017613
0.016139
0.016181
0.017941
0.017110
0.028595
0.017657
0.018341
0.020928
0.017147
0.016694
0.021884
0.019156
0.017038
0.019328
0.018589
0.016889
0.021592
0.018628
0.019057
0.016759
0.017473
0.016874
0.017759
0.017687
0.015680
0.016757
0.018055
0.015491
0.018554
0.016173
0.016525
0.017295
0.017208
0.019389
0.019161
0.017661
0.016562
0.022667
0.020942
0.018492
0.020674
0.026933
0.018346
0.018302
0.022089
0.016670
0.017235
0.029357
0.018873
0.017293
0.028101
0.019389
0.018947
0.021503
0.018870
0.020920
0.020898
0.020118
0.018849
0.017938
0.016813
0.019134
0.018383
0.018379
0.017883
0.016705
0.017604
0.017539
0.015277
0.025154
0.019083
0.017730
0.026709
0.015916
0.021427
0.016511
0.017738
0.017482
0.019852
0.017114
0.017124
0.020233
0.022552
0.018104
0.019093
0.031000
0.018743
0.020008
0.022178
0.016988
0.019023
0.022112
0.017753
0.021446
0.019727
0.021940
0.028967
0.019809
0.021548
0.018245
0.020760
0.020880
0.019734
0.022815
0.021166
0.032871
0.018136
0.018562
0.026358
0.018490
0.019349
0.019107
0.019636
0.019387
0.020873
0.023573
0.017947
0.018639
0.017665
0.022121
0.018581
