0.016372
0.032335
0.033792
0.031398
0.032268
0.021606
0.031650
0.020329
0.032488
0.017279
0.016396
0.018387
0.031028
0.033436
0.022883
0.033204
0.032498
0.029171
0.031393
0.032546
0.026259
0.026273
0.034610
0.032198
0.034471
0.032491
0.033141
0.031443
0.033116
0.031801
0.027745
0.031709
0.031411
0.018846
0.023700
0.031868
0.028620
0.031347
0.015296
0.014633
0.020614
0.032470
0.030102
0.033807
0.033051
0.028577
0.016518
0.014356
0.017692
0.034524
0.033541
0.032183
0.024814
0.015895
0.015016
0.017977
0.017864
0.031245
0.023870
0.034160
0.033312
0.019229
0.031417
0.031559
0.033912
0.026875
0.033550
0.032891
0.024017
0.019647
0.017752
0.029662
0.031408
0.032104
0.032266
0.023552
0.032559
0.033696
0.032488
0.031449
0.031142
0.035018
0.020975
0.032764
0.033426
0.026416
0.018292
0.018467
0.028933
0.029488
0.025119
0.031785
0.034729
0.033291
0.031017
0.031652
0.031111
0.017332
0.033292
0.024833
0.027151
0.032368
0.033547
0.021708
0.028798
0.027889
0.031791
0.031548
0.033091
0.032810
0.033230
0.031953
0.032321
0.032114
0.018218
0.027759
0.032147
0.032505
0.031888
0.032164
0.031121
0.033058
0.032423
0.024360
0.031158
0.032014
0.027098
0.034017
0.031182
0.032855
0.026869
0.029729
0.033649
0.027618
0.028381
0.027801
0.022149
0.030623
0.033314
0.033673
0.032914
0.031503
0.020373
0.031614
0.031584
0.032006
0.026308
0.032027
0.031097
0.031818
0.028516
0.035114
0.031115
0.032766
0.024678
0.033213
0.030782
0.030471
0.032954
0.027192
0.032087
0.028814
0.032234
0.031286
0.031693
0.024093
0.032079
0.031546
0.025753
0.031851
0.030879
0.030649
0.031452
0.032810
0.027570
0.032897
0.019859
0.025671
0.030722
0.032626
0.032834
0.033239
0.022534
0.031025
0.024597
0.031867
0.032926
0.031281
0.031116
0.033055
0.022271
0.024652
0.034126
0.034454
0.032577
0.030687
0.027348
0.031224
0.032559
0.028872
0.032911
0.032868
0.032157
0.032989
0.031357
0.031210
0.031271
0.031681
0.031689
0.032404
0.033129
0.021101
0.031184
0.032603
0.029883
0.032524
0.031617
0.030948
0.029936
0.031821
0.032957
0.034328
0.033442
0.033542
0.032684
0.026737
0.030770
0.033666
0.033224
0.032015
0.025936
0.031351
0.033357
0.023759
0.018395
0.018147
0.015544
0.017210
0.018451
0.018894
0.034207
0.031636
0.032282
0.029462
0.032595
0.029070
0.027201
0.019707
0.016905
0.028681
0.031072
0.035172
0.033492
0.034304
0.033711
0.033178
0.031325
0.035551
0.020305
0.031730
0.032630
0.031854
0.032351
0.030214
0.022536
0.018782
0.028154
0.030070
0.033172
0.032116
0.016220
0.031893
0.028420
0.030110
0.032457
0.032662
0.021602
0.029892
0.030053
0.029656
0.017533
0.017551
0.032946
0.032470
0.033955
0.033738
0.031531
0.031260
0.031811
0.026399
0.024740
0.031845
0.034085
0.027471
0.033407
0.027724
0.027012
0.032562
0.025837
0.031077
0.032289
0.032692
0.030816
0.024201
0.033282
0.027038
0.026540
0.029345
0.031104
0.020103
0.027033
0.029934
