0.013977
0.029130
0.034001
0.018377
0.034509
0.016312
0.032277
0.032918
0.024597
0.027297
0.030907
0.034301
0.029092
0.024609
0.033874
0.031698
0.030849
0.031467
0.032337
0.024411
0.033723
0.015634
0.014606
0.014873
0.019162
0.014986
0.026616
0.031921
0.032392
0.030847
0.020185
0.026488
0.031235
0.031213
0.034010
0.030411
0.028803
0.033081
0.031028
0.033009
0.032189
0.030266
0.032568
0.031760
0.022357
0.014420
0.017498
0.015548
0.014657
0.015068
0.018941
0.030674
0.031650
0.023862
0.030815
0.032638
0.033413
0.031237
0.032921
0.032073
0.030927
0.031099
0.018946
0.016296
0.031384
0.032418
0.031140
0.032668
0.031694
0.019551
0.014598
0.030341
0.032318
0.026053
0.033583
0.032380
0.032400
0.030874
0.028360
0.032463
0.032269
0.015588
0.015800
0.015758
0.032659
0.031437
0.025361
0.031054
0.028741
0.031314
0.030392
0.020881
0.031920
0.031755
0.033004
0.032324
0.031679
0.022175
0.022342
0.033040
0.032637
0.018139
0.015015
0.030650
0.033160
0.032026
0.031706
0.026037
0.031779
0.034443
0.020102
0.031559
0.031010
0.030667
0.032371
0.016017
0.014677
0.034016
0.031371
0.032439
0.032314
0.022722
0.033726
0.031759
0.032144
0.027961
0.024719
0.034488
0.028141
0.030855
0.018590
0.031587
0.032273
0.028182
0.030562
0.020747
0.023857
0.033166
0.032545
0.018106
0.023035
0.033124
0.014825
0.015000
0.033059
0.017183
0.014847
0.014458
0.018859
0.036504
0.028577
0.016289
0.020983
0.015224
0.032622
0.027497
0.030772
0.031199
0.019701
0.030381
0.023018
0.030421
0.030327
0.029758
0.031911
0.032315
0.031760
0.032789
0.019905
0.031868
0.030960
0.032492
0.031000
0.033700
0.031792
0.030777
0.032567
0.030230
0.032661
0.025248
0.033576
0.031752
0.033190
0.025638
0.031750
0.031905
0.031208
0.031304
0.023380
0.031683
0.032991
0.031881
0.031348
0.017680
0.031016
0.015671
0.031446
0.031294
0.035504
0.030475
0.028642
0.032533
0.032336
0.015972
0.033320
0.032954
0.022170
0.031161
0.022832
0.031412
0.031853
0.030557
0.019085
0.031213
0.031378
0.025059
0.021750
0.030843
0.028825
0.030766
0.037670
0.033797
0.032655
0.017103
0.035500
0.029276
0.027432
0.029803
0.033657
0.031554
0.032668
0.023397
0.031084
0.030581
0.019791
0.019005
0.014809
0.016246
0.032139
0.031286
0.031959
0.026847
0.023834
0.027560
0.034511
0.017615
0.031901
0.030035
0.032054
0.018565
0.031941
0.032428
0.030587
0.032072
0.024207
0.028971
0.024249
0.031838
0.030537
0.030527
0.032046
0.016658
0.018127
0.025542
0.030768
0.026883
0.031525
0.018785
0.031128
0.033420
0.031889
0.021714
0.034295
0.031159
0.028012
0.031783
0.021141
0.030722
0.025427
0.028250
0.031973
0.020488
0.014822
0.015419
0.032491
0.031216
0.033476
0.024893
0.032532
0.032084
0.032536
0.030273
0.032205
0.032022
0.025617
0.034985
0.035343
0.034861
0.031585
0.018812
0.015692
0.018689
0.019367
0.021794
0.015748
0.033912
0.024634
0.032208
0.025865
0.033583
0.029937
0.033991
0.029427
0.032946
0.032592
0.026700
0.030991
0.034945
0.034301
0.032206
0.025669
0.031553
0.031658
0.020855
0.018070
0.016868
0.034108
0.031819
0.027486
0.025428
0.036399
0.032172
0.024342
0.033323
0.034085
0.032150
0.026641
0.033250
0.032691
0.028214
0.024777
0.026798
0.029543
0.032139
0.022957
0.031143
0.032859
0.031847
0.032584
0.028082
0.033468
0.032583
0.031554
0.033709
0.017988
0.015692
0.016292
0.016436
0.034712
0.031416
0.029092
0.031899
0.029706
0.023417
0.031497
0.033251
0.031240
0.032947
0.036234
0.018112
0.033339
0.036201
0.016164
0.035478
0.026301
0.033428
0.033148
0.019344
0.015633
0.034421
0.017761
0.034479
0.023408
0.018328
0.015955
0.016108
0.017476
0.035021
0.026348
0.034187
0.032685
0.024636
0.033654
0.030490
0.026501
0.034505
0.021570
0.028001
0.032367
0.034234
0.032298
0.025118
0.033035
0.027161
0.036369
0.033221
0.033715
0.033345
0.034774
0.032854
0.036455
0.016311
0.017501
0.019405
0.030569
0.028317
0.032917
0.034735
0.026180
0.033738
0.020363
0.020735
0.032052
0.032274
0.033530
0.017309
0.020813
0.018348
0.028882
0.030761
0.032680
0.026648
0.033432
0.036098
0.032832
0.032996
0.033449
0.032995
0.020832
0.024007
0.033906
0.033266
0.034044
0.034082
0.032809
0.033192
0.033523
0.021110
0.032744
0.035076
0.031973
0.021097
0.031916
0.033252
0.037862
0.026001
0.026941
0.033592
0.034909
0.032551
0.034247
0.026562
0.031136
0.034508
