458,360,16,30
456,357,20,31
455,356,20,35
454,355,21,36
452,355,22,37
451,355,23,38
452,354,22,36
450,353,23,37
450,353,23,38
449,353,23,39
432,351,29,43
444,352,27,43
450,348,22,40
448,349,24,38
445,350,24,38
449,352,24,38
448,353,22,37
448,353,22,34
448,353,22,34
446,352,23,38
446,351,23,39
446,349,23,42
445,349,25,44
438,348,27,44
432,348,25,44
426,347,27,48
424,346,26,49
421,349,25,49
422,351,25,45
422,353,27,46
421,353,26,47
422,355,25,48
420,358,25,49
421,361,24,47
423,364,25,44
420,364,24,48
419,364,25,47
417,366,26,46
423,363,27,48
420,363,26,48
417,366,26,44
421,362,28,47
418,363,27,47
416,365,26,47
419,357,26,52
416,360,25,51
416,359,29,51
412,357,28,51
416,357,27,50
411,355,29,51
412,356,27,53
410,357,30,51
410,356,29,53
411,356,28,51
410,354,28,52
412,354,27,51
409,355,27,50
413,354,29,50
406,354,29,50
413,354,27,49
407,354,26,48
407,355,26,45
408,354,24,46
409,357,24,45
403,355,25,46
407,358,26,47
408,356,26,49
409,357,26,47
405,355,24,47
403,355,25,49
405,357,25,49
401,354,26,48
401,355,25,48
399,354,25,47
397,355,24,47
400,354,25,48
406,356,27,47
416,360,27,43
435,363,27,41
451,368,27,38
469,370,31,39
485,363,23,47
485,359,23,51
484,354,24,52
483,351,25,51
477,352,27,49
482,354,24,50
484,356,23,50
447,358,23,42
448,367,21,40
447,370,20,37
445,374,20,32
443,374,20,32
443,369,22,43
441,369,23,44
442,368,21,45
441,369,21,45
438,368,19,38
441,368,23,38
437,365,26,41
437,362,22,42
434,360,23,43
433,363,22,42
433,361,24,40
436,362,24,40
432,363,22,38
430,364,23,35
432,361,23,36
430,363,21,36
431,366,22,33
430,366,22,34
430,367,21,33
431,368,22,33
429,370,21,32
431,369,22,34
428,371,22,34
428,371,20,34
430,371,18,34
432,371,18,33
429,371,17,33
430,372,17,34
430,372,18,35
432,372,17,33
438,379,23,28
454,379,22,28
467,379,21,29
470,381,24,26
467,382,20,27
467,383,18,28
466,382,19,28
461,384,17,27
460,382,21,27
460,378,21,29
461,374,23,32
458,365,23,34
457,365,21,33
451,360,19,34
451,358,19,33
450,356,19,35
448,355,19,35
447,355,21,36
447,351,21,36
448,353,23,35
445,348,19,37
445,348,19,34
444,348,19,33
443,347,19,34
443,348,17,32
441,347,17,32
442,349,17,31
441,350,17,31
442,352,17,31
438,352,17,32
439,352,17,33
439,352,19,33
438,352,18,34
437,350,21,36
437,351,20,36
435,352,19,35
434,349,20,38
432,349,19,37
432,349,18,36
432,349,18,35
431,349,18,35
431,348,18,36
431,349,18,35
431,348,18,35
431,348,18,35
430,346,18,37
431,346,18,38
430,345,18,38
429,346,18,37
429,346,17,37
428,347,17,36
427,349,17,36
426,355,16,35
427,359,16,35
425,361,16,35
425,361,16,37
424,361,16,37
423,358,15,38
422,356,15,38
420,354,16,40
419,352,17,39
418,352,17,39
417,351,17,38
417,351,17,38
417,352,17,36
416,354,16,38
413,356,18,40
412,359,18,40
410,360,19,42
409,362,20,41
409,362,20,41
408,360,20,43
408,358,21,45
407,357,21,45
407,356,21,46
406,360,20,43
406,362,19,41
406,364,19,43
406,365,20,45
405,367,19,43
404,369,20,42
403,370,20,42
402,368,19,43
400,367,19,42
399,365,20,43
398,364,20,44
398,364,20,43
397,368,18,40
397,372,17,42
397,375,18,41
396,380,18,38
394,381,19,39
394,384,21,39
393,384,22,46
392,389,23,43
391,387,22,45
390,387,22,45
388,387,22,44
387,389,21,41
385,391,20,40
383,390,21,40
382,391,20,40
381,391,20,40
380,390,20,40
379,389,20,40
379,388,20,42
377,388,20,42
377,388,21,44
376,390,19,42
376,392,18,39
375,393,19,38
374,393,18,37
373,394,19,38
372,394,18,37
370,394,20,39
370,393,20,40
369,391,20,42
369,390,20,43
369,388,20,44
368,387,20,43
367,389,20,42
367,389,20,40
367,389,19,40
367,390,20,41
366,388,20,42
366,388,20,42
366,386,21,42
368,383,20,41
373,379,19,38
376,377,20,39
376,376,20,38
376,379,19,36
376,382,17,33
376,384,17,34
375,385,19,35
375,387,19,36
376,389,19,37
376,387,19,37
376,388,21,40
380,386,20,41
383,389,19,38
386,390,20,35
388,393,18,35
388,397,17,34
386,397,17,35
384,399,18,36
382,395,18,37
382,394,18,38
380,391,19,38
380,391,18,36
379,393,18,36
378,393,18,37
377,396,17,36
376,397,18,37
375,399,19,37
373,400,19,37
373,401,19,38
372,400,18,38
370,399,21,38
369,397,23,39
375,393,23,41
367,392,20,39
366,391,18,36
366,390,16,34
364,390,17,35
363,389,18,35
372,388,22,36
372,387,21,37
362,387,18,37
364,387,22,37
366,386,20,37
363,384,22,37
365,383,22,38
364,382,19,37
378,382,19,36
384,383,19,35
382,381,21,38
383,378,21,39
378,376,21,40
375,377,17,36
377,373,24,37
374,371,21,39
376,369,23,39
373,367,25,40
373,366,25,40
371,364,26,42
369,363,25,41
371,361,23,41
368,361,25,39
372,360,20,38
368,357,23,38
374,357,18,36
373,355,18,34
360,353,17,34
371,354,18,34
369,353,18,35
368,351,19,36
362,349,22,38
359,349,25,39
357,347,26,41
358,345,25,41
356,342,26,42
353,340,26,42
357,340,24,40
356,338,24,38
356,338,21,37
352,339,18,35
350,340,15,32
356,338,18,36
354,337,19,37
352,336,20,38
352,335,21,39
349,334,22,39
348,335,21,38
343,329,25,46
343,333,26,43
341,332,27,43
340,336,23,38
341,339,19,35
337,339,17,34
335,338,17,32
335,337,18,35
334,337,17,33
338,335,21,35
335,334,24,36
331,333,22,37
330,331,25,39
332,332,23,37
330,332,22,37
328,332,22,37
328,334,19,36
327,332,22,36
327,334,21,35
327,335,21,35
327,333,23,36
325,331,24,38
324,331,22,37
323,331,22,36
324,331,22,36
321,332,21,37
322,334,22,36
320,335,23,37
320,337,22,38
319,337,22,38
320,337,21,37
317,336,21,38
316,335,23,36
314,334,22,36
317,334,20,35
312,335,18,34
314,335,19,34
313,336,19,33
314,336,20,34
312,336,21,34
311,335,22,35
310,334,22,36
276,305,19,38
275,306,19,35
307,335,20,37
307,336,21,37
278,308,20,38
284,313,18,33
285,313,17,34
289,312,17,35
293,312,17,35
294,309,18,34
294,304,18,36
294,304,23,37
319,328,19,36
315,326,21,37
299,301,20,48
303,303,24,50
309,302,26,57
318,306,24,54
325,311,23,60
325,315,22,41
325,318,20,39
327,314,19,40
324,306,22,48
324,305,23,46
326,304,19,37
326,305,18,36
327,306,17,35
328,309,16,33
328,310,16,33
331,310,16,35
333,309,19,45
332,303,22,64
335,306,23,61
332,307,22,59
331,306,20,42
332,305,20,40
341,334,18,35
334,310,17,32
334,314,17,33
333,316,18,42
334,318,17,33
334,319,16,33
334,319,17,34
332,317,18,36
330,317,21,42
328,339,20,37
326,335,19,40
327,316,21,57
326,317,27,62
323,316,30,68
324,322,31,63
323,318,30,67
326,319,29,64
319,338,21,44
319,345,19,34
319,345,18,33
318,344,18,34
317,343,18,34
317,343,18,33
316,344,16,32
315,344,20,32
316,344,19,34
315,343,21,34
316,342,22,35
313,342,19,35
315,342,22,34
311,342,18,34
315,344,19,32
311,343,19,32
310,343,19,33
310,343,17,34
308,343,17,35
307,344,16,33
308,344,18,34
305,342,17,35
305,341,16,34
304,341,16,33
304,342,16,33
303,342,17,33
302,341,17,34
301,341,18,34
300,341,17,34
298,339,18,35
300,338,19,35
300,338,17,34
299,338,16,34
296,338,17,35
297,338,19,34
296,337,17,35
295,338,19,35
333,312,18,35
306,337,18,36
305,336,20,37
304,335,20,36
303,335,20,37
301,336,19,36
305,337,19,35
305,338,19,34
308,338,18,35
308,339,19,34
310,338,19,35
310,337,18,35
303,336,20,35
300,336,18,35
302,335,17,35
313,334,17,35
311,334,18,34
302,336,17,34
312,336,18,33
312,337,17,33
346,314,19,37
347,317,19,36
348,315,21,37
349,315,20,38
349,316,19,37
350,317,19,35
349,318,19,35
350,320,19,34
350,319,19,35
352,317,20,35
357,315,19,35
361,317,17,33
360,316,18,32
361,317,17,31
360,317,18,31
362,317,18,32
362,317,18,32
368,316,17,34
375,313,19,34
383,313,18,33
390,312,19,36
396,312,18,34
401,314,16,31
401,312,16,32
400,307,18,36
399,306,18,36
399,307,17,34
401,307,19,33
403,308,19,37
406,311,19,37
412,315,18,38
417,314,21,39
420,309,32,49
441,310,29,64
451,318,24,49
450,322,21,42
449,321,19,37
448,316,20,38
446,312,20,37
447,309,19,36
446,309,18,35
445,308,18,35
445,307,18,36
445,309,18,36
446,312,18,35
447,315,17,34
447,318,17,33
448,319,17,33
447,319,18,34
448,317,17,35
447,315,18,35
447,313,17,36
447,311,17,35
448,307,17,36
447,305,17,36
447,302,18,36
448,303,18,35
448,303,17,34
449,306,17,35
450,309,17,33
450,310,16,32
450,309,16,34
450,310,16,35
450,309,17,35
450,307,17,35
450,305,16,36
450,306,17,34
450,303,17,38
451,304,17,36
451,305,16,34
451,308,16,35
450,311,16,33
451,309,16,35
451,309,17,38
450,312,16,34
450,314,16,34
454,311,16,36
458,314,17,35
460,304,18,45
459,313,18,36
460,312,18,37
459,311,18,37
459,313,19,38
459,312,17,37
460,313,17,36
460,310,18,38
461,309,19,39
462,310,18,38
463,307,19,40
467,309,19,40
471,311,18,38
477,306,18,42
483,309,18,38
488,313,16,33
493,313,16,32
497,313,17,31
502,311,16,34
509,312,15,34
514,311,16,35
520,313,16,36
523,314,16,35
529,313,16,34
533,313,17,34
535,315,18,34
537,311,17,36
539,310,17,36
538,312,18,34
538,312,18,36
539,314,18,37
539,315,17,34
540,315,18,36
540,313,19,39
542,311,21,44
546,313,19,43
545,312,19,42
547,314,19,38
546,314,18,37
546,314,19,38
545,315,19,38
547,315,18,38
547,316,19,37
548,317,19,37
549,317,19,37
549,318,19,36
549,318,19,37
550,318,18,37
549,316,18,38
550,316,18,37
551,317,18,35
550,317,17,35
550,317,18,36
550,318,18,36
550,319,18,36
551,319,18,36
551,320,18,36
551,321,17,34
550,320,17,34
551,321,17,35
550,320,18,36
550,320,18,37
550,321,18,36
549,321,17,35
550,322,17,35
550,321,18,36
550,320,18,36
550,320,17,35
550,319,18,37
549,319,18,37
550,320,18,36
549,320,18,35
550,322,17,33
551,323,17,33
550,324,17,34
550,322,18,35
549,323,18,37
549,322,18,38
550,323,18,36
549,322,17,36
549,322,17,36
550,322,17,37
549,321,18,37
550,322,18,39
549,321,17,37
550,322,18,38
549,321,18,36
550,321,18,38
550,321,18,36
550,321,18,39
549,321,17,37
549,320,19,38
549,322,18,35
550,322,18,36
550,323,19,37
549,323,17,36
549,322,19,37
549,323,18,36
549,323,18,36
548,322,18,37
549,323,19,36
549,323,19,36
548,323,18,36
548,323,19,37
548,323,18,36
549,322,18,35
549,322,18,35
548,323,18,36
548,322,18,36
548,322,19,37
549,323,18,35
549,323,18,35
548,323,18,37
548,321,19,37
548,321,19,36
548,319,18,36
548,319,18,35
549,322,17,32
550,324,17,33
550,326,17,34
549,327,18,34
548,329,18,34
548,331,17,33
547,330,17,34
546,329,17,35
546,330,17,34
545,329,18,37
547,331,18,36
546,334,17,34
546,334,17,36
546,332,18,37
544,327,18,39
544,329,17,35
544,330,18,36
542,331,18,36
544,331,18,36
543,332,17,34
543,334,17,33
543,333,17,34
543,334,17,35
543,333,18,36
543,334,18,35
543,333,18,36
544,334,18,35
544,335,19,35
544,336,19,35
545,336,19,36
544,335,19,38
544,334,20,38
543,333,19,39
543,333,18,38
545,335,17,35
546,332,18,36
545,333,18,34
546,333,18,35
546,333,18,35
547,335,18,34
546,337,18,35
547,338,17,33
546,339,18,36
546,338,17,36
546,339,18,35
546,339,18,35
546,340,18,35
547,338,18,39
546,339,18,37
549,338,18,37
548,337,17,35
547,335,18,37
546,337,17,33
545,336,18,34
544,336,18,35
545,336,18,37
545,333,19,39
545,335,19,37
545,336,19,37
545,335,18,38
547,337,18,37
546,337,17,35
547,339,18,35
547,340,18,33
547,341,18,32
