0.013025
0.034502
0.032120
0.032547
0.036221
0.032471
0.031837
0.030472
0.034444
0.030854
0.019606
0.015039
0.015311
0.018404
0.017859
0.016820
0.019733
0.017220
0.016909
0.032841
0.033636
0.035796
0.031576
0.023634
0.034139
0.031852
0.033486
0.017455
0.018655
0.021868
0.017444
0.020864
0.017114
0.017230
0.018886
0.017015
0.024632
0.035572
0.031826
0.045113
0.026614
0.032609
0.031390
0.020515
0.030688
0.033444
0.020878
0.015671
0.017581
0.017479
0.017814
0.018956
0.016020
0.025095
0.031878
0.031645
0.038270
0.025605
0.029665
0.032274
0.026616
0.032323
0.017550
0.018794
0.019671
0.016326
0.019134
0.025067
0.032734
0.032150
0.033767
0.021531
0.033877
0.020630
0.032271
0.027037
0.031255
0.049139
0.025781
0.032453
0.031513
0.017993
0.019308
0.016627
0.015843
0.016206
0.015983
0.015492
0.017301
0.017039
0.016228
0.015598
0.016904
0.016278
0.016841
0.040338
0.034423
0.021758
0.031069
0.031799
0.032625
0.017830
0.027389
0.031068
0.032135
0.017292
0.018389
0.019278
0.023045
0.015688
0.017441
0.019165
0.017725
0.015901
0.017370
0.018310
0.019681
0.016833
0.020356
0.035838
0.038940
0.032020
0.032087
0.029285
0.033171
0.038288
0.023587
0.032044
0.033918
0.031908
0.030826
0.023664
0.031322
0.028780
0.025292
0.032687
0.032683
0.030669
0.031031
0.031004
0.031231
0.025314
0.032296
0.020770
0.036487
0.033073
0.034121
0.036258
0.026397
0.034134
0.036187
0.025651
0.033818
0.033576
0.024240
0.032581
0.016891
0.020199
0.037163
0.032116
0.021131
0.040270
0.033211
0.024593
0.031486
0.033080
0.032887
0.031852
0.033677
0.035857
0.031901
0.034048
0.034145
0.034326
0.028965
0.036794
0.036139
0.020161
0.021382
0.033880
0.033056
0.029409
0.032500
0.020822
0.017212
0.019026
0.019224
0.016891
0.016065
0.017695
0.016050
0.035036
0.033834
0.031811
0.031960
0.034552
0.032687
0.030494
0.035172
0.030953
0.045198
0.021881
0.035218
0.033044
0.025073
0.033654
0.034747
0.030798
0.027049
0.031481
0.016547
0.016343
0.016304
0.016775
0.020493
0.018517
0.015553
0.015620
0.016012
0.017581
0.028595
0.032889
0.034244
0.031973
0.032675
0.030236
0.033901
0.017551
0.019511
0.015886
0.015646
0.018358
0.019813
0.021641
0.020550
0.022005
0.018556
0.021197
0.018307
0.018682
0.018631
0.032290
0.033278
