0.014986
0.018961
0.033863
0.032978
0.032034
0.029767
0.032507
0.019674
0.015490
0.015695
0.018874
0.030137
0.035787
0.032293
0.033340
0.031404
0.023582
0.030986
0.037082
0.030550
0.030431
0.031363
0.032287
0.026145
0.016512
0.033575
0.029083
0.031310
0.031371
0.030483
0.032160
0.031532
0.032030
0.034106
0.033403
0.021267
0.031328
0.031745
0.032000
0.026282
0.030453
0.033864
0.030808
0.019067
0.015348
0.030903
0.032543
0.021206
0.033077
0.031715
0.032371
0.032027
0.032465
0.020485
0.030265
0.030555
0.030692
0.035234
0.031240
0.030908
0.031176
0.031146
0.027870
0.030777
0.016498
0.032730
0.031993
0.032384
0.030900
0.022269
0.034704
0.031713
0.027889
0.027609
0.030647
0.031745
0.031053
0.027177
0.031256
0.032238
0.030488
0.014713
0.031932
0.028023
0.031843
0.032433
0.020276
0.032261
0.032298
0.017038
0.029676
0.031330
0.032745
0.031729
0.031823
0.031210
0.031341
0.029795
0.022316
0.031180
0.031936
0.023110
0.032992
0.028401
0.032491
0.030790
0.032331
0.023671
0.027014
0.032101
0.033592
0.018236
0.033077
0.031193
0.022399
0.032108
0.024877
0.031268
0.027871
0.030385
0.028921
0.031791
0.021674
