745,316,20,47
742,315,23,49
744,314,23,50
742,314,24,52
744,317,22,47
742,317,24,48
744,316,24,52
743,318,22,48
745,320,22,45
744,318,23,47
743,318,23,49
742,318,23,49
742,318,23,47
743,319,22,47
740,318,24,49
742,318,24,48
740,317,24,49
743,318,23,48
741,317,24,51
741,317,24,52
743,318,23,50
741,317,24,51
745,318,23,50
742,318,24,49
745,317,23,51
743,317,23,49
745,317,23,49
744,316,24,50
745,320,22,47
745,318,23,47
745,317,23,48
745,317,23,49
745,318,23,48
744,319,23,47
745,319,23,49
744,319,23,49
743,319,23,48
744,318,23,52
745,320,22,52
742,319,24,53
743,319,23,52
742,317,23,52
743,317,23,53
744,318,23,53
744,319,23,52
744,319,22,49
745,319,22,50
744,319,22,51
744,320,23,52
744,321,22,51
744,320,23,52
744,318,23,54
745,319,23,52
743,319,24,52
745,320,24,50
743,319,25,53
743,318,26,53
745,319,24,51
745,321,24,51
743,321,25,53
745,321,23,51
744,321,25,52
743,321,24,52
742,321,24,54
741,320,24,55
742,321,23,54
741,321,24,53
741,320,24,51
739,321,23,50
742,322,23,49
739,321,24,51
739,320,24,50
740,321,23,49
740,321,23,49
739,321,24,50
739,322,23,49
739,322,24,49
739,322,23,50
740,323,24,49
739,321,23,50
739,322,23,50
740,322,23,49
740,322,23,49
741,323,23,49
740,321,23,50
740,322,23,50
740,322,23,48
740,323,23,46
740,323,22,46
740,324,22,45
740,324,22,48
739,322,21,49
738,323,23,48
736,323,23,48
740,323,21,47
738,322,23,48
739,324,21,47
738,323,22,47
741,324,21,47
739,323,23,51
739,322,23,51
743,325,22,49
749,325,24,49
754,324,25,48
766,325,24,47
777,323,26,52
792,324,25,49
802,323,27,55
817,320,27,53
833,318,26,55
830,324,26,50
828,323,25,49
828,323,25,51
825,322,25,52
822,322,26,54
821,323,25,52
820,323,25,52
818,322,24,52
822,322,26,53
818,322,25,52
820,323,24,50
817,322,26,54
820,322,26,51
818,320,26,53
822,321,25,54
819,318,27,55
819,324,25,51
819,320,27,53
819,325,27,53
819,322,26,55
818,322,26,56
817,321,25,56
819,323,27,57
816,319,27,58
816,320,28,58
817,319,26,60
817,322,25,56
816,321,27,57
816,320,27,59
816,323,26,56
815,323,26,54
816,320,29,58
813,325,26,55
818,322,31,58
812,322,31,58
812,322,26,59
818,322,32,58
809,323,26,58
813,318,39,61
810,322,31,59
810,324,25,58
821,323,28,58
809,324,29,57
811,325,25,56
811,323,26,56
788,323,32,57
809,323,27,59
791,322,33,59
813,325,29,59
813,325,27,57
813,324,26,59
811,324,29,60
784,321,27,59
815,325,29,60
782,323,27,53
777,325,33,66
785,325,27,58
786,325,28,54
823,326,30,61
839,324,35,61
802,325,34,61
815,326,37,61
827,325,35,62
804,324,38,66
807,325,41,62
816,328,37,63
815,324,38,62
772,335,29,64
810,327,31,62
810,331,30,59
814,328,34,61
812,326,30,63
808,329,30,59
810,327,33,61
813,325,43,62
755,336,33,80
752,348,33,71
749,345,34,74
746,338,37,81
744,331,41,88
751,340,35,83
756,356,33,65
756,345,33,74
760,347,33,75
758,346,32,75
759,345,33,78
747,351,34,71
753,339,40,81
756,342,36,81
774,327,51,73
734,353,37,78
758,344,36,77
755,328,30,61
795,330,32,64
796,329,40,68
794,328,37,71
778,326,39,66
755,338,44,86
754,325,38,84
781,329,36,74
792,330,35,69
763,331,39,95
759,327,37,87
755,333,38,92
763,327,35,89
794,327,40,74
764,346,33,81
828,324,33,72
883,320,32,64
884,318,35,65
925,315,31,64
929,311,27,65
916,314,32,66
931,316,23,60
899,319,31,63
925,317,29,62
923,317,28,63
924,317,29,64
924,317,28,64
918,317,30,65
920,318,29,62
896,322,32,62
896,322,27,63
893,322,28,62
894,322,28,62
894,322,27,62
893,321,30,62
891,321,29,63
918,320,31,62
896,320,31,63
894,320,29,63
892,322,28,62
877,323,34,61
882,320,34,64
891,322,30,62
887,323,30,61
890,320,34,65
889,319,31,65
915,318,31,63
914,318,29,62
914,320,29,62
916,318,26,60
905,321,31,60
909,319,32,61
914,321,29,60
905,318,31,64
914,318,28,61
907,322,30,62
880,321,32,64
906,318,34,64
908,320,27,62
910,323,31,61
909,319,28,64
906,321,29,64
880,320,32,67
884,322,35,65
888,320,34,67
885,322,36,64
884,320,34,67
905,319,30,64
903,318,30,64
905,319,28,62
879,320,35,66
886,320,35,65
904,320,30,63
901,318,28,65
899,321,28,63
899,320,28,64
880,322,32,64
903,318,28,62
899,321,27,62
898,322,28,61
899,321,30,62
883,323,33,64
877,323,31,66
810,335,30,68
806,342,29,62
814,341,31,62
821,341,33,61
823,335,40,67
883,322,37,68
869,322,33,72
875,321,36,71
872,322,34,68
867,322,35,71
804,335,32,73
801,335,31,71
865,326,30,70
890,322,33,68
864,324,36,72
861,329,33,68
898,322,34,65
886,320,28,67
889,323,30,68
881,328,33,64
903,322,28,59
886,319,33,68
874,325,42,71
909,320,27,55
889,323,31,62
889,326,32,66
895,330,30,62
901,317,28,65
894,325,30,67
893,318,30,64
891,321,32,64
887,323,31,72
879,324,33,68
855,326,31,72
789,335,36,74
861,330,34,76
899,316,27,63
912,323,34,55
920,322,30,54
931,320,25,53
897,320,27,57
912,325,31,55
895,323,27,63
880,320,41,67
894,325,29,58
891,327,30,57
883,327,39,63
831,326,41,78
833,332,40,74
834,341,38,71
830,338,37,75
858,327,45,80
911,325,29,55
886,329,31,66
926,324,30,57
898,321,26,57
937,324,21,58
929,318,27,65
892,322,26,58
868,332,32,68
935,327,24,58
932,323,26,64
925,325,27,61
916,321,29,61
917,325,27,58
917,322,27,60
919,323,27,60
915,322,24,57
924,322,31,62
908,324,27,57
911,324,26,60
891,325,33,68
893,325,36,66
857,326,38,87
855,337,40,79
850,337,39,82
851,336,39,82
853,333,43,84
834,337,42,81
866,335,38,79
862,336,40,79
865,337,38,79
847,337,37,84
866,336,39,81
852,337,35,81
867,338,41,78
868,329,40,87
912,337,43,79
913,335,41,76
864,333,41,85
831,337,40,81
823,338,39,84
834,332,39,88
829,335,39,82
821,334,39,85
862,336,40,84
843,338,38,82
826,338,42,83
846,336,39,82
815,326,37,72
827,329,42,86
857,337,37,77
847,332,45,81
829,339,49,79
865,337,43,81
817,339,36,75
839,342,36,75
821,338,33,73
857,317,27,54
850,318,26,54
842,310,30,57
830,312,28,56
829,314,27,56
828,315,28,57
826,316,27,58
859,318,25,48
848,313,26,50
843,305,30,54
817,297,30,56
809,292,30,54
810,283,29,56
810,284,28,52
804,281,26,55
800,286,26,54
800,285,28,58
801,286,26,57
801,291,39,57
799,291,32,62
799,298,28,54
791,307,26,54
792,305,28,54
791,305,23,53
795,304,26,55
792,299,29,58
757,299,47,62
722,324,35,79
718,322,36,82
681,311,55,96
664,316,40,101
699,330,43,90
693,335,49,88
673,334,42,92
683,338,46,91
675,344,36,85
688,338,39,86
680,348,41,82
696,339,51,89
698,343,43,90
694,341,53,88
698,339,45,95
732,335,39,86
706,345,42,88
701,333,56,99
698,342,50,97
702,343,50,93
631,342,41,89
590,350,44,85
583,346,34,63
612,340,40,66
580,343,45,93
568,365,45,86
570,348,38,65
569,354,40,71
568,348,32,59
601,336,40,63
590,352,54,79
594,342,42,69
578,347,39,74
624,351,39,66
640,382,55,88
713,344,41,91
706,343,44,92
707,343,46,98
710,342,47,97
705,339,49,98
692,341,43,103
722,340,42,81
780,314,36,68
839,322,27,52
802,322,29,55
837,324,26,51
836,321,29,54
816,320,32,57
834,322,31,52
823,320,34,55
806,321,26,53
806,323,28,55
835,319,32,56
811,322,31,53
809,321,27,54
837,322,30,55
831,320,31,57
812,320,30,56
808,320,31,56
845,323,28,58
836,322,29,57
841,324,27,55
804,319,29,57
841,324,28,53
804,319,25,53
843,324,29,53
850,325,30,56
839,325,27,51
806,325,28,53
780,316,28,50
806,325,28,54
805,316,28,61
841,322,31,56
842,326,31,54
826,322,29,58
851,326,35,53
827,325,30,55
810,321,32,59
846,324,33,56
837,326,30,54
819,322,28,57
861,327,33,54
830,323,29,54
835,320,30,56
849,320,33,57
846,320,31,56
854,326,40,57
905,326,32,56
902,322,39,56
916,325,32,56
922,322,31,57
884,318,38,62
870,319,31,57
921,324,29,57
924,327,30,53
923,320,30,69
926,327,28,57
925,323,28,62
884,321,30,63
922,326,31,56
921,322,30,59
914,324,33,58
918,324,33,61
924,325,29,56
919,325,32,61
926,327,28,54
923,326,28,57
925,325,29,56
928,326,26,59
884,316,27,64
886,321,31,62
912,323,34,61
902,328,31,59
884,329,28,56
922,323,30,61
916,322,32,60
924,322,32,64
919,325,34,65
917,323,35,57
925,321,31,68
923,325,32,64
878,319,28,64
873,316,29,54
867,316,32,61
896,319,31,62
873,317,31,60
883,318,30,59
879,316,32,65
889,316,33,58
886,317,31,58
883,317,30,62
883,316,30,62
881,315,35,67
887,314,33,59
895,315,26,53
906,316,25,59
890,319,32,71
913,319,33,64
913,312,31,65
931,307,28,78
919,327,34,77
926,307,32,70
920,323,34,83
922,335,37,78
917,328,39,87
904,341,46,86
832,347,42,74
814,362,41,75
816,353,45,97
818,351,47,89
803,360,61,103
803,364,74,97
903,365,41,117
808,351,50,91
778,358,65,99
780,387,77,81
797,359,45,74
823,347,41,83
837,341,46,78
845,347,61,80
795,348,63,100
764,361,91,153
731,374,75,140
726,381,65,153
728,370,86,160
718,376,67,166
727,378,62,124
738,382,80,134
741,383,83,133
713,380,67,140
716,374,69,141
702,373,80,176
637,387,104,146
699,383,75,138
713,384,68,158
677,403,86,158
697,383,74,154
705,416,78,150
685,389,79,141
691,384,67,158
833,385,68,153
848,387,66,103
832,386,74,153
689,381,80,152
690,394,69,172
689,395,71,154
681,432,102,125
740,396,102,110
687,389,73,139
737,364,60,108
761,363,57,124
688,382,69,135
687,389,70,132
689,385,71,147
690,383,65,156
689,381,73,168
689,396,73,151
691,387,81,161
689,396,79,156
685,396,72,153
679,396,69,152
687,398,71,148
678,386,82,164
680,399,66,142
685,396,67,152
676,387,65,149
684,395,68,142
667,389,82,178
644,392,92,177
677,403,70,151
674,367,76,154
672,402,72,148
674,399,71,153
676,399,70,149
671,398,74,163
678,395,79,166
827,395,75,121
832,393,69,136
827,398,74,148
824,396,81,148
827,399,74,141
826,397,78,145
826,400,76,149
822,398,80,162
879,382,56,125
889,338,39,82
883,334,32,75
883,332,27,60
881,335,28,62
898,332,37,78
886,331,27,62
878,336,28,56
883,337,28,60
889,348,32,63
883,335,43,69
870,343,35,87
893,334,29,56
894,332,33,70
887,344,33,70
890,335,35,63
905,332,30,72
895,333,36,74
888,331,28,70
886,336,29,63
876,330,34,69
905,335,32,59
866,336,35,59
868,329,53,68
899,344,44,80
890,347,48,83
893,357,36,71
861,335,35,65
850,345,35,53
850,348,33,50
844,343,34,47
855,349,39,47
886,336,29,60
846,344,35,50
884,338,32,65
893,349,31,67
875,348,31,66
898,354,33,67
928,342,31,89
871,329,36,78
848,337,52,65
903,330,52,74
870,348,36,84
872,349,56,69
816,380,44,71
813,378,48,70
820,375,41,79
836,404,54,84
825,408,63,80
913,417,46,134
900,410,56,143
904,351,55,111
922,347,37,111
921,338,36,78
930,335,29,79
925,335,30,65
932,334,26,65
933,331,26,66
930,335,27,58
934,331,24,60
930,335,27,56
934,334,24,55
931,337,27,60
932,319,27,76
912,324,38,92
918,355,37,68
932,333,26,78
916,349,42,83
910,368,49,88
913,360,44,85
927,320,32,76
889,340,37,66
877,343,44,67
931,333,27,67
912,325,40,69
911,322,40,68
919,317,36,74
924,321,35,97
917,336,36,70
926,325,30,63
913,326,38,75
888,325,39,72
909,322,45,83
902,319,52,91
895,355,41,90
903,359,37,94
904,324,46,80
896,328,49,88
888,334,35,81
912,328,41,69
909,326,43,74
911,326,38,79
909,328,36,75
905,332,39,75
870,347,39,74
872,343,39,72
896,366,38,72
872,360,30,58
874,354,32,64
868,365,38,70
873,353,37,74
870,354,40,69
870,357,38,70
931,325,28,80
869,331,34,75
869,306,34,46
867,307,39,41
869,325,38,75
868,359,39,73
860,338,38,70
867,343,40,85
868,355,40,83
873,363,40,77
871,358,39,77
873,364,46,82
869,361,41,83
869,365,42,72
869,364,46,67
908,355,45,101
866,369,45,70
871,364,42,79
918,376,41,88
870,367,45,75
872,367,43,77
878,370,46,80
871,368,40,80
876,366,40,89
883,368,34,88
877,371,42,82
874,368,41,84
881,368,33,85
872,367,47,89
876,370,39,86
878,369,37,88
880,372,37,82
881,372,35,82
879,371,40,89
881,367,40,93
793,355,49,62
746,425,43,60
721,400,53,78
700,353,59,106
695,398,62,93
780,375,56,112
737,413,45,83
687,417,49,85
651,396,56,85
692,411,52,76
650,406,51,81
677,360,42,87
679,360,48,100
648,393,70,107
640,392,97,111
627,438,94,112
681,424,63,99
691,384,53,104
687,415,50,75
696,412,49,75
686,381,50,80
733,377,47,108
671,377,61,115
727,377,58,111
685,387,57,127
677,428,55,98
684,385,55,97
735,384,50,106
676,424,48,96
681,387,59,99
679,385,54,120
666,411,67,132
668,396,69,140
673,415,64,134
650,418,69,123
649,377,75,147
