0.003630
0.019505
0.033232
0.027486
0.036335
0.030483
0.027776
0.034360
0.035590
0.030281
0.017128
0.017853
0.022377
0.034815
0.026038
0.034123
0.018437
0.018754
0.028252
0.019471
0.027666
0.034853
0.035725
0.036046
0.020915
0.020633
0.020564
0.020596
0.018380
0.019624
0.018711
0.017846
0.018343
0.018606
0.020732
0.020502
0.017926
0.033874
0.033652
0.034824
0.032491
0.029393
0.035048
0.033135
0.029144
0.033581
0.033332
0.025973
0.032062
0.033016
0.033801
0.034206
0.028085
0.031581
0.034543
0.033287
0.028646
0.033529
0.033926
0.033410
0.034118
0.033220
0.026584
0.032275
0.033191
0.036623
0.032780
0.033745
0.028785
0.015371
0.026464
0.028623
0.032663
0.030224
0.029904
0.022363
0.032248
0.020699
0.026050
0.032728
0.032368
0.031561
0.019810
0.031142
0.028396
0.034349
0.026724
0.031720
0.030217
0.033131
0.032786
0.018924
0.034918
0.034686
0.034098
0.034779
0.033230
0.034825
0.033396
0.029754
0.032347
0.032265
0.028684
0.032269
0.032517
0.031932
0.018692
0.025284
0.026317
0.032576
0.026978
0.032812
0.033381
0.032729
0.035226
0.036128
0.033201
0.034482
0.032696
0.033206
0.034633
0.019441
0.021783
0.033833
0.030591
0.019704
0.016714
0.016779
0.029260
0.033462
0.035663
0.031960
0.033028
0.032322
0.019093
0.033251
0.034272
0.025415
0.033360
0.032679
0.031979
0.032813
0.033041
0.029876
0.032414
0.033744
0.035367
0.025175
0.031939
0.033212
0.031426
0.031428
0.020329
0.018409
0.033528
0.034512
0.033633
0.033821
0.037330
0.034052
0.026026
0.033266
0.033524
0.033608
0.016186
0.016619
0.033534
0.031942
0.022222
0.032326
0.032074
0.029400
0.032839
0.033458
0.033013
0.033092
0.032553
0.032071
0.019450
0.016786
0.015866
0.018227
0.016592
0.016523
0.019842
0.020224
0.018597
0.016262
0.018591
0.017503
0.034925
0.031967
0.026880
0.034525
0.020475
0.031910
0.033782
0.032712
0.033938
0.028142
0.033309
0.034279
0.033333
0.031578
0.032745
0.032765
0.034390
0.032548
0.032579
0.031183
0.033257
0.033955
0.032034
0.033095
0.033162
0.034397
0.023921
0.034042
0.033390
0.024965
0.024557
0.032711
0.024643
0.033779
0.020757
0.016568
0.019565
0.016195
0.032840
0.023161
0.033733
0.032699
0.037503
0.029996
0.031378
0.028085
0.031391
0.026503
0.032497
0.031927
0.032717
0.032485
0.032168
0.032831
0.034025
0.031456
0.033116
0.038957
0.031604
0.021868
0.019258
0.017754
0.019488
0.028583
0.034773
0.032307
0.035817
0.033809
0.019758
0.020410
0.018973
0.034148
0.027761
0.031647
0.033020
0.021574
0.033648
0.031820
0.030031
0.031850
0.031746
0.020636
0.031733
0.032827
0.018231
0.032126
0.036482
0.020018
0.022147
0.032629
0.032278
0.027445
0.032523
0.032533
0.035852
0.024929
0.031918
0.032464
0.016199
0.026075
0.032579
0.032826
0.035072
0.033706
0.030818
0.030477
0.018199
0.021857
0.031574
0.032565
0.016619
0.020919
0.016786
0.016664
0.035272
0.034008
0.024575
0.033569
0.032781
0.033771
0.033412
0.016328
0.033168
0.023713
0.033652
0.018258
0.022861
0.033407
0.024950
0.018948
0.016011
0.017972
0.015920
0.015618
0.019346
0.016091
0.016016
0.019465
0.034004
0.032779
0.027802
0.032944
0.031541
0.030822
0.032167
0.018999
0.033724
0.032335
0.034240
0.034724
0.032099
0.032690
0.029448
0.032677
0.031859
0.032251
0.017199
0.018295
0.019040
0.016787
0.017619
0.017057
0.016041
0.024745
0.034507
0.033244
0.033314
0.032281
0.021672
0.018211
0.017103
0.019002
0.019523
0.015037
0.015702
0.019457
0.021159
0.016047
0.018971
0.016405
0.015504
0.015237
0.015014
0.033636
0.033704
0.033121
0.032028
0.034462
0.033315
0.032461
0.015045
0.019264
0.014665
0.016897
0.015542
0.016917
0.017048
0.017258
0.014369
0.015647
0.028492
0.030873
0.033598
0.033987
0.028526
0.034702
0.032243
0.031896
0.031491
0.032076
0.028960
0.031380
0.021083
0.032168
0.031822
0.032078
0.033154
0.029510
0.031012
0.017026
0.017805
0.032262
0.032240
0.031835
0.031996
0.036709
0.032643
0.031384
0.032542
0.029670
0.024429
0.034260
0.027853
0.032933
0.030912
0.032803
0.019445
0.016536
0.019855
0.033534
0.022597
0.032305
0.031975
0.032935
0.018056
0.017003
0.015230
0.019994
0.015881
0.015244
0.015309
0.014881
0.019117
0.016133
0.015214
0.016948
0.018633
0.017056
0.016020
0.032101
0.032992
0.031594
0.028103
0.033222
0.031064
0.032889
0.032693
0.031282
0.030358
0.030814
0.033592
0.031924
0.031986
0.034209
0.032218
0.031218
0.015679
0.014975
0.016958
0.032724
0.024207
0.033702
0.032183
0.030989
0.031531
0.029847
0.030750
0.025302
0.028524
0.019883
0.035490
0.033694
0.023717
0.032155
0.018698
0.015474
0.014636
0.017552
0.033785
0.028095
0.031166
0.030705
0.032040
0.027285
0.032556
0.026959
0.032011
0.030811
0.031323
0.033082
0.024014
0.033343
0.026675
0.033138
0.030274
0.030897
0.032004
0.024930
0.019848
0.019969
0.019443
0.019525
0.015114
0.031962
0.034434
0.031256
0.028740
0.015935
0.017158
0.016417
0.027240
0.030015
0.034385
0.035647
0.034707
0.031513
0.016295
0.018491
0.019585
0.016097
0.032699
0.030600
0.033368
0.021096
0.033082
0.016925
0.015362
0.017297
0.015804
0.019942
0.019087
0.034241
0.031463
0.034280
0.028959
0.033387
0.032750
0.030257
0.031874
0.030611
0.031971
0.029868
0.025140
0.032074
0.030856
0.021543
0.036191
0.019504
0.017018
0.016438
0.021714
0.032689
0.027529
0.030793
0.031519
0.027880
0.031057
0.021601
0.032004
0.032684
0.030178
0.031404
0.027946
0.023833
0.034358
0.031422
0.031084
0.030753
0.033076
0.026417
0.030740
0.031446
0.016533
0.014863
0.032343
0.032399
0.023047
0.031372
0.028875
0.032201
0.032475
0.033015
0.028218
0.032566
0.033012
0.023450
0.029529
0.031267
0.028934
0.036771
0.031312
0.032148
0.033391
0.021132
0.031114
0.028259
0.032691
0.031632
0.033528
0.031480
0.032449
0.033861
0.031880
0.020101
0.021522
0.034259
0.031592
0.032218
0.029073
0.031909
0.026997
0.033280
0.032445
0.027098
0.032095
0.033046
0.024359
0.014652
0.016217
0.018458
0.014920
0.018104
0.032548
0.028176
0.029749
0.031835
0.033251
0.032044
0.031284
0.023693
0.029073
0.024809
0.034347
0.018432
0.032278
0.015678
0.015722
0.015268
0.029598
0.017427
0.016159
0.021070
0.017282
0.019158
0.017236
0.015782
0.014729
0.015167
0.024393
0.032314
0.032943
0.031448
0.032192
0.033702
0.031739
0.032480
0.027539
0.031330
0.018865
0.019188
0.022821
0.023807
0.033185
0.032510
0.029027
0.033582
0.018963
0.015614
0.014808
0.030176
0.031182
0.031229
0.030562
0.022099
0.015123
0.015752
0.018622
0.014912
0.019928
0.015441
0.031997
0.024337
0.031899
0.034035
0.031055
0.030625
0.032914
0.033284
0.029373
0.023297
0.033219
0.023069
0.030641
0.031333
0.031306
0.032394
0.026150
0.030544
0.032475
0.015116
0.017549
0.015524
0.018129
0.015094
0.028309
0.031043
0.032131
0.028912
0.030701
0.028596
0.030181
0.025967
0.032703
0.026097
0.031660
0.031159
0.015961
0.015440
0.015701
0.015625
0.015273
0.014376
0.014915
0.017030
0.016171
0.021708
0.019187
0.016749
0.015403
0.017355
0.015840
0.016283
0.015150
0.014851
0.020302
0.015976
0.016685
0.031562
0.031533
0.033577
0.031530
0.028579
0.031272
0.031893
0.028273
0.032038
0.026628
0.031697
0.032414
0.021472
0.032973
0.027184
0.030802
0.035059
0.032061
0.019506
0.031809
0.034688
0.023446
0.031174
0.023566
0.031241
0.031183
0.030935
0.018159
0.031591
0.033584
0.032358
0.036895
0.015941
0.014436
0.019613
0.014611
0.017660
0.014731
0.034658
0.031102
0.032321
0.032589
0.034019
0.031144
0.019463
0.014889
0.018488
0.017292
0.031562
0.033909
0.027291
0.032148
0.020616
0.018864
0.029423
0.019401
0.016336
0.015762
0.017617
0.033283
0.021304
0.016114
0.030903
0.018197
0.014372
0.016708
0.022069
0.014954
0.014930
0.014905
0.014721
0.015539
0.032461
0.031627
0.024671
0.030442
0.030811
0.031221
0.033174
0.031131
0.030555
0.033749
0.026218
0.015379
0.014519
0.016643
0.013869
0.018166
0.018801
0.018100
0.014410
0.023624
0.019662
0.016586
0.015927
0.017951
0.033144
0.031517
0.033376
0.030603
0.021455
0.031129
0.032831
0.024233
0.027271
0.032429
0.031735
0.024033
0.030727
0.032863
0.018953
0.032055
0.033509
0.032525
0.032190
0.033696
0.036584
0.031975
0.033005
0.019538
0.017464
0.015963
0.022728
0.017403
0.017225
0.015988
0.018521
0.015949
0.019377
0.016112
0.016159
0.017030
0.015952
0.017421
0.016793
0.025687
0.032795
0.033667
0.032151
0.030408
0.030462
0.015704
0.015838
0.015656
0.015542
0.035365
0.034015
0.032630
0.032939
0.023605
0.031224
0.029440
0.031653
0.022322
0.031826
0.031437
0.019924
0.019967
0.032978
0.032151
0.031957
0.033779
0.033111
0.031438
0.016305
0.018149
0.017605
0.016062
0.015928
0.034992
0.032417
0.022975
0.031552
0.029137
0.031303
0.029187
0.031684
0.032660
0.033890
0.031692
0.032142
0.034901
0.017152
0.016101
0.016078
0.015858
0.018108
0.032638
0.033336
0.031570
0.017377
0.032633
0.035100
0.033670
0.032585
0.035859
0.017926
0.020335
0.033107
0.020396
0.017931
0.019152
0.015124
0.028840
0.030530
0.032433
0.031301
0.019793
0.016270
0.015342
0.017333
0.015507
0.033301
0.020431
0.031584
0.028763
0.028667
0.032538
0.031409
0.032588
0.029665
0.031969
0.024688
0.031977
0.027772
0.032835
0.033234
0.018377
0.015222
0.039796
0.032235
0.033013
0.016277
0.031018
0.029790
0.032131
0.031277
0.032267
0.030007
0.030873
0.032222
0.031555
0.032167
0.015008
0.016818
0.015643
0.020367
0.017654
0.018563
0.016831
0.015633
0.028692
0.034451
0.019790
0.032137
0.019387
0.015505
0.015403
0.015688
0.015069
0.016525
0.032557
0.031390
0.018660
0.016670
0.017359
0.014863
0.027065
0.032169
0.032708
0.023681
0.033253
0.031363
0.033151
0.029118
0.033283
0.018579
0.032984
0.033061
0.029715
0.032813
0.026136
0.031406
0.027945
0.029192
0.033530
0.036258
0.018031
0.015753
0.016188
0.016016
0.016029
0.017139
0.019680
0.016392
0.016974
0.016550
0.015682
0.019326
0.016532
0.031186
0.033540
0.034221
0.027562
0.032222
0.031071
0.032294
0.018590
0.015192
0.016827
0.031125
0.030524
0.032116
0.030298
0.031640
0.031461
0.019926
0.016340
0.017574
0.016298
0.020429
0.015558
0.018561
0.015823
0.015678
0.017142
0.017053
0.015479
0.032943
0.031284
0.031920
0.032443
0.028121
0.030498
0.018698
0.015784
0.015949
0.016470
0.019624
0.018809
0.019537
0.015558
0.032925
0.029521
0.033272
0.033295
0.025820
0.028311
0.031214
0.033753
0.032869
0.033835
0.033352
0.032843
0.032692
0.020987
0.019096
0.015068
0.016524
0.015881
0.017794
0.018006
0.015461
0.017157
0.018700
0.019149
0.015784
0.016654
0.016096
0.019073
0.020052
0.015688
0.019502
0.033780
0.032931
0.031301
0.032707
0.020637
0.033567
0.031482
0.031945
0.030937
0.032456
0.024102
0.032703
0.029105
0.032949
0.033783
0.034088
0.033435
0.029776
0.034995
0.025297
0.016047
0.035450
0.032584
0.033077
0.029192
0.033190
0.032740
0.029944
0.032700
0.022550
0.032485
0.025792
0.026609
0.032560
0.035446
0.032089
0.027687
0.032121
0.030216
0.026133
0.032321
0.032728
0.032971
0.033263
0.032676
0.024654
0.032108
0.034611
0.032359
0.032527
0.032319
0.033074
0.032256
0.022666
0.030761
0.021724
0.031878
0.031929
0.032895
0.031802
0.031368
0.032815
0.031686
0.031807
0.016286
0.031682
0.032843
0.026435
0.033343
0.031765
0.016348
0.016716
0.016956
0.029212
0.032227
0.032722
0.031441
0.031419
0.025617
0.032471
0.033053
0.031617
0.031060
0.036345
0.014980
0.021573
0.034553
0.031439
0.023442
0.031198
0.032086
0.031566
0.022222
0.032449
0.033713
0.032076
0.031553
0.032881
0.018871
0.033464
0.032989
0.033467
0.032422
0.018777
0.036734
0.017386
0.015433
0.015981
0.034161
0.021057
0.023315
0.031919
0.032437
0.032470
0.031279
0.017262
0.019566
0.016655
0.032975
0.037802
0.033422
0.021292
0.022154
0.016251
0.015877
0.033869
0.032057
0.032420
0.034998
0.034878
0.032872
0.031880
0.026311
0.031950
0.031629
0.031516
0.032727
0.031221
0.018535
0.034114
0.033373
0.030615
0.033456
0.032476
0.023722
0.027263
0.032794
0.032107
0.033868
0.031324
0.022944
0.032240
0.032325
0.032771
0.023972
0.034117
0.031455
0.035248
0.032899
0.031676
0.029816
0.033617
0.033076
0.032132
0.031607
0.031903
0.033945
0.034080
0.030721
0.023539
0.017698
0.018720
0.017962
0.015409
0.016400
0.015992
0.033664
0.032942
0.032874
0.024357
0.022388
0.036234
0.027982
0.016029
0.030107
0.035807
0.024383
0.029619
0.034309
0.030799
0.017841
0.014754
0.015894
0.016993
0.015880
0.015773
0.016078
0.022069
0.031518
0.030181
0.031708
0.017383
0.031106
0.017379
0.016501
0.019367
0.016779
0.019050
0.032299
0.031370
0.018805
0.031437
0.031065
0.027125
0.032342
0.032781
0.019180
0.015198
0.017181
0.017145
0.023761
0.033171
0.030365
0.032056
0.031102
0.025668
0.018860
0.015630
0.033166
0.032850
0.033589
0.031847
0.034017
0.016052
0.015590
0.016030
0.019850
0.016895
0.017157
0.033406
0.030952
0.030472
0.033758
0.031480
0.025203
0.035992
0.033046
0.020751
0.031900
0.028292
0.031519
0.033778
0.033879
0.021410
0.023793
0.032297
0.030957
0.032711
0.033509
0.031176
0.032175
0.016095
0.021311
0.015782
0.015877
0.031090
0.032016
0.032525
0.021590
0.032561
0.022165
0.035797
0.031786
0.019421
0.023216
0.032872
0.032756
0.030583
0.031050
0.014965
0.031285
0.033493
0.032302
0.025337
0.032268
0.032747
0.023242
0.032082
0.029554
0.033725
0.022517
0.034207
0.032487
0.027313
0.032509
0.024761
0.018415
0.015715
0.016841
0.014994
0.015996
0.022502
0.016649
0.032793
0.029848
0.030565
0.028435
0.030911
0.032691
0.030846
0.030556
0.018736
0.033133
0.031731
0.024006
0.032629
0.031401
0.033248
0.032780
0.021886
0.032603
0.031757
0.031168
0.032538
0.023723
0.031559
0.022627
0.031521
0.031829
0.032334
0.033288
0.032043
0.031941
0.031571
0.020095
0.026180
0.031388
0.031532
0.026598
0.031998
0.032124
0.027674
0.032998
0.031034
0.022383
0.032600
0.030842
0.032412
0.021749
0.027264
0.031011
0.033680
0.031139
0.031452
0.030906
0.017478
0.022295
0.033865
0.030348
0.032807
0.030729
0.031015
0.035815
0.031086
0.027520
0.032941
0.024325
0.032176
0.024472
0.032061
0.016564
0.015211
0.017421
0.018852
0.016163
0.016629
0.034964
0.031887
0.022577
0.031110
0.033388
0.027741
0.032197
0.031993
0.033142
0.023683
0.020403
0.033512
0.033223
0.023191
0.033131
0.019147
0.033244
0.031996
0.028127
0.019862
0.015460
0.015405
0.032447
0.028768
0.031898
0.032715
0.025634
0.032825
0.033256
0.033024
0.036767
0.018707
0.015912
0.033154
0.029692
0.031465
0.033479
0.033656
0.032172
0.029440
0.034120
0.033235
0.031624
0.034384
0.024408
0.031934
0.025339
0.031407
0.031055
0.033406
0.016135
0.021829
0.016959
0.015054
0.016414
0.015123
0.023829
0.034156
0.031626
0.016264
0.021853
0.032445
0.031830
0.024439
0.031312
0.031914
0.032020
0.031752
0.032157
0.032438
0.031333
0.031227
0.032654
0.016244
0.034991
0.033509
0.019687
0.015366
0.015922
0.015678
0.017761
0.015448
0.015904
0.019908
0.016141
0.016075
0.017062
0.016306
0.016264
0.018548
0.017401
0.032841
0.020658
0.033659
0.027238
0.033338
0.031113
0.022308
0.021765
0.020342
0.017039
0.021831
0.019826
0.015637
0.017884
0.016160
0.021518
0.016164
0.022602
0.017204
0.020713
0.017718
0.019140
0.016613
0.016039
0.020289
0.018823
0.016360
0.018235
0.020749
0.033830
0.033284
0.036027
0.031694
0.032763
0.032063
0.019580
0.031832
0.028993
0.034792
0.032348
0.018918
0.017322
0.015900
0.016543
0.016347
0.018588
0.015743
0.032344
0.017928
0.033889
0.032407
0.032508
0.031497
0.035020
0.035631
0.031579
0.016042
0.014501
0.014849
0.018911
0.032029
0.031870
0.033382
0.031890
0.036070
0.024410
0.034213
0.015095
0.032677
0.027553
0.031283
0.031504
0.036355
0.033696
0.032748
0.020056
0.016389
0.016289
0.015132
0.017925
0.032532
0.027394
0.032463
0.031045
0.030488
0.032684
0.029711
0.029043
0.023132
0.034074
0.016217
0.029281
0.033011
0.025416
0.031564
0.032819
0.030838
0.027579
0.031776
0.032871
0.022992
0.032336
0.032331
0.033005
0.027004
0.034542
0.033998
0.032884
0.034181
0.032728
0.031903
0.020215
0.018383
0.035466
0.034578
0.032340
0.034882
0.020395
0.035434
0.029709
0.035530
0.035062
0.033231
0.035326
0.032841
0.030816
0.033817
0.033389
0.020704
0.034758
0.034624
0.031333
0.034266
0.034037
0.026498
0.018581
0.034909
0.035676
0.032687
0.021896
0.032874
0.018374
0.021866
0.034995
0.034146
0.018934
0.019203
0.018495
0.019129
0.019632
0.018119
0.030910
0.020765
0.020912
0.033177
0.032970
0.028192
0.018236
0.019078
0.026174
0.027688
0.032876
0.031301
0.017756
0.026515
0.018641
0.018751
0.021767
0.030304
0.031105
0.032009
0.020132
0.017836
0.015179
0.015693
0.032561
0.030954
0.031794
0.031171
0.027070
0.027838
0.031998
0.016106
0.031327
0.032891
0.032994
0.033250
0.019308
0.014805
0.014018
0.019476
0.028268
0.031782
0.023382
0.032017
0.031662
0.030854
0.026938
0.032221
0.033767
0.032408
