0.014024
0.032043
0.031597
0.031108
0.031980
0.035345
0.030496
0.031015
0.028859
0.032461
0.025344
0.033886
0.015949
0.015002
0.015632
0.018450
0.028305
0.030811
0.020954
0.031908
0.031112
0.031681
0.023239
0.031259
0.030687
0.030975
0.023918
0.032437
0.019333
0.031050
0.032070
0.026022
0.031331
0.025771
0.032025
0.032139
0.032868
0.031394
0.020596
0.014592
0.031196
0.016690
0.019257
0.022468
0.034832
0.032001
0.035079
0.031790
0.032708
0.023192
0.033855
0.031492
0.032511
0.033980
0.018945
0.031998
0.031581
0.016323
0.016762
0.027179
0.032355
0.030365
0.032234
0.031435
0.025049
0.034791
0.023803
0.032222
0.032976
0.019008
0.034198
0.028460
0.032510
0.028767
0.032264
0.029060
0.031906
0.030888
0.033408
0.033309
0.031856
0.031842
0.031782
0.032243
0.031620
0.018793
0.015207
0.032590
0.025716
0.031022
0.024953
0.033115
0.032103
0.031527
0.031946
0.021219
0.032189
0.030538
0.033483
0.030044
0.032659
0.030261
0.032859
0.027898
0.031155
0.031860
0.022934
0.031820
0.030020
0.031690
0.022774
0.031193
0.029062
0.031122
0.032096
0.032280
0.026556
0.033274
0.015654
0.032284
0.030229
0.026215
0.031766
0.032065
0.033615
0.031756
0.031557
0.026335
0.030569
0.033430
0.030705
0.032617
0.032162
0.032615
0.032308
0.031216
0.033118
0.032098
0.030720
0.031755
0.031414
0.023176
0.030870
0.018862
0.032050
0.033145
0.034064
0.032257
0.020094
0.025821
0.032693
