0.002169
0.019182
0.014561
0.025254
0.031630
0.032788
0.025667
0.032168
0.030478
0.030145
0.032971
0.019694
0.018620
0.015873
0.031093
0.031271
0.030805
0.032309
0.023080
0.026883
0.031150
0.031211
0.030234
0.031847
0.019369
0.024056
0.031357
0.030757
0.014922
0.031900
0.031776
0.015275
0.033907
0.030294
0.023200
0.014587
0.034178
0.018316
0.031546
0.027552
0.032192
0.030521
0.033522
0.020939
0.032548
0.017741
0.014278
0.030109
0.032603
0.030514
0.034232
0.032478
0.036279
0.037400
0.032485
0.022968
0.032068
0.032015
0.033285
0.033029
0.034116
0.030906
0.031196
0.030371
0.030623
0.031062
0.031823
0.017585
0.014519
0.015979
0.020434
0.032934
0.015489
0.015144
0.032107
0.024167
0.033892
0.015425
0.016126
0.015530
0.025212
0.032181
0.031329
0.017279
0.030087
0.025456
0.031819
0.031601
0.031691
0.033389
0.017304
0.032040
0.030694
0.030914
0.020254
0.032015
0.022156
0.033640
0.030641
0.030895
0.026348
0.031183
0.031114
0.028464
0.030480
0.032199
0.030502
0.031864
0.031087
0.021020
0.025064
0.030009
0.031295
0.033742
0.020729
0.030484
0.033231
0.019801
0.028624
0.030143
0.023740
0.030197
0.022903
0.031904
0.032541
0.033242
0.021569
0.032414
0.020979
0.032985
0.032087
0.031481
0.028724
0.030978
0.027737
0.031612
0.023402
0.031296
0.032079
0.030119
0.032867
0.031555
0.028767
0.031155
0.031598
0.031537
0.032815
0.031911
0.031890
0.026793
0.031808
0.031251
0.031109
0.032218
0.032021
0.015828
0.019860
0.024450
0.021017
0.015612
0.015094
0.016220
0.014885
0.017275
0.030802
0.031573
0.031764
0.030915
0.030386
0.031972
0.030598
0.031985
0.034059
0.031532
0.031434
0.028199
0.030934
0.018331
0.030940
0.017944
0.022020
0.032008
0.032009
0.031607
0.031264
0.024367
0.021376
0.016125
0.015317
0.016164
0.031034
0.034453
0.030767
0.033229
0.032069
0.031758
0.030195
0.032058
0.023297
0.032179
0.030981
0.030767
0.031591
0.022659
0.032611
0.027306
0.031898
0.024000
0.029018
0.026996
0.018239
0.014537
0.014625
0.014242
0.019632
0.019637
0.031223
0.031501
0.030425
0.031611
0.032187
0.026495
0.032264
0.033322
0.031665
0.030552
0.018596
0.031572
0.030433
0.034756
0.031020
0.031818
0.030623
0.019639
0.030732
0.026432
0.032140
0.030052
0.028334
0.031521
0.031300
0.031009
0.016069
0.015970
0.032514
0.031464
0.018520
0.018513
0.014154
0.018389
0.014308
0.016688
0.016942
0.033300
0.022419
0.032707
0.031737
0.031389
0.026206
0.030706
0.026107
0.031578
0.031365
0.022303
0.033209
0.030468
0.032978
0.018464
0.031225
0.030399
0.030478
0.031561
0.019388
0.032059
0.017025
0.033940
0.031513
0.031345
0.023862
0.029445
0.027213
0.020315
0.032542
0.027348
0.030444
0.031038
0.031482
0.031068
0.019887
0.032359
0.020304
0.017516
0.024226
0.017380
0.032285
0.025162
0.030257
0.032260
0.032542
0.030794
0.032435
0.030560
0.028102
0.032294
0.031463
0.032324
0.030856
0.031671
0.030640
0.032241
0.031068
0.032140
0.031732
0.032404
0.032810
0.031311
0.032765
0.031199
0.015271
0.031633
0.030655
0.032525
0.032629
0.030379
0.030778
0.015463
0.015290
0.020351
0.018277
0.014381
0.015169
0.034607
0.032217
0.025684
0.029023
0.031189
0.034559
0.034542
0.027426
0.027456
0.029622
0.032699
0.031330
0.032235
0.032078
0.030211
0.024763
0.032432
0.030825
0.019801
0.032096
0.031856
0.031229
0.032620
0.031771
0.032615
0.024536
0.029347
0.032806
0.032333
0.033480
0.032677
0.019974
0.031783
0.019078
0.032801
0.019477
0.030501
0.030920
0.032666
0.032587
0.026074
0.031715
0.033048
0.031903
0.026177
0.029919
0.031249
0.017266
0.033053
0.021363
0.035020
0.031736
0.032085
0.023836
0.033684
0.031802
0.035761
0.032129
0.031724
0.025403
0.031278
0.032944
0.030774
0.031215
0.024877
0.032713
0.032290
0.032272
0.031804
0.033855
0.032405
0.019887
0.030743
0.032212
0.034625
0.028507
0.030380
0.018797
0.015005
0.015741
0.036027
0.032647
0.032243
0.032094
0.033840
0.034399
0.031442
0.023729
0.028326
0.017720
0.018177
0.015367
0.016148
0.030850
0.030748
0.021242
0.032091
0.030629
0.031163
0.031076
0.018581
0.031683
0.032740
0.032322
0.021942
0.031674
0.032766
0.033656
0.032659
0.017959
0.032936
0.031729
0.031394
0.027257
0.027702
0.031528
0.032786
0.032117
0.033949
0.033010
0.020722
0.015667
0.016828
0.017031
0.034631
0.032527
0.020404
0.032087
0.030126
0.031819
0.034036
0.033531
0.030752
0.035163
0.033770
0.032615
0.019006
0.032007
0.032319
0.032621
0.033365
0.031728
0.022174
0.033204
0.020172
0.028253
0.031899
0.025605
0.031247
0.030957
0.030485
0.032483
0.015834
0.030822
0.031068
0.031534
0.020167
0.031553
0.032172
0.027949
0.031136
0.030538
0.025879
0.017490
0.032587
0.027449
0.024511
0.031736
0.033790
0.027253
0.028192
0.031005
0.032533
0.015522
0.032024
0.030775
0.032833
0.021421
0.026504
0.020039
0.015584
0.032903
0.027045
0.030982
0.032493
0.032281
0.024994
0.029422
0.031934
0.029030
0.031875
0.032869
0.033672
0.027808
0.030753
0.031870
0.032243
0.027833
0.032216
0.031072
0.026803
0.032254
0.033356
0.030989
0.031175
0.032124
0.028061
0.033960
0.033417
0.032895
0.027309
0.032649
0.031615
0.031002
0.032328
0.032225
0.032736
0.022056
0.031889
0.026703
0.033241
0.030944
0.031548
0.030684
0.017284
0.033161
0.029358
0.031662
0.032399
0.031811
0.020153
0.014894
0.016133
0.015122
0.016066
0.015379
0.025022
0.029753
0.031017
0.031538
0.024834
0.033352
0.024101
0.031046
0.016029
0.027953
0.031196
0.032693
0.031798
0.020022
0.032054
0.033342
0.018499
0.033084
0.025450
0.032124
0.030866
0.031958
0.032497
0.024034
0.030445
0.031029
0.030908
0.031583
0.019502
0.031869
0.031964
0.032029
0.031544
0.027209
0.031184
0.019800
0.032534
0.031039
0.032668
0.033123
0.029268
0.034158
0.032550
0.032664
0.029709
0.032231
