462,108,20,52
461,102,21,58
463,105,21,56
463,105,21,56
463,105,20,55
464,105,20,55
464,106,21,55
466,106,20,55
467,106,19,55
469,105,19,56
468,104,21,57
468,105,21,57
469,107,22,55
470,108,21,55
470,106,21,57
469,106,20,57
471,106,21,57
471,107,21,57
472,108,21,56
473,108,20,56
473,108,21,55
473,108,21,56
472,107,22,58
472,108,23,57
474,109,21,57
474,108,21,57
474,109,21,57
476,109,20,57
474,109,22,57
477,109,21,57
477,109,21,57
478,109,21,57
478,110,21,56
478,111,21,57
478,112,21,57
477,111,21,58
477,111,21,57
478,112,21,57
477,112,22,58
479,113,21,58
478,114,21,55
479,112,21,58
480,111,21,60
479,112,22,60
478,114,22,57
479,115,21,56
479,114,22,56
479,113,21,56
478,114,22,57
478,114,23,57
481,115,22,57
480,116,22,56
480,114,22,57
480,114,22,58
482,114,22,58
480,113,22,60
479,116,21,57
477,113,23,60
478,111,23,62
477,113,23,60
479,113,22,60
480,113,23,60
481,114,23,62
484,115,22,60
482,113,22,62
483,113,22,61
482,115,21,59
481,115,22,60
497,114,23,61
498,115,24,59
500,115,22,59
478,116,23,59
477,117,20,57
476,118,19,56
476,117,19,58
474,116,20,59
472,115,20,60
472,117,20,59
472,116,20,58
471,117,21,60
470,116,22,60
471,117,21,59
468,116,21,61
467,115,22,61
469,118,22,60
469,119,22,59
473,119,22,58
471,117,21,59
474,117,21,60
476,118,22,59
476,117,23,60
477,119,24,60
479,120,25,59
481,119,22,59
485,119,20,59
486,119,20,58
488,120,20,58
486,120,20,58
486,121,20,59
488,120,20,58
487,120,22,59
490,120,24,61
489,120,27,61
488,120,27,61
490,120,26,60
489,119,26,62
490,120,25,62
492,120,26,62
491,121,25,62
492,122,25,62
493,123,23,61
497,122,22,61
494,121,23,61
497,122,24,61
491,121,20,61
499,122,24,60
501,123,23,61
503,123,23,61
503,122,24,61
500,122,26,61
503,122,23,60
502,122,24,61
501,123,24,61
502,122,24,62
503,122,24,61
503,124,23,61
504,124,24,60
505,125,25,60
506,123,24,59
507,124,25,60
508,124,25,60
510,125,24,60
508,125,23,59
505,124,26,60
506,124,25,60
507,124,25,61
507,124,24,60
507,124,25,61
507,124,25,61
509,125,24,61
511,124,25,61
510,127,25,58
513,127,23,58
491,127,24,59
512,127,24,59
512,127,24,59
513,127,24,60
512,128,24,59
513,127,23,60
513,126,22,59
514,126,22,60
515,127,21,60
516,125,21,61
516,127,21,59
517,128,21,57
519,126,20,60
520,127,19,60
517,127,22,61
512,130,23,63
478,129,28,63
478,133,28,62
515,130,26,66
514,128,25,68
482,131,30,67
514,131,23,60
518,133,23,62
516,130,23,56
517,129,23,59
514,128,23,61
462,131,23,56
464,130,21,55
463,129,23,63
462,128,25,59
463,126,24,63
465,128,25,62
520,131,24,58
520,133,21,56
517,135,25,62
461,133,23,68
460,134,25,67
463,134,26,65
524,135,19,52
522,136,19,54
520,134,20,57
520,137,20,58
522,137,18,57
521,140,20,52
522,140,19,53
526,133,19,61
524,139,19,55
524,142,19,59
524,139,20,54
524,143,19,50
523,139,21,50
521,129,21,45
519,130,24,64
516,141,31,66
553,147,31,66
520,144,26,65
521,138,24,69
520,137,22,59
518,136,22,61
467,136,24,68
467,137,23,62
466,136,23,69
465,136,22,66
466,136,22,61
467,137,22,66
468,137,23,65
470,138,23,66
469,137,23,64
470,137,23,65
471,139,22,66
472,142,23,62
511,138,23,67
473,140,24,68
506,146,25,67
507,144,25,70
506,143,26,74
501,142,27,62
507,140,24,70
501,144,27,67
509,145,24,63
501,146,29,67
505,148,26,63
496,152,26,67
499,149,26,65
507,155,24,64
511,157,23,61
503,167,26,56
502,154,28,68
511,153,32,69
514,153,27,69
516,150,27,70
516,152,27,67
518,150,31,68
542,153,26,68
542,155,28,68
541,155,27,69
541,155,26,69
542,156,27,68
535,154,29,69
544,156,28,68
541,158,28,67
527,160,28,66
543,157,30,69
546,157,27,67
545,161,26,64
546,158,29,67
550,162,27,65
528,162,29,64
492,164,28,63
490,158,27,67
486,158,26,66
493,161,26,68
498,160,26,69
496,160,28,69
498,162,27,65
499,165,25,63
499,162,26,68
500,167,26,63
501,170,25,60
501,164,26,66
500,167,26,64
502,164,28,68
501,166,27,68
507,166,27,67
506,165,29,67
508,166,30,70
510,168,28,70
510,167,30,70
513,165,30,73
517,173,29,71
519,169,26,73
519,169,29,74
521,173,29,70
526,169,28,74
530,167,30,78
533,170,29,75
536,171,27,74
530,169,29,76
496,162,27,72
496,165,31,66
494,164,31,71
545,169,34,80
546,172,32,81
549,172,36,81
549,173,35,77
525,171,32,76
515,168,33,73
497,162,27,77
532,171,31,76
497,169,31,71
495,170,31,69
498,168,29,71
500,169,28,71
495,159,30,71
497,159,30,74
498,158,31,73
498,161,30,71
496,159,30,76
497,158,27,63
499,159,27,66
499,159,27,57
478,167,32,73
461,172,47,75
415,161,33,77
428,171,42,81
458,176,31,81
455,176,32,79
455,176,31,79
456,175,31,80
459,176,31,81
460,178,30,78
420,171,29,72
420,175,32,72
467,182,31,76
463,181,32,75
427,179,30,73
426,177,29,73
423,168,27,66
431,175,29,71
471,181,30,77
471,181,30,80
474,181,30,81
430,175,29,68
432,181,27,66
433,181,29,67
436,181,29,70
437,182,28,68
438,185,29,67
446,181,30,77
453,185,33,89
475,187,35,85
451,186,35,86
442,185,32,83
440,185,30,82
440,184,29,82
441,186,29,74
442,186,31,78
443,186,30,83
444,184,30,86
446,184,31,86
448,187,30,80
452,188,32,86
453,187,32,87
452,186,31,89
454,182,32,92
455,185,32,88
457,185,32,90
457,185,33,91
461,187,33,89
462,185,33,90
463,185,33,91
463,183,32,94
463,177,27,79
494,196,32,82
465,182,34,81
475,184,34,91
473,190,32,87
478,200,37,79
429,188,48,88
428,187,34,85
441,197,35,89
416,182,31,80
447,205,35,82
417,186,33,83
450,201,38,83
449,199,33,88
471,202,36,86
455,202,29,87
450,199,36,88
459,205,33,84
460,213,32,78
434,188,32,87
444,189,37,87
437,191,35,83
444,192,36,88
448,191,36,93
459,201,38,95
408,189,34,90
373,188,31,92
380,187,32,93
383,191,37,92
386,190,37,96
387,194,35,85
395,192,36,99
399,190,34,106
406,199,39,98
425,211,34,93
431,212,37,95
432,213,35,94
415,192,36,107
442,216,36,89
420,197,36,102
434,203,34,98
431,197,33,94
439,198,32,98
444,201,32,93
450,202,33,96
454,202,34,100
475,216,39,86
460,204,34,93
470,206,37,92
471,204,42,95
478,210,40,95
481,206,39,87
484,209,40,94
490,207,40,90
496,206,37,85
498,207,39,80
504,211,35,77
509,209,34,72
511,208,35,77
511,208,37,77
512,210,37,76
514,211,33,76
517,219,33,66
515,213,34,72
513,212,29,71
517,214,29,74
514,215,31,71
522,214,30,70
524,214,30,70
523,215,32,70
528,214,30,70
529,216,30,68
530,219,29,68
534,218,29,67
537,218,28,61
536,219,30,66
542,222,28,64
547,221,28,63
553,234,29,55
553,224,32,67
555,221,33,75
