0.006561
0.032711
0.020133
0.024468
0.016702
0.033437
0.032801
0.028758
0.025086
0.032269
0.034335
0.030919
0.034875
0.021671
0.032178
0.033294
0.032902
0.032748
0.019114
0.034485
0.016807
0.032969
0.035135
0.029318
0.032930
0.033470
0.033371
0.016093
0.015770
0.019516
0.016137
0.020101
0.032377
0.024889
0.032337
0.031111
0.031037
0.016098
0.019344
0.027379
0.031656
0.020675
0.032623
0.031446
0.028246
0.034799
0.032736
0.031482
0.030976
0.028824
0.032588
0.030738
0.033523
0.027218
0.032583
0.032580
0.027315
0.031562
0.032408
0.032343
0.031373
0.028179
0.037544
0.031814
0.030531
0.023682
0.019990
0.014564
0.033018
0.032358
0.025741
0.031077
0.024932
0.021572
0.016014
0.032245
0.027199
0.031534
0.033980
0.033407
0.031857
0.031763
0.031009
0.018319
0.027591
0.034106
0.033100
0.023778
0.031089
0.026337
0.031490
0.028454
0.036601
0.017423
0.014957
0.033904
0.031735
0.025846
0.031324
0.024356
0.032787
0.031796
0.033412
0.032029
0.032629
0.032070
0.032025
0.031344
0.032281
0.030629
0.026063
0.030152
0.030591
0.031733
0.021642
0.021402
0.015776
0.020376
0.031361
0.031312
0.032002
0.019270
0.035601
0.018684
0.014590
0.033015
0.031870
0.032309
0.017005
0.024698
0.031755
0.032176
0.032509
0.030271
0.032342
0.033347
0.032113
0.023202
0.032449
0.030441
0.026347
0.032362
0.022564
0.027731
0.032334
0.017768
0.030684
0.031631
0.034714
0.030906
0.031520
0.031274
0.023409
0.030265
0.031352
0.032392
0.032750
0.031672
0.018440
0.020824
0.030894
0.030844
0.024329
0.030917
0.034122
0.015450
0.034059
0.024850
0.030224
0.031945
0.032128
0.018511
0.016109
0.033335
0.031843
0.031930
0.032053
0.027501
0.029072
0.032991
0.032998
0.031119
0.026491
0.030888
0.031718
0.032170
0.031900
0.023318
0.027281
0.017398
0.016195
0.032320
0.023540
0.014832
0.031120
0.023171
0.031234
0.033030
0.018886
0.026454
0.031327
0.031363
0.030913
0.017389
0.030385
0.030893
0.030427
0.031264
0.032831
0.031620
0.015212
0.015312
0.019856
0.014903
0.030921
0.032364
0.020777
0.024910
0.016141
0.017695
0.014419
0.019196
