0.013233
0.032422
0.031889
0.029326
0.033145
0.024266
0.030908
0.030616
0.031505
0.032070
0.026179
0.032942
0.019727
0.035609
0.034612
0.022263
0.029181
0.028876
0.031495
0.025367
0.022286
0.031590
0.032808
0.015970
0.032045
0.028049
0.028010
0.030828
0.032522
0.030774
0.030140
0.030602
0.019428
0.030333
0.025414
0.031109
0.032506
0.026827
0.032054
0.031150
0.031821
0.031388
0.027900
0.031879
0.032045
0.031287
0.032117
0.031856
0.020805
0.031009
0.031637
0.024433
0.031721
0.031053
0.030904
0.031577
0.027913
0.032031
0.016157
0.025300
0.025436
0.031279
0.032580
0.031717
0.032812
0.032416
0.032615
0.017485
0.014981
0.018136
0.015364
0.017168
0.032462
0.031957
0.031785
0.035716
0.029918
0.032821
0.032470
0.033745
0.036418
0.024248
0.033404
0.030639
0.033866
0.031685
0.031752
0.032023
0.032418
0.032329
0.033357
0.033062
0.033285
0.029113
0.028658
0.031589
0.030717
0.030534
0.028207
0.032440
0.020146
0.028219
0.030968
0.032512
0.030765
0.032223
0.031052
0.031897
0.032089
0.031478
0.026582
0.033012
0.033541
0.031962
0.030766
0.030840
0.030707
0.033128
0.032262
0.025597
0.030836
0.030677
0.032670
0.032387
0.031490
0.030515
0.031029
0.034089
0.032541
0.018902
0.031347
0.031458
0.032971
0.029676
0.032237
0.035082
0.031905
0.031838
0.030977
0.032021
0.030275
0.031461
0.022231
0.033847
0.032136
0.031228
0.018717
0.030504
0.031796
0.032805
0.028432
0.031571
0.032163
0.031537
0.027025
0.032038
0.033619
0.030967
0.023873
0.030652
0.031891
0.034086
0.032087
0.022619
0.031245
0.030978
0.029152
0.023348
0.031043
0.028833
0.031525
0.021313
0.028533
0.032124
0.030360
0.030858
0.031177
0.033921
0.032279
0.023906
0.023390
0.030747
0.030920
0.019207
0.030847
0.029044
0.033943
0.019651
0.033143
0.032450
0.030583
0.026412
0.031919
0.021724
0.019920
0.032120
0.032395
0.030876
0.031503
0.016032
0.032084
0.023161
0.031420
0.019904
0.031484
0.018781
0.031546
0.031352
0.034439
0.014875
0.030583
0.031352
0.030832
0.033601
0.026762
0.032083
0.032947
0.033556
0.031985
0.035190
0.031679
0.020149
0.032368
0.031773
0.031628
0.030556
0.024043
0.030460
0.034554
0.037063
0.032111
0.031303
0.032037
0.033614
0.032525
0.032231
0.029689
0.029085
0.027727
0.031342
0.024210
0.031127
0.016256
0.030489
0.031479
0.032429
0.035736
0.033229
0.036486
0.032289
0.031789
0.030425
0.031821
0.033754
0.016721
0.031691
0.028207
0.026377
0.030510
0.033449
0.030957
0.031337
0.030812
0.031593
0.018527
0.029253
0.031558
0.031515
0.027800
0.031266
0.032462
0.031443
0.030983
0.031255
0.030556
0.026379
0.031625
0.034999
0.014877
0.017536
0.031583
0.031484
0.032328
0.026335
0.032885
0.031768
0.028070
0.019019
0.014874
0.015810
0.032908
0.031152
0.031041
0.032358
0.031342
0.032474
0.031298
0.024311
0.024098
0.032738
0.028362
0.032156
0.015722
0.025146
