0.001840
0.020070
0.017535
0.017228
0.016234
0.017156
0.017150
0.022443
0.019620
0.020967
0.021500
0.018432
0.018242
0.019703
0.017851
0.022058
0.021298
0.021198
0.023257
0.022769
0.017267
0.018640
0.018523
0.017443
0.016253
0.016990
0.015630
0.015028
0.015030
0.016102
0.015351
0.015283
0.019906
0.019100
0.019173
0.017927
0.018214
0.017975
0.023010
0.019715
0.019814
0.022500
0.020208
0.030177
0.018623
0.017909
0.016538
0.015068
0.015607
0.015771
0.016837
0.018427
0.017011
0.016531
0.016632
0.017687
0.016437
0.016733
0.016505
0.016479
0.016553
0.016674
0.016617
0.016652
0.016724
0.016227
0.018273
0.019260
0.016178
0.017708
0.019663
0.019522
0.018309
0.022482
0.020787
0.022928
0.025476
0.020831
0.022104
0.021040
0.016146
0.016099
0.015671
0.015888
0.016018
0.016718
0.017483
0.018556
0.016141
0.015933
0.016676
0.016338
0.018475
0.020053
0.018285
0.019561
0.017668
0.021702
0.021841
0.017669
0.017666
0.021142
0.022471
0.020325
0.017692
0.017325
0.016089
0.016005
0.018482
0.016196
0.017485
0.017673
0.016892
0.019877
0.019057
0.022390
0.017882
0.018389
0.018447
0.019326
0.017057
0.022413
0.018551
0.019397
0.023373
0.021498
0.017155
0.017044
0.021881
0.016908
0.018537
0.016327
0.017574
0.016367
0.017249
0.015919
0.015841
0.024021
0.019269
0.035419
0.021249
0.034175
0.034651
0.030619
0.019412
0.020137
0.022237
0.026344
0.020015
0.020349
0.021011
0.017908
0.020653
0.016624
0.018780
0.017208
0.017312
0.019253
0.017810
0.018858
0.022759
0.018720
0.017667
0.017402
0.019276
0.020817
0.022396
0.019896
0.018152
0.016249
0.023983
0.019478
0.025210
0.037471
0.025653
0.022762
0.019985
0.019133
0.030881
0.020405
0.022423
0.024113
0.016794
0.014454
0.016887
0.016295
0.016258
0.017243
0.015422
0.016834
0.015878
0.015648
0.017885
0.017158
0.016287
0.020556
0.017839
0.022254
0.025659
0.020988
0.019868
0.018140
0.027155
0.020377
0.020437
0.017063
0.015645
0.015614
0.015588
0.016119
0.015424
0.015380
0.015049
0.015567
0.015460
0.015597
0.018108
0.018618
0.020728
0.017174
0.017552
0.023661
0.017667
0.017193
0.016958
0.016109
0.018097
0.018827
0.017067
0.015500
0.015374
0.016327
0.019209
0.017261
0.015513
0.016145
0.038227
0.015125
0.015160
0.016563
0.015934
0.016225
0.019103
0.027440
0.022568
0.018427
0.019815
0.020112
0.019876
0.023260
0.016562
0.016623
0.019683
0.016634
0.015698
0.015724
0.016702
0.016228
0.017436
0.015446
0.016490
0.015965
0.013762
0.018013
0.015397
0.015750
0.016033
0.015817
0.016133
0.017788
0.016095
0.018055
0.016189
0.015576
0.015560
0.019913
0.018237
0.018158
0.021398
0.022440
0.017291
0.015669
0.018471
0.019494
0.020941
0.020022
0.019631
0.019553
0.016125
0.016290
0.016311
0.015207
0.015990
0.015344
0.015996
0.015579
0.014566
0.014622
0.014959
0.014971
0.016753
0.018083
0.016716
0.019302
0.017681
0.023299
0.017016
0.019384
0.019668
0.019779
0.018087
0.020335
0.018888
0.018090
0.020178
0.019971
0.015641
0.015672
0.015333
0.015886
0.018868
0.015503
0.018430
0.016811
0.017179
0.020313
0.018999
0.019844
0.025817
0.023151
0.018557
0.019099
0.017521
0.023312
0.018986
0.018764
0.019252
0.017402
0.017908
0.016721
0.016362
0.018316
0.017107
0.015809
0.017379
0.015429
0.016120
0.015635
0.017262
0.016922
0.015881
0.017028
0.018290
0.015000
0.021495
0.017448
0.018687
0.017862
0.020380
0.020952
0.021543
0.016952
0.018121
0.015689
0.015802
0.017697
0.018148
0.016818
0.017251
0.015348
0.017626
0.014597
0.015215
0.014895
0.014240
0.018054
0.016614
0.015810
0.015929
0.015201
0.015068
0.014843
0.015108
0.014702
0.014429
0.015652
0.015808
0.017185
0.022137
0.017361
0.018276
0.023063
0.017393
0.019139
0.018834
0.017415
0.015847
0.015026
0.015323
0.015904
0.014771
0.014854
0.014899
0.015075
0.014921
0.015217
0.014969
0.016690
0.015468
0.015677
0.023404
0.020881
0.017545
0.017788
0.017987
0.016057
0.020434
0.016771
0.017439
0.018721
0.016578
0.016844
0.020029
0.015231
0.014936
0.016077
0.015291
0.015227
0.015233
0.016507
0.015742
0.015156
0.016370
0.017445
0.023868
0.017154
0.019166
0.019521
0.020919
0.020271
0.019410
0.019096
0.019964
0.021721
0.019577
0.017896
0.015620
0.015254
0.015499
0.017673
0.017338
0.015808
0.015706
0.016442
0.016442
0.015665
0.018384
0.015084
0.015030
0.020829
0.015161
0.021637
0.017151
0.018075
0.019571
0.017186
0.016485
0.017095
0.017532
0.022623
0.016243
0.019315
0.016479
0.018347
0.016321
0.016006
0.016429
0.016610
0.015484
0.016278
0.020275
0.017450
0.017586
0.015954
0.016307
0.015823
0.017831
0.017496
0.017598
0.015656
0.015857
0.015739
0.016091
0.016630
0.023135
0.020925
0.018929
0.018961
0.019532
0.017780
0.018720
0.018482
0.021845
0.016096
0.020510
0.018738
0.017243
0.019540
0.019031
0.018545
0.017168
0.015825
0.015630
0.015378
0.015454
0.016068
0.015525
0.018907
0.024362
0.021141
0.022873
0.019484
0.017550
0.018252
0.020944
0.018246
0.019852
0.027555
0.018511
0.019429
0.020041
0.021057
0.016236
0.017046
0.016852
0.017384
0.016817
0.016331
0.017352
0.016556
0.016996
0.030407
0.022470
0.019042
0.025919
0.020095
0.032608
0.021652
0.030385
0.024243
0.020497
0.020925
0.021200
0.016616
0.016024
0.016951
0.016694
0.015645
0.016660
0.015070
0.015521
0.015191
0.015088
0.015271
0.015028
0.017727
0.015343
0.016230
0.017355
0.018243
0.023410
0.017167
0.018350
0.018731
0.022387
0.019437
0.024097
0.019205
0.018897
0.015741
0.015931
0.016799
0.016892
0.019036
0.021854
0.019972
0.017850
0.016639
0.021009
0.020849
0.016680
0.017078
0.016936
0.016643
0.035932
0.019201
0.026992
0.015876
0.017636
0.016152
0.022065
0.023645
0.020135
0.020224
0.019193
0.021448
0.018198
0.018119
0.016592
0.017015
0.017274
0.018903
0.016463
0.019239
0.018749
0.015999
0.015974
0.015741
0.015738
0.015872
0.017502
0.016657
0.016457
0.016636
0.017642
0.021101
0.021065
0.017348
0.022485
0.020950
0.018997
0.018535
0.027567
0.019700
0.019630
0.020303
0.020187
0.018076
0.015789
0.015341
0.016217
0.016567
0.017710
0.015850
0.018818
0.016152
0.015084
0.015793
0.025805
0.018356
0.017992
0.022148
0.024854
0.021649
0.028859
0.018596
0.026416
0.019164
0.020835
0.018292
0.018568
0.017083
0.017530
0.020916
0.016160
0.015536
0.015381
0.020011
0.016034
0.016429
0.015963
0.015824
0.021078
0.017962
0.015260
0.019381
0.016996
0.018617
0.016465
0.018347
0.019487
0.018875
0.016777
0.016732
0.016746
0.016522
0.019839
0.015753
0.016662
0.015388
0.017059
0.015437
0.015375
0.018817
0.016758
0.016207
0.022333
0.019289
0.019899
0.019945
0.018357
0.022361
0.021673
0.018042
0.017541
0.017967
0.019824
0.016232
0.016535
0.021070
0.015528
0.014945
0.015286
0.018949
0.016707
0.018292
0.021854
0.022482
0.020530
0.024600
0.018803
0.020066
0.016904
0.022667
0.018795
0.017937
0.015697
0.015144
0.015255
0.015975
0.017568
0.028794
0.014867
0.017529
0.016846
0.017234
0.042038
0.021628
0.016211
0.022932
0.038229
0.020046
0.017122
0.020976
0.020988
0.024188
0.016504
0.016835
0.016462
0.016485
0.016287
0.016043
0.015647
0.015636
0.016606
0.016754
0.016632
0.015399
0.020958
0.020358
0.017572
0.017759
0.017927
0.029247
0.021074
0.021633
0.028684
0.018752
0.018077
0.016907
0.016257
0.015587
0.018261
0.016320
0.015756
0.017066
0.015161
0.014964
0.015083
0.014865
0.015340
0.015385
0.017028
0.022310
0.018673
0.018683
0.016719
0.020597
0.021030
0.018075
0.018059
0.015324
0.015989
0.016819
0.015389
0.017126
0.018248
0.019895
0.022521
0.018395
0.024575
0.028775
0.018303
0.019747
0.015853
0.019779
0.017103
0.020859
0.020282
0.017986
0.023960
0.027180
0.020560
0.016414
0.017212
0.018829
0.016263
0.019881
0.018331
0.027442
0.020083
0.021178
0.024592
0.020022
0.016650
0.019984
0.017806
0.016315
0.019424
0.018250
0.015761
0.014818
0.015170
0.016080
0.015088
0.015493
0.015760
0.015681
0.015529
0.015772
0.014896
0.015436
0.015056
0.015424
0.015494
0.015248
0.015210
0.015176
0.015105
0.016306
0.017014
0.017771
0.018115
0.016457
0.016166
0.015771
0.018237
0.018655
0.020757
0.021829
0.017973
0.016671
0.017829
0.017558
0.016217
0.023215
0.015801
0.016630
0.016102
0.015991
0.015232
0.019253
0.015420
0.016654
0.015000
0.016271
0.016799
0.018128
0.017631
0.016682
0.017163
0.016660
0.016401
0.015824
0.015894
0.016247
0.015223
0.016631
0.015723
0.015554
0.015322
0.016898
0.017996
0.015135
0.015831
0.015837
0.016625
0.016992
0.018113
0.015315
0.018008
0.016617
0.015358
0.015367
0.016021
0.016877
0.017936
0.015506
0.015162
0.015176
0.015188
0.015116
0.016689
0.016336
0.016416
0.018254
0.015661
0.015795
0.016519
0.015718
0.018351
0.015080
0.020424
0.016198
0.016056
0.021151
0.015732
0.019683
0.015704
0.016302
0.014939
0.015934
0.015296
0.014572
0.016290
0.015130
0.014744
0.016754
0.015139
0.016853
0.016135
0.015071
0.015358
0.018117
0.015530
0.014775
0.015231
0.014984
0.014695
0.015215
0.014865
0.014950
0.019233
0.016283
0.017439
0.014723
0.015539
0.015246
0.014639
0.015778
0.015413
0.014679
0.015109
0.015188
0.017390
0.015008
0.017714
0.015679
0.014963
0.014850
0.014694
0.015603
0.015792
0.014728
0.014691
0.015532
0.015834
0.015708
0.019024
0.016991
0.015913
0.015387
0.015248
0.015557
0.017071
0.014692
0.014453
0.015530
0.016414
0.014848
0.017624
0.016583
0.015015
0.015871
0.016271
0.015092
0.018377
0.013566
0.014157
0.014959
0.017856
0.015110
0.014970
0.014636
0.017002
0.016783
0.016794
0.015396
0.015735
0.017766
0.015745
0.014502
0.014975
0.015217
0.015609
0.014685
0.015455
0.015264
0.014972
0.015546
0.015581
0.015315
0.014981
0.014825
0.014728
0.015394
0.014246
0.015673
0.014763
0.015805
0.014697
0.014924
0.014771
0.014571
0.016045
0.015532
0.015448
0.015413
0.019346
0.015161
0.015783
0.015236
0.016689
0.020226
0.015642
0.016037
0.015534
0.017910
0.016964
0.029800
0.018127
0.015820
0.017849
0.016019
0.016318
0.016588
0.016193
0.015761
0.016073
0.017077
0.016286
0.017456
0.016593
0.015987
0.017250
0.017315
0.015669
0.017158
0.015218
0.016228
0.015920
0.019076
0.015810
0.017627
0.015439
0.015971
0.017106
0.014889
0.015222
0.014849
0.015715
0.015095
0.014964
0.015610
0.020059
0.015181
0.015429
0.015297
0.017200
0.015796
0.015742
0.014933
0.015137
0.016035
0.015938
0.015531
0.016115
0.015204
0.016874
0.015248
0.015047
0.015045
0.015435
0.015660
0.014957
0.015148
0.015431
0.015951
0.016033
0.018497
0.016271
0.016078
0.013701
0.021323
0.016003
0.015966
0.014719
0.015064
0.015860
0.016364
0.015862
0.015608
0.015583
0.014113
0.015370
0.016921
0.015516
0.018735
0.016855
0.016411
0.015666
0.018821
0.018552
