0.012050
0.029931
0.017007
0.031144
0.023025
0.031768
0.034028
0.035233
0.032908
0.021369
0.031999
0.031604
0.033786
0.032326
0.031065
0.034138
0.030231
0.032359
0.031547
0.016726
0.022897
0.019978
0.016482
0.016347
0.032449
0.033638
0.016044
0.032469
0.032092
0.028603
0.033751
0.033285
0.032875
0.032058
0.031930
0.030391
0.031582
0.025632
0.017143
0.032975
0.032006
0.026701
0.034620
0.035744
0.033492
0.030829
0.019413
0.016536
0.016841
0.026684
0.032681
0.018115
0.034705
0.028141
0.032320
0.018329
0.033209
0.031466
0.019397
0.031539
0.016850
0.015796
0.021482
0.023630
0.016918
0.017380
0.016436
0.014973
0.032460
0.033625
0.031389
0.032573
0.032383
0.031446
0.018829
0.016998
0.032119
0.033374
0.033479
0.033729
0.018076
0.031499
0.030820
0.016515
0.035703
0.034680
0.032257
0.032792
0.022502
0.025783
0.030892
0.031955
0.030674
0.026218
0.032961
0.025228
0.033258
0.031907
0.016828
0.019266
0.019418
0.030430
0.032969
0.018378
0.032060
0.015472
0.020625
0.031150
0.031731
0.030480
0.018399
0.017184
0.027674
0.033228
0.032178
0.031193
0.031979
0.030304
0.029366
0.033256
0.019673
0.033152
0.027551
0.032520
0.032668
0.031541
0.032514
0.024091
0.035227
0.033933
0.032578
0.019790
0.029989
0.034132
0.028466
0.031374
0.032435
0.019875
0.017076
0.032182
0.030950
0.030750
0.021101
0.020452
0.020494
0.016292
0.014870
0.024568
0.031982
0.016964
0.014248
0.033490
0.022093
0.028317
0.031212
0.017706
0.016646
0.015819
0.019998
0.016625
0.030661
0.027626
0.033114
0.028874
0.031490
0.033749
0.032647
0.030908
0.016071
0.032328
0.032369
0.026769
0.031235
0.030146
0.026941
0.031593
0.031311
0.031542
0.024900
0.032879
0.031299
0.032334
0.030400
0.032598
0.033872
0.024932
0.031306
0.019532
0.033246
0.032415
0.032314
0.032429
0.032207
0.026598
0.032891
0.033188
0.030696
0.032217
0.024404
0.031847
0.030418
0.016567
0.034023
0.032794
0.032598
0.033785
0.023520
0.032302
0.033482
0.031498
0.031781
0.031562
0.032220
0.031991
0.029873
0.032010
0.031258
0.031960
0.031491
0.018698
0.032555
0.028389
0.036508
0.017059
0.015057
0.031847
0.025137
0.026977
0.031479
0.031534
0.018554
0.030963
0.034694
0.032055
0.031779
0.028989
0.031612
0.020310
0.031945
0.021387
0.031149
0.017722
0.032893
0.018875
0.033363
0.022762
0.025141
0.019545
0.014997
0.015694
0.015243
0.016171
0.032121
0.028269
0.031859
0.031784
0.018450
0.032464
0.027771
0.030676
0.022168
0.033617
0.029997
0.033399
0.032300
0.019163
0.016285
0.018667
0.032351
0.024947
0.031566
0.033494
0.017956
0.032382
0.015853
0.016989
0.014941
0.031013
0.032190
0.030969
0.029939
0.031437
0.023392
0.027301
0.023698
0.019402
0.014982
0.014863
0.015513
0.019427
0.015119
0.016127
0.030481
0.031526
0.015309
0.022492
0.016487
0.014465
0.033836
0.031803
0.015697
0.018241
0.014381
0.021170
0.015511
0.017603
0.019933
0.019067
0.020934
0.018717
0.017787
0.016439
0.014829
0.032908
0.032542
0.032363
0.032336
0.025070
0.036171
0.027825
0.027398
0.031435
0.015623
0.031869
0.030400
0.031348
0.030915
0.018290
0.032168
0.020013
0.027473
0.032138
0.029954
0.031583
0.015527
0.016320
0.033802
0.025340
0.020377
0.018134
0.030116
0.029005
0.028257
0.032650
0.034811
0.031822
0.020359
0.030758
0.032785
0.031419
0.023543
0.017663
0.031255
0.020781
0.020679
0.030286
0.016143
0.016881
0.015040
0.031683
0.031860
0.023694
0.030525
0.028085
0.032956
0.032951
0.032596
0.028981
0.030752
0.032859
0.030178
0.023922
0.032883
0.030452
0.014677
0.034276
0.019261
0.029466
0.027358
0.034332
0.031639
0.030534
0.031756
0.020159
0.031938
0.031528
0.036014
0.030872
0.033066
0.031531
0.024484
0.029469
0.031369
0.030684
0.031239
0.017144
0.017683
0.016742
0.015550
0.015628
0.019163
0.019067
0.016414
0.014773
0.023612
0.028580
0.030932
0.034804
0.024351
0.032718
0.031328
0.028354
0.031106
0.031095
0.031819
0.032875
0.022518
0.016727
0.014020
0.033713
0.015688
0.015301
0.031695
0.028281
0.033410
0.033754
0.031733
0.023301
0.031842
0.021054
0.022516
0.031588
0.030150
0.032436
0.032180
0.031343
0.017349
0.030267
0.030054
0.021289
0.024766
0.030132
0.032222
0.035560
0.023558
0.033053
0.029486
0.031790
0.033459
0.024898
0.032181
0.017934
0.031328
0.026386
0.023720
0.031163
0.035230
0.032371
0.031458
0.033988
0.031380
0.031834
0.033107
0.033892
0.019970
0.031293
0.033202
0.018579
0.019005
0.016608
0.026891
0.030125
0.031012
0.030438
0.030238
0.030841
0.030970
0.023351
0.034033
0.027147
0.031572
0.032929
0.031289
0.032919
0.032186
0.022841
0.015774
0.031475
0.030374
0.026191
0.034189
0.035044
0.028642
0.025956
0.031472
0.032560
0.027789
0.031508
0.033836
0.018080
0.028051
0.032038
0.020184
0.020159
0.030955
0.032500
0.031849
0.030294
0.034355
0.031480
0.016383
0.014678
0.027887
0.032957
0.023681
0.032528
0.034019
0.033392
0.023895
0.032828
0.034950
0.023080
0.031585
0.032302
0.032864
0.031621
0.032594
0.033624
0.031146
0.032433
0.033923
0.015827
0.031279
0.023580
0.031940
0.020483
0.019090
0.032781
0.030805
0.030725
0.032192
0.031092
0.031073
0.030344
0.027666
0.029349
0.032079
0.018132
0.032751
0.034137
0.032288
0.017206
0.025122
0.032325
0.030868
0.032537
0.025406
0.031109
0.029072
0.028751
0.015937
0.014884
0.033983
0.031899
0.033241
0.031271
0.033660
0.033507
0.032501
0.030200
0.033321
0.032550
0.031932
0.032060
0.032321
0.016353
0.017972
0.029196
0.032188
0.032325
0.019038
0.016555
0.028061
0.024944
0.032573
0.016384
0.030653
0.032766
0.033122
0.031109
0.032330
0.028135
0.032258
0.018001
0.015107
0.017059
0.018520
0.032514
0.031218
0.032199
0.031571
0.032765
0.026351
0.027595
0.023627
0.019590
0.033929
0.031426
0.031069
0.032327
0.031474
0.034090
0.017429
0.018331
0.017297
0.019302
0.014870
0.014822
0.037090
0.033309
0.032889
0.031406
0.030608
0.033140
0.032505
0.034401
0.026035
0.032372
0.032451
0.016812
0.016705
0.016293
0.016440
0.019540
0.015134
0.034656
0.026000
0.031643
0.032979
0.031441
0.030997
0.031170
0.016955
0.032272
0.018628
0.032330
0.032221
0.032396
0.032617
0.029722
0.031473
0.026327
0.017294
0.017925
0.017109
0.032521
0.030927
0.032482
0.025565
0.032138
0.031564
0.033732
0.032164
0.014968
0.031554
0.020568
0.015408
0.019077
0.030089
0.028078
0.026379
0.032026
0.030951
0.030813
0.034319
0.027780
0.033195
0.030595
0.032353
0.032993
0.020938
0.032704
0.032922
0.016368
0.024548
0.030655
0.032638
0.026773
0.030598
0.032053
0.032143
0.015656
0.015010
0.033941
0.031168
0.032598
0.025951
0.033047
0.031680
0.032404
0.032598
0.031292
0.033849
0.018919
0.031700
0.020210
0.027935
0.032230
0.031835
0.022575
0.032243
0.032449
0.032046
0.031883
0.024788
0.025461
0.031976
0.037205
0.025505
0.032173
0.031768
0.019273
0.030801
0.032702
0.031669
0.033554
0.032124
0.020363
0.019054
0.018096
0.014675
0.032829
0.017941
0.018321
0.015190
0.015756
0.014663
0.031683
0.032811
0.030619
0.023084
0.018386
0.016150
0.019474
0.018087
0.014490
0.021269
0.030567
0.032092
0.032468
0.030853
0.033070
0.032249
0.032427
0.034083
0.033173
0.030382
0.031979
0.024946
0.035305
0.032254
0.032061
0.025997
0.016422
0.035519
0.027561
0.030765
0.033803
0.020650
0.015597
0.015393
0.033130
0.022351
0.031811
0.032773
0.031182
0.032818
0.032354
0.032987
0.020373
0.016006
0.033198
0.032645
0.018521
0.030705
0.031752
0.027899
0.022370
0.031128
0.020440
0.030483
0.019741
0.033900
0.027949
0.031612
0.032976
0.020900
0.031298
0.019917
0.033244
0.019701
0.019642
0.014951
0.017656
0.032031
0.022663
0.031382
0.029006
0.032032
0.017466
0.032537
0.030082
0.018729
0.020519
0.017172
0.032667
0.027811
0.032665
0.032714
0.027528
0.030079
0.028398
0.030553
0.018240
0.031881
0.031503
0.030003
0.035208
0.021204
0.031389
0.032204
0.031252
0.032121
0.033170
0.032319
0.020262
0.014722
0.014826
0.017604
0.016647
0.018773
0.015516
0.032029
0.027271
0.028406
0.032113
0.032265
0.028408
0.029853
0.032182
0.031988
0.033096
0.034077
0.032365
0.025238
0.032865
0.024106
0.029740
0.033491
0.015017
0.029437
0.031899
0.031919
0.031689
0.032242
0.027250
0.031693
0.031166
0.032388
0.033396
0.032059
0.031439
0.022011
0.029964
0.030488
0.019996
0.031029
0.031134
0.026005
0.032421
0.031153
0.031144
0.030384
0.021216
0.015095
0.017205
0.017839
0.015438
0.015710
0.015659
0.019371
0.018191
0.015426
0.016221
0.015078
0.015219
0.015111
0.015303
0.016479
0.015382
0.015482
0.015027
0.015422
0.015902
0.015494
0.015154
0.015991
0.016425
0.020395
0.017183
0.017209
0.016295
0.019710
0.017588
0.019510
0.016287
0.015228
0.015234
0.017766
0.014699
0.015859
0.015414
0.015383
0.015839
0.015303
0.015059
0.014755
0.019896
0.020562
0.020727
0.016045
0.018192
0.016570
0.015391
0.015354
0.015049
0.019650
0.016040
0.018562
0.014587
0.014944
0.015100
0.016479
0.015384
0.018297
0.015395
0.014628
0.014115
0.017807
0.014556
0.020045
0.018978
0.015191
0.016978
0.015507
0.015813
0.015853
0.031767
0.032176
0.031776
0.030752
0.018205
0.032169
0.033782
0.016394
0.031921
0.027581
0.031254
0.032882
0.030708
0.032374
0.019188
0.032048
0.015241
0.019765
0.023641
0.014911
0.015168
0.016173
0.032629
0.030722
0.030033
0.032793
0.021744
0.017005
0.015762
0.017297
0.015012
0.033219
0.024268
0.031761
0.031172
0.031728
0.029815
0.032042
0.019518
0.016690
0.035036
0.031325
0.030784
0.031755
0.033796
0.026870
0.031507
0.016246
0.015992
0.024332
0.031686
0.032397
0.018716
0.015625
0.015637
0.014150
0.015761
0.016535
0.014444
0.031460
0.017809
0.014594
0.014917
0.017069
0.018826
0.015110
0.020071
0.031155
0.017053
0.017405
0.014260
0.014281
0.014038
0.014992
0.015907
0.017574
0.015116
0.020341
0.031605
0.030317
0.019872
0.014917
0.017778
0.021977
0.032399
0.032195
0.027688
0.032211
0.025136
0.029561
0.031842
0.032416
0.031007
0.018164
0.015342
0.015410
0.019563
0.031523
0.031979
0.031776
0.032787
0.030465
0.018082
0.031941
0.030685
0.033994
0.031354
0.029221
0.032314
0.034249
0.031742
0.020996
0.029610
0.032593
0.018066
0.014788
0.031918
0.031499
0.031159
0.029450
0.032430
0.026022
0.031262
0.029289
0.032401
0.027220
0.026674
0.031332
0.020372
0.019874
0.017575
0.030576
0.032008
0.033812
0.020190
0.018199
0.014840
0.014792
0.032690
0.028326
0.033670
0.031888
0.031510
0.032134
0.031424
0.019910
0.014336
0.018498
0.015215
0.014594
0.032103
0.027916
0.031451
0.030886
0.030686
0.029372
0.030658
0.031191
0.031542
0.031869
0.018671
0.015387
0.032000
0.031144
0.032330
0.027945
0.031600
0.020233
0.030955
0.030506
0.034805
0.031336
0.031333
0.032289
0.032273
0.031315
0.032406
0.032010
0.032984
0.031970
0.015573
0.016077
0.033785
0.017792
0.032130
0.016432
0.033607
0.027992
0.035272
0.034565
0.028254
0.036602
0.016098
0.019003
0.015613
0.019259
0.033238
0.032472
0.031635
0.032925
0.016963
0.020726
0.031923
0.017666
0.018296
0.027965
0.015244
0.031476
0.015609
0.014397
0.017560
0.033571
0.025675
0.033294
0.030472
0.032254
0.031905
0.030816
0.032215
0.030634
0.031548
0.032182
0.033172
0.015169
0.030975
0.033132
0.031088
0.032838
0.027754
0.035573
0.029889
0.031498
0.034532
0.029045
0.035772
0.020718
0.019452
0.020423
0.015766
0.017341
0.021372
0.015811
0.035599
0.022265
0.015560
0.014597
0.018752
0.031840
0.018552
0.015786
0.017772
0.020526
0.018507
0.025352
0.030661
0.032096
0.026350
0.026275
0.036978
0.027030
0.017873
0.013787
0.015514
0.015242
0.022211
0.017002
0.016055
0.017769
0.030466
0.030365
0.031872
0.032991
0.025106
0.032904
0.032216
0.023463
0.022960
0.031507
0.028724
0.024117
0.031870
0.032407
0.032789
0.033720
0.032365
0.018490
0.017253
0.022406
0.032299
0.032466
0.019679
0.014982
0.019711
0.034055
0.032177
0.033265
0.033000
0.024310
0.032822
0.033270
0.019556
0.016267
0.017251
0.032028
0.030487
0.014354
0.024431
0.032741
0.030855
0.032137
0.032314
0.031665
0.024846
0.031422
0.027419
0.033318
0.025407
0.033535
0.029105
0.030905
0.031013
0.026743
0.026561
0.031010
0.021018
0.028573
0.031111
0.024759
0.031286
0.024636
0.029159
0.031439
0.032284
0.032001
0.018449
0.030109
0.030756
0.019499
0.033715
0.033914
0.032274
0.034805
0.027651
0.032874
0.031749
0.030993
0.033351
0.032032
0.016341
0.029537
0.018863
0.014381
0.014566
0.014802
0.016905
0.025018
0.034209
0.029500
0.031340
0.032092
0.031980
0.031246
0.030127
0.024285
0.028270
0.032188
0.032154
0.020232
0.020313
0.019426
0.014875
0.015387
0.014974
0.016950
0.018871
0.031224
0.031260
0.034146
0.032686
0.034028
0.031570
0.032405
0.027759
0.031035
0.031909
0.032828
0.016296
0.014855
0.032562
0.034738
0.034436
0.024334
0.031563
0.023270
0.023307
0.033664
0.031383
0.031774
0.032490
0.031993
0.022824
0.032210
0.030640
0.020449
0.031642
0.032897
0.034125
0.031740
0.034718
0.031246
0.016704
0.033491
0.032572
0.033113
0.026132
0.030885
0.022913
0.033530
0.032671
0.034222
0.028322
0.032087
0.031763
0.032370
0.031730
0.037791
0.031726
0.031119
0.018874
0.030947
0.034261
0.032066
0.032165
0.024089
0.032011
0.030883
0.023133
0.028772
0.031654
0.030858
0.028497
0.023865
0.024400
0.026923
0.031174
0.025757
0.027721
0.032725
0.031447
0.029732
0.028323
0.031811
0.028850
0.028783
0.031837
0.015141
0.016196
0.015645
0.021791
0.032329
0.034780
0.032568
0.027794
0.032120
0.031925
0.026849
0.031872
0.031191
0.031392
0.031891
0.016222
0.033350
0.020101
0.031919
0.031242
0.031738
0.031803
0.026622
0.016330
0.020140
0.034318
0.032118
0.033137
0.019344
0.016348
0.014807
0.018331
0.030097
0.028171
0.031706
0.019751
0.035411
0.030420
0.017601
0.032072
0.033516
0.032924
0.020818
0.025422
0.033291
0.034260
0.035569
0.026577
0.031632
0.026188
0.033148
0.032565
0.018163
0.035129
0.031939
0.033327
0.033663
0.023351
0.020213
0.031504
0.031834
0.028558
0.032013
0.032272
0.020138
0.031532
0.026662
0.025515
0.032748
0.017872
0.028948
0.025621
0.032218
0.015937
0.016342
0.016853
0.031372
0.027854
0.034226
0.033516
0.027895
0.032338
0.032758
0.032833
0.020645
0.018330
0.030824
0.020461
0.018179
0.015331
0.017125
0.019476
0.034894
0.031273
0.032095
0.018481
0.016705
0.015258
0.018033
0.014858
0.031850
0.019440
0.032437
0.032208
0.036024
0.031267
0.024433
0.031540
0.016554
0.014424
0.017060
0.027242
0.032008
0.031162
0.031565
0.031701
0.027161
0.027536
0.032517
0.031338
0.017960
0.033601
0.031454
0.034405
0.031333
0.034853
0.033803
0.034975
0.031862
0.031539
0.035021
0.032663
0.030965
0.024868
0.031652
0.017525
0.016305
0.016960
0.033671
0.027054
0.023874
0.033114
0.032956
0.023877
0.018199
0.015536
0.031746
0.031238
0.030912
0.033176
0.025642
0.024095
0.032866
0.030067
0.031982
0.032360
0.031133
0.019414
0.036299
0.035334
0.016571
0.031669
0.031060
0.020239
0.032624
0.033785
0.032922
0.019459
0.016645
0.018093
0.017678
0.015563
0.024072
0.033570
0.033850
0.027517
0.032405
0.028606
0.031217
0.019787
0.016819
0.016088
0.016321
0.017073
0.024177
0.020612
0.015771
0.031388
0.030811
0.019980
0.018383
0.019853
0.015743
0.020088
0.023597
0.032622
0.034192
0.020765
0.024969
0.031819
0.015828
0.015080
0.015264
0.022716
0.018280
0.018010
0.031726
0.024702
0.032291
0.022872
0.031977
0.022182
0.026180
0.022166
0.033883
0.032034
0.031733
0.031389
0.031991
0.034586
0.024886
0.032920
0.032377
0.030395
0.031704
0.032521
0.033255
0.031922
0.032367
0.026074
0.026962
0.023958
0.033226
0.032868
0.032319
0.035073
0.029332
0.034994
0.025475
0.032196
0.036794
0.033165
0.019791
0.033528
0.025768
0.017464
0.041746
0.033210
0.033795
0.021837
0.032959
0.025286
0.032572
0.022505
0.034606
0.031915
0.034281
0.035827
0.034707
0.032982
0.020405
0.031260
0.030760
0.032343
0.034081
0.021253
0.020830
0.034003
0.033448
0.026285
0.037740
0.032548
0.036988
0.032004
0.032995
0.021997
0.019882
0.019420
0.033774
0.024674
0.035057
0.019780
0.035023
0.034062
0.028065
0.034127
0.030839
0.017847
0.033295
0.028544
0.034708
0.035416
0.034024
0.033620
0.034000
0.033453
0.016162
0.033874
0.033461
0.034359
0.032557
0.034055
0.017030
0.019850
0.026979
0.031433
0.029011
0.029119
0.026300
0.036933
0.031329
0.032114
0.026832
0.025336
0.020709
0.016732
0.032435
0.019641
0.017561
0.015073
0.017279
0.028289
0.025598
0.030851
0.021929
0.030789
0.032697
0.018185
0.015334
0.018891
0.018066
0.034434
0.027181
0.028740
0.032049
0.032494
0.021219
0.032881
0.028515
0.021026
0.016138
0.020068
0.034156
0.033053
0.031982
0.031470
0.019771
0.032898
0.031262
0.023752
0.031989
0.032482
0.017346
0.031591
0.016174
0.016728
0.032892
0.032782
0.033013
0.018719
0.015280
0.020715
0.017952
0.019028
0.031393
0.020823
0.033252
0.033187
0.032404
0.032692
0.027944
0.033244
0.039372
0.034736
0.032705
0.032937
0.035766
0.030014
0.027571
0.034195
0.016756
0.016113
0.034199
0.033085
0.034568
0.032303
0.034657
0.024352
0.031487
0.032873
0.018445
0.016035
0.017792
0.032274
0.031941
0.031810
0.031168
0.032966
0.026175
0.017003
0.014781
0.029862
0.030594
0.033699
0.032254
0.033591
0.019335
0.033046
0.032206
0.032915
0.034935
0.031575
0.021856
0.032586
0.016081
0.018726
0.015189
0.015848
0.033699
0.032696
0.018462
0.030714
0.032026
0.032722
0.032207
0.029510
0.032197
0.032797
0.031153
0.020259
0.031324
0.015440
0.018459
0.025350
0.033193
0.027184
0.016959
0.015508
0.014935
0.016872
0.030593
0.034181
0.029697
0.033310
0.032850
0.022809
0.032025
0.032601
0.035132
0.036012
0.030011
0.034060
0.032722
0.017185
0.031723
0.030704
0.031095
0.016547
0.015155
0.033148
0.032346
0.032409
0.026654
0.032873
0.032720
0.032338
0.032898
0.031704
0.032061
0.027683
0.016892
0.015265
0.019409
0.014736
0.032089
0.030160
0.033059
0.026634
0.020522
0.031411
0.018649
0.031093
0.031675
0.030715
0.032155
0.016824
0.032166
0.032013
0.032703
0.018397
0.031309
0.031598
0.022639
0.031537
0.026689
0.022212
0.031554
0.030977
0.032011
0.018834
0.033783
0.034179
0.032059
0.019313
0.018971
0.030841
0.026146
0.033678
0.017567
0.016429
0.034403
0.033628
0.032455
0.031261
0.035869
0.031130
0.033975
0.032922
0.024512
0.032157
0.034689
0.018883
0.015228
0.015740
0.025625
0.030614
0.032398
0.022192
0.033713
0.033047
0.033052
0.032346
0.034780
0.033523
0.018954
0.025197
0.033367
0.034225
0.032023
0.032257
0.031448
0.032417
0.034229
0.023038
0.032050
0.019452
0.024108
0.014978
0.015552
0.018365
0.017164
0.032623
0.030283
0.016862
0.032744
0.020870
0.017586
0.017262
0.015368
0.015560
0.017811
0.024697
0.033110
0.029113
0.032547
0.031389
0.030746
0.033270
0.020680
0.031884
0.032867
0.033017
0.031564
0.025727
0.032364
0.020149
0.032363
0.031466
0.032264
0.031700
0.036667
0.024478
0.026813
0.030681
0.034104
0.032959
0.032244
0.020198
0.032561
0.032500
0.031879
0.035021
0.033911
0.032337
0.019712
0.032521
0.027202
0.033037
0.032548
0.020082
0.033442
0.033210
0.034380
0.032308
0.028149
0.036612
0.032421
0.032534
0.022883
0.033019
0.031989
0.032354
0.031611
0.036814
0.032397
0.032717
0.031689
0.028566
0.035483
0.032353
0.021941
0.023916
0.031465
0.033648
0.029872
0.028209
0.021019
0.015640
0.015907
0.016479
0.014752
0.017565
0.038109
0.033281
0.032688
0.021805
0.032681
0.030864
0.026077
0.031404
0.024629
0.029989
0.031582
0.033459
0.015573
0.015625
0.030513
0.030758
0.028691
0.032436
0.033894
0.034528
0.033913
0.031023
0.031493
0.033146
0.021933
0.033169
0.032130
0.025095
0.032395
0.031219
0.031725
0.033608
0.032228
0.032328
0.033865
0.029683
0.031300
0.033393
0.031214
0.031343
0.032803
0.026398
0.031744
0.017018
0.016101
0.016425
0.031986
0.028651
0.021519
0.024587
0.032825
0.030363
0.015238
0.014794
0.017078
0.031813
0.022801
0.021759
0.031692
0.032743
0.031563
0.021745
0.032059
0.034460
0.030755
0.031388
0.033911
0.017186
0.032913
0.032555
0.032820
0.034103
0.032912
0.033082
0.015823
0.016501
0.019732
0.016332
0.016812
0.014931
0.033665
0.025214
0.031874
0.033355
0.029080
0.032372
0.034223
0.031917
0.031896
0.031840
0.031810
0.022335
0.031568
0.027956
0.032107
0.032974
0.031113
0.017118
0.015681
0.032676
0.032076
0.026739
0.022049
0.032357
0.018745
0.035229
0.029628
0.033077
0.024059
0.024889
0.016420
0.015314
0.016492
0.016256
0.031666
0.032662
0.033171
0.033195
0.032130
0.033571
0.032624
0.015411
0.032054
0.031316
0.033270
0.028792
0.023255
0.027852
0.026672
0.031280
0.031897
0.021349
0.032933
0.016667
0.027004
0.031706
0.023454
0.031429
0.034639
0.036685
0.021501
0.024266
0.031837
0.034507
0.031784
0.027536
0.032009
0.032468
0.032129
0.033402
0.015030
0.033511
0.032790
0.033581
0.023941
0.031121
0.032203
0.029662
0.021874
0.032872
0.022682
0.030535
0.020385
0.015574
0.014574
0.014958
0.026466
0.032688
0.027025
0.030502
0.022335
0.028301
0.029946
0.032167
0.026767
0.021093
0.031154
0.019480
0.023480
0.026221
0.035117
0.031569
0.032690
0.034535
0.031793
0.034533
0.030451
0.031031
0.022480
0.031518
0.034349
0.032250
0.026983
0.031424
0.033462
0.028108
0.032594
0.029800
0.028964
0.031303
0.018634
0.017391
0.033188
0.016788
0.032501
0.032747
0.020972
0.028163
0.034577
0.019936
0.031423
0.017830
0.033598
0.023756
0.033092
0.031030
0.033905
0.027380
0.026783
0.031303
0.033777
0.031522
0.032364
0.020559
0.030887
0.026918
0.032305
0.032709
0.031224
0.015940
0.016121
0.033113
0.022679
0.032689
0.031718
0.033403
0.023480
0.020726
0.018922
0.031543
0.036360
0.037106
0.031181
0.032211
0.032539
0.019325
0.033446
0.031928
0.019826
0.016941
0.019285
0.019032
0.017415
0.017605
0.033882
0.024689
0.034616
0.032340
0.017020
0.016177
0.015877
0.016153
0.015905
0.017635
0.031194
0.032183
0.025881
0.032362
0.032837
0.017733
0.020644
0.020155
0.017783
0.018957
0.026983
0.032517
0.025946
0.032661
0.031501
0.034482
0.017395
0.031223
0.033045
0.033681
0.031117
0.031864
0.031560
0.034312
0.033246
0.017741
0.032820
0.032951
0.033285
0.031430
0.021641
0.018411
0.033596
0.019148
0.032006
0.021656
0.034644
0.035026
0.028614
0.033452
0.033386
0.032132
0.017238
0.015855
0.016015
0.019000
0.024835
0.024404
0.032730
0.023876
0.029926
0.031977
0.030869
0.028892
0.031216
0.028601
0.032420
0.033760
0.031872
0.033005
0.029059
0.032115
0.026192
0.031488
0.019561
0.015537
0.030984
0.023487
0.033958
0.028864
0.032949
0.032081
0.020849
0.031311
0.032830
0.034210
0.033074
0.030474
0.031699
0.032317
0.033548
0.033651
0.032593
0.032729
0.032596
0.027192
0.027208
0.037443
0.019218
0.019434
0.032779
0.032522
0.030762
0.031534
0.017113
0.033170
0.032795
0.032456
0.031416
0.032234
0.031971
0.021333
0.016095
0.033704
0.028344
0.033025
0.031532
0.036322
0.031429
0.032584
0.019442
0.029413
0.032503
0.020913
0.018998
0.018994
0.019449
0.033472
0.034800
0.026840
0.035156
0.015751
0.032553
0.021051
0.031965
0.033369
0.018071
0.029484
0.022026
0.032194
0.033261
0.018416
0.016774
0.015050
0.031651
0.016511
0.016235
0.016999
0.026745
0.017944
0.016354
0.017443
0.015416
0.015435
0.018759
0.017789
0.016771
0.017066
0.020726
0.019962
0.032058
0.032572
0.032263
0.032973
0.020070
0.015681
0.032501
0.021017
0.033323
0.033469
0.031584
