491,228,30,88
489,224,31,89
489,224,31,89
489,225,31,89
488,225,31,88
487,225,31,89
486,225,31,89
484,225,31,88
482,225,31,87
481,224,31,89
480,225,31,88
479,225,30,88
478,224,30,87
477,224,29,86
474,225,29,86
470,225,31,84
468,226,34,84
464,226,34,83
463,225,32,85
460,222,30,86
455,222,29,85
449,223,32,83
446,223,36,83
443,222,36,85
439,222,35,84
429,221,37,84
426,222,35,83
427,222,36,83
424,223,36,82
422,221,35,85
419,221,32,84
416,220,29,82
413,221,30,78
407,220,31,80
401,221,32,80
397,217,32,85
393,216,32,85
388,217,32,83
387,218,32,80
384,218,30,85
379,218,30,82
374,219,30,85
372,216,30,81
368,217,32,83
367,217,30,79
365,219,29,83
365,217,29,82
362,218,31,83
363,218,30,78
362,218,31,84
362,216,31,79
360,217,31,83
356,218,32,84
355,216,31,79
355,216,33,87
353,215,31,86
352,216,33,87
355,216,31,82
354,215,31,85
353,215,33,85
355,215,31,86
355,214,31,86
356,213,31,86
355,213,31,87
358,214,31,85
356,213,32,88
354,213,32,85
354,213,32,88
352,214,34,84
352,214,33,82
352,212,33,84
351,211,33,85
354,210,32,88
351,211,34,86
355,209,32,86
350,210,34,86
347,211,35,85
349,208,34,89
346,207,35,87
345,208,36,91
345,207,36,84
342,208,37,89
344,208,34,87
343,208,37,86
342,206,37,88
344,206,35,92
346,207,33,80
343,208,32,84
341,206,35,89
339,207,36,90
340,206,34,87
340,206,35,87
340,207,34,85
340,205,34,83
341,207,34,84
341,205,34,85
341,205,34,82
341,204,33,81
340,204,33,83
339,205,33,80
337,204,33,84
335,203,34,84
335,202,34,85
332,201,35,86
332,201,37,87
331,200,37,85
329,197,38,94
324,192,41,101
329,200,33,84
329,199,34,80
327,199,33,84
327,197,32,81
325,198,31,82
321,194,33,83
321,194,32,82
321,193,32,81
319,195,33,80
317,193,33,81
317,195,32,78
315,193,33,81
313,192,35,85
313,194,33,78
312,192,32,78
312,193,32,77
309,192,33,77
309,192,33,79
307,191,32,77
306,189,34,80
305,189,32,78
304,190,33,79
302,190,32,78
302,191,29,75
301,191,29,76
299,190,29,74
298,191,29,72
297,187,28,78
295,190,28,74
292,191,30,74
290,191,30,74
289,194,30,71
288,190,29,75
287,192,28,70
286,191,28,71
284,191,29,72
285,190,28,73
285,189,29,74
285,190,28,72
285,189,29,72
285,188,28,73
287,187,29,76
287,188,30,75
287,186,31,77
289,186,31,77
289,187,31,76
288,188,31,75
292,186,30,75
292,186,32,76
294,186,32,76
294,185,32,77
295,186,32,77
296,186,32,77
297,185,31,77
299,185,30,75
299,186,30,74
299,185,31,75
301,186,31,74
303,187,31,73
302,186,31,73
305,186,29,73
303,187,33,73
306,187,31,73
306,187,30,73
308,188,29,71
307,189,29,71
305,188,29,70
302,185,30,71
298,186,33,72
300,186,30,72
299,184,32,72
300,184,30,72
299,185,31,72
300,185,32,72
300,185,32,71
300,184,32,72
301,184,30,72
300,184,30,72
301,184,30,72
300,184,30,72
299,183,30,72
297,183,30,72
295,183,32,71
295,182,31,70
295,183,29,69
295,184,30,71
295,183,29,71
295,185,29,70
295,183,28,69
293,183,29,69
292,183,29,69
294,183,28,69
293,184,28,69
292,182,29,69
293,182,28,70
292,182,28,69
291,183,29,68
289,182,29,70
289,182,27,68
288,183,27,68
288,182,26,66
288,186,25,65
287,185,25,67
288,183,25,64
289,185,25,62
285,187,25,61
286,183,25,65
284,182,26,65
284,185,25,63
282,181,23,64
276,183,27,63
276,183,27,61
270,188,27,58
266,176,31,70
265,177,32,66
270,182,31,58
275,185,25,59
272,186,28,57
277,186,23,56
273,184,26,57
280,187,21,56
275,185,25,59
281,186,21,56
278,184,23,59
281,189,21,55
281,185,22,58
284,186,22,56
285,182,24,59
286,185,24,57
288,186,23,56
284,186,24,57
289,185,26,58
290,184,27,58
290,184,27,58
295,177,27,65
296,176,27,64
296,176,29,66
296,176,29,66
297,175,29,65
298,177,27,62
297,175,28,65
298,178,28,63
300,172,28,60
299,173,29,65
302,176,29,63
305,177,26,61
308,175,25,64
308,175,26,64
308,175,25,65
308,176,25,63
310,175,26,61
312,176,24,62
313,175,25,62
315,179,23,58
314,174,23,60
316,178,24,59
315,173,26,64
318,174,24,60
317,175,26,60
319,173,26,62
320,172,24,61
322,171,24,63
321,171,24,59
323,172,24,63
323,172,24,58
324,172,26,61
323,171,24,57
320,171,28,61
326,171,24,61
325,171,24,60
326,171,26,62
326,171,25,60
327,171,26,62
328,170,25,63
330,169,24,62
332,169,23,60
331,168,24,63
331,168,25,60
332,170,23,57
331,169,26,60
331,168,27,61
333,169,26,61
333,168,27,62
334,168,27,62
336,167,25,61
336,167,24,61
338,168,23,61
337,168,23,62
337,168,24,59
337,167,24,60
334,167,24,60
333,168,25,59
332,167,25,60
334,166,25,60
335,167,25,61
334,167,24,60
336,167,24,59
339,168,23,58
340,167,23,58
341,167,23,58
355,168,20,58
341,169,23,58
350,169,19,56
347,166,22,58
347,165,25,61
350,166,23,60
349,170,24,60
359,169,21,57
363,170,19,58
362,166,21,56
365,167,23,54
373,185,21,41
370,167,23,59
373,165,23,59
373,165,22,57
372,166,24,59
375,165,23,60
375,166,22,59
373,166,22,60
374,166,23,60
373,166,22,59
370,167,22,58
369,168,23,57
368,168,22,56
367,168,22,55
364,172,22,51
367,169,22,55
364,170,22,56
365,169,23,56
362,170,23,56
362,168,24,57
363,169,23,57
362,169,23,56
361,167,23,58
359,167,23,57
358,166,24,59
355,167,24,58
353,168,24,58
353,167,23,58
353,168,23,59
352,167,23,60
352,168,23,59
351,170,23,58
351,171,23,55
351,173,23,53
350,172,23,56
349,174,22,55
346,171,22,55
346,169,22,60
345,167,23,61
345,168,24,60
344,170,23,59
343,169,23,59
343,169,25,60
343,168,25,61
342,172,24,57
343,170,25,59
342,172,24,58
343,167,25,62
342,168,24,60
342,168,24,61
342,168,24,61
343,167,24,62
342,167,23,62
343,167,24,62
343,167,24,62
345,168,24,61
346,169,22,60
345,167,23,61
345,167,24,61
345,167,23,60
345,172,24,58
343,169,25,61
346,167,23,59
347,170,22,59
347,167,23,60
347,169,22,61
342,170,26,61
339,170,27,57
347,170,22,60
346,169,23,60
346,167,23,60
347,168,23,61
346,166,23,61
346,171,24,59
347,168,23,61
346,167,22,62
346,167,23,60
347,168,23,61
347,167,22,61
346,167,22,61
345,165,24,61
347,169,24,60
347,168,23,61
346,168,23,62
346,167,23,63
346,166,23,63
346,167,23,61
347,167,23,62
347,167,22,60
346,167,23,62
346,167,24,61
346,166,23,62
346,167,23,62
347,168,23,61
347,167,23,62
347,167,22,63
346,166,23,63
347,167,24,63
346,167,23,62
347,167,25,62
346,167,25,62
346,167,27,62
346,166,27,63
345,166,26,63
344,166,25,63
344,168,25,59
343,166,25,61
344,168,25,61
343,166,25,63
344,168,25,62
344,170,24,61
345,168,24,61
345,167,23,63
344,166,24,63
345,169,24,61
345,168,22,63
345,168,23,63
344,167,25,64
345,167,25,64
346,168,24,63
345,168,24,63
345,168,23,63
345,167,24,63
346,168,23,63
346,167,24,63
345,167,23,63
345,168,23,64
346,168,23,63
345,168,23,62
344,168,23,63
343,169,23,62
343,169,24,62
339,168,29,60
284,212,27,71
257,212,39,92
253,210,33,86
253,211,31,74
255,212,33,74
254,212,33,76
278,213,27,72
265,209,34,80
254,215,31,73
273,216,28,74
271,212,31,84
279,217,26,77
270,216,31,77
252,212,34,83
279,219,24,74
261,221,34,76
270,219,31,76
274,223,29,79
273,222,29,77
272,223,29,77
271,226,28,75
271,222,29,81
262,221,33,81
270,223,30,78
268,216,30,84
267,222,31,79
265,224,31,77
264,225,31,73
263,227,29,72
262,230,31,71
247,227,37,76
261,226,33,76
261,225,30,76
250,226,38,77
257,225,31,79
255,225,34,79
257,226,31,78
256,228,32,77
255,228,32,76
254,230,35,77
227,226,30,79
256,230,29,75
251,227,33,80
253,232,30,76
250,228,34,80
250,229,33,77
253,230,29,77
251,232,31,77
249,230,31,79
252,232,31,79
245,228,35,83
218,227,35,86
217,229,34,85
249,234,32,79
252,231,30,78
249,232,31,80
249,234,31,79
251,234,31,80
250,234,31,81
250,234,32,82
245,234,35,83
252,235,30,83
249,237,31,82
247,237,31,81
248,237,32,81
247,237,32,83
245,238,33,85
246,241,33,83
245,240,33,84
245,240,33,83
244,240,33,83
241,241,35,84
240,242,35,84
240,242,32,83
238,242,34,86
238,243,33,86
239,244,31,85
238,243,33,86
238,244,33,85
235,245,34,88
234,246,32,86
234,247,31,86
228,247,33,85
231,249,32,85
230,249,31,87
227,249,33,89
219,249,34,89
229,249,31,90
229,250,31,88
227,251,33,75
226,254,30,86
226,253,30,87
225,253,30,87
223,255,32,87
224,257,30,86
222,257,30,88
222,256,31,88
222,255,32,89
221,258,31,87
218,259,34,88
220,258,28,88
219,257,30,90
216,259,31,92
215,262,31,91
215,262,29,91
216,261,29,92
216,261,32,94
214,261,31,93
215,263,31,91
214,265,31,91
213,263,30,92
213,265,30,97
213,265,30,96
214,267,30,95
214,268,32,95
215,266,32,97
217,266,33,98
217,272,33,93
215,272,33,94
220,271,32,93
218,270,31,97
216,272,34,98
209,271,36,99
217,273,34,96
181,269,35,102
219,271,34,98
217,270,34,101
220,273,32,97
213,277,35,98
216,273,35,102
214,279,34,98
215,277,37,102
217,281,34,101
212,279,38,104
219,285,36,97
218,287,36,98
218,288,36,100
218,291,34,98
223,290,31,102
178,287,33,108
179,291,34,104
220,295,33,101
179,292,33,105
177,290,36,109
225,293,36,102
227,295,35,103
226,296,35,100
227,297,33,103
227,297,36,105
226,298,35,103
228,299,37,105
228,300,35,105
180,296,36,112
231,301,37,103
233,300,38,106
234,302,35,107
232,304,36,106
231,304,39,107
233,304,37,108
234,307,38,111
235,310,37,108
237,313,38,108
187,311,41,111
239,315,39,112
241,318,41,109
241,319,42,109
243,320,43,108
193,319,39,110
196,320,36,106
199,321,37,105
202,321,39,105
203,321,42,105
250,325,40,103
246,327,43,98
257,328,36,97
253,329,37,100
211,330,38,97
214,332,38,95
217,329,38,96
219,331,39,95
216,331,44,95
217,333,44,91
218,335,44,91
219,336,43,92
221,337,39,91
223,337,40,87
225,339,39,86
228,341,39,84
227,339,40,88
229,343,40,84
230,344,41,86
229,345,40,79
230,346,44,84
231,345,41,82
231,346,42,83
233,345,40,81
233,350,44,77
233,350,42,74
235,351,43,78
234,354,40,70
235,356,42,73
234,354,42,70
233,357,43,72
232,358,45,66
235,363,46,70
237,361,42,69
239,363,43,68
237,373,48,83
242,368,45,69
243,366,46,66
241,371,44,64
243,371,42,63
243,370,47,61
238,368,56,69
248,372,46,66
249,369,50,74
252,368,48,72
254,375,45,66
284,305,56,89
298,211,33,68
296,191,34,80
294,192,35,79
292,191,35,81
291,194,33,78
290,195,33,77
288,196,32,76
285,195,33,79
283,195,31,78
281,194,30,80
278,196,30,77
277,198,31,76
274,199,32,77
273,196,33,79
273,198,34,79
271,198,35,82
270,199,34,81
269,204,33,75
263,201,34,81
261,201,32,78
257,201,34,78
258,205,36,75
257,201,36,85
255,201,36,83
256,201,36,82
255,201,34,82
254,202,35,82
252,203,36,83
250,203,35,85
250,202,34,84
248,202,35,84
247,199,36,88
246,199,34,89
246,203,36,87
244,201,38,92
244,202,36,89
244,201,37,89
242,206,36,84
239,204,37,86
238,205,35,86
236,205,35,86
235,205,35,87
233,207,34,86
233,207,32,84
231,208,34,84
228,208,36,86
226,205,37,89
225,205,39,90
224,207,38,89
223,209,38,89
221,210,37,86
220,213,35,83
218,210,36,85
217,211,36,85
215,212,36,87
215,213,36,86
214,214,35,85
213,214,35,82
213,213,37,84
213,214,36,84
212,215,35,84
209,216,36,84
207,217,35,83
206,217,33,83
204,217,33,85
204,219,33,82
201,220,35,84
204,219,35,85
204,219,35,83
203,219,35,85
204,220,34,84
204,220,34,85
202,220,36,86
201,220,34,85
202,221,33,86
201,222,32,85
200,222,33,84
203,223,34,85
203,223,34,85
204,222,37,86
204,223,36,87
205,224,38,86
204,224,35,87
203,224,35,89
202,223,37,89
200,223,34,89
202,226,32,87
199,226,33,88
199,225,33,88
200,226,35,88
200,227,36,87
199,227,36,88
199,226,35,90
196,228,35,90
195,227,35,89
193,228,35,90
194,229,34,89
193,230,33,89
192,231,34,89
192,231,34,90
191,232,36,90
190,231,36,89
188,231,36,90
186,233,36,89
184,233,36,89
183,235,37,89
178,234,40,90
175,231,37,92
171,232,36,92
169,237,36,87
163,237,39,87
162,239,36,88
165,241,33,85
160,236,33,92
158,232,33,95
156,234,31,95
154,234,32,95
154,233,32,95
152,235,34,95
150,234,35,96
150,236,37,95
149,235,36,95
149,234,38,97
152,235,34,95
151,236,34,94
150,235,34,95
149,234,38,96
150,235,35,94
149,237,35,92
145,235,37,95
147,238,37,94
146,236,36,98
143,232,36,100
142,235,34,96
140,236,36,94
139,236,37,95
138,234,39,97
140,236,37,96
139,234,36,96
140,238,36,92
139,238,36,93
142,239,36,91
141,236,36,96
143,237,33,91
141,235,35,96
139,236,36,95
140,235,37,96
137,239,38,91
138,237,38,95
136,238,33,94
136,236,29,96
134,237,27,91
130,239,27,95
125,240,29,84
119,239,34,91
115,241,36,86
115,238,35,87
110,235,33,93
107,239,34,86
105,232,36,103
119,239,30,89
129,229,36,100
141,240,39,99
154,248,39,95
173,314,48,102
174,308,59,120
205,311,50,113
219,309,52,115
237,309,53,115
252,310,55,114
259,302,55,124
283,306,53,118
299,306,52,119
310,307,54,118
331,305,51,121
344,305,53,119
334,295,47,119
335,243,50,87
366,248,38,84
419,311,46,93
427,304,69,120
456,311,50,113
465,312,54,116
483,314,50,110
445,241,38,91
444,246,32,88
443,249,33,86
441,253,30,86
435,247,32,89
438,253,31,83
434,265,32,72
433,265,31,69
436,251,29,82
432,262,29,76
429,252,33,85
426,248,33,90
424,253,32,86
424,245,33,83
419,248,31,84
415,281,35,68
408,279,32,63
406,275,29,65
403,249,31,90
402,248,32,94
392,266,35,75
382,257,44,84
385,273,41,69
375,246,41,94
377,264,36,80
375,266,31,78
370,257,33,85
361,254,37,87
351,258,45,85
350,253,41,84
350,255,37,88
347,258,34,86
343,257,33,88
340,249,33,94
328,247,41,97
320,247,47,98
316,248,49,100
307,251,56,96
313,254,41,93
295,247,37,74
298,252,37,93
298,249,41,98
297,248,40,100
294,248,41,102
292,248,39,72
296,249,34,100
290,251,37,99
285,250,40,101
285,250,40,103
295,248,31,70
283,253,32,102
296,242,31,71
282,250,31,101
277,254,30,95
276,269,31,85
273,241,30,91
272,262,28,93
272,259,29,96
265,255,32,91
254,269,38,90
255,250,37,103
252,249,40,98
250,254,38,95
245,255,39,96
241,253,35,103
234,253,40,102
233,252,39,105
228,254,41,103
224,255,43,102
214,252,44,103
220,251,34,104
214,252,41,102
212,250,39,104
212,251,38,101
216,251,35,97
213,251,36,97
211,250,37,99
212,249,36,100
210,251,37,98
209,250,36,100
205,251,38,99
203,249,39,99
199,250,39,97
196,249,43,98
195,248,43,98
195,247,42,99
195,247,42,97
196,248,40,97
198,249,36,91
198,245,34,95
197,243,35,97
190,244,38,96
186,243,41,97
184,243,43,99
181,244,45,97
180,242,41,98
179,245,40,90
176,247,38,89
173,247,39,89
170,244,36,92
170,243,36,92
168,254,39,81
166,241,36,89
161,245,43,87
152,246,38,86
162,245,44,85
161,238,36,92
158,236,38,91
140,245,52,82
162,239,38,87
167,243,38,82
171,242,36,73
172,240,39,83
164,242,44,85
167,237,41,82
170,234,37,89
172,225,35,96
177,227,35,93
180,229,39,91
181,229,40,91
185,228,38,92
185,226,37,92
196,226,34,90
198,228,38,90
202,231,45,85
202,230,47,87
208,228,45,88
215,227,40,93
225,223,35,95
232,222,35,94
235,223,44,91
233,222,46,94
234,220,44,94
242,220,40,95
253,222,33,91
256,226,34,86
263,228,36,84
268,227,35,86
264,227,39,86
287,237,30,72
291,245,29,66
287,245,30,68
291,243,30,69
288,243,31,70
295,247,32,66
297,240,32,72
297,246,30,65
298,243,30,70
297,244,32,68
298,246,32,64
298,245,33,66
298,249,33,60
301,240,32,69
299,246,32,61
298,247,34,62
298,243,34,63
300,246,31,59
299,246,30,62
298,243,30,69
298,247,29,63
297,246,30,66
300,242,28,66
298,246,29,60
298,247,27,59
297,242,29,65
297,246,28,58
297,246,29,62
297,245,29,62
297,242,28,64
297,245,29,61
296,243,29,64
297,243,29,63
297,244,29,62
298,247,29,60
296,243,29,66
296,239,29,67
297,244,28,62
295,242,29,64
296,246,28,60
295,241,28,64
295,244,28,62
293,241,28,65
293,243,29,64
294,244,31,63
295,240,30,67
296,244,32,62
295,246,31,60
296,246,31,60
296,246,33,61
308,240,31,66
309,243,39,63
318,241,37,66
298,243,33,63
324,237,34,72
336,243,27,67
337,239,29,68
343,235,35,72
341,237,40,71
340,238,41,70
343,240,38,67
353,243,29,63
360,243,25,66
366,257,31,53
363,236,42,71
364,229,44,77
363,229,48,79
364,235,46,74
367,243,41,67
384,239,31,70
388,238,29,73
392,240,35,70
389,231,38,78
387,232,42,79
397,268,30,59
404,229,40,82
423,239,31,75
436,239,31,68
436,235,32,75
432,239,36,71
433,242,34,69
447,242,29,71
441,240,28,70
442,240,28,72
449,240,31,71
456,239,40,72
503,311,41,74
496,319,39,96
483,393,34,80
489,400,30,72
489,397,27,74
485,402,30,66
479,400,30,68
494,344,35,73
488,398,30,71
491,398,26,70
489,399,25,67
490,403,27,65
490,399,26,66
491,402,25,63
489,404,26,60
493,398,27,71
487,397,27,68
483,402,26,67
464,404,31,59
443,402,31,72
427,398,33,76
408,399,33,72
390,401,34,69
372,396,33,76
352,397,35,75
343,397,33,71
327,400,33,68
307,394,38,77
317,324,44,91
383,241,36,76
369,221,38,91
352,222,42,90
339,222,39,91
325,224,37,89
309,222,39,91
300,221,40,91
286,221,42,92
283,231,51,92
282,233,42,90
284,232,38,91
284,234,36,90
284,235,34,89
283,234,33,90
286,234,33,89
285,236,34,89
286,235,35,89
290,235,36,89
289,235,37,88
290,234,42,93
292,236,39,94
292,236,39,95
293,235,36,95
293,235,35,95
298,235,34,96
298,236,40,95
302,237,41,96
307,237,36,94
311,236,38,97
319,237,38,96
322,237,37,96
325,238,37,94
329,238,36,95
333,238,39,96
338,240,35,93
341,240,35,91
344,240,35,87
348,247,33,85
353,242,31,89
359,243,30,88
359,244,32,92
361,244,32,92
362,244,31,92
364,244,31,92
364,245,30,92
364,245,30,93
366,245,30,92
363,245,31,93
361,246,32,93
358,248,33,90
356,251,33,86
355,251,32,85
351,251,35,87
350,248,35,91
344,245,38,98
344,248,39,96
337,247,38,96
335,248,38,96
330,248,38,98
330,250,36,96
326,250,37,96
323,251,36,95
323,252,34,90
319,252,37,96
319,251,39,90
316,250,38,100
315,252,37,98
313,252,38,100
312,252,38,96
308,252,40,99
309,252,37,98
307,252,38,101
306,254,37,100
305,254,36,98
303,255,37,99
302,254,37,97
298,254,39,105
296,254,39,104
292,255,42,101
288,255,41,104
284,254,41,105
282,254,38,105
278,256,39,106
274,256,38,108
274,260,35,100
270,260,38,97
269,260,35,100
264,257,36,98
260,260,40,101
259,260,39,101
253,261,41,105
251,262,38,104
248,262,37,103
246,263,37,108
242,263,38,107
240,266,36,105
237,265,38,110
234,265,36,105
232,266,35,99
229,265,38,106
229,269,33,108
224,270,36,104
221,269,36,105
216,267,39,105
215,271,37,104
210,268,34,90
207,276,33,79
199,265,35,95
196,273,33,83
190,234,33,74
187,284,31,73
192,274,23,65
184,318,34,67
176,270,29,62
177,243,27,66
173,245,27,69
178,222,33,83
176,218,48,101
204,313,52,96
198,315,56,103
212,313,55,114
229,314,48,125
237,282,42,106
247,275,44,101
268,271,41,106
283,272,45,103
303,268,44,112
303,274,41,100
349,313,47,134
328,273,42,105
346,287,41,93
355,281,45,101
365,277,49,103
377,277,46,90
393,274,42,98
406,279,42,107
416,276,43,109
433,280,42,105
441,279,48,105
453,279,45,105
475,282,38,101
479,280,42,110
501,295,34,99
502,280,43,112
522,292,37,100
536,291,34,104
548,286,39,114
566,305,34,95
559,292,40,110
554,286,44,120
551,289,41,117
548,289,39,118
546,291,35,115
544,287,36,123
537,290,40,124
532,293,41,123
529,295,43,121
522,296,44,121
520,294,41,125
515,293,43,125
506,297,51,122
500,297,49,121
499,299,41,120
497,298,39,120
492,297,41,119
487,299,42,121
489,297,41,124
485,298,45,123
490,297,35,123
489,298,36,121
489,297,37,120
487,298,39,119
484,298,41,119
487,298,40,119
486,298,40,120
484,298,39,120
480,298,38,121
481,297,38,122
480,297,36,121
479,297,37,120
480,297,37,119
481,297,37,119
479,296,37,121
486,297,38,121
497,298,40,118
512,296,41,121
529,300,39,113
540,302,49,108
552,299,41,112
552,310,51,103
577,305,44,114
585,326,45,108
579,300,47,110
577,298,50,111
580,293,48,117
582,327,38,82
586,330,34,74
593,304,36,105
538,400,31,57
540,403,28,53
539,404,29,51
534,403,33,55
539,403,28,52
539,403,28,52
541,404,27,50
540,405,26,49
540,405,27,50
540,405,26,49
541,406,25,47
541,404,26,49
539,405,26,50
538,404,27,49
538,403,27,53
539,402,27,50
539,404,26,49
538,405,28,52
539,403,28,50
539,401,26,57
538,403,27,54
537,403,28,55
538,401,27,54
538,405,27,54
539,405,28,53
541,406,23,47
538,404,25,51
536,404,27,51
523,375,39,58
538,393,27,65
536,398,31,68
534,366,34,74
585,369,36,87
592,299,36,97
586,255,36,97
590,250,36,83
588,249,36,93
584,243,39,101
589,240,35,96
586,247,37,100
584,275,38,65
595,251,27,93
588,248,34,94
589,244,34,100
586,248,36,98
581,244,40,99
578,276,43,83
509,308,52,129
496,303,53,100
502,304,57,103
515,307,57,105
523,317,54,108
536,314,50,116
551,312,53,102
578,305,42,119
580,316,39,102
530,393,31,56
533,403,28,49
533,405,26,50
533,405,27,49
533,404,26,50
532,405,26,53
532,400,27,54
510,402,28,49
491,401,29,55
515,347,45,68
525,297,52,118
512,240,47,108
514,306,53,111
495,242,38,102
493,243,41,100
496,244,38,97
496,242,37,101
497,242,37,87
496,249,39,93
498,243,35,99
497,243,37,97
497,240,37,99
499,240,37,97
496,240,42,99
499,241,39,100
499,239,37,96
497,242,40,94
500,239,38,98
498,238,40,98
500,242,38,96
498,236,36,83
500,244,36,90
499,239,37,94
497,237,40,97
499,234,36,84
499,241,37,90
498,239,38,94
499,237,39,90
505,241,40,88
507,236,37,93
515,241,33,89
502,238,34,89
500,240,35,89
504,240,36,87
504,238,37,88
501,237,36,87
500,236,37,88
516,236,28,88
506,238,30,83
509,236,31,86
511,240,30,84
526,246,27,79
523,239,27,85
522,245,28,81
508,241,31,83
503,241,36,85
503,238,36,84
503,236,37,90
502,233,36,90
501,237,35,86
503,237,36,88
503,236,34,85
501,237,34,86
519,241,30,85
505,238,38,87
503,239,35,85
503,239,32,83
502,238,32,85
502,239,32,84
502,239,35,86
503,241,39,85
502,237,38,88
503,235,33,92
501,237,31,90
501,238,32,86
501,236,32,89
500,240,31,85
499,240,32,80
501,248,30,66
495,246,27,70
502,245,26,59
503,244,27,59
503,246,27,63
504,245,28,63
505,246,26,66
509,240,22,61
502,243,29,64
466,235,33,87
466,234,31,87
463,232,33,88
460,230,33,90
458,229,35,94
457,226,35,96
456,232,36,91
456,232,35,91
454,227,34,96
452,229,34,93
452,228,32,91
450,227,32,92
445,229,36,91
440,226,39,96
437,226,42,97
438,227,39,97
436,228,37,95
434,226,37,96
433,229,35,93
428,227,34,94
421,225,38,97
418,225,42,97
416,227,42,96
416,230,39,91
415,229,37,91
415,229,35,90
414,230,32,86
409,227,36,92
406,225,38,95
407,227,35,89
406,226,33,91
402,225,35,94
402,224,35,94
398,223,36,91
397,220,34,95
392,219,36,97
385,221,43,95
380,219,46,97
379,220,51,97
377,224,45,89
376,222,37,90
369,221,36,95
361,224,39,92
357,226,41,89
355,225,42,90
354,224,42,91
351,233,36,81
343,241,43,75
338,241,35,74
334,242,40,76
334,231,42,85
332,239,41,81
329,236,38,86
325,230,38,89
318,234,39,87
310,225,44,91
307,229,44,91
306,244,43,74
304,225,39,93
299,225,40,93
298,217,37,100
293,222,38,96
291,222,41,95
290,229,40,87
288,220,41,89
291,224,39,85
291,222,38,91
282,214,45,99
286,214,41,95
229,305,35,68
232,309,36,85
238,309,38,81
248,311,37,75
253,310,37,86
262,308,39,72
268,314,33,75
272,308,34,69
276,310,34,82
280,317,34,88
283,318,37,88
286,308,41,94
296,316,39,98
298,298,44,110
268,213,40,86
263,214,40,85
259,207,43,90
248,219,52,92
253,199,48,97
256,199,42,93
254,201,42,95
254,202,38,91
252,202,36,90
250,199,38,92
249,200,35,88
244,198,36,88
240,195,39,94
236,195,39,93
233,197,40,92
231,195,40,95
230,194,39,94
227,196,35,91
217,195,42,93
217,192,39,96
215,193,39,95
216,194,38,91
215,195,34,88
209,196,34,89
203,196,38,91
201,197,39,89
199,196,36,91
195,196,36,90
188,194,35,92
187,190,37,96
187,192,35,93
186,194,34,91
184,203,33,81
182,204,31,78
132,266,73,48
89,261,63,87
175,208,35,84
174,199,37,85
173,198,35,88
168,195,34,88
85,236,44,88
163,183,37,101
159,191,37,92
160,191,38,92
157,194,38,90
156,196,37,84
154,200,34,82
151,198,35,83
149,199,36,83
149,199,35,83
147,196,35,84
145,197,35,84
141,196,37,83
146,194,36,85
144,196,36,85
146,192,35,84
145,194,35,82
146,194,34,81
145,192,34,83
145,193,35,83
143,193,36,83
143,192,35,85
140,189,36,86
141,191,34,84
140,190,35,86
140,190,34,85
140,188,34,88
140,190,34,85
140,191,35,84
139,190,36,87
139,189,36,88
139,191,36,84
139,190,35,86
139,190,33,86
140,191,32,84
139,191,32,81
138,190,34,82
137,189,34,83
137,190,34,82
135,189,33,82
134,189,34,81
132,188,34,83
131,188,33,83
132,188,32,83
132,187,34,82
131,188,34,82
132,187,35,81
130,186,33,83
131,187,33,82
127,187,35,84
127,187,35,83
125,186,34,83
122,186,35,83
119,186,36,83
114,183,37,87
116,183,34,85
113,185,35,83
113,184,33,83
110,184,33,83
111,182,33,84
111,183,32,83
110,184,33,82
107,183,33,83
106,186,33,81
104,183,31,82
102,181,32,79
98,182,31,78
98,180,32,81
95,183,31,79
93,180,32,82
92,176,35,85
94,177,32,85
94,180,30,82
91,177,32,82
89,177,33,83
89,177,34,83
88,177,34,83
82,177,35,84
81,174,35,84
76,173,40,89
77,176,38,83
79,175,37,83
76,176,37,84
76,175,41,86
77,175,41,89
76,173,40,88
83,243,49,80
87,243,53,92
96,262,81,86
62,172,56,95
50,255,89,97
156,354,82,82
51,308,76,90
87,296,81,89
42,173,66,108
68,174,50,86
63,179,44,97
87,238,47,89
89,228,57,98
48,153,170,156
211,329,227,141
247,330,223,146
235,330,250,150
277,328,236,152
276,323,268,153
304,316,249,150
326,319,239,147
329,310,244,167
353,314,239,160
376,317,228,154
397,314,222,156
395,309,235,171
395,307,230,173
130,196,208,255
68,227,188,216
86,259,219,221
126,144,142,177
148,135,98,125
152,141,84,140
186,151,93,135
179,145,116,153
214,130,79,145
217,151,92,126
252,136,109,128
272,144,95,118
254,163,97,133
162,211,122,114
168,205,138,110
217,177,144,117
294,167,141,167
317,158,139,152
326,154,109,144
347,153,98,139
311,156,94,117
328,162,90,112
343,145,100,131
340,187,109,119
330,149,84,111
326,175,95,110
213,202,72,94
111,183,83,84
209,211,57,93
206,211,75,81
209,198,93,86
219,203,82,84
172,228,112,105
239,187,98,102
311,148,88,103
349,149,90,128
292,187,96,109
320,151,89,115
332,148,73,113
347,167,78,97
244,195,62,99
205,195,106,88
107,177,69,85
111,186,52,73
114,187,32,66
116,189,26,62
119,189,24,58
118,192,25,57
119,190,25,56
121,191,25,57
122,195,25,60
122,194,24,57
121,192,33,61
118,199,46,82
127,191,65,87
147,186,49,73
136,184,64,90
126,184,87,103
162,190,101,108
91,144,80,108
128,188,80,107
192,201,101,91
181,205,116,115
286,144,124,136
315,182,128,115
333,162,90,104
354,176,91,116
321,164,83,97
313,154,73,123
335,153,88,111
348,149,85,106
325,136,55,109
338,155,62,112
346,179,73,103
328,158,74,95
301,161,80,118
322,154,76,129
356,193,110,122
442,172,72,116
448,175,61,131
352,149,48,89
352,162,53,87
446,167,48,78
435,168,64,108
358,140,50,94
367,149,47,96
325,149,51,91
346,144,37,92
337,146,34,96
339,143,32,78
334,144,39,103
360,147,59,88
348,139,53,103
351,128,39,100
329,131,38,90
321,141,36,100
327,163,33,86
334,148,62,97
270,172,100,125
187,206,120,134
178,192,156,131
243,164,132,158
194,182,117,150
289,160,105,130
174,167,126,119
145,157,93,103
210,180,70,113
206,187,88,102
207,193,90,114
186,184,97,136
188,180,116,122
92,131,73,102
106,162,54,80
86,162,62,90
77,124,61,108
96,163,47,84
102,168,49,78
106,165,34,77
109,171,30,69
109,169,30,73
109,170,29,74
112,170,30,74
110,169,29,73
115,170,28,71
113,169,29,68
117,173,28,67
121,173,27,70
121,175,29,73
121,177,30,73
120,180,34,77
121,178,30,72
119,177,32,73
119,179,37,78
118,174,48,80
118,177,62,96
150,183,70,80
183,181,53,89
204,184,57,97
216,180,48,99
216,187,63,100
186,181,74,104
182,183,91,109
165,183,108,121
102,133,67,105
135,180,63,74
129,177,53,76
132,181,40,74
136,182,38,77
131,182,38,76
133,181,36,73
143,181,50,80
184,179,70,90
132,181,53,73
143,180,35,66
145,184,33,69
144,182,31,77
143,184,32,77
144,188,34,83
146,183,33,67
144,182,35,72
143,183,36,84
149,182,36,74
150,184,35,77
154,185,40,81
159,188,55,83
191,184,69,91
206,183,76,97
311,162,57,101
308,163,72,104
322,157,62,109
314,163,63,104
321,153,64,116
325,165,87,116
322,149,79,105
237,175,87,106
204,178,95,104
181,174,106,110
110,144,70,103
97,137,45,101
89,130,52,82
92,110,49,96
95,135,43,66
102,161,56,81
176,179,37,80
197,177,53,88
246,183,49,94
238,180,79,96
221,178,103,108
193,184,124,115
93,133,57,102
122,172,50,76
100,165,67,85
126,175,70,82
123,174,52,82
123,187,69,91
134,178,63,72
120,176,72,94
102,147,61,88
134,178,58,78
138,179,45,78
142,180,43,70
145,178,48,73
141,180,39,71
150,179,44,72
143,180,44,76
143,179,41,74
145,178,41,69
148,179,38,66
151,182,33,66
155,179,34,68
162,178,50,75
156,181,39,73
165,177,42,73
161,176,39,71
166,177,46,76
164,180,40,65
161,182,37,62
160,174,46,86
175,179,52,89
214,181,43,86
177,178,46,92
170,174,56,88
170,170,47,84
176,173,47,69
173,178,39,70
176,178,34,71
180,183,32,63
184,179,35,75
202,180,51,79
201,192,62,85
200,198,60,85
201,194,56,97
186,199,84,94
181,182,66,99
190,189,65,96
195,189,90,102
197,180,128,110
310,158,70,118
330,146,51,109
332,156,45,98
330,150,44,100
344,159,49,91
338,170,56,90
333,163,89,100
331,145,66,115
339,160,84,94
380,182,87,97
324,183,105,106
339,146,97,115
225,183,95,104
308,156,72,117
322,137,78,123
354,150,101,105
302,163,121,130
321,160,105,129
301,187,139,146
307,148,102,152
303,158,105,163
361,160,121,139
306,184,122,171
162,165,103,127
163,181,85,143
182,203,101,130
85,113,56,106
82,113,39,79
88,116,37,75
108,156,45,79
76,176,94,101
100,116,43,87
64,134,68,97
88,127,48,91
104,183,80,96
99,129,55,93
114,186,78,89
138,198,74,120
194,260,96,114
180,263,108,116
128,239,148,133
90,115,71,129
101,127,51,92
126,190,78,105
114,127,53,114
84,109,60,99
105,144,53,89
87,124,45,83
90,152,70,88
156,177,98,105
193,181,88,113
205,168,89,99
321,156,52,96
318,148,45,103
312,149,66,106
324,168,58,99
330,149,51,114
324,145,42,120
226,178,89,92
309,155,61,113
300,164,44,104
279,160,46,100
269,166,46,96
257,181,58,86
234,174,72,96
218,169,53,102
193,140,58,128
181,156,100,121
172,143,112,135
135,153,157,148
138,140,109,139
119,141,112,130
99,140,102,123
81,147,82,117
51,139,77,143
68,135,73,104
67,143,64,103
72,155,59,99
97,183,105,114
276,283,45,106
321,250,45,99
258,287,37,104
247,285,39,103
228,287,46,105
269,246,49,113
256,256,46,100
242,259,51,105
223,265,50,97
165,292,43,105
151,296,42,103
148,288,43,105
155,288,39,108
160,281,40,106
163,285,38,95
169,294,36,87
172,291,39,93
211,267,43,97
198,270,50,89
214,265,47,97
196,294,37,86
204,297,36,76
222,276,43,87
211,296,35,86
235,266,40,101
233,269,45,94
240,263,43,96
241,274,41,99
240,267,43,106
246,273,43,88
252,267,43,95
253,265,40,102
258,264,41,98
260,268,40,101
261,266,41,103
263,268,42,102
265,268,40,101
268,266,43,104
268,269,44,101
269,270,51,100
278,279,48,90
285,288,46,77
290,275,41,94
291,275,40,91
296,278,40,84
298,283,39,80
298,276,37,94
299,273,38,96
307,281,39,93
352,324,43,107
355,325,46,107
360,326,43,107
364,326,43,106
369,326,41,105
372,326,42,109
379,329,40,108
383,332,45,111
395,331,38,116
398,329,37,118
400,331,40,114
402,332,45,115
414,334,45,119
407,340,53,116
411,332,51,120
398,333,53,123
376,341,44,121
426,344,43,122
434,353,40,119
383,341,48,122
438,344,47,122
438,344,62,124
444,350,58,120
437,349,54,121
446,347,47,125
449,347,48,123
453,349,47,123
409,356,47,117
400,297,41,104
402,295,38,108
403,295,37,109
405,296,40,114
406,296,42,116
410,296,44,114
413,305,40,106
418,325,38,97
472,361,47,111
434,363,52,110
443,364,55,111
414,301,41,122
419,339,39,88
415,309,48,112
414,312,46,112
417,309,43,118
416,306,45,122
416,306,44,122
416,308,46,126
423,321,46,123
419,311,45,131
417,310,42,129
417,309,45,129
418,311,41,128
417,309,47,130
419,313,44,127
419,311,44,127
419,314,43,123
417,318,46,118
414,318,50,118
415,315,47,120
411,318,51,118
415,322,41,109
402,318,47,115
400,316,47,117
392,314,47,120
377,318,50,115
380,319,46,115
372,324,43,110
376,323,41,112
360,314,41,116
359,317,40,113
389,328,38,122
390,328,41,123
391,329,42,127
394,331,40,113
396,334,46,131
403,338,47,134
408,358,44,113
424,321,42,113
417,360,45,117
420,344,48,124
376,293,43,108
427,351,45,108
389,299,44,106
438,344,40,131
431,346,48,128
437,350,49,124
442,349,51,125
449,350,49,126
452,347,52,129
456,351,49,126
457,354,48,122
461,354,49,124
462,358,49,121
465,357,48,123
471,360,48,120
476,365,50,114
485,367,47,112
491,368,48,112
498,312,45,116
499,367,49,110
504,374,49,105
507,367,50,112
512,377,50,103
522,371,48,101
545,316,48,114
549,314,57,119
536,381,45,99
538,380,50,100
580,318,48,113
550,386,47,94
600,328,30,108
554,388,53,92
563,389,49,91
569,392,46,88
576,394,44,86
588,394,39,86
591,398,39,82
595,391,35,89
602,402,28,78
605,399,25,80
606,396,24,80
601,401,28,79
605,394,25,78
594,400,32,73
598,394,32,79
597,389,32,85
595,394,33,78
595,387,35,83
596,394,33,76
598,392,32,80
594,392,34,82
590,392,38,84
599,382,31,88
594,394,34,75
555,407,53,68
557,405,57,74
583,393,47,83
592,384,38,91
590,389,37,83
594,391,36,84
586,393,41,79
599,382,31,83
597,386,32,80
600,390,30,76
596,393,32,77
592,388,38,80
596,390,34,81
596,390,32,81
593,389,37,83
598,376,32,91
596,385,32,85
598,387,32,81
598,393,30,75
593,390,36,79
588,387,40,81
595,387,35,82
594,386,36,84
596,385,34,85
596,387,33,83
594,385,35,85
602,375,28,91
591,386,37,82
598,383,32,85
597,386,30,83
595,391,32,77
598,384,32,85
597,387,30,82
594,393,33,76
585,392,40,79
597,341,33,98
574,394,56,86
468,347,52,129
453,344,55,129
452,346,51,129
451,346,48,128
450,349,45,127
448,350,46,125
449,353,45,123
450,350,43,124
449,348,45,125
444,337,54,134
442,330,59,140
441,319,51,145
440,309,49,148
440,295,50,144
438,284,48,150
439,274,47,151
439,260,51,154
444,253,51,150
444,241,60,151
447,227,56,156
448,222,61,150
452,212,59,155
455,207,62,154
457,195,62,156
456,185,58,155
461,175,60,156
464,166,63,156
465,157,65,157
478,147,66,156
495,134,70,155
500,124,59,158
502,119,66,160
509,109,72,159
526,99,63,158
528,92,56,159
537,91,62,163
541,95,66,159
548,97,66,160
555,99,64,161
572,99,53,160
578,100,50,164
585,100,42,164
589,99,40,171
590,104,37,168
578,99,44,167
561,93,56,177
549,101,62,168
542,110,64,161
531,113,62,161
520,110,62,163
513,119,62,154
499,114,81,170
483,135,88,147
469,117,67,160
451,122,79,158
438,134,72,154
413,118,63,180
402,122,64,181
390,131,61,177
377,143,65,162
364,146,72,163
344,128,70,178
328,129,80,188
316,147,84,174
288,146,80,177
286,147,84,188
281,153,76,174
284,151,68,183
292,163,59,168
295,157,61,189
298,158,67,187
303,159,66,184
310,163,61,181
315,166,63,180
316,170,57,180
312,169,59,179
311,168,57,173
311,166,54,186
315,169,53,190
317,173,54,193
319,174,51,195
317,173,52,196
316,177,56,189
313,180,60,182
304,182,64,184
295,186,71,180
283,186,73,187
276,186,72,192
271,186,67,193
265,184,66,188
255,184,63,195
233,186,80,198
223,188,91,195
225,185,88,198
218,182,77,191
211,179,60,197
206,180,54,205
186,179,68,204
178,182,78,201
158,181,90,202
152,174,75,203
144,169,56,200
138,165,55,193
133,165,56,193
125,169,64,193
114,169,74,196
101,161,78,199
96,158,69,199
85,155,64,200
92,151,70,201
105,150,68,202
121,151,65,200
134,147,67,198
149,144,65,196
163,141,63,196
173,140,65,197
189,141,63,195
200,138,68,199
219,140,60,195
230,137,66,196
243,135,67,195
260,135,70,190
271,135,67,189
286,131,65,189
282,132,66,189
289,142,65,178
292,157,65,164
290,169,67,153
297,182,64,138
295,194,60,127
305,203,58,117
301,207,56,110
304,207,53,109
301,204,53,114
306,205,53,112
306,208,53,108
301,206,53,109
307,205,52,111
304,207,53,111
307,207,57,110
304,206,54,109
307,205,55,109
303,206,55,109
309,206,55,106
301,205,56,110
304,204,55,113
306,193,54,122
295,176,62,138
300,163,57,151
292,152,62,163
291,132,64,182
288,121,57,195
283,118,59,199
279,114,61,200
277,120,64,193
276,120,62,192
275,118,60,195
277,119,58,191
280,118,55,196
277,117,56,195
282,117,55,190
281,116,55,187
279,114,53,187
278,114,54,189
275,116,55,188
268,118,57,183
261,117,59,183
255,114,62,182
247,114,63,181
242,112,61,181
240,113,58,177
240,114,56,177
237,114,52,172
233,110,50,179
233,110,49,177
225,110,52,177
217,110,57,178
214,108,59,178
207,109,59,170
194,104,62,173
200,104,52,173
192,105,56,171
191,106,55,166
194,104,53,164
193,101,49,167
191,102,49,170
189,101,49,169
184,102,49,167
180,98,52,162
172,96,56,159
166,95,62,163
166,97,56,163
157,95,64,161
166,91,56,160
170,90,50,158
168,86,48,163
165,85,49,162
154,85,57,163
147,84,63,163
143,83,62,161
134,79,59,161
116,80,70,160
111,79,70,164
114,83,68,157
118,80,61,153
126,77,55,154
127,79,52,152
124,78,52,154
126,77,50,154
121,78,55,151
116,76,58,148
115,72,59,149
117,70,60,150
124,69,59,150
125,70,71,147
126,66,73,154
133,66,70,153
145,64,64,152
162,63,53,153
170,62,48,151
176,64,54,148
175,64,67,146
174,67,77,147
180,69,76,145
203,67,67,148
213,63,53,154
219,65,55,154
223,70,65,147
216,69,81,152
238,70,60,151
256,69,47,152
264,71,49,151
268,76,60,145
271,80,68,141
280,83,63,143
291,77,54,149
304,75,57,151
308,77,62,151
313,77,68,152
316,81,69,154
326,82,64,154
329,85,56,151
334,85,53,153
339,86,60,153
343,90,62,153
346,92,66,155
358,86,61,160
