0.001518
0.017039
0.017167
0.029298
0.017325
0.015915
0.014726
0.016561
0.017990
0.016658
0.017943
0.015180
0.017076
0.014939
0.014625
0.025399
0.015565
0.015825
0.015169
0.015156
0.017285
0.023839
0.015625
0.015715
0.014899
0.019610
0.016065
0.016096
0.017540
0.016477
0.015314
0.014863
0.018396
0.023343
0.014952
0.015413
0.016144
0.014537
0.016951
0.015995
0.024298
0.017431
0.015168
0.016782
0.016066
0.016247
0.014960
0.018263
0.026187
0.015829
0.017407
0.015806
0.018365
0.017732
0.019248
0.018432
0.016274
0.016292
0.015339
0.015433
0.017351
0.015404
0.016717
0.016240
0.014723
0.017303
0.017869
0.017083
0.018863
0.015697
0.015743
0.016672
0.015890
0.022438
0.019621
0.017269
0.015228
0.016219
0.015114
0.016089
0.016164
0.016002
0.014874
0.016356
0.015010
0.017716
0.016081
0.016462
0.015664
0.016450
0.015471
0.015674
0.017364
0.016243
0.017025
0.016979
0.019005
0.019036
0.015933
0.014639
0.019221
0.018526
0.015446
0.015712
0.016149
0.015235
0.016400
0.016822
0.016644
0.018696
0.016023
0.016047
0.015783
0.016384
0.016729
0.015698
0.015940
0.015217
0.014699
0.014650
0.017850
0.015820
0.017320
0.015275
0.017767
0.016085
0.016163
0.015436
0.019589
0.016368
0.022798
0.019884
0.016914
0.026963
0.018237
0.016748
0.015770
0.016096
0.016146
0.016196
0.021698
0.014341
0.014595
0.015586
0.016702
0.014843
0.016257
0.014298
0.014942
0.016088
0.014843
0.017615
0.018926
0.016267
0.016334
