465,84,92,118
464,84,91,111
464,82,90,112
462,82,91,112
466,83,86,113
462,83,91,112
463,83,88,112
459,82,93,113
458,82,92,112
455,83,92,113
451,82,98,114
444,81,105,114
445,80,101,116
437,82,110,115
432,83,109,111
429,85,109,109
424,84,105,109
428,80,89,113
426,78,86,121
415,79,103,119
417,79,95,117
409,81,110,115
419,81,91,115
412,84,96,114
407,83,99,115
408,84,94,113
408,86,84,111
407,84,98,111
405,87,92,113
410,84,79,120
409,86,78,124
416,84,72,124
420,88,66,121
426,88,64,123
433,90,57,115
436,90,56,120
441,88,57,118
444,93,65,120
447,89,66,121
447,94,76,118
449,94,82,117
452,94,88,111
455,93,93,115
455,93,106,116
457,91,109,118
447,92,103,117
430,90,108,118
415,90,110,118
408,90,104,114
395,88,99,117
381,86,101,119
368,86,91,118
353,83,90,123
348,85,86,120
334,81,80,123
319,80,81,121
308,79,76,122
290,81,76,119
272,82,79,116
257,83,74,116
243,89,68,109
227,90,69,109
219,90,69,109
202,84,70,112
188,78,69,117
176,78,71,114
169,71,66,120
162,68,60,122
146,71,62,117
135,70,64,116
121,68,62,117
106,68,65,112
95,68,60,114
81,67,58,111
66,68,56,110
51,68,55,107
40,66,55,111
42,74,54,103
40,72,55,107
43,71,52,104
44,70,52,103
44,70,53,103
47,67,53,105
48,66,53,104
51,64,51,104
56,59,51,107
57,60,51,107
63,57,51,104
67,56,54,101
69,54,59,99
77,53,64,100
87,50,58,99
92,50,57,95
98,48,56,99
102,47,54,99
107,44,54,102
109,45,54,101
112,44,55,98
115,42,53,99
117,40,51,101
123,36,48,102
124,38,48,99
126,39,49,101
125,48,52,100
133,53,48,102
134,67,50,98
139,74,48,100
141,83,50,100
147,92,48,97
149,100,51,98
154,110,55,95
160,119,56,95
167,127,55,94
169,137,56,97
178,152,56,95
182,160,55,94
187,171,52,93
193,182,52,96
199,193,48,91
205,203,50,91
211,211,52,90
214,223,49,81
220,229,49,85
224,240,51,86
230,239,50,89
233,240,53,87
240,236,50,88
246,236,47,87
251,235,45,87
252,232,48,89
257,231,48,89
260,230,48,87
265,228,46,88
267,228,44,86
274,227,40,83
276,226,42,85
281,227,41,83
282,225,41,84
286,223,41,84
290,223,42,83
294,222,42,83
298,220,42,83
300,219,44,84
305,219,43,78
306,220,43,78
306,217,49,81
317,218,45,79
323,216,47,79
328,217,47,78
333,215,49,78
339,217,48,76
343,213,46,78
349,214,44,76
352,210,41,78
357,210,43,76
364,210,39,77
369,209,39,77
373,208,37,76
376,205,37,78
379,205,37,78
383,206,37,75
386,205,36,76
389,204,35,76
391,203,36,76
393,200,37,77
395,201,35,75
398,200,34,76
399,200,34,74
399,197,35,77
399,196,35,77
400,196,34,73
402,194,34,72
402,196,34,75
402,192,35,77
405,192,33,74
405,193,34,75
407,192,34,72
407,193,34,69
410,192,34,72
413,185,36,74
424,146,34,58
418,187,35,73
425,147,36,63
420,188,35,72
424,184,34,71
426,186,32,71
428,186,32,70
428,185,32,70
427,187,31,69
427,182,33,69
425,171,35,80
428,183,37,68
431,180,36,69
433,181,35,67
438,182,34,65
421,166,30,58
422,165,29,60
424,169,30,61
420,165,32,65
423,170,34,62
421,167,31,63
454,176,33,71
455,174,33,74
458,175,33,76
459,174,33,70
460,173,32,69
461,174,30,65
462,174,30,64
462,174,29,63
462,174,29,63
460,173,31,64
459,173,31,65
457,172,31,65
453,174,29,60
448,173,32,60
440,173,36,59
434,172,38,60
420,172,51,63
415,171,52,65
413,172,49,65
412,170,43,66
400,172,49,66
396,170,49,66
390,170,50,66
383,171,52,64
375,170,63,59
370,166,48,58
367,168,49,58
362,169,46,58
360,166,48,61
354,168,51,58
356,164,41,63
345,168,45,59
338,170,52,56
333,168,54,59
332,174,55,52
324,169,60,59
321,163,62,66
388,180,37,71
390,185,32,66
387,185,33,69
326,166,46,59
387,184,32,70
385,184,33,71
384,187,34,69
382,187,33,70
381,186,34,71
380,187,32,70
379,189,32,70
378,187,32,72
379,187,31,72
377,188,33,72
377,190,32,71
377,191,33,71
375,188,33,68
375,191,32,67
373,190,30,66
320,168,43,62
252,237,44,66
262,241,42,102
268,238,40,103
273,236,41,104
275,236,43,102
274,236,44,102
280,236,46,100
285,232,42,102
289,232,38,103
293,234,42,98
296,234,41,98
302,237,42,94
303,234,41,95
302,234,44,96
306,231,46,97
310,233,45,93
313,231,46,94
317,232,42,93
334,193,37,64
328,188,43,72
329,187,44,68
327,187,45,79
334,227,40,93
332,231,44,78
342,229,39,86
327,186,42,91
321,199,49,78
324,196,48,77
318,190,54,96
315,185,55,90
318,203,43,79
357,221,38,91
357,221,40,87
346,218,46,85
363,217,38,91
363,217,39,87
366,217,39,89
367,213,38,87
361,213,42,89
366,214,41,89
364,214,39,90
298,213,35,84
296,216,34,62
295,218,33,75
293,216,36,77
290,216,36,79
287,214,39,74
283,220,37,72
280,217,40,66
277,219,37,84
275,219,41,76
274,223,37,81
269,221,40,80
268,220,45,83
262,223,45,87
259,222,42,77
254,225,44,75
257,227,37,80
254,228,40,82
248,229,41,81
247,226,42,83
245,227,42,90
245,231,43,86
261,233,42,85
279,226,41,97
292,230,42,88
309,231,37,91
325,233,39,90
340,231,37,85
357,226,36,90
365,229,42,94
378,211,48,116
389,220,48,107
404,229,44,96
421,213,49,119
435,237,43,94
433,239,39,88
430,237,40,85
428,236,40,89
424,241,41,94
419,241,43,95
415,240,42,97
410,240,43,94
410,244,40,96
407,245,41,96
403,247,42,98
401,244,40,94
397,248,41,98
393,251,39,99
387,251,43,100
385,249,39,97
382,249,43,98
379,253,40,98
374,254,43,100
367,256,46,100
366,256,42,103
359,259,42,102
355,259,44,103
351,261,43,101
348,260,42,103
343,262,42,104
339,264,42,104
334,266,44,104
330,266,44,103
327,265,45,106
321,269,44,104
314,270,47,104
306,268,46,106
300,271,46,105
295,273,48,103
292,276,46,105
285,274,49,108
282,273,52,109
294,279,46,108
301,280,53,107
308,277,56,110
323,279,51,109
335,282,54,109
342,283,57,110
350,285,48,108
342,284,51,110
338,288,49,111
331,289,47,111
322,292,54,109
318,290,46,111
312,292,51,113
307,298,51,109
302,296,52,113
295,299,54,110
288,298,57,112
279,303,59,112
274,307,56,112
272,306,53,111
266,304,46,113
259,303,51,119
251,300,56,123
247,308,54,119
243,306,54,121
236,304,57,123
229,311,59,118
221,315,59,117
214,313,56,118
209,312,56,120
201,314,59,123
195,322,58,121
189,321,60,121
182,318,57,123
170,326,58,119
165,327,61,123
156,326,64,123
147,320,59,125
137,325,60,128
135,330,56,126
127,332,61,123
120,333,58,130
112,329,57,133
101,340,63,125
95,340,61,129
85,338,61,132
78,331,60,140
70,343,59,134
62,346,65,131
57,346,64,129
51,344,60,131
40,352,61,125
32,354,65,124
20,354,60,123
13,352,62,126
7,357,56,120
2,366,63,111
0,363,48,114
0,362,39,115
0,378,35,102
0,404,33,75
26,446,82,34
113,423,47,57
116,422,72,58
161,406,69,74
137,405,95,75
52,276,90,87
117,209,95,91
101,195,86,90
97,221,97,83
110,218,88,86
94,179,102,113
95,199,90,97
89,243,113,106
95,219,111,90
102,227,106,94
82,219,117,94
95,232,110,116
109,239,105,127
74,208,130,147
100,239,114,147
100,239,115,117
92,236,117,121
115,231,94,125
94,228,112,139
74,226,124,128
89,197,116,148
101,207,99,96
113,222,104,86
95,243,112,115
85,222,126,91
103,209,96,90
103,189,101,98
105,204,101,96
81,221,115,97
60,246,140,101
55,233,130,109
89,239,125,106
116,241,97,113
82,246,128,115
89,234,119,117
88,210,108,95
103,223,100,86
96,217,102,81
70,243,128,99
93,226,107,118
95,237,115,92
98,217,100,100
108,235,109,94
99,174,101,105
103,229,102,121
98,231,109,106
96,209,99,82
95,221,93,85
100,209,89,90
87,211,99,99
96,227,102,91
101,209,96,86
100,201,94,92
72,229,124,93
81,210,106,95
36,225,164,120
73,184,145,170
84,192,114,120
124,216,91,90
86,216,97,87
83,217,107,83
72,216,107,82
123,211,93,81
98,211,88,90
91,194,91,105
89,196,96,93
109,234,93,92
100,217,98,90
125,212,92,92
101,212,92,80
113,214,83,88
96,226,119,89
94,210,100,92
100,209,93,85
91,199,83,92
78,203,92,90
153,133,107,114
192,33,110,103
118,39,167,103
214,43,116,121
240,28,118,106
201,49,138,124
273,23,113,119
253,155,131,115
254,194,108,106
265,200,109,102
260,199,124,95
299,180,136,104
325,231,187,154
310,230,202,153
304,223,184,164
105,218,216,148
0,289,109,188
17,267,129,132
65,219,152,125
24,270,106,134
32,233,124,116
16,285,109,125
120,252,151,114
254,234,142,136
193,248,142,123
180,257,175,118
150,252,142,116
207,244,146,116
341,248,149,137
270,239,183,154
293,247,147,152
323,250,154,140
350,245,152,140
386,231,112,164
314,256,164,128
238,249,187,146
395,237,93,169
381,239,130,121
348,255,136,123
278,246,152,144
371,236,135,152
336,225,156,174
390,254,109,152
370,243,142,151
248,256,165,137
332,240,169,136
239,248,189,147
330,242,161,156
241,253,169,143
271,258,126,130
410,251,87,147
278,259,113,124
278,257,122,135
413,256,91,123
313,180,106,110
387,204,98,87
368,235,119,95
324,225,171,120
393,243,114,163
310,255,165,144
245,258,132,149
270,253,128,137
189,263,144,128
233,251,158,127
278,256,114,131
391,244,103,139
275,248,147,114
386,248,123,121
402,258,104,125
296,203,162,105
408,247,94,153
382,231,110,135
353,230,156,170
356,236,150,171
303,233,194,179
175,209,250,243
0,263,113,217
17,174,124,181
10,247,105,123
13,262,95,102
2,242,101,120
1,277,93,129
11,224,124,115
25,220,129,125
2,281,92,134
21,227,121,126
2,276,105,109
31,226,104,106
113,210,122,101
163,214,147,105
249,200,142,106
166,233,137,108
187,232,160,113
13,275,117,134
150,223,159,87
142,220,155,115
180,217,167,140
0,278,96,202
2,279,97,122
0,253,102,121
0,287,108,119
1,280,101,130
19,301,108,113
12,287,135,128
20,267,148,143
49,263,137,131
42,282,144,131
80,253,146,143
92,288,161,120
81,282,169,116
121,284,152,126
120,278,154,126
151,284,124,130
167,284,137,114
163,281,133,112
172,281,184,114
151,283,173,129
256,280,117,123
248,277,143,112
191,286,141,108
283,275,161,116
255,283,170,118
273,282,166,121
349,281,160,122
275,269,177,117
277,272,157,110
288,271,164,115
296,263,162,121
250,243,209,123
275,273,164,116
282,273,147,120
370,262,132,119
328,262,137,124
315,267,135,99
302,267,132,121
268,153,191,142
328,270,132,127
359,231,124,110
337,245,133,117
388,243,133,101
346,243,128,110
315,264,144,112
340,252,134,129
367,256,103,125
366,258,116,109
368,248,122,104
367,261,130,108
299,262,153,117
312,262,140,115
280,263,161,121
275,268,169,120
266,265,174,115
172,260,103,112
171,264,81,100
182,258,59,100
191,279,67,100
162,268,62,89
187,265,56,95
162,256,77,96
146,256,83,95
161,272,79,89
182,256,88,101
180,259,83,111
165,258,84,104
177,252,153,108
319,283,145,104
376,269,140,115
360,271,164,120
407,269,133,125
383,267,158,121
404,274,182,128
417,271,182,111
448,275,138,117
445,263,170,132
444,267,159,114
466,279,143,103
496,294,120,95
386,258,91,96
395,257,85,89
396,267,74,92
388,256,81,94
400,265,76,91
393,258,75,83
410,267,78,92
395,267,73,85
397,263,74,81
397,263,74,91
393,255,80,96
391,267,73,87
417,260,58,97
399,263,66,89
414,264,63,90
398,262,63,87
419,251,63,100
404,260,80,97
391,260,74,95
394,269,68,84
406,263,66,86
412,257,67,98
392,260,67,94
393,261,69,90
392,261,74,83
391,271,83,87
414,264,64,89
400,263,64,90
395,269,75,88
394,267,76,83
397,264,72,89
402,262,72,89
390,269,80,88
392,263,72,85
393,266,71,86
427,263,53,89
415,259,54,93
382,254,77,97
390,267,74,88
411,267,75,84
423,265,60,88
397,260,69,94
396,267,70,86
396,260,76,88
419,263,62,98
394,261,76,85
393,250,79,107
402,253,88,104
384,242,71,109
390,248,99,107
390,226,134,113
398,256,81,107
387,254,82,93
398,260,82,97
416,231,108,110
387,261,76,95
393,255,86,95
382,250,88,97
397,258,89,106
390,249,88,102
392,236,110,107
429,255,156,102
515,209,107,177
494,258,123,122
471,265,149,113
308,223,189,136
348,186,228,170
290,234,137,172
404,130,174,138
377,250,143,109
367,258,118,130
379,246,168,118
398,135,144,122
414,260,131,130
371,124,143,136
235,130,181,111
416,188,119,131
365,188,166,123
391,225,199,197
357,242,242,229
317,218,270,262
0,276,197,204
4,274,224,206
214,64,156,161
430,213,111,130
423,188,125,109
371,186,143,110
422,184,125,106
463,161,135,115
395,182,125,102
419,193,111,110
419,192,125,105
372,157,139,115
429,180,123,112
436,198,127,98
414,181,135,94
407,214,131,115
441,180,104,105
395,194,104,130
429,201,139,92
431,164,141,108
383,187,137,108
435,190,150,119
430,169,145,106
438,236,135,117
427,154,121,122
448,225,102,107
379,167,120,114
248,107,126,86
240,268,144,85
372,166,121,121
454,232,116,117
379,162,154,116
429,196,143,121
436,209,105,114
426,184,126,84
471,201,112,96
409,186,102,98
306,187,125,130
431,175,136,102
469,167,129,111
439,214,119,117
413,173,111,99
401,196,132,102
403,161,152,97
354,202,149,132
370,152,148,122
413,221,158,134
390,213,217,193
413,233,176,201
403,228,191,227
394,124,188,277
383,234,196,227
392,217,190,188
391,265,191,197
395,234,181,191
415,226,156,183
440,237,129,182
433,248,137,179
341,120,166,167
449,242,134,174
382,236,203,156
424,233,147,169
437,234,130,166
402,153,153,132
453,257,115,134
398,192,124,131
334,173,165,145
441,234,145,188
417,227,169,154
312,261,250,219
350,234,229,225
392,193,218,244
301,254,247,226
286,185,290,283
369,138,222,285
297,177,285,288
340,90,251,313
229,172,334,308
352,175,250,283
307,217,274,232
362,244,246,236
338,231,270,238
272,129,270,305
195,189,320,258
187,89,224,236
323,221,241,259
416,217,177,205
401,230,182,209
408,146,161,229
410,236,164,182
380,185,204,184
355,209,229,256
360,143,248,333
229,210,306,270
397,187,233,270
228,219,360,261
0,252,250,227
3,263,282,217
0,238,360,242
0,279,234,197
237,97,159,164
379,222,171,142
426,172,146,119
349,164,149,135
376,159,167,139
271,99,170,117
432,230,129,140
371,188,131,142
422,196,121,109
368,173,158,126
450,238,120,109
393,173,129,122
454,235,109,89
457,185,106,93
419,232,122,84
409,154,147,108
451,261,111,116
400,170,133,116
425,211,129,109
442,209,116,98
471,163,135,119
456,221,114,176
406,166,148,141
215,119,194,143
415,206,151,140
404,232,179,125
415,207,133,121
417,186,139,104
464,241,116,111
407,178,130,110
475,251,83,142
420,167,123,114
357,152,150,145
349,219,160,145
388,163,168,130
338,186,160,141
410,183,153,118
440,207,117,111
372,163,155,118
450,254,109,136
436,169,117,113
438,234,124,92
433,163,144,102
398,184,131,118
419,163,132,114
430,225,131,108
407,177,136,97
380,169,176,119
385,225,148,128
397,185,157,135
382,167,181,131
223,69,129,145
82,194,157,127
99,232,151,104
98,204,106,111
155,210,140,122
207,194,151,132
402,185,143,117
411,173,147,115
406,210,155,121
375,190,188,123
370,224,152,139
399,257,168,152
443,247,143,151
480,138,135,133
429,246,143,116
450,135,158,125
409,143,139,109
350,152,134,120
253,88,125,105
310,124,123,85
280,162,97,128
250,131,126,144
328,154,149,148
317,130,183,180
220,176,163,161
353,183,144,161
349,175,162,145
390,196,174,161
351,194,131,158
406,182,139,129
439,199,132,108
432,158,137,141
386,155,151,139
357,183,199,156
336,243,282,235
336,284,231,188
106,147,243,164
387,289,181,188
394,303,206,177
405,295,202,185
362,263,230,217
409,283,213,197
431,274,191,204
194,209,312,271
145,171,241,289
333,236,283,243
366,191,259,286
329,273,272,203
328,274,288,206
218,257,374,223
127,205,329,275
116,305,427,171
148,239,289,239
388,241,242,237
235,268,318,212
347,248,270,232
183,264,350,216
126,246,449,234
229,227,376,253
108,314,361,166
94,321,333,159
68,317,267,163
77,316,240,160
52,280,312,200
215,210,378,270
151,268,399,212
102,256,451,224
76,273,497,207
95,266,535,214
140,262,405,218
169,189,359,291
286,175,322,305
313,214,288,266
251,251,354,229
82,246,396,234
25,212,395,268
148,267,408,213
144,252,417,228
115,198,400,282
250,245,362,235
110,247,437,233
143,266,433,214
111,196,367,284
125,251,368,229
62,324,350,156
103,321,305,159
67,303,295,177
90,317,300,163
240,197,190,194
82,293,294,187
89,315,335,165
97,298,318,182
68,313,277,167
91,319,229,158
100,297,260,183
103,323,307,157
79,315,255,165
95,307,261,173
102,325,272,155
279,220,186,179
82,304,287,176
84,326,295,154
145,308,367,172
62,316,389,164
328,278,254,197
63,303,321,177
87,314,302,166
105,304,320,174
74,303,295,177
91,327,275,153
314,192,192,193
258,257,313,223
103,324,413,156
171,304,427,176
277,229,321,245
169,212,357,268
170,256,381,224
183,222,429,258
182,222,414,258
221,186,378,290
171,170,398,310
199,177,355,297
312,193,311,287
208,181,359,299
263,194,299,274
299,214,298,259
320,162,274,278
272,188,272,292
353,195,249,269
352,164,249,268
277,307,339,169
254,283,337,197
333,196,263,282
438,201,170,264
370,306,233,147
291,278,311,202
332,293,261,179
283,276,238,204
409,267,207,203
329,251,216,229
413,239,193,212
347,204,280,273
209,199,301,264
294,242,257,233
200,259,308,197
52,257,444,223
0,224,559,256
411,25,210,445
57,225,382,255
160,196,446,278
108,134,498,342
146,60,464,420
0,270,536,210
78,272,455,208
19,268,445,212
54,273,456,207
11,255,527,225
41,239,498,241
45,261,537,219
26,242,515,238
23,278,485,202
30,253,483,227
79,303,490,177
149,241,319,239
33,262,524,218
72,222,514,251
0,252,490,228
45,265,482,215
317,148,289,315
331,173,251,301
138,274,294,206
16,241,327,239
62,324,445,156
392,143,217,286
95,232,391,248
0,244,399,236
52,260,478,220
39,246,508,234
38,278,504,202
0,236,427,244
18,239,489,241
189,254,404,226
149,265,325,215
99,252,449,228
324,154,268,310
266,215,257,265
6,241,418,239
367,155,223,311
100,248,435,232
33,228,393,252
0,259,465,221
15,267,448,213
79,274,327,206
92,259,438,221
2,241,419,239
52,215,259,265
46,248,361,231
0,296,499,184
113,256,436,224
102,256,394,224
292,141,301,339
394,25,187,279
344,85,253,199
83,266,344,214
42,263,330,217
74,263,343,217
194,239,375,241
207,235,391,245
433,4,181,310
252,273,163,207
195,281,186,188
210,243,197,169
234,206,192,165
255,240,207,153
172,209,195,169
312,292,257,188
201,262,337,218
152,270,374,202
172,265,389,215
303,255,327,225
194,281,373,199
209,270,360,202
201,266,379,206
175,282,417,198
218,267,383,213
311,265,311,215
271,251,336,220
247,254,370,226
444,84,175,379
455,86,153,314
285,253,276,227
311,280,295,200
315,244,296,236
336,243,287,237
362,236,243,239
311,266,255,214
336,254,252,226
342,234,275,246
17,207,213,230
7,225,208,208
31,222,166,204
0,129,96,178
126,115,152,125
15,210,111,108
16,201,106,95
0,194,105,119
146,93,109,133
111,156,210,187
18,213,157,186
49,192,165,149
45,197,146,170
41,203,139,174
0,191,103,131
119,99,158,127
4,199,95,118
8,144,77,140
5,191,83,101
2,194,83,82
2,179,52,104
54,193,113,87
2,156,88,135
90,142,168,96
213,209,140,127
239,181,212,149
26,194,140,183
5,188,104,136
0,171,70,134
4,180,77,96
7,192,90,82
13,191,91,100
98,153,164,112
87,209,153,87
155,203,96,116
237,197,90,104
249,210,98,126
270,181,166,151
56,215,137,153
25,186,148,172
60,203,198,175
88,241,242,239
0,197,184,148
15,178,172,108
16,173,179,84
92,210,113,130
121,216,95,108
117,206,97,100
118,213,109,86
148,220,103,95
132,207,115,112
167,130,130,116
177,220,116,104
128,132,148,110
205,205,143,120
235,118,158,115
262,186,132,141
234,121,167,137
255,115,171,125
273,119,168,133
253,118,169,119
331,133,156,122
302,141,159,104
303,144,181,88
322,134,166,98
393,201,144,101
399,166,161,90
291,213,135,99
375,144,168,112
455,197,125,92
443,107,165,124
463,120,165,118
510,182,109,146
476,157,147,131
406,189,166,112
376,206,135,112
445,214,118,103
484,216,112,95
488,220,101,90
495,215,102,87
506,218,93,87
512,218,90,91
517,215,88,88
529,219,82,87
531,217,77,87
550,220,67,80
548,221,76,87
532,215,78,96
404,261,80,80
347,245,94,91
352,246,96,95
341,247,96,91
357,249,88,93
364,255,86,89
340,242,97,103
354,244,108,98
357,243,97,99
371,248,91,95
376,253,77,92
378,242,81,105
376,248,92,95
376,248,96,99
379,247,88,101
379,251,86,96
381,253,81,93
383,254,83,90
386,256,83,90
387,256,86,89
388,254,86,92
391,256,85,90
395,253,84,92
400,254,80,91
403,255,83,90
403,254,86,89
410,253,84,90
423,255,78,89
432,257,76,88
445,256,71,86
452,256,72,89
462,259,70,85
454,259,75,83
442,257,76,86
431,258,74,81
422,257,75,85
411,256,74,85
398,256,74,87
390,257,73,81
376,260,74,80
369,259,76,82
358,260,74,81
347,260,74,82
338,259,72,81
328,259,70,81
322,257,68,81
312,258,65,81
303,257,64,79
296,256,65,79
292,255,63,80
285,254,57,80
281,254,56,80
276,252,55,80
270,253,54,78
264,252,53,79
259,253,52,76
255,251,51,77
250,251,49,78
248,251,46,77
244,248,46,76
241,246,52,80
239,247,56,80
239,247,51,77
237,243,40,80
234,244,38,82
233,242,37,79
231,242,37,81
230,241,36,81
229,241,36,79
228,240,35,79
227,240,35,78
227,239,34,78
224,238,35,78
222,235,36,81
222,235,36,79
220,234,37,81
218,232,36,82
216,233,37,81
213,232,39,82
210,231,39,80
205,229,46,84
203,231,42,79
197,231,39,78
194,230,41,76
190,229,41,79
192,230,36,76
190,229,35,78
187,228,35,75
184,228,35,76
182,226,36,77
156,184,31,59
156,181,32,61
157,181,31,62
157,179,32,61
159,183,31,60
156,182,34,60
158,180,31,57
159,180,30,61
159,179,32,61
158,180,33,60
159,180,33,63
158,177,34,61
159,177,34,61
161,178,34,61
160,180,32,58
161,178,30,56
161,177,31,58
162,177,31,59
163,179,33,55
162,179,31,55
165,178,30,57
163,177,30,56
164,176,30,59
164,177,32,56
163,178,31,56
163,177,30,55
165,174,29,56
166,177,28,56
166,175,28,55
166,176,27,56
166,176,28,55
166,172,29,57
167,174,29,57
166,172,31,60
181,211,29,63
168,173,28,57
168,171,28,55
168,171,28,56
167,175,32,59
169,209,31,62
164,206,33,63
159,207,37,61
169,168,30,57
169,172,30,58
166,176,31,55
137,207,47,61
131,207,48,61
125,207,49,61
117,206,53,61
111,206,56,60
105,206,56,60
99,205,58,60
93,205,58,60
89,204,59,61
84,206,59,60
78,205,60,61
72,204,61,61
68,205,60,60
61,204,62,61
58,204,60,61
54,202,59,61
51,204,57,61
48,203,53,61
45,202,52,61
42,203,51,61
39,203,49,60
38,203,46,61
37,203,42,60
38,202,38,60
47,202,35,60
68,202,32,59
86,200,31,59
106,198,30,59
126,197,29,61
145,195,29,60
165,195,27,60
186,195,30,60
188,195,32,59
189,195,33,59
192,197,35,57
195,194,37,58
197,197,40,55
199,196,41,56
202,196,43,56
206,196,43,57
212,196,42,56
215,196,44,56
219,195,45,56
223,195,45,55
227,194,46,57
232,195,48,56
235,195,52,56
241,194,52,55
247,193,52,55
253,193,53,56
258,193,52,55
266,193,50,54
272,193,48,55
274,194,52,55
279,194,53,56
284,194,52,56
289,193,52,58
295,194,51,58
301,194,46,58
307,193,42,58
309,195,41,58
312,194,40,58
314,195,38,58
317,194,37,58
317,196,36,57
319,195,35,59
320,196,33,60
320,197,32,60
320,198,30,60
319,196,32,60
317,198,32,62
316,197,32,61
315,197,32,61
311,198,33,63
307,199,34,61
304,199,36,61
300,200,37,61
294,200,40,61
287,200,44,59
274,202,51,59
265,202,57,60
257,202,60,60
251,202,59,61
243,203,62,61
238,201,60,61
231,202,60,60
226,202,60,60
220,203,60,60
215,202,57,60
210,201,57,61
207,201,53,61
203,201,50,60
198,200,50,60
200,199,44,61
198,200,42,60
198,199,40,61
200,198,37,61
203,197,34,60
206,195,32,60
205,197,31,61
209,195,31,60
211,195,30,59
213,196,33,59
214,196,36,58
218,195,37,58
221,196,40,57
222,195,41,57
227,195,43,57
232,195,44,57
237,195,44,57
242,195,43,57
247,194,45,57
252,194,43,57
256,194,44,58
261,192,42,58
265,194,40,57
269,191,39,59
272,193,37,56
276,191,36,59
279,191,35,58
282,190,35,59
285,190,33,58
286,188,32,58
288,188,31,58
289,188,32,58
291,188,31,57
292,186,31,57
293,188,30,58
292,186,30,57
291,186,30,56
290,185,30,57
290,185,30,58
288,183,31,57
287,186,30,56
286,184,30,54
284,183,30,55
284,183,30,53
283,183,31,55
282,183,30,52
284,182,31,55
284,182,30,54
283,183,30,55
285,182,29,54
236,210,35,61
232,208,39,61
287,178,32,59
289,181,30,54
292,181,29,55
293,180,30,54
295,181,29,53
297,179,29,54
298,181,30,55
301,178,29,54
303,179,29,56
305,178,28,54
307,179,28,54
309,179,28,52
312,179,29,53
313,178,30,55
316,179,31,53
318,179,31,52
319,178,31,52
322,177,31,52
324,177,32,52
328,178,33,51
331,178,33,52
334,177,33,50
335,177,33,50
340,176,31,50
343,176,30,50
345,175,30,52
348,175,29,51
349,175,29,50
352,175,27,50
353,174,27,50
353,175,27,49
354,174,27,50
354,173,25,50
354,173,25,51
354,173,25,51
353,172,25,51
352,171,26,51
348,171,30,53
349,171,27,51
346,171,27,50
343,170,27,50
339,169,29,51
333,171,32,49
328,172,35,50
324,171,38,48
270,216,33,66
270,216,35,66
271,217,34,64
273,216,34,64
274,216,33,63
275,215,33,64
277,214,32,63
279,214,31,63
279,213,33,64
280,212,34,62
282,211,32,61
283,211,32,63
286,211,30,60
287,210,30,62
288,209,32,59
289,209,31,58
291,206,32,60
293,207,31,61
293,206,30,59
294,205,30,59
295,206,31,60
294,204,31,59
296,205,31,59
298,202,31,60
298,203,31,59
298,201,30,58
300,202,30,59
300,201,30,57
301,200,30,59
302,199,30,57
304,200,30,58
304,199,30,59
305,197,30,59
307,198,30,58
307,197,30,58
309,195,30,58
309,197,29,57
309,195,30,57
311,196,30,57
312,195,29,55
312,194,29,55
312,193,30,57
313,192,30,58
313,193,30,55
313,192,31,56
314,192,29,54
315,192,29,56
315,190,29,53
315,191,28,55
315,189,29,53
316,190,28,54
316,189,28,53
315,189,28,54
315,188,28,53
315,188,28,53
316,188,28,54
316,187,28,53
316,188,28,52
316,187,27,52
317,187,28,50
317,186,28,52
318,186,27,51
319,187,26,51
319,185,27,52
319,184,28,52
320,185,27,50
321,185,27,50
322,184,27,51
322,185,27,50
324,183,27,50
324,183,26,50
326,182,26,52
325,182,27,51
327,181,27,52
327,181,27,50
329,181,27,52
330,181,27,50
331,180,27,50
332,181,27,50
333,180,27,49
335,180,26,48
336,179,26,49
337,180,26,48
337,180,26,49
339,179,26,47
340,179,25,48
342,177,25,48
343,178,26,48
344,178,26,48
345,177,26,49
346,176,26,49
347,176,26,49
347,177,25,48
349,176,25,48
349,176,25,48
349,176,25,47
350,174,25,48
350,175,24,48
350,174,25,49
350,175,25,48
350,175,25,47
350,174,25,47
350,174,24,48
348,174,25,47
350,172,25,48
349,172,24,47
350,172,24,47
349,171,24,47
351,171,23,46
349,171,23,48
349,171,23,47
350,171,24,48
348,170,23,47
375,141,23,34
350,172,21,38
349,171,23,44
349,170,22,43
349,169,22,44
349,168,22,45
349,167,23,46
348,169,24,45
355,147,21,35
353,149,23,35
348,150,26,35
343,150,25,36
343,151,24,36
343,150,22,38
340,153,23,36
336,153,24,37
300,177,30,49
302,177,32,49
305,178,32,48
309,177,30,51
311,177,30,54
314,178,29,55
316,178,28,56
318,183,27,51
317,180,27,53
317,181,26,53
316,181,27,55
316,181,26,53
313,182,27,54
312,183,27,53
309,182,28,54
308,182,27,52
303,182,28,56
298,182,30,52
293,185,31,52
289,155,30,48
284,164,32,47
284,161,34,43
278,162,37,49
261,185,41,53
257,185,42,53
252,186,42,52
248,186,43,53
244,186,41,53
242,185,37,53
240,184,37,54
275,162,34,54
233,187,36,54
229,184,37,55
224,186,37,53
219,187,38,53
215,183,38,56
206,187,43,56
200,184,44,57
196,184,45,55
188,189,45,54
184,189,48,52
180,188,47,54
176,188,46,54
171,188,46,54
167,187,46,56
163,188,47,56
91,242,36,73
90,244,38,73
95,244,37,74
99,245,37,74
103,246,38,75
106,248,38,74
109,248,38,75
113,249,38,77
117,250,38,78
119,253,39,76
122,254,38,76
125,256,39,76
128,257,40,77
129,259,40,76
132,259,41,78
134,261,40,80
135,263,41,80
137,264,41,82
137,267,41,82
138,268,41,82
138,269,41,83
140,270,42,85
138,271,43,85
138,271,43,86
138,273,44,88
166,197,35,61
168,201,36,59
171,200,39,60
173,201,42,59
176,201,43,60
181,201,44,60
185,201,45,61
189,201,44,60
194,201,45,61
196,202,46,61
200,202,45,62
206,202,41,63
211,201,38,64
214,203,37,63
217,203,36,63
221,203,35,63
226,204,34,65
227,204,34,63
230,204,34,65
233,204,34,64
236,204,35,67
238,205,36,65
241,204,36,64
244,206,36,67
247,204,38,65
251,200,38,60
255,207,39,66
260,207,40,66
263,207,43,66
267,208,44,64
272,210,47,65
278,209,46,67
277,209,49,68
284,211,49,68
290,210,48,69
297,210,46,68
305,211,42,67
308,211,43,70
314,211,40,70
319,213,39,71
319,213,40,72
323,211,39,75
327,212,37,75
328,212,36,76
330,212,36,77
332,213,34,77
331,215,36,77
333,214,36,77
334,212,35,76
334,211,36,73
336,214,35,66
336,215,33,66
335,219,34,72
335,214,36,79
336,217,36,81
337,216,35,82
338,219,34,82
337,218,34,83
337,221,34,81
338,221,34,77
336,223,34,81
338,223,36,82
337,224,35,83
337,224,34,82
336,225,35,81
336,228,34,80
336,228,34,78
