58,320,67,152
55,327,75,144
50,333,79,144
47,337,79,144
48,338,70,143
51,331,74,148
54,323,83,149
61,317,85,147
68,312,82,143
74,304,80,150
81,298,76,151
96,292,66,149
115,287,60,141
128,287,68,134
148,292,74,126
177,283,77,125
295,238,73,160
261,271,76,133
289,278,76,123
305,271,79,127
320,254,86,141
332,251,82,138
359,241,75,143
381,242,71,135
397,234,69,141
409,226,67,143
424,221,61,140
444,220,53,137
446,219,54,135
449,214,52,133
441,218,52,136
433,229,57,131
428,230,64,135
426,235,67,137
427,243,68,139
430,252,69,137
433,258,70,139
441,259,67,144
456,273,61,135
460,269,70,137
463,264,76,139
464,266,75,140
479,269,67,136
488,268,68,135
503,274,64,138
521,284,61,131
535,279,62,135
543,275,59,138
553,263,60,143
554,256,52,133
553,251,60,136
544,249,56,133
528,252,57,132
523,261,53,126
518,262,52,127
513,263,54,126
507,255,53,129
499,249,55,126
493,252,60,133
488,252,57,132
487,252,57,130
481,252,58,131
472,251,55,131
458,255,58,126
446,259,60,123
437,258,61,122
436,258,55,123
435,258,56,123
435,256,61,122
441,252,61,124
456,251,54,125
454,253,57,122
450,251,53,124
438,253,55,123
415,252,61,125
398,253,58,126
382,255,58,128
363,260,58,125
343,252,55,133
327,268,56,118
309,253,63,133
286,260,66,127
267,265,67,121
250,261,68,126
230,262,72,125
215,263,69,123
207,262,73,126
197,263,72,124
189,260,73,129
181,262,71,127
174,260,74,131
172,262,73,128
171,262,72,129
169,261,72,131
168,259,71,133
169,264,69,128
169,261,71,131
171,258,73,136
170,263,70,131
169,262,69,133
166,262,72,134
172,260,69,134
180,257,68,140
181,258,62,143
182,259,62,141
186,257,62,143
192,253,63,147
200,250,90,154
204,246,97,157
210,246,94,157
210,245,90,158
208,243,79,158
200,243,70,162
187,241,72,164
176,241,74,164
164,241,78,163
147,242,83,161
148,244,75,159
129,246,87,157
126,246,79,157
98,245,96,161
84,244,102,162
108,247,95,155
147,255,63,146
154,266,59,138
150,268,61,136
151,267,60,136
151,266,63,135
154,266,64,137
156,265,67,138
164,264,62,138
167,264,63,138
174,263,59,139
176,263,60,138
179,262,59,140
182,261,56,139
182,260,56,140
181,259,56,141
176,258,58,144
169,255,57,147
161,254,56,148
152,253,54,149
141,252,53,149
127,254,57,147
119,257,57,148
108,258,57,150
100,258,59,151
93,258,62,150
89,257,59,153
86,257,56,152
84,256,58,153
81,255,65,152
81,253,72,154
92,250,71,157
90,252,77,153
94,254,81,150
97,253,81,153
101,253,78,153
106,252,77,153
106,251,77,154
108,250,76,155
108,251,74,154
103,249,73,159
98,250,74,159
93,250,77,160
88,248,74,163
81,249,74,161
78,250,72,162
74,249,67,164
62,243,73,173
52,235,79,180
53,240,79,178
49,231,80,188
42,229,80,190
55,232,74,184
53,228,77,189
36,226,91,194
29,220,95,200
25,220,96,199
23,219,90,199
15,219,93,202
10,217,91,203
8,217,91,200
9,216,92,201
7,214,90,203
6,215,88,202
3,213,88,205
2,213,88,205
1,213,86,208
0,213,81,207
0,211,74,209
0,209,71,206
0,210,68,205
0,209,67,206
0,209,67,209
0,213,65,208
1,214,70,208
0,215,72,206
1,220,87,205
20,224,105,198
35,226,88,197
63,241,71,182
25,224,92,194
11,217,122,206
10,214,133,211
23,216,125,207
26,214,125,206
39,217,117,205
53,210,107,214
53,210,111,209
68,212,104,214
69,214,110,212
73,212,121,212
71,218,124,204
70,212,123,211
72,216,121,203
87,218,116,199
91,233,122,181
137,231,106,175
171,237,88,167
195,249,75,155
203,259,77,144
216,256,79,140
243,255,65,139
262,252,60,136
274,250,69,137
290,245,77,143
372,238,78,149
310,252,82,139
393,244,65,149
394,241,75,152
402,241,79,152
401,241,90,151
414,239,84,152
423,240,83,152
431,238,84,152
438,237,85,153
449,238,84,153
459,235,82,153
469,235,76,152
477,236,70,151
481,235,70,153
483,234,78,152
486,233,76,153
488,233,71,153
489,234,69,153
489,235,69,154
550,252,70,132
556,256,68,127
487,234,71,156
566,256,80,127
573,259,75,124
579,263,71,119
579,262,71,118
585,263,66,118
590,259,62,120
595,256,58,122
598,255,57,123
604,255,55,121
605,254,62,124
611,252,66,123
611,254,76,121
618,255,69,120
621,256,68,120
623,256,66,120
625,254,66,122
629,256,64,122
634,255,62,122
637,255,62,123
640,253,64,124
643,254,65,123
646,253,65,124
649,252,65,124
651,251,66,125
655,251,66,123
657,251,67,123
658,250,69,122
659,250,70,122
656,252,73,119
655,253,77,118
653,253,79,119
649,254,75,121
646,253,73,123
644,254,63,124
636,256,63,120
632,256,64,123
623,258,61,119
617,255,61,123
612,256,61,123
605,256,64,124
603,258,60,122
592,257,65,125
590,258,67,126
585,259,69,126
581,260,73,125
576,261,75,125
573,260,76,126
573,261,76,126
573,264,75,124
571,263,75,127
572,264,76,127
571,265,75,127
571,264,77,126
572,266,76,126
572,266,75,127
578,265,74,127
583,271,79,122
590,271,79,123
592,273,80,122
595,272,78,124
604,270,81,127
615,266,81,128
624,261,79,133
631,257,76,137
637,256,65,136
639,256,63,136
646,256,59,137
643,256,64,137
646,258,60,132
639,257,67,136
643,255,66,136
642,253,73,136
636,254,82,135
583,257,90,129
620,254,76,133
622,255,80,131
602,259,62,126
595,256,64,131
585,263,59,126
581,261,54,129
577,261,54,129
572,263,54,129
566,261,56,133
563,261,58,132
563,260,57,132
561,260,56,131
561,259,56,133
559,258,58,132
560,258,57,131
561,259,57,130
561,258,59,130
563,261,62,129
565,261,64,132
567,264,65,130
569,265,68,130
572,269,74,127
574,267,79,129
580,270,79,126
583,272,81,126
589,272,80,127
597,274,80,126
602,273,82,128
608,273,81,129
618,267,75,134
628,270,70,131
641,270,66,131
654,270,62,130
667,258,68,142
663,262,65,134
665,259,67,135
661,253,83,140
656,263,89,132
653,260,92,134
645,261,92,132
644,245,89,149
644,256,81,137
643,268,69,124
642,272,69,121
640,261,70,132
644,266,72,129
659,272,62,124
664,266,63,129
664,261,69,133
663,268,76,124
667,266,83,126
675,272,88,121
678,274,90,119
685,275,90,117
676,273,107,121
678,268,105,126
712,266,77,124
733,269,67,121
749,264,61,125
761,256,60,133
768,254,64,132
772,252,65,133
776,254,72,131
777,251,83,133
779,255,90,132
777,252,94,136
774,255,97,133
772,254,96,136
770,253,94,137
772,252,87,138
770,253,86,135
773,248,84,138
775,251,82,135
779,249,72,135
786,251,62,132
787,251,72,132
797,254,80,130
802,254,92,132
812,257,93,133
818,257,96,133
824,258,95,132
830,257,92,133
835,256,91,132
841,253,88,135
851,252,78,137
859,248,70,140
868,246,59,141
874,246,55,140
878,244,56,142
880,243,68,138
881,241,78,138
882,239,77,141
877,244,82,139
874,243,85,140
871,246,88,138
869,246,88,138
867,248,86,138
865,251,84,137
865,251,85,136
875,250,73,138
881,248,68,141
888,249,62,137
895,249,58,139
902,250,57,134
912,252,46,140
908,251,48,139
912,251,45,139
918,297,39,91
926,296,31,90
932,304,25,84
937,302,21,88
923,301,32,83
921,302,34,86
930,317,27,73
935,315,23,72
936,315,21,75
934,317,23,71
925,316,25,70
933,316,23,74
919,297,30,93
923,262,34,131
915,250,42,147
905,250,49,142
894,252,54,141
883,252,59,140
874,250,63,140
868,248,60,142
862,248,62,140
860,247,65,142
859,245,67,142
859,244,69,143
860,245,68,142
865,246,74,140
872,246,70,141
875,249,72,137
753,260,71,127
765,261,71,127
775,262,70,126
782,260,72,127
792,260,72,129
803,262,71,128
815,259,65,130
824,259,65,129
827,257,67,130
831,258,69,131
831,259,70,131
829,259,72,131
825,260,80,131
818,259,72,131
810,258,80,131
803,259,89,126
800,257,68,130
791,258,69,128
784,257,73,129
777,256,78,128
774,253,82,130
774,257,75,126
774,254,74,125
776,256,87,129
777,257,78,124
783,259,74,123
789,254,68,129
790,255,71,129
801,252,78,131
813,253,73,132
824,250,82,135
841,252,73,133
867,249,80,135
856,253,89,136
867,253,85,136
871,253,84,134
877,255,80,132
877,253,81,133
880,254,79,132
877,253,80,134
880,252,77,135
888,249,69,136
877,251,79,136
867,254,84,134
863,252,78,134
868,248,83,137
858,253,66,130
859,251,80,133
868,250,80,131
847,252,91,136
853,257,68,131
903,257,56,126
916,261,43,124
922,259,34,124
917,264,37,113
911,256,43,121
898,255,56,126
893,251,60,129
896,248,57,132
894,245,59,137
887,248,64,134
874,261,77,122
855,261,79,119
842,262,59,112
845,261,71,119
837,261,73,120
829,262,58,121
821,261,56,122
814,264,66,121
810,265,65,122
798,266,59,120
788,266,54,120
782,265,61,119
777,263,62,122
771,261,72,122
763,260,64,124
757,259,65,124
750,263,66,121
739,264,68,120
729,267,60,118
718,267,62,117
706,266,63,119
697,265,70,119
687,266,67,118
674,266,72,117
666,269,76,115
658,271,79,115
651,273,65,113
642,274,54,111
630,271,60,113
622,269,66,116
617,267,63,118
613,268,62,119
612,265,66,120
609,270,71,116
610,273,70,115
611,262,87,127
480,241,78,154
480,241,83,156
483,241,80,154
484,240,83,157
486,240,79,155
487,240,71,155
483,242,68,152
478,243,62,153
470,243,65,154
464,242,71,156
460,242,69,154
452,242,72,154
442,242,76,153
435,242,77,151
430,244,76,151
425,245,78,150
422,246,75,148
418,246,72,148
414,246,70,148
414,246,60,147
410,247,62,149
409,248,59,150
409,247,60,149
407,247,61,150
408,245,65,151
407,246,64,150
404,247,70,150
402,245,74,153
403,244,76,151
406,245,75,152
410,247,74,152
413,248,72,149
413,247,72,154
418,247,71,153
419,249,70,150
420,246,71,154
431,252,66,150
437,252,67,150
442,252,69,145
446,253,68,147
453,251,66,146
456,251,72,142
461,251,69,143
461,252,70,140
460,252,65,144
461,254,63,143
461,253,66,145
459,252,61,147
452,252,59,145
450,250,60,147
445,254,59,141
436,246,60,150
439,248,61,149
543,265,87,121
542,265,89,121
543,266,87,121
545,265,85,121
541,263,84,122
543,265,79,120
547,270,71,116
548,271,64,113
557,273,55,109
558,273,54,110
578,270,54,110
573,273,53,105
574,275,51,104
582,276,49,102
593,277,49,103
590,278,52,100
544,288,67,93
564,282,85,100
564,285,74,98
574,281,83,102
574,281,79,100
578,282,92,98
581,286,90,95
584,283,93,94
597,281,80,98
606,278,73,100
607,280,78,97
613,281,83,96
620,279,84,100
620,281,87,98
620,281,94,97
620,282,98,96
624,282,100,97
645,281,94,97
666,282,64,95
678,284,52,92
676,280,57,97
696,281,65,95
700,278,55,99
703,278,60,95
710,271,63,101
721,268,68,103
755,269,66,102
768,272,63,96
782,270,64,101
786,276,65,96
792,279,61,94
793,282,57,92
797,283,52,92
793,281,56,92
790,284,57,86
783,288,58,84
777,299,56,73
765,294,57,81
750,292,55,83
766,292,51,80
740,288,61,88
723,293,63,81
709,291,45,85
699,294,50,84
681,289,62,86
675,289,64,86
671,288,64,87
669,285,60,91
662,288,69,87
657,287,72,89
652,286,76,90
650,286,80,90
650,285,80,90
651,283,79,94
650,284,78,92
643,284,78,93
646,282,75,95
645,265,68,119
728,277,73,98
728,278,72,96
653,262,72,119
646,259,84,128
652,265,87,125
715,277,89,112
725,276,76,111
723,279,71,109
628,278,54,106
627,274,55,106
523,258,68,132
524,262,71,124
527,264,71,123
528,266,71,120
531,264,69,123
534,265,66,122
536,264,64,122
600,276,61,108
595,273,64,113
532,264,68,121
532,265,66,122
529,267,62,119
527,261,58,127
525,261,55,125
529,255,55,130
519,252,57,132
520,246,61,139
519,240,64,143
515,236,69,149
512,235,69,151
510,236,69,150
509,237,68,149
506,242,64,143
504,243,63,143
503,239,64,144
505,240,68,145
511,246,66,137
516,250,69,131
520,248,72,133
520,259,76,122
529,260,72,120
533,257,73,122
530,249,76,130
533,246,79,133
535,248,77,131
537,250,70,128
535,250,66,131
531,250,67,130
537,256,69,126
571,262,61,117
580,264,55,117
529,249,52,137
523,253,61,133
521,257,52,128
513,250,55,136
505,263,53,121
495,256,60,129
491,253,62,131
486,256,65,127
470,255,76,126
457,257,88,124
447,255,93,126
411,248,75,133
412,250,114,131
429,251,102,134
386,243,88,141
413,250,86,133
407,250,82,133
396,247,78,134
387,245,60,140
381,245,63,139
371,245,62,138
363,246,58,138
354,248,60,137
347,252,64,134
329,248,77,134
189,262,80,137
192,268,84,130
197,269,97,130
209,267,101,131
225,267,99,131
236,269,104,126
250,268,105,127
268,268,99,124
280,266,100,125
298,266,93,122
313,270,88,117
325,267,86,119
329,269,87,116
337,266,86,118
343,266,87,117
346,267,91,117
350,268,84,115
350,270,85,113
351,271,87,111
351,271,87,112
352,269,88,113
351,267,86,115
348,266,85,118
347,263,87,121
349,256,88,127
348,258,87,124
352,254,88,128
354,249,83,133
361,243,78,138
369,237,86,144
378,234,68,147
382,230,66,153
379,226,75,155
380,224,74,160
378,224,76,160
378,223,75,161
376,222,78,161
378,224,76,161
378,222,79,161
377,222,79,162
374,218,79,165
372,215,84,168
367,214,89,171
360,215,93,173
360,215,91,175
360,217,90,173
361,216,91,176
361,216,95,175
361,213,94,178
364,207,93,184
361,206,99,188
352,204,110,189
346,205,118,189
354,207,111,189
376,209,98,190
382,211,96,183
379,214,98,179
363,235,73,161
359,243,64,159
355,243,63,156
353,242,63,154
348,242,64,158
342,243,70,148
338,238,75,154
331,240,83,151
322,240,85,152
316,247,75,145
309,244,74,146
301,246,76,147
295,249,77,143
288,250,75,141
285,251,72,141
280,250,70,142
276,248,72,143
274,249,71,143
273,249,70,141
272,250,63,140
271,251,60,143
265,252,61,143
259,252,66,143
254,251,76,144
249,251,83,143
245,250,87,144
243,248,89,145
241,248,91,144
242,251,89,143
243,251,85,142
245,251,79,141
250,253,73,139
257,251,64,142
262,251,57,143
266,252,53,141
270,252,51,141
271,250,54,141
272,252,65,141
274,251,68,142
275,252,73,141
278,250,75,142
281,250,76,143
285,248,74,144
293,250,72,141
299,253,71,139
305,253,70,139
309,251,71,139
319,252,66,138
329,252,63,138
336,251,62,139
348,251,62,139
359,251,70,139
364,251,75,139
370,249,79,140
377,248,81,142
380,248,79,141
383,248,79,140
386,248,79,140
388,248,79,140
392,247,77,142
395,246,76,142
399,248,74,140
401,247,71,140
403,248,63,139
405,248,57,139
405,248,59,139
403,247,61,139
401,247,63,140
399,246,65,142
398,246,64,142
396,247,59,142
394,248,61,143
393,248,62,143
392,247,66,144
394,245,64,148
397,241,60,155
402,241,56,158
405,243,62,156
403,239,71,166
402,242,86,163
511,224,122,174
505,224,123,177
518,224,120,175
510,224,132,178
516,225,133,177
526,224,127,178
544,225,114,180
569,224,101,180
612,222,95,179
600,213,83,190
432,240,62,160
433,252,58,148
434,251,55,150
434,254,54,144
431,257,59,141
426,255,63,144
424,253,64,144
422,254,66,141
418,253,70,141
415,252,72,141
412,252,71,141
409,253,72,139
407,251,70,139
404,254,70,138
401,247,70,146
399,252,69,142
397,250,71,142
396,251,70,140
394,249,71,144
393,250,70,140
391,251,69,138
389,250,69,141
390,250,67,142
380,251,70,143
385,253,66,141
384,256,67,137
379,255,72,138
383,255,76,137
434,261,67,131
389,262,77,127
382,261,74,129
374,254,73,137
373,256,67,136
369,253,64,140
374,255,63,134
371,249,62,143
372,246,65,147
381,251,69,142
380,251,68,142
385,251,71,144
519,264,76,116
518,260,80,123
514,264,83,121
518,263,81,120
513,262,81,124
515,260,80,124
514,264,77,122
383,257,63,137
383,259,59,132
384,253,63,140
379,248,68,146
380,247,71,148
383,251,70,142
375,252,68,143
389,247,64,146
382,254,62,140
464,253,75,134
377,256,68,138
468,254,70,130
465,249,76,139
379,255,60,139
378,258,61,137
377,260,60,135
376,262,60,133
374,262,60,133
373,262,60,133
371,262,62,133
370,262,62,133
368,261,62,133
368,261,64,135
367,263,66,133
368,263,67,132
368,265,69,131
367,266,69,130
367,265,71,129
370,265,71,130
372,266,71,129
378,266,67,128
381,265,68,131
389,265,66,131
399,258,61,139
403,256,70,138
410,258,64,133
415,258,63,131
417,256,62,132
420,256,61,130
419,256,62,129
424,255,59,130
430,255,55,131
430,255,63,129
421,258,59,129
417,254,60,133
411,256,58,129
406,255,60,128
470,245,76,132
471,247,62,128
462,241,67,133
461,242,70,133
463,241,67,137
469,240,63,138
467,241,65,139
476,240,61,142
478,240,60,141
478,241,60,141
479,240,61,143
476,240,65,142
474,241,66,140
478,240,60,141
474,240,56,140
470,240,61,140
466,239,65,142
465,239,69,143
474,243,70,141
478,244,71,141
485,246,68,139
476,246,72,142
472,247,79,141
466,249,79,140
468,252,72,139
463,250,77,140
462,253,77,137
465,252,74,137
464,252,70,136
477,260,60,125
448,254,68,136
447,255,63,136
443,256,66,136
443,256,65,137
438,254,67,139
440,256,70,134
441,259,61,130
441,261,59,133
427,255,61,134
427,255,62,140
420,256,61,134
411,261,67,134
405,260,62,136
402,260,62,138
405,264,58,136
378,260,59,139
372,258,62,140
367,261,57,135
357,260,60,136
357,264,62,132
350,262,61,135
338,263,68,138
332,262,66,140
330,263,66,140
329,263,64,141
334,267,61,138
328,266,66,138
336,266,66,141
320,260,63,147
329,266,63,139
331,260,58,145
340,261,65,147
346,259,72,148
356,258,71,148
460,263,57,137
368,254,68,153
367,249,76,158
370,244,74,159
371,239,69,164
369,235,75,169
367,240,75,162
366,239,80,165
361,241,80,169
359,236,81,177
356,238,83,175
354,232,81,182
353,234,84,179
353,236,82,178
356,231,86,183
366,229,91,186
360,240,95,172
354,228,94,189
346,225,101,192
344,231,100,187
345,226,101,192
344,233,106,187
355,227,102,190
356,226,94,188
363,226,86,190
357,230,94,188
366,230,110,187
356,228,111,191
354,228,112,192
354,232,111,187
355,233,113,184
435,244,85,174
378,226,96,190
369,222,104,193
378,223,110,189
375,222,108,195
388,227,111,192
380,224,114,198
393,230,117,190
388,234,119,184
388,236,125,185
385,230,119,192
392,233,129,189
410,235,115,185
385,224,122,202
408,233,113,187
395,231,109,191
380,231,100,191
389,228,118,197
392,228,119,193
384,223,118,196
382,224,116,196
379,225,117,197
371,225,112,200
362,231,118,195
364,235,125,192
358,234,133,193
352,239,139,185
342,239,139,185
337,243,142,180
332,242,141,181
331,241,135,182
329,243,127,180
340,245,113,174
323,243,89,169
318,242,83,172
311,241,91,179
301,243,98,170
292,241,108,175
284,243,119,178
280,244,121,179
271,244,121,179
266,246,116,177
262,249,100,173
269,249,108,175
258,252,91,172
263,248,126,174
258,249,114,173
254,248,114,173
254,251,103,170
254,257,91,160
266,254,86,159
252,259,80,152
254,261,79,150
286,252,84,161
290,252,90,161
293,251,94,164
301,251,90,160
316,252,83,159
326,252,75,157
334,253,69,152
337,251,69,153
336,251,77,155
337,249,86,154
341,246,88,155
341,243,89,156
342,242,94,156
346,233,100,161
358,234,100,164
506,264,95,126
526,267,77,123
534,268,74,120
534,267,75,120
533,267,76,120
534,268,72,120
538,267,68,120
539,268,59,116
535,269,65,123
537,269,65,119
538,268,74,120
541,272,74,116
539,273,79,116
539,274,80,118
534,277,85,115
532,279,82,113
533,280,78,112
417,268,59,134
413,262,63,140
405,264,67,140
398,261,69,140
401,265,63,138
399,265,62,137
398,266,60,136
398,266,61,135
396,264,62,136
393,263,63,138
390,263,66,138
387,264,68,138
385,265,71,136
387,266,67,134
388,265,66,135
388,265,66,136
388,264,66,136
388,264,68,136
388,264,73,135
390,265,76,133
389,265,81,134
384,263,86,135
383,262,90,136
384,262,90,137
382,261,90,139
382,260,89,138
383,260,88,138
385,261,85,138
389,260,80,137
400,261,69,136
405,265,64,132
412,270,58,126
413,268,58,129
411,269,60,127
414,270,57,125
411,273,61,123
424,274,61,119
431,275,61,120
432,273,59,124
439,273,57,125
445,274,61,125
448,274,69,125
453,272,75,129
453,275,79,128
454,277,84,127
457,278,81,127
462,279,80,128
465,279,76,131
471,281,72,131
475,286,68,129
483,291,61,128
476,290,63,132
480,293,62,132
486,297,60,129
484,293,54,131
495,297,52,130
499,300,49,127
492,297,54,128
502,296,51,128
498,295,52,129
495,292,57,129
508,292,57,128
509,290,58,125
510,287,58,128
511,287,58,125
511,286,58,122
512,286,57,119
513,285,58,119
514,284,58,121
512,284,57,122
511,283,60,124
513,284,58,121
526,286,55,120
503,284,57,124
499,285,52,125
497,283,56,126
497,281,56,130
493,280,61,130
495,284,62,126
492,280,64,131
493,283,64,127
491,282,65,128
491,283,65,127
490,282,64,127
488,282,64,127
486,283,66,126
482,284,68,124
482,285,68,123
480,286,71,122
477,283,75,125
474,284,74,126
468,285,79,124
468,284,80,127
468,285,77,126
469,286,71,125
469,290,66,121
469,291,62,119
469,286,60,124
467,283,55,127
413,276,59,137
461,282,53,126
408,274,58,135
458,284,50,125
409,276,59,134
451,281,53,129
445,278,55,132
403,271,67,139
442,278,56,131
407,272,70,137
408,274,66,135
412,274,67,135
414,275,71,137
421,274,70,138
358,277,63,134
361,277,66,134
423,276,68,134
426,275,68,135
426,275,66,135
426,273,62,136
428,273,58,136
426,275,57,135
424,275,53,135
428,273,55,134
428,273,55,136
425,275,55,135
422,274,61,137
425,272,59,136
422,273,63,136
422,273,69,137
434,273,66,135
447,273,63,135
447,267,69,137
453,268,70,135
465,266,71,138
472,267,69,133
471,266,71,131
470,265,68,132
474,263,69,135
471,263,65,134
466,270,61,131
437,262,67,141
408,282,65,126
406,266,60,139
386,267,69,141
382,270,64,141
353,276,68,137
365,267,60,144
357,271,66,141
372,267,74,143
379,269,73,140
386,272,66,137
397,269,72,141
373,274,61,136
379,275,61,132
381,272,60,135
379,272,61,135
407,265,59,140
379,267,70,140
372,260,71,146
375,270,63,138
335,271,66,137
336,269,79,142
326,267,80,146
328,271,79,139
319,269,79,144
328,272,74,138
325,268,72,145
328,267,68,147
326,268,70,148
330,260,68,153
334,267,63,147
336,268,67,147
340,266,63,149
340,265,61,149
340,266,67,146
340,264,67,148
341,262,65,150
342,263,67,149
292,267,67,147
321,261,67,152
290,263,60,149
282,269,62,145
284,266,63,147
279,266,60,146
302,263,77,151
289,260,86,152
280,264,88,149
292,267,73,148
221,281,90,135
211,286,87,131
216,281,100,131
200,288,94,126
273,260,70,150
198,289,107,131
198,276,108,143
204,276,114,142
198,282,103,137
195,286,104,137
209,274,105,144
259,266,73,155
265,264,76,155
266,265,68,153
203,265,108,156
189,271,121,155
190,266,119,158
194,267,113,156
206,268,97,156
229,269,76,154
225,266,82,159
207,270,100,154
206,270,103,155
210,269,105,157
215,268,106,159
215,267,107,160
215,275,98,149
225,263,97,160
233,261,92,162
237,260,89,161
240,258,83,160
244,259,78,160
246,260,83,158
243,259,84,157
249,260,81,153
233,263,73,149
229,257,97,161
213,260,101,158
196,262,102,157
175,263,89,159
151,264,91,160
125,265,84,162
102,260,89,168
79,260,88,171
61,261,83,170
46,260,80,169
34,260,86,172
28,260,91,173
36,262,90,172
45,259,91,177
54,263,99,172
72,266,97,167
90,266,93,173
103,263,97,177
111,268,101,167
112,267,103,168
103,267,109,170
95,264,109,174
88,263,110,175
76,261,109,180
63,261,98,182
44,260,92,180
24,263,89,179
8,267,89,176
2,272,81,172
2,267,76,176
0,264,81,178
0,264,83,179
0,265,90,180
2,262,98,184
12,263,101,184
25,265,100,182
42,265,93,184
51,261,96,187
66,261,91,185
67,263,100,180
189,269,92,165
175,262,102,175
164,266,108,172
148,265,108,169
123,263,100,175
0,253,92,196
90,267,93,169
72,268,93,166
62,269,88,163
58,268,85,168
57,267,90,168
51,267,95,171
2,252,80,190
4,254,78,192
0,254,85,195
6,249,101,202
18,249,111,200
39,250,120,196
48,244,114,204
62,246,117,200
71,242,117,205
84,242,115,204
95,243,122,199
94,240,116,201
89,238,124,201
88,237,137,200
78,236,121,200
77,239,133,196
75,234,121,199
78,234,105,199
94,234,122,198
108,226,112,209
115,231,130,203
125,230,127,201
132,231,148,201
138,231,153,202
154,227,151,202
170,228,143,197
175,229,131,197
186,228,121,198
189,226,118,200
186,228,110,197
205,225,96,200
206,225,82,200
212,226,78,203
154,256,79,170
155,261,65,160
159,263,67,162
228,246,72,184
176,258,73,166
179,259,70,163
178,261,69,160
175,263,67,158
167,261,73,162
157,261,76,165
150,259,82,167
277,234,75,193
262,237,79,190
264,234,92,193
320,227,95,200
341,226,96,196
298,237,99,185
300,229,105,192
306,235,97,186
321,235,86,184
329,234,79,184
336,232,73,185
336,233,70,186
336,234,71,188
328,234,75,189
321,237,80,190
312,241,91,190
303,239,93,193
296,246,93,186
308,240,102,190
131,263,89,168
131,260,93,169
144,263,85,165
156,261,83,167
164,262,81,166
168,262,79,166
168,262,73,167
162,263,75,166
154,261,71,169
143,259,72,170
129,263,70,166
119,265,76,166
113,264,79,168
109,266,69,164
107,267,72,165
109,262,80,172
121,264,82,169
131,262,98,171
136,266,73,166
136,267,74,166
133,266,68,167
124,265,68,170
114,264,72,172
97,265,75,170
90,264,72,171
90,265,71,170
89,266,68,170
91,266,67,171
96,267,80,170
105,265,89,174
119,264,102,175
137,265,109,173
157,264,113,172
178,264,110,171
196,264,104,169
208,261,102,170
222,261,97,168
233,261,90,167
246,261,80,167
254,258,79,170
251,256,81,171
240,255,79,169
209,257,84,171
187,260,85,174
174,264,84,172
163,264,90,170
159,265,90,171
162,266,94,171
165,267,101,172
177,265,100,174
195,263,97,176
215,260,101,178
249,259,96,176
271,256,85,176
282,259,79,171
293,256,69,171
296,257,64,171
292,257,64,174
282,258,70,175
260,260,82,174
248,261,88,177
238,264,95,176
234,264,91,177
233,265,97,177
233,269,105,174
241,267,104,176
246,268,106,176
270,255,110,189
300,255,103,190
325,250,96,192
354,247,87,192
379,237,86,195
407,224,97,202
445,216,84,214
418,232,77,195
434,222,96,209
387,243,96,188
372,229,98,206
348,249,89,186
328,237,103,206
305,233,107,209
302,257,96,189
298,264,97,179
297,268,93,172
305,266,90,172
322,263,80,176
335,260,68,185
340,258,65,183
344,257,67,187
331,254,77,196
313,243,93,199
287,239,95,200
258,245,96,201
228,244,104,201
208,255,97,194
185,259,106,190
177,260,105,185
170,263,115,188
152,272,108,178
148,267,125,183
139,276,102,173
128,275,79,176
121,274,91,173
107,274,83,173
102,275,79,172
100,275,82,173
88,275,85,175
82,275,83,173
78,279,78,171
77,280,81,169
78,281,79,170
80,284,84,168
82,287,87,166
93,290,83,165
103,292,88,165
115,298,93,164
124,301,94,166
135,305,102,164
146,306,103,163
156,306,107,162
166,302,115,165
184,302,111,162
205,300,106,165
218,301,104,159
235,298,102,160
247,297,102,159
263,297,101,155
280,292,102,158
293,288,103,159
311,284,95,158
321,282,91,155
326,281,87,155
326,280,82,154
319,281,77,154
309,283,70,152
295,287,66,150
282,290,65,149
272,294,62,148
256,297,61,144
246,302,56,142
239,306,54,142
235,306,58,144
234,306,67,145
241,307,65,146
257,310,60,142
266,309,59,141
276,309,63,138
283,308,69,138
307,308,75,140
331,309,76,136
344,310,79,134
362,310,74,133
374,307,71,135
384,304,70,138
397,306,64,134
407,305,60,132
409,303,60,134
414,304,59,131
414,301,60,134
410,300,65,136
415,300,65,135
416,300,59,133
411,300,61,132
397,302,59,130
378,304,60,132
353,306,64,135
330,310,59,132
308,310,56,132
287,314,60,132
268,315,64,132
263,314,55,133
264,310,58,138
260,308,58,139
272,310,56,136
279,312,61,134
294,310,58,136
305,308,63,136
317,306,63,135
329,305,63,135
345,304,61,135
350,302,65,132
360,303,63,128
367,299,62,129
365,300,68,128
365,302,69,128
359,300,67,130
352,303,62,131
342,302,60,134
331,306,59,131
318,310,60,132
308,312,60,131
300,312,59,131
294,315,61,130
289,314,67,132
288,314,75,131
290,316,83,129
297,311,85,131
310,313,84,127
322,308,88,131
334,311,87,126
346,306,86,131
354,306,82,128
361,303,78,130
363,302,79,131
363,304,74,129
347,298,73,138
336,301,73,138
328,300,75,138
319,301,67,139
315,300,62,143
312,306,62,138
309,307,61,136
317,304,62,138
331,298,57,143
344,301,58,138
358,303,61,133
370,304,62,128
378,295,66,135
385,289,67,141
388,292,71,138
394,289,68,137
397,289,67,136
403,287,66,134
406,286,69,135
409,287,72,136
412,288,75,134
415,286,76,135
418,283,75,137
422,281,73,139
421,283,70,137
420,287,67,133
416,284,62,137
412,285,59,136
413,285,58,136
414,284,61,137
423,284,60,136
422,285,67,135
421,283,69,136
415,284,76,134
408,281,83,137
400,282,87,139
391,280,87,142
382,280,87,145
371,284,83,142
361,284,85,145
354,289,73,140
349,293,70,135
346,296,62,133
341,295,59,134
330,295,68,134
324,293,74,136
329,292,74,134
333,290,77,135
336,291,82,134
335,291,88,133
340,292,87,130
337,291,90,130
333,290,87,131
331,291,75,134
326,309,67,116
307,288,69,139
301,294,59,135
283,291,59,140
269,293,57,139
252,294,62,140
238,296,67,138
230,297,72,136
225,299,78,135
224,298,80,135
224,297,82,136
227,297,85,137
230,296,86,137
238,294,82,139
243,291,77,141
244,292,76,139
248,290,71,141
241,290,65,140
230,288,66,143
209,288,77,145
205,287,72,145
198,290,66,145
179,290,68,144
158,292,80,143
157,296,69,140
173,294,58,143
160,296,65,141
165,295,63,142
151,295,78,142
163,293,73,143
167,291,76,146
175,286,78,149
197,283,66,150
202,281,68,149
212,281,62,150
213,283,62,149
206,282,63,149
198,281,65,150
188,281,63,150
181,282,62,150
165,284,58,149
148,306,65,127
134,291,67,148
122,291,68,149
113,294,68,150
107,289,62,156
102,290,66,155
100,293,75,150
100,287,78,156
99,284,99,158
109,283,85,160
116,281,85,161
125,282,86,161
135,280,86,161
143,280,85,159
151,281,83,157
156,281,75,157
155,281,68,160
151,280,63,162
134,278,68,162
115,279,72,165
95,278,76,166
77,279,79,166
62,277,77,168
53,279,80,166
48,277,77,168
43,277,81,169
41,276,85,170
37,275,88,171
41,276,88,171
47,276,90,171
62,276,85,171
70,276,90,172
83,277,85,171
89,277,87,171
96,277,85,172
103,275,84,173
105,275,80,173
107,274,81,174
105,274,83,175
103,274,79,174
98,275,78,174
90,275,81,174
82,274,80,176
72,276,79,177
63,277,77,176
56,278,73,175
48,280,72,173
45,280,69,173
46,281,70,173
43,280,73,174
47,280,76,176
49,280,83,177
58,278,82,178
68,278,81,178
78,279,78,176
87,280,76,176
87,280,79,176
79,278,83,178
68,277,87,180
55,274,92,183
37,277,97,183
19,274,92,186
5,271,87,190
2,268,76,189
1,271,67,184
1,276,63,179
0,281,53,168
0,321,73,132
130,318,91,121
136,320,97,119
134,317,92,121
133,317,83,121
126,316,81,122
118,311,78,128
98,305,81,133
81,303,77,137
63,303,75,138
45,305,70,140
33,309,72,134
29,310,64,138
32,310,65,138
27,312,69,138
32,315,72,137
39,315,71,139
54,320,69,137
56,317,72,135
62,317,75,135
67,317,84,136
78,316,85,142
0,301,90,165
0,295,87,176
0,293,88,178
0,289,89,182
0,286,87,182
0,281,84,185
0,278,75,187
1,278,70,186
1,278,66,186
1,277,58,189
0,277,49,185
0,277,50,182
1,283,61,175
9,310,59,144
0,276,46,180
2,283,58,179
0,275,61,187
0,276,69,191
0,279,68,190
0,280,85,194
5,284,104,190
11,284,114,192
29,285,103,190
56,286,117,188
74,282,112,189
96,279,98,190
119,275,101,191
135,276,83,187
148,275,75,188
151,274,77,186
156,281,87,178
154,272,94,189
151,270,96,189
146,270,100,189
139,273,102,187
132,273,102,186
129,275,98,184
125,276,91,183
122,275,84,184
119,278,86,183
116,278,88,186
115,279,90,185
118,284,92,182
123,285,100,182
134,282,104,184
145,281,106,184
158,283,107,184
171,279,104,186
185,279,104,185
196,277,103,185
208,274,96,183
214,272,95,183
217,270,96,182
220,267,95,186
219,269,90,184
214,270,91,183
211,270,89,184
207,274,88,182
200,276,89,180
196,275,87,181
191,277,85,181
183,275,86,183
173,276,88,182
161,278,88,180
147,279,89,179
134,279,91,179
125,280,91,177
123,282,88,176
118,282,85,178
115,279,83,182
114,280,83,183
115,279,81,183
118,281,79,182
126,285,77,181
129,287,79,180
138,286,78,181
146,287,77,180
157,288,75,178
164,287,83,178
174,288,85,177
186,288,88,177
197,288,90,174
209,289,89,172
220,288,89,172
233,285,85,173
243,282,82,172
252,284,80,168
258,285,83,167
264,282,80,165
267,276,77,171
264,278,85,169
261,273,86,172
254,278,93,165
247,276,86,168
237,279,89,165
231,279,90,166
220,280,97,169
211,273,94,174
202,280,91,168
193,279,81,170
185,277,71,173
182,279,68,169
181,280,76,168
182,281,74,168
182,275,76,176
186,282,78,168
191,284,78,170
201,282,75,170
212,288,74,163
224,290,74,160
239,288,73,160
249,283,76,164
258,287,79,161
269,285,77,161
277,283,77,161
281,282,77,161
283,281,80,160
282,281,82,160
274,279,88,162
261,283,93,158
247,286,99,156
229,288,109,155
212,292,115,152
192,296,122,150
177,296,122,152
161,296,123,152
144,298,120,152
126,301,118,148
106,301,121,149
89,295,107,154
74,293,88,157
67,287,84,161
57,285,75,163
42,285,74,164
29,284,73,166
12,284,75,167
0,287,66,168
1,287,47,164
0,291,38,155
0,289,38,157
1,248,84,134
142,302,96,127
195,302,74,135
193,302,75,137
189,302,77,138
183,304,81,140
180,303,83,139
181,303,80,138
180,303,80,140
182,304,80,140
186,304,79,139
191,305,79,137
201,305,75,138
213,303,68,138
222,302,61,141
230,300,59,144
237,299,54,143
238,300,61,142
248,299,58,142
254,299,60,142
259,299,63,139
260,301,68,138
261,300,75,138
263,304,82,133
270,307,84,132
278,310,86,131
288,311,81,131
297,312,79,128
310,309,77,132
320,306,88,135
332,303,86,137
336,301,89,139
344,298,83,140
348,298,81,139
356,297,74,137
353,296,75,141
362,295,69,141
367,296,70,142
368,295,71,142
369,295,75,144
368,294,77,142
367,295,77,141
366,293,79,141
364,296,80,137
360,294,86,138
358,294,87,139
356,294,85,140
354,292,82,139
347,287,72,143
342,287,67,144
331,284,65,146
326,285,64,146
324,283,59,145
317,290,68,141
312,289,74,141
309,285,77,145
307,288,80,144
307,287,86,144
310,288,85,144
315,288,82,145
320,289,76,143
324,288,72,144
327,287,70,144
325,289,68,143
327,287,65,145
325,287,64,145
326,286,63,144
327,288,66,143
328,288,71,142
328,287,72,142
328,290,75,140
327,293,76,138
329,294,74,135
329,297,69,132
328,297,64,130
327,299,62,131
332,300,60,129
326,297,65,133
336,303,56,126
324,302,66,129
334,305,57,124
313,294,72,136
316,300,70,127
326,306,55,122
324,300,52,128
320,305,50,123
319,312,45,115
315,314,45,114
308,311,43,115
302,315,47,111
274,311,62,116
259,306,78,120
253,305,81,124
251,305,78,125
249,305,78,123
249,304,76,125
251,306,75,124
256,300,70,129
256,304,73,127
260,299,74,130
270,304,68,125
277,306,67,124
278,295,72,134
278,296,78,135
286,294,75,136
291,292,75,139
295,288,73,144
301,289,74,143
306,289,78,142
311,288,80,143
317,288,79,140
317,288,79,139
316,288,81,138
316,288,80,137
314,287,80,140
312,284,81,141
310,282,77,140
308,282,75,141
306,285,69,140
300,279,70,143
294,285,72,135
289,284,74,139
286,284,69,138
281,281,72,140
277,281,72,140
275,280,74,139
273,284,73,140
269,284,75,144
267,288,77,144
277,286,71,146
290,285,66,146
295,287,64,142
308,287,58,143
315,280,59,148
321,279,60,149
325,276,62,150
327,276,59,151
336,277,59,147
339,271,62,157
347,267,64,162
347,275,59,158
348,274,61,152
350,276,61,149
350,274,65,150
349,276,66,148
346,274,66,154
344,272,68,156
343,275,70,152
344,276,66,153
341,278,64,146
341,280,66,147
342,282,61,153
341,281,59,158
336,283,58,155
331,281,59,151
329,283,63,146
328,279,62,149
331,280,62,149
326,280,66,146
327,283,63,145
328,283,64,147
333,281,61,148
334,281,63,148
339,284,59,141
344,281,56,146
347,283,51,139
352,283,55,143
354,287,54,142
357,289,59,138
358,290,66,141
349,292,73,144
346,292,73,142
348,295,72,136
349,294,73,137
350,292,71,137
350,291,69,138
350,292,70,136
351,292,66,136
358,290,61,136
363,292,56,136
370,288,49,139
370,288,52,140
367,288,55,138
371,289,58,137
369,287,57,138
369,290,57,136
371,289,57,136
370,287,57,139
370,287,56,139
371,287,58,139
373,290,58,136
376,288,58,137
383,289,56,135
389,290,55,135
398,291,56,133
402,287,56,139
408,289,58,136
419,291,59,134
427,288,59,136
435,289,62,135
443,286,62,139
450,288,60,138
443,288,64,141
447,285,63,139
448,284,60,142
450,281,58,146
447,291,55,135
445,282,53,146
439,270,57,161
433,258,61,173
429,248,70,185
418,248,71,188
412,246,75,193
403,245,82,197
394,248,87,194
385,248,86,189
383,243,92,197
374,245,91,189
369,246,99,192
360,244,77,189
356,247,79,192
354,247,77,195
350,247,75,196
346,260,69,185
342,297,62,141
340,296,61,146
341,298,57,136
339,299,60,135
337,300,62,136
334,298,64,135
334,298,63,134
335,300,60,133
331,299,58,135
328,298,57,136
324,297,56,138
322,297,56,138
321,297,55,138
320,296,52,138
319,294,52,141
321,292,51,143
320,291,52,144
319,291,53,143
317,292,54,142
318,292,53,141
320,293,54,140
320,292,54,141
319,292,55,140
321,291,56,141
320,290,55,142
322,290,54,142
323,291,54,143
322,291,56,142
322,291,59,141
321,291,61,141
319,292,67,141
317,292,72,142
316,292,74,140
316,292,76,139
316,292,82,138
316,291,81,143
320,292,79,141
316,291,78,141
319,291,78,139
315,289,80,142
315,289,79,142
315,290,74,143
314,289,72,144
313,289,71,144
312,289,70,144
311,289,73,146
309,289,73,143
306,288,74,145
305,288,75,142
302,289,77,141
295,288,83,141
297,289,81,140
290,289,86,140
295,290,82,140
301,289,80,142
308,290,76,142
316,290,72,143
319,290,73,143
324,292,74,142
328,292,74,142
335,291,73,144
339,290,74,143
348,291,69,142
348,291,75,141
354,291,73,141
359,292,72,141
365,289,70,142
361,289,76,143
371,290,69,142
366,288,76,145
369,287,75,144
371,287,72,144
372,287,72,143
365,288,77,143
357,289,83,141
360,290,80,140
359,292,80,138
359,291,80,139
361,295,77,136
354,296,82,136
359,297,75,134
356,300,78,130
356,299,76,132
358,299,73,132
358,298,73,132
361,300,70,130
357,293,71,136
359,294,71,135
359,292,71,135
355,290,71,140
355,290,69,138
353,290,69,141
352,290,67,141
352,289,66,142
352,288,64,143
352,289,64,144
352,286,64,144
354,288,64,144
354,288,66,144
360,294,69,137
361,289,68,141
478,308,77,117
485,309,73,117
485,309,72,118
387,292,66,136
388,296,66,128
483,309,62,114
397,292,61,134
489,307,60,116
403,293,56,134
487,307,56,117
478,302,61,121
408,295,55,132
481,302,56,123
411,294,56,133
478,301,57,123
411,291,56,135
277,294,67,136
269,290,69,140
269,289,69,141
410,289,58,136
406,289,61,138
402,287,65,138
401,290,64,131
402,288,66,133
407,290,68,133
399,287,70,133
405,289,73,131
397,286,72,134
258,278,81,152
252,290,84,138
248,290,87,140
245,294,84,137
240,287,86,145
234,284,86,149
228,280,86,153
222,271,80,161
209,268,77,164
198,266,74,164
186,258,77,171
185,256,71,174
180,254,68,174
172,256,67,173
168,254,61,180
162,255,61,181
156,256,61,181
147,261,65,178
137,269,70,171
124,272,78,167
108,280,96,159
93,294,109,146
88,296,111,147
84,298,108,147
83,303,96,142
81,303,88,143
82,305,72,140
78,300,69,146
62,301,69,146
47,302,80,145
31,300,99,148
16,301,118,150
8,307,127,144
3,306,130,147
7,307,125,146
14,307,112,145
16,309,106,144
20,307,94,147
27,302,86,148
33,300,84,148
37,298,79,150
40,298,77,149
40,297,77,150
41,297,78,150
40,298,79,150
41,299,80,148
42,301,80,146
44,306,77,141
44,307,77,139
46,310,78,136
42,312,77,134
37,312,81,133
31,313,84,131
28,313,84,132
28,314,82,131
16,311,86,137
7,311,84,135
11,311,71,138
5,310,66,136
1,307,61,140
1,307,56,141
2,307,46,141
1,306,43,141
0,345,41,100
0,340,35,105
0,337,29,101
0,339,26,103
0,337,29,103
0,349,34,74
0,351,28,73
0,356,24,61
0,358,21,60
0,355,19,61
0,356,22,61
0,358,22,60
0,358,22,61
0,355,23,61
0,361,23,55
0,354,23,59
0,355,23,62
0,359,28,63
0,361,29,65
0,361,25,63
0,355,27,66
0,363,26,63
0,364,26,63
0,363,25,64
0,362,21,63
0,369,23,58
0,370,23,56
0,361,26,64
0,369,27,61
0,370,30,58
0,356,34,74
73,319,33,134
119,315,47,129
117,316,56,131
112,315,58,130
96,310,66,136
98,305,61,143
97,303,62,144
89,298,67,149
82,299,71,146
80,296,72,150
81,296,72,152
82,297,84,153
118,298,80,141
118,303,82,139
127,304,69,137
131,305,68,140
133,295,70,147
138,291,67,152
141,290,71,154
145,289,74,156
152,291,72,154
156,290,73,157
166,293,70,150
150,293,91,157
157,292,91,155
157,293,95,156
156,291,97,156
162,292,91,156
160,293,94,156
155,294,96,154
153,293,100,154
158,293,95,154
156,296,90,149
148,296,95,150
144,297,97,150
145,297,95,152
147,298,87,151
143,297,88,153
140,299,85,149
141,298,78,148
141,299,77,148
131,297,86,150
125,298,89,148
121,297,88,150
122,297,87,152
119,295,88,151
125,295,86,149
130,297,82,147
142,295,76,151
144,295,81,150
145,295,89,150
156,295,86,148
167,291,82,149
166,289,84,150
168,290,90,147
175,287,86,151
183,285,88,153
189,287,68,146
223,284,64,149
231,284,64,148
237,283,59,146
254,282,66,147
220,287,59,138
269,279,64,146
231,284,62,141
240,289,61,138
249,286,61,137
252,284,66,142
256,283,66,141
331,284,59,134
277,286,58,136
281,277,70,147
130,297,64,140
127,294,56,144
135,295,57,143
144,295,59,141
148,295,62,139
151,297,66,138
156,296,67,137
162,295,71,138
169,299,75,135
175,297,77,135
181,300,78,134
187,301,77,134
195,300,73,134
202,302,72,135
211,303,68,135
222,302,65,137
234,302,62,138
245,303,57,136
253,303,55,135
256,304,56,136
259,304,61,136
263,303,68,135
264,304,75,134
265,301,81,136
265,304,86,133
264,301,87,135
262,301,89,134
262,300,88,134
261,301,88,133
261,300,83,134
262,300,80,133
265,300,76,132
269,299,71,132
274,298,66,133
277,299,63,132
276,298,63,133
277,298,67,134
276,296,70,135
277,299,70,132
276,298,73,133
275,297,71,133
276,297,73,133
275,298,71,133
273,299,70,133
273,298,68,134
272,299,66,133
272,302,68,131
271,301,66,131
270,297,67,135
267,296,69,136
265,296,73,136
264,298,69,133
263,298,68,133
259,298,71,132
256,297,73,132
252,296,76,134
248,299,81,131
244,300,83,132
243,298,84,133
240,300,87,132
237,301,85,131
236,300,87,132
233,302,91,131
230,302,94,130
229,301,94,130
227,302,92,130
226,302,87,128
225,304,81,127
224,304,74,129
225,302,73,131
227,299,64,132
228,299,57,135
229,295,53,138
227,296,52,136
225,296,53,137
224,296,59,137
223,293,66,140
223,294,72,140
223,295,67,138
225,293,74,141
227,294,71,140
231,293,73,144
234,296,70,141
236,297,73,142
239,299,69,138
241,300,71,139
242,302,84,137
243,303,78,137
250,305,82,136
260,306,73,134
272,307,70,133
283,305,69,136
289,302,73,139
294,302,82,137
299,304,77,134
312,300,88,140
315,301,90,136
326,302,84,133
333,304,85,131
340,299,82,133
347,300,82,132
352,299,82,134
355,299,83,134
357,297,82,133
362,299,80,133
359,298,86,135
356,296,80,136
353,297,67,136
352,296,67,137
349,294,69,138
344,294,68,137
337,294,67,140
379,285,69,146
312,293,68,141
307,293,61,143
298,294,62,144
295,295,61,144
286,294,67,143
282,296,60,142
279,292,69,143
268,298,64,143
263,290,69,150
258,287,73,153
252,285,74,156
249,284,78,157
245,285,73,155
237,286,78,155
233,289,79,154
229,289,77,155
224,289,78,155
213,295,79,150
202,292,93,153
188,294,98,152
179,291,102,155
170,292,103,154
161,292,109,155
154,293,105,155
151,295,98,157
145,295,93,157
138,295,90,157
130,296,91,156
122,300,87,152
103,299,99,151
88,303,118,148
68,306,136,149
42,307,151,148
26,308,158,152
13,309,160,151
8,314,155,147
9,317,162,145
14,314,150,145
18,315,149,145
3,312,155,148
2,311,137,149
0,312,124,151
0,317,119,144
0,318,107,143
0,321,77,141
2,319,75,143
3,318,71,143
0,314,68,143
0,317,66,146
1,316,65,142
1,317,63,142
1,317,62,141
0,317,63,138
0,318,64,142
0,320,65,145
0,320,66,146
0,319,71,146
0,319,72,145
4,321,74,143
16,317,66,144
22,319,72,142
33,320,68,141
37,315,67,145
45,313,66,146
49,307,74,149
54,296,80,159
59,282,88,171
65,270,90,183
69,259,91,191
71,257,94,193
79,260,87,185
86,265,83,183
97,266,75,172
107,271,69,156
114,275,66,152
117,285,65,147
120,288,66,149
125,296,67,146
125,303,66,143
130,311,63,136
130,313,65,133
133,314,61,131
134,313,59,131
134,309,60,134
135,306,61,134
137,303,62,136
136,302,63,137
137,302,63,138
134,300,66,139
133,301,69,138
132,301,71,137
129,303,76,136
131,306,77,133
134,304,75,135
141,303,71,135
148,301,68,137
152,301,67,136
153,300,70,138
154,299,72,137
161,299,69,137
165,299,70,137
167,304,68,132
169,301,69,136
170,301,75,136
176,302,74,133
180,305,74,126
179,308,74,124
176,308,77,125
176,309,82,123
175,308,93,125
174,309,96,124
171,309,98,124
171,307,95,125
170,305,92,127
171,305,87,126
173,303,84,126
184,305,76,126
193,296,75,135
318,258,74,162
319,258,64,167
349,271,59,153
358,272,59,152
358,274,55,149
358,279,55,145
365,279,59,145
247,304,70,130
242,301,77,133
248,299,74,133
251,304,78,129
252,309,79,129
240,311,94,128
301,300,73,136
223,313,101,127
307,299,72,138
315,297,72,140
326,294,76,141
336,291,77,143
331,294,83,142
336,291,84,146
339,288,83,149
348,288,81,147
381,289,67,144
375,282,67,153
376,290,63,146
367,291,72,146
333,292,68,145
330,291,68,146
383,288,78,150
388,289,81,146
388,289,77,148
386,286,83,156
386,285,85,158
385,287,82,156
376,284,70,158
380,285,70,158
377,284,68,156
367,283,68,157
375,282,72,158
381,282,70,162
415,280,90,170
398,280,107,173
418,280,111,173
419,274,109,179
427,271,105,182
429,265,109,189
435,260,118,194
442,256,132,197
449,257,129,198
459,253,131,205
471,250,130,208
715,277,78,149
722,281,77,141
732,278,70,143
739,277,65,141
744,278,64,142
745,277,67,143
744,277,67,144
746,278,68,143
745,278,76,144
741,277,86,145
737,279,94,144
735,280,96,142
728,276,96,144
735,278,81,138
739,279,74,138
746,279,68,138
740,272,80,157
704,238,108,204
656,236,183,227
668,233,176,228
712,231,146,233
732,222,135,239
758,222,118,236
769,224,111,225
735,269,79,159
739,278,69,141
739,277,75,143
741,278,72,141
745,280,61,137
747,280,55,140
749,282,56,140
750,284,59,135
752,285,58,135
753,285,59,133
754,283,63,133
754,282,62,134
754,281,68,133
755,279,76,135
761,279,75,134
766,278,73,135
768,277,68,135
771,281,64,133
773,281,66,134
777,283,67,134
778,280,75,139
782,284,80,131
784,287,89,132
784,286,92,131
793,286,86,132
796,285,84,131
795,285,87,130
802,285,81,129
796,285,86,131
805,283,79,137
806,282,76,141
809,282,71,141
811,282,68,134
814,283,66,131
812,283,67,130
817,286,70,129
820,285,67,128
819,286,68,125
820,287,68,132
822,287,68,129
819,286,69,130
828,284,68,130
828,284,69,130
827,286,69,129
823,282,76,132
825,282,75,133
825,276,78,147
819,273,102,157
815,276,123,155
796,281,153,153
793,280,155,155
804,287,132,153
801,285,130,152
806,286,128,150
789,283,145,148
774,279,152,154
802,278,117,155
837,280,98,143
843,281,81,144
845,283,92,134
845,283,90,130
847,283,92,128
846,282,93,129
846,281,96,129
845,282,98,129
844,282,98,128
840,283,101,127
839,283,84,130
832,285,83,129
823,291,70,123
811,294,79,122
822,294,69,122
822,295,73,118
821,296,74,116
815,300,80,114
810,301,88,118
809,301,90,120
809,301,87,120
810,301,86,120
810,300,73,122
807,300,55,123
804,297,54,123
801,296,51,125
795,297,54,123
787,295,62,124
777,294,72,125
771,295,80,123
766,295,85,123
764,295,89,123
762,294,90,125
762,291,93,124
762,292,85,125
763,289,82,129
764,289,63,125
761,287,59,127
756,287,65,125
751,288,69,122
740,288,79,122
732,290,90,121
733,290,88,123
733,289,87,125
732,289,86,125
730,291,84,122
730,291,76,122
726,288,67,124
719,289,64,125
715,287,52,124
709,289,58,123
706,287,60,125
698,287,68,125
687,290,78,122
681,291,80,123
677,291,80,123
673,292,81,124
670,292,82,122
669,292,78,122
667,292,76,121
665,291,63,121
664,289,59,122
663,290,54,122
659,291,47,121
657,292,45,120
656,292,47,121
654,294,47,120
654,292,48,121
653,294,47,120
652,293,49,121
653,292,49,122
653,293,51,121
653,293,51,122
652,293,52,122
650,294,54,122
647,294,57,123
643,294,60,124
638,293,64,125
634,293,65,124
631,296,65,122
626,294,66,123
623,293,68,125
621,290,69,127
618,290,69,129
615,284,70,135
613,277,71,143
614,288,68,132
615,290,67,128
614,291,67,127
611,279,70,139
614,286,68,132
610,276,72,141
612,283,70,137
609,270,71,148
610,286,69,130
609,275,67,139
608,280,64,135
607,270,63,145
608,283,58,134
606,282,55,134
604,293,55,125
602,283,56,134
600,296,59,122
599,292,62,127
594,293,68,127
592,296,67,122
589,282,73,137
586,299,74,119
582,302,76,118
578,302,77,117
575,304,80,116
573,303,78,116
571,302,74,118
566,304,75,117
562,302,69,118
557,302,65,117
550,302,66,116
546,302,62,116
543,302,61,116
540,301,62,116
538,302,61,116
537,301,57,118
536,302,55,118
536,303,53,118
536,302,54,118
536,301,53,119
539,301,50,119
539,302,50,118
539,302,52,118
539,301,53,120
539,300,55,119
542,299,56,118
543,299,57,119
546,298,58,117
550,297,58,118
553,296,58,121
560,296,56,116
563,295,57,117
565,294,56,118
566,293,58,120
567,293,61,119
568,295,63,117
567,293,65,117
569,293,63,117
570,296,65,116
569,285,63,126
570,286,64,127
571,282,64,130
571,291,66,124
572,297,68,116
577,294,65,120
578,295,67,118
585,286,62,127
593,294,59,118
600,292,58,120
606,294,57,121
609,294,59,119
611,294,62,117
611,296,66,114
615,296,66,113
619,297,67,112
623,297,70,113
627,296,72,115
632,297,73,115
634,297,78,117
640,296,71,118
643,296,67,118
647,295,62,118
649,295,58,120
653,294,53,120
659,295,48,121
658,297,49,118
656,297,52,120
656,297,53,119
655,298,58,120
655,296,63,121
654,299,72,118
654,299,74,119
655,299,77,119
659,298,77,121
661,295,79,123
664,294,79,124
670,295,76,123
681,292,72,125
689,294,64,123
703,292,62,123
705,292,72,124
708,292,81,124
712,294,84,123
716,293,86,122
720,292,89,122
718,291,93,123
720,290,88,124
723,292,87,123
725,292,83,124
724,292,78,123
725,291,76,124
724,292,70,123
725,290,63,124
728,288,63,127
728,288,64,128
731,288,65,128
736,288,66,128
738,290,65,125
741,290,68,127
741,294,65,124
742,296,66,123
749,301,65,122
760,303,64,121
767,306,66,122
771,307,69,123
774,307,70,123
775,307,69,123
776,304,68,126
776,301,68,129
775,303,66,129
772,297,67,136
768,293,65,141
764,291,64,137
758,287,63,137
753,285,67,136
748,284,71,133
746,283,67,133
741,282,63,131
735,282,66,127
729,281,62,125
722,281,58,129
712,280,61,129
708,281,57,123
705,279,56,124
701,280,57,126
698,279,60,124
696,281,62,124
696,280,63,126
696,283,64,124
696,283,65,126
697,284,65,128
698,284,64,130
697,285,63,130
697,284,63,131
694,285,60,131
693,285,57,131
692,285,54,130
695,287,52,130
694,288,55,129
695,289,59,128
692,289,62,129
695,291,63,129
698,294,64,128
700,295,66,128
702,297,69,130
702,302,73,129
705,300,74,134
708,302,73,132
708,302,71,134
710,302,68,134
712,300,61,133
711,300,58,132
709,298,58,134
708,296,59,135
708,297,56,134
709,297,60,135
708,296,64,136
709,295,65,136
711,295,66,137
711,298,66,135
712,299,66,135
710,300,65,135
709,302,63,134
708,301,62,134
710,302,58,134
710,301,56,135
712,302,54,134
713,302,55,135
714,301,57,135
714,301,58,136
714,301,58,135
713,300,60,135
712,301,64,136
708,299,66,137
704,296,69,139
700,297,71,137
698,297,71,137
699,296,73,137
701,293,74,139
704,292,73,140
706,289,71,140
710,290,70,136
716,290,69,132
724,293,67,135
732,294,71,133
734,297,80,132
738,301,86,130
738,303,98,132
747,303,98,133
757,304,91,132
755,304,96,132
766,304,88,134
775,307,85,134
791,307,72,136
807,306,60,138
813,309,57,138
814,312,58,137
815,313,64,136
818,313,86,138
823,313,87,139
828,313,87,137
832,314,85,134
836,314,82,134
836,311,82,136
839,309,81,136
842,305,80,140
841,304,78,140
843,300,76,144
840,300,77,146
840,299,73,144
840,296,73,139
843,296,74,135
843,295,71,139
842,294,71,138
841,294,68,138
840,293,64,134
836,293,66,135
832,293,64,135
828,293,62,136
824,292,63,136
821,293,63,135
821,293,61,134
819,295,65,133
817,293,66,136
817,293,67,136
814,294,71,136
813,294,74,135
811,294,77,135
811,292,81,136
811,292,81,139
811,291,83,139
807,292,88,137
807,292,88,138
806,291,86,139
807,291,81,141
807,289,69,142
807,288,66,142
809,288,68,142
807,288,72,142
804,285,75,139
803,287,78,142
803,287,81,142
802,288,83,140
801,291,80,138
800,293,80,140
800,295,69,142
797,296,65,146
794,299,61,144
794,301,59,141
794,302,63,141
796,302,67,143
796,301,70,145
790,301,82,145
791,301,85,145
791,300,90,146
794,302,92,144
792,302,93,145
793,299,94,148
788,301,96,147
785,302,96,145
781,303,87,146
774,301,88,148
764,302,80,144
752,300,81,145
752,299,70,146
748,298,70,145
737,298,81,143
726,298,82,144
716,297,92,144
708,297,96,143
699,298,101,142
695,298,100,142
690,300,100,139
691,300,93,139
690,299,89,141
691,299,83,144
691,297,76,145
692,296,73,147
692,296,67,147
692,295,64,145
696,295,63,144
700,295,63,144
703,295,64,143
704,294,67,143
705,292,70,144
710,292,69,144
712,293,68,144
714,292,68,145
715,292,67,145
715,293,68,144
714,292,70,145
711,295,68,143
707,295,69,144
706,295,69,143
702,296,70,143
702,296,73,142
698,296,81,142
693,297,93,143
695,299,96,138
691,299,104,139
691,301,111,138
694,300,114,137
699,300,116,138
702,299,119,138
706,300,116,137
712,298,109,138
721,292,100,143
729,288,94,147
724,281,98,155
723,275,101,159
720,274,103,160
717,272,113,162
717,272,121,163
721,275,121,160
719,277,121,158
718,284,122,152
712,290,125,146
710,292,125,143
709,294,121,141
726,295,102,139
728,296,94,136
714,297,105,137
708,299,104,136
703,298,101,137
709,299,85,137
711,302,72,134
706,304,72,133
700,305,74,133
691,304,79,134
684,306,82,131
669,299,94,137
657,292,103,144
651,287,102,148
651,272,94,161
642,259,97,172
641,257,92,176
638,254,90,177
632,253,96,173
637,257,97,170
630,251,109,175
637,261,106,165
629,263,113,166
632,265,118,166
640,274,107,160
649,276,100,157
648,282,105,154
662,284,92,152
665,289,90,145
662,291,90,145
675,297,79,138
685,300,73,137
691,302,73,134
696,304,74,134
704,301,76,137
705,305,81,132
711,301,82,133
715,303,85,133
721,302,88,134
721,304,91,132
721,305,90,131
716,303,79,131
735,302,85,132
734,300,75,136
738,300,67,136
740,300,68,137
746,299,71,140
743,297,77,143
744,298,81,142
746,300,76,140
748,301,73,140
746,299,73,142
745,300,66,140
742,298,59,143
744,298,69,141
737,295,65,143
738,295,72,143
733,295,76,139
734,294,79,144
734,293,85,142
734,293,82,143
732,293,79,141
732,292,70,141
730,292,68,142
730,290,69,143
729,292,69,141
732,292,64,139
730,292,64,139
731,290,61,140
730,290,62,140
730,290,62,138
730,289,61,138
731,289,59,137
730,291,60,135
732,292,57,134
733,291,57,135
732,291,58,136
732,291,58,137
732,291,57,136
734,291,55,135
735,292,55,135
733,292,59,135
733,290,58,135
734,289,57,134
738,289,55,134
734,287,61,134
735,287,59,135
735,287,60,135
734,287,61,135
731,287,64,136
731,287,63,136
729,289,66,135
729,287,66,137
728,288,66,137
728,290,65,136
727,290,65,136
725,291,66,136
724,291,66,135
726,293,65,135
725,292,66,136
725,293,65,135
724,293,65,136
720,292,69,136
719,292,69,138
727,292,64,137
727,292,62,136
727,290,64,135
728,290,66,138
726,290,68,138
729,289,67,139
729,289,65,140
724,289,69,141
723,290,74,140
722,292,76,140
719,291,75,141
715,291,73,140
714,288,73,143
712,286,66,145
706,286,66,148
701,284,68,151
697,282,68,152
696,283,67,150
695,287,65,146
562,283,73,154
572,280,66,157
559,281,70,155
550,284,69,148
504,293,74,137
511,293,76,138
538,282,66,149
513,287,68,140
515,286,70,143
517,284,70,147
525,284,68,150
648,282,84,147
647,288,82,143
648,287,82,145
645,282,84,152
538,277,78,157
537,281,78,154
535,278,74,156
534,276,80,159
547,278,80,154
532,275,76,158
556,276,70,156
598,272,85,160
518,280,66,151
573,278,68,151
557,275,79,157
505,280,75,152
501,282,79,150
505,284,75,149
503,283,76,148
505,285,74,148
504,279,79,152
501,286,74,148
503,284,71,149
503,283,77,148
498,287,78,146
504,284,70,151
513,279,66,156
550,276,66,157
537,277,70,157
534,277,72,157
533,276,78,155
513,274,76,162
510,271,74,164
508,271,73,166
515,269,71,166
600,272,62,155
604,274,61,154
603,272,61,155
599,273,64,155
601,272,69,159
596,271,73,156
599,272,69,157
482,272,76,164
489,271,71,169
504,275,63,160
500,278,60,158
511,287,57,145
513,291,56,142
512,293,53,141
510,291,55,142
510,293,56,139
507,291,59,147
504,296,62,141
503,292,65,142
500,290,69,142
501,291,71,140
502,289,70,140
591,271,66,160
497,295,69,136
500,298,70,132
590,267,64,164
588,269,65,161
588,269,67,160
591,268,67,161
503,296,70,140
506,295,59,134
504,297,62,133
506,294,68,134
510,289,54,136
597,264,64,167
597,261,62,164
597,257,63,167
600,253,64,164
600,250,67,165
599,246,71,169
600,244,75,170
603,243,81,170
605,241,81,172
606,241,82,171
606,246,83,166
604,244,86,171
598,247,90,169
594,246,89,171
591,246,85,170
587,246,80,170
580,245,81,172
505,286,63,140
505,294,54,131
506,292,49,132
509,292,48,131
512,289,45,134
508,290,48,130
505,288,54,134
504,290,56,132
503,289,58,131
503,292,61,129
502,289,64,131
504,280,69,135
511,272,78,149
540,246,80,171
510,268,84,153
530,246,87,173
533,243,93,176
534,240,94,180
532,239,101,180
535,243,102,175
533,240,101,180
532,241,102,179
532,242,104,180
529,237,99,183
522,236,88,181
518,239,91,175
510,241,87,175
500,239,93,178
495,240,96,179
491,238,99,181
488,244,98,173
484,243,102,175
482,246,102,173
484,245,98,174
481,244,97,175
477,242,97,174
475,237,93,180
469,238,91,176
470,237,88,177
475,235,83,177
472,237,89,178
466,236,97,178
457,237,111,178
454,238,115,176
452,242,115,171
449,242,115,173
451,241,118,174
447,243,121,173
446,244,124,173
442,242,120,173
438,241,114,176
439,241,100,175
430,244,101,174
430,237,90,179
425,234,91,184
424,236,93,181
421,226,100,190
418,238,109,180
417,242,116,176
424,236,120,182
435,236,127,182
348,245,131,177
464,219,123,189
475,215,109,190
495,216,103,182
504,216,94,182
513,223,85,176
510,226,83,180
504,233,89,188
497,244,94,186
493,252,104,183
497,248,114,186
501,246,123,183
507,244,125,183
