0.014057
0.035633
0.018926
0.016442
0.015681
0.020634
0.031996
0.026870
0.029220
0.031518
0.035930
0.030115
0.026640
0.032878
0.032227
0.031364
0.027086
0.034095
0.027390
0.032404
0.032317
0.019591
0.032039
0.031695
0.034997
0.035578
0.033930
0.029046
0.031913
0.033017
0.032781
0.032050
0.033912
0.020872
0.022462
0.028422
0.033971
0.031590
0.018285
0.027664
0.031033
0.031986
0.032853
0.032178
0.031409
0.018480
0.028410
0.026151
0.034799
0.033378
0.033319
0.018577
0.022475
0.026669
0.029639
0.027904
0.015370
0.015557
0.017469
0.015711
0.015178
0.031888
0.032578
0.021322
0.032463
0.035119
0.017233
0.016276
0.015317
0.018461
0.032235
0.020133
0.032512
0.033092
0.031963
0.025907
0.032063
0.020047
0.025951
0.021976
0.031965
0.031089
0.022826
0.027134
0.032879
0.031291
0.033704
0.034755
0.022612
0.032336
0.033881
0.021073
0.031852
0.032418
0.019315
0.018501
0.017021
0.016338
0.015424
0.016428
0.033422
0.026206
0.033510
0.029308
0.032540
0.031114
0.032415
0.032498
0.027010
0.033238
0.028505
0.030915
0.031020
0.032537
0.031752
0.032219
0.016570
0.032968
0.033694
0.032706
0.032793
0.031708
0.020643
0.032620
0.032438
0.032440
0.033098
0.032412
0.032922
0.023240
0.032576
0.032086
0.031998
0.037222
0.035445
0.033189
0.031510
0.033970
0.031213
0.033880
0.030911
0.032375
0.032280
0.032138
0.031682
0.033511
0.017054
0.021426
0.031594
0.032561
0.032978
0.033569
0.033821
0.032139
0.035830
0.021865
0.030749
0.020836
0.023762
0.031932
0.036083
0.031753
0.035048
0.033467
0.032539
0.028018
0.035141
0.033775
0.035355
0.033816
0.033708
0.016077
0.033350
0.033319
0.022849
0.027327
0.033493
0.027581
0.020092
0.026936
0.029918
0.029356
0.027823
0.032239
0.033652
0.029626
0.032285
0.030990
0.033041
0.032556
0.033644
0.024525
0.033576
0.019782
0.023319
0.027657
0.029445
0.030986
0.034052
0.034554
0.031797
0.033799
0.031834
0.030341
0.033905
0.033067
0.028364
0.033670
0.025800
0.031304
0.032202
0.018993
0.032475
0.032196
0.033480
0.033867
0.033989
0.033622
0.033133
0.032572
0.025468
0.023649
0.027465
0.033050
0.018498
0.032338
0.033366
0.016413
0.032902
0.028808
0.031883
0.033086
0.016691
0.032459
0.032346
0.018698
0.031916
0.033194
0.033203
0.026280
0.029339
0.032628
0.032807
0.025438
0.031568
0.017590
0.031480
0.033565
0.025349
0.031617
0.032577
0.032568
0.030307
0.021050
0.030092
0.033831
0.017079
0.031187
0.025674
0.032986
0.031587
0.032567
0.025144
0.033851
0.024900
0.033854
0.031694
0.017332
0.029863
0.032561
0.019622
0.019159
0.033683
0.031117
0.032633
0.032483
0.031990
0.019925
0.030786
0.033011
0.032379
0.031567
0.031725
0.033771
0.033154
0.033654
0.031039
0.026458
0.029796
0.032338
0.019490
0.031528
0.016370
0.025650
0.030914
0.031824
0.031072
0.018517
0.033711
0.033855
0.029449
0.032318
0.030932
0.017005
0.015702
0.016537
0.017191
0.027142
0.033344
0.032784
0.031155
0.028134
0.034098
0.033889
0.033034
0.030340
0.031835
0.022967
0.016701
0.029258
0.029420
0.032384
0.031786
0.034535
0.035091
0.034133
0.027339
0.027168
0.015502
0.033907
0.032707
0.032197
0.032374
0.032398
0.019688
0.029499
0.034327
0.035514
0.030945
0.027937
0.033231
0.025241
0.015943
0.026064
0.017734
0.015883
0.033576
0.032553
0.028712
0.031739
0.016592
0.032480
0.033446
0.027341
0.031764
0.031030
0.031080
0.034879
0.024498
0.032269
0.021080
0.034655
0.033271
0.020173
0.033425
0.033170
0.032835
0.016539
0.031366
0.031035
0.027069
0.033476
0.031781
0.032070
0.031982
0.033913
0.017745
0.033098
0.020553
0.034857
0.018929
0.019253
0.019494
0.016043
0.016417
0.016930
0.032357
0.032851
0.031039
0.027146
0.025195
0.015838
0.018418
0.035877
0.020077
0.030741
0.031271
0.030416
0.032320
0.018738
0.016631
0.033945
0.034052
0.033299
0.015970
0.031828
0.034154
0.031303
0.033848
0.032138
0.025582
0.031995
0.028310
0.032514
0.024539
0.030648
0.018843
0.033040
0.032780
0.032192
0.032522
0.024052
0.033120
0.032200
0.024661
0.032433
0.032161
0.020233
0.027334
0.017201
0.031756
0.032037
0.034031
0.029870
0.032368
0.033799
0.031255
0.032879
0.031707
0.033128
0.030349
0.026036
0.031310
0.033429
0.032278
0.031873
0.028182
0.031750
0.031416
0.033209
0.036675
0.026883
0.032166
0.018951
0.033666
0.020178
0.015045
0.030983
0.032101
0.033514
0.029945
0.033008
0.033327
0.032983
0.015710
0.033280
0.025377
0.028572
0.032719
0.032584
0.023984
0.032617
0.032859
0.031883
0.031949
0.016555
0.016450
0.023382
0.027899
0.032392
0.032012
0.032115
0.030880
0.032703
0.032116
0.032486
0.032680
0.031518
0.032735
0.030121
0.026191
0.023295
0.030824
0.032391
0.017077
0.031879
0.018881
0.032197
0.031096
0.030815
0.031421
0.032407
0.017153
0.033423
0.033203
0.032077
0.023788
0.031037
0.022228
0.021396
0.032621
0.029873
0.032712
0.033440
0.033132
0.032128
0.019916
0.032597
0.032748
0.032602
0.031696
0.031746
0.033353
0.031928
0.025139
0.016738
0.028180
0.031300
0.031395
0.033671
0.025624
0.032270
0.033383
0.033295
0.033344
0.017103
0.032366
0.020693
0.017073
0.031294
0.032912
0.027495
0.025738
0.021560
0.033239
0.031438
0.031854
0.030972
0.031348
0.025694
0.032414
0.031057
0.032456
0.033586
0.033057
0.030337
0.033141
0.016738
0.030939
0.031518
0.032859
0.020849
0.032757
0.033061
0.017260
0.034055
0.033817
0.032969
0.034627
0.032530
0.032759
0.031345
0.031795
0.033740
0.031628
0.026614
0.031429
0.015235
0.032434
0.035475
0.026277
0.025759
0.032141
0.031481
0.030964
0.024534
0.033036
0.032648
0.033461
0.033864
0.031997
0.034298
0.033546
0.021746
0.028038
0.031734
0.032627
0.031482
0.031285
0.023275
0.033179
0.033513
0.032910
0.033272
0.028850
0.032180
0.032941
0.024380
0.030653
0.035315
0.032099
0.033119
0.031655
0.032692
0.032014
0.032680
0.025851
0.035115
0.033452
0.031068
0.018196
0.032286
0.032634
0.032911
0.018080
0.017220
0.033351
0.029726
0.030949
0.032417
0.031885
0.032587
0.032492
0.015426
0.019434
0.031319
0.024838
0.033540
0.035264
0.026009
0.031050
0.016471
0.023250
0.030782
0.028232
0.030648
0.032835
0.024372
0.027071
0.032216
0.017082
0.032459
0.024145
0.026995
0.032044
0.031393
0.031937
0.017810
0.033145
0.033654
0.032498
0.031791
0.022219
0.034219
0.035068
0.034627
0.031680
0.033036
0.015238
0.032305
0.036670
0.031819
0.023336
0.030619
0.019422
0.031489
0.016282
0.031846
0.032380
0.031985
0.031776
0.032509
0.030400
0.019199
0.017426
0.031566
0.031962
0.031932
0.016531
0.028265
0.034295
0.032017
0.019849
0.031819
0.032532
0.031316
0.033277
0.033217
0.026136
0.031294
0.032190
0.029434
0.021805
0.017454
0.032603
0.031857
0.020822
0.031217
0.032286
0.026818
0.031642
0.023028
0.032483
0.035506
0.032020
0.036221
0.033530
0.027695
0.033302
0.031878
0.032609
0.032313
0.035027
0.026941
0.029148
0.032079
0.024190
0.032805
0.026180
0.023798
0.031057
0.030049
0.032512
0.033917
0.032200
0.031771
0.034146
0.032744
0.032785
0.025862
0.026732
0.028142
0.028778
0.033818
