0.003190
0.019706
0.033922
0.023327
0.026769
0.028684
0.020511
0.031666
0.017403
0.016654
0.018054
0.018232
0.026406
0.017266
0.048290
0.034428
0.027694
0.017650
0.034965
0.016805
0.020907
0.024982
0.015962
0.029010
0.019969
0.036321
0.026559
0.063331
0.024617
0.045568
0.019551
0.070053
0.057441
0.054716
0.076508
0.021798
0.052277
0.022509
0.033334
0.033661
0.029773
0.016965
0.027377
0.022462
0.017111
0.032252
0.018490
0.033667
0.016210
0.015474
0.020764
0.044917
0.035129
0.033400
0.038139
0.061575
0.063017
0.054011
0.026688
0.040349
0.030827
0.040188
0.032031
0.035399
0.058633
0.024518
0.052916
0.028025
0.016855
0.015850
0.017150
0.015466
0.016560
0.016092
0.014947
0.015143
0.015274
0.016240
0.014918
0.023346
0.016465
0.018362
0.017740
0.018521
0.019013
0.018569
0.017722
0.017693
0.017420
0.017499
0.018833
0.016403
0.015679
0.014968
0.015209
0.014579
0.014776
0.014435
0.015644
0.014708
0.015095
0.014947
0.014839
0.014875
0.014997
0.014941
0.020235
0.016403
0.019926
0.017234
0.021188
0.016361
0.017283
0.018566
0.021998
0.026086
0.027236
0.023678
0.026952
0.019372
0.016676
0.016475
0.016314
0.016291
0.017608
0.016782
0.017131
0.016264
0.017126
0.015724
0.015809
0.015196
0.018406
0.015933
0.015029
0.015117
0.014967
0.015193
0.015135
0.015168
0.015499
0.021055
0.022608
0.019381
0.021904
0.019204
0.018125
0.020717
0.028782
0.020966
0.022230
0.019458
0.018615
0.038616
0.015297
0.014748
0.018395
0.015234
0.015779
0.024192
0.045232
0.043848
0.029780
0.046253
0.043131
0.032091
0.018034
0.016797
0.020708
0.019256
0.015070
0.015266
0.019931
0.019919
0.021691
0.024961
0.029449
0.026896
0.021167
0.018723
0.017891
0.018172
0.021701
0.015681
0.016013
0.016263
0.018784
0.015223
0.021453
0.016723
0.020194
0.022561
0.019466
0.016511
0.019636
0.020021
0.018775
0.017691
0.018085
0.018366
0.017355
0.015148
0.015357
0.015266
0.015770
0.014959
0.014731
0.015126
0.015237
0.016164
0.014412
0.014847
0.014843
0.015203
0.014849
0.018140
0.017151
0.019126
0.018043
0.018110
0.018197
0.019703
0.016389
0.019836
0.016217
0.018625
0.019352
0.030099
0.016883
0.016801
0.015805
0.014485
0.016834
0.014576
0.015182
0.015025
0.014735
0.014700
0.014733
0.014810
0.014771
0.014780
0.014799
0.014349
0.014848
0.014874
0.015303
0.015226
0.014999
0.014241
0.014207
0.017210
0.014847
0.015714
0.020127
0.021176
0.020047
0.018190
0.021421
0.019893
0.018949
0.016786
0.016305
0.016735
0.020803
0.017472
0.016396
0.016766
0.015798
0.016525
0.015939
0.016777
0.014177
0.014365
0.014148
0.014357
0.014956
0.017617
0.014632
0.015129
0.016624
0.017850
0.016974
0.017591
0.018898
0.016973
0.016936
0.017147
0.017922
0.018236
0.017071
0.022003
0.016993
0.017095
0.015502
0.016409
0.015077
0.018335
0.015034
0.015815
0.015299
0.014974
0.016681
0.019422
0.019752
0.017645
0.018510
0.022076
0.021082
0.017379
0.020003
0.020103
0.020815
0.018975
0.021444
0.018058
0.018661
0.016372
0.016179
0.015383
0.016612
0.018095
0.017526
0.015810
0.016680
0.016387
0.014915
0.014876
0.019831
0.017572
0.018450
0.018606
0.019725
0.018325
0.016632
0.023579
0.018016
0.018426
0.018969
0.017074
0.020072
0.016811
0.015762
0.015620
0.016147
0.019170
0.015667
0.015377
0.015035
0.015180
0.017228
0.015151
0.015144
0.016014
0.014928
0.016669
0.016692
0.016283
0.019547
0.015299
0.015086
0.015191
0.016000
0.019795
0.022384
0.017550
0.019310
0.023639
0.030555
0.025738
0.020633
0.020005
0.020002
0.027935
0.021834
0.018267
0.018340
0.016676
0.015848
0.015730
0.015731
0.015488
0.016778
0.015807
0.016333
0.015908
0.015334
0.016807
0.016916
0.017065
0.017536
0.017709
0.016424
0.017013
0.016309
0.016736
0.021399
0.022014
0.018424
0.021132
0.017797
0.016964
0.018284
0.016587
0.017426
0.016566
0.015875
0.016598
0.016140
0.015628
0.015203
0.015755
0.017966
0.016550
0.017410
0.017988
0.021001
0.018542
0.020500
0.021241
0.016836
0.023610
0.030138
0.018775
0.017612
0.017235
0.017257
0.016543
0.020356
0.016328
0.016687
0.016074
0.015240
0.016185
0.016029
0.015821
0.018891
0.019952
0.019711
0.022356
0.019270
0.021566
0.019414
0.016228
0.020142
0.019924
0.018860
0.018735
0.015930
0.015417
0.019830
0.014744
0.016311
0.015372
0.014874
0.014911
0.014550
0.017579
0.016448
0.017642
0.015321
0.015381
0.017113
0.016063
0.015335
0.015108
0.015509
0.014974
0.015130
0.015539
0.015207
0.017599
0.018648
0.018703
0.019144
0.021570
0.017096
0.023043
0.017995
0.018522
0.020095
0.019665
0.017244
0.018639
0.015994
0.019750
0.017443
0.017070
0.016029
0.015568
0.016465
0.015524
0.018881
0.015454
0.015656
0.015903
0.015709
0.018203
0.018245
0.016821
0.018308
0.019998
0.021512
0.018707
0.017507
0.018057
0.023063
0.023008
0.020923
0.017199
0.017107
0.017082
0.016435
0.015294
0.016171
0.015224
0.015629
0.015472
0.015663
0.017437
0.015239
0.020077
0.021441
0.022177
0.016303
0.023950
0.019423
0.021299
0.018752
0.018476
0.016004
0.018079
0.019370
0.015641
0.015902
0.016842
0.016032
0.020061
0.014698
0.014788
0.015023
0.016172
0.015951
0.015244
0.015742
0.022127
0.017092
0.018080
0.019568
0.017914
0.025897
0.019097
0.019386
0.019983
0.019290
0.022362
0.019683
0.018683
0.015907
0.016522
0.018540
0.015899
0.018195
0.015676
0.015870
0.015954
0.016671
0.015281
0.016436
0.015774
0.016209
0.015435
0.015692
0.015157
0.015320
0.015128
0.014604
0.014816
0.015025
0.015245
0.020925
0.016978
0.020457
0.019485
0.018596
0.018169
0.018767
0.018034
0.018843
0.017365
0.018027
0.019072
0.016447
0.014803
0.017506
0.017343
0.016118
0.016957
0.016310
0.017447
0.015472
0.020392
0.015792
0.015170
0.015575
0.015083
0.015444
0.018079
0.016336
0.022452
0.019373
0.018071
0.021395
0.034371
0.018780
0.022867
0.023084
0.024045
0.018667
0.017086
0.015141
0.018962
0.015402
0.015912
0.016893
0.015922
0.015224
0.016026
0.023391
0.025978
0.021520
0.018336
0.020623
0.027455
0.020155
0.015385
0.018594
0.016903
0.016838
0.019226
0.015890
0.016140
0.014732
0.015125
0.014963
0.014872
0.015268
0.014918
0.014979
0.015049
0.014978
0.014850
0.014582
0.018322
0.016783
0.017493
0.018297
0.020781
0.020505
0.018312
0.018263
0.020674
0.019924
0.024936
0.021332
0.017017
0.016267
0.014922
0.017794
0.024601
0.020588
0.020241
0.015767
0.014762
0.018594
0.016882
0.019658
0.016173
0.017245
0.016190
0.017301
0.016642
0.020401
0.015403
0.015870
0.015122
0.015737
0.015171
0.016674
0.020878
0.018690
0.018057
0.018624
0.019123
0.017781
0.016752
0.016038
0.031811
0.018020
0.018493
0.017418
0.015753
0.014885
0.014893
0.014654
0.014547
0.016219
0.015255
0.016914
0.015194
0.015056
0.015709
0.016768
0.016405
0.019335
0.020356
0.019700
0.017851
0.018350
0.018085
0.019528
0.016403
0.019825
0.018333
0.021642
0.019057
0.018130
0.018325
0.015287
0.015404
0.015270
0.015777
0.015288
0.015964
0.016062
0.015692
0.014796
0.016008
0.015544
0.016990
0.020502
0.018781
0.021675
0.019328
0.018400
0.017779
0.018726
0.020864
0.018648
0.016725
0.015729
0.015252
0.015491
0.015332
0.015925
0.016780
0.014655
0.014684
0.014983
0.015207
0.015073
0.014891
0.016253
0.017907
0.017488
0.018863
0.015630
0.016542
0.016274
0.021179
0.022236
0.016673
0.015899
0.018529
0.017946
0.015696
0.014783
0.014995
0.014832
0.014375
0.014581
0.014380
0.015064
0.014234
0.018539
0.014465
0.014375
0.014253
0.014558
0.014889
0.014842
0.016497
0.015385
0.014972
0.014424
0.014553
0.014977
0.014329
0.014370
0.015221
0.016474
0.016655
0.018440
0.017493
0.018274
0.019367
0.020179
0.019712
0.019453
0.021109
0.018667
0.017287
0.015297
0.020454
0.016453
0.015949
0.015440
0.015018
0.015017
0.018258
0.015610
0.017681
0.015133
0.015211
0.018153
0.016670
0.015679
0.017079
0.019161
0.018611
0.017458
0.020639
0.019476
0.019601
0.017261
0.016661
0.020460
0.018100
0.015810
0.015463
0.014879
0.014940
0.014837
0.014749
0.014792
0.014600
0.016071
0.014982
0.019116
0.018183
0.016811
0.016737
0.017912
0.019760
0.018118
0.018190
0.019087
0.024780
0.021281
0.018543
0.018512
0.016963
0.016200
0.017098
0.017088
0.017082
0.015055
0.016093
0.015138
0.020879
0.015133
0.014603
0.021946
0.016008
0.017575
0.016508
0.020996
0.020445
0.020628
0.021292
0.022264
0.019762
0.019674
0.019120
0.017839
0.016189
0.017572
0.016580
0.016402
0.015242
0.014717
0.014824
0.014609
0.015198
0.015058
0.014602
0.014563
0.014545
0.014778
0.017255
0.015477
0.016952
0.017104
0.029268
0.023921
0.016131
0.016232
0.018887
0.016779
0.017320
0.019206
0.019454
0.020439
0.021300
0.019125
0.021376
0.023946
0.019626
0.018629
0.017269
0.015698
0.015699
0.015234
0.015707
0.015520
0.015382
0.015486
0.015290
0.015644
0.015525
0.015559
0.016125
0.015141
0.016435
0.017118
0.018580
0.019124
0.017238
0.017515
0.019446
0.020350
0.019350
0.017811
0.019944
0.017784
0.017019
0.015604
0.014929
0.014915
0.016494
0.014897
0.014500
0.014523
0.014659
0.015047
0.016960
0.017091
0.019308
0.018267
0.018104
0.018943
0.018726
0.018025
0.018905
0.017823
0.018624
0.019613
0.016613
0.018501
0.014242
0.014513
0.014856
0.014605
0.014721
0.014615
0.014505
0.014457
0.014484
0.014580
0.014143
0.015018
0.014398
0.016707
0.020203
0.018618
0.014990
0.017563
0.018810
0.024475
0.017544
0.016105
0.018288
0.017653
0.019162
0.015572
0.014643
0.015229
0.014691
0.014531
0.014380
0.014379
0.014322
0.014520
0.016076
0.015558
0.015800
0.015065
0.014840
0.015812
0.015626
0.015046
0.014290
0.015718
0.014521
0.015433
0.014750
0.015164
0.017319
0.016348
0.016037
0.018134
0.019475
0.017775
0.017389
0.017432
0.016929
0.017964
0.017623
0.016480
0.018812
0.016089
0.016471
0.015022
0.014514
0.014633
0.014670
0.014696
0.015229
0.015476
0.014547
0.014492
0.014627
0.014576
0.015762
0.021274
0.018620
0.019048
0.016212
0.017234
0.017954
0.017062
0.018276
0.018835
0.018009
0.020424
0.018697
0.021295
0.016196
0.015663
0.015062
0.015221
0.014619
0.014733
0.014983
0.014845
0.014328
0.016334
0.014664
0.020003
0.017328
0.015377
0.019552
0.018091
0.016822
0.016456
0.017492
0.023044
0.017015
0.016856
0.017428
0.017778
0.015707
0.015591
0.015117
0.015189
0.021438
0.015646
0.014922
0.015158
0.014978
0.014776
0.014888
0.016296
0.015429
0.015746
0.018517
0.016822
0.020688
0.018750
0.017937
0.016256
0.017434
0.019308
0.015447
0.016179
0.017810
0.024750
0.014388
0.014543
0.014344
0.014423
0.014620
0.014567
0.014579
0.014524
0.014453
0.017201
0.014446
0.014503
0.014874
0.014701
0.014971
0.015100
0.014712
0.014669
0.014736
0.014671
0.014747
0.014724
0.014706
0.019805
0.015457
0.016403
0.018342
0.017565
0.020040
0.017995
0.016071
0.017397
0.016896
0.016434
0.017725
0.015477
0.015022
0.014982
0.014890
0.014930
0.015025
0.017390
0.014465
0.014596
0.014743
0.015527
0.014336
0.014758
0.014862
0.014431
0.014415
0.014156
0.014239
0.017730
0.018404
0.023907
0.020038
0.024201
0.016355
0.021136
0.018688
0.017242
0.019490
0.018740
0.017050
0.015717
0.015637
0.015296
0.015081
0.015533
0.019914
0.020097
0.016079
0.022605
0.021581
0.020311
0.018035
0.016196
0.017666
0.020329
0.016216
0.017655
0.015647
0.017841
0.015189
0.015088
0.014291
0.014513
0.014287
0.014616
0.014282
0.014487
0.014989
0.014955
0.015346
0.015195
0.017172
0.018773
0.017755
0.016940
0.021151
0.015249
0.016303
0.017713
0.018351
0.017463
0.019173
0.020370
0.016391
0.015709
0.015664
0.015407
0.020966
0.016697
0.015691
0.016071
0.015627
0.019724
0.015490
0.015085
0.015743
0.016012
0.016871
0.015098
0.016048
0.015459
0.015471
0.015811
0.015858
0.015751
0.024500
0.019896
0.015933
0.016983
0.016535
0.017972
0.016452
0.020735
0.017328
0.018694
0.032099
0.031634
0.017691
0.016383
0.015040
0.015081
0.014806
0.014687
0.014821
0.014821
0.014561
0.014603
0.014820
0.015770
0.015576
0.017609
0.018680
0.022160
0.016347
0.015960
0.014917
0.016551
0.016953
0.016035
0.017637
0.014766
0.018639
0.019095
0.015726
0.020172
0.014624
0.014893
0.014777
0.015216
0.015244
0.015851
0.014820
0.014796
0.014850
0.014966
0.014953
0.015519
0.015536
0.016357
0.017160
0.020591
0.019878
0.016771
0.017627
0.017422
0.018493
0.019947
0.031341
0.019323
0.015985
0.016284
0.015246
0.014719
0.018449
0.014503
0.015076
0.015152
0.015163
0.014799
0.014791
0.022543
0.018477
0.015302
0.016720
0.016956
0.019142
0.016480
0.026836
0.021182
0.023504
0.019527
0.023467
0.020525
0.018078
0.017437
0.016407
0.015615
0.016051
0.015826
0.016704
0.015312
0.015636
0.014736
0.015157
0.015320
0.015059
0.014946
0.015082
0.014843
0.014867
0.014977
0.014564
0.015015
0.017642
0.019378
0.016781
0.015208
0.018730
0.020615
0.019475
0.018630
0.018872
0.021854
0.018993
0.016555
0.018280
0.014900
0.018320
0.014579
0.014372
0.014897
0.014411
0.015077
0.014496
0.016026
0.015424
0.015275
0.015569
0.015543
0.019909
0.015141
0.015654
0.017532
0.017969
0.018106
0.021606
0.017467
0.023527
0.018873
0.018964
0.020921
0.017859
0.016252
0.015100
0.015450
0.015160
0.018098
0.014169
0.016561
0.015731
0.015870
0.016905
0.016371
0.020385
0.017250
0.017230
0.026720
0.017447
0.017201
0.018052
0.017559
0.017492
0.018705
0.017804
0.017639
0.021309
0.017728
0.016077
0.016203
0.015003
0.014871
0.014906
0.014933
0.014709
0.014700
0.014598
0.015035
0.014851
0.014642
0.014896
0.015599
0.016947
0.015452
0.017118
0.018370
0.017956
0.018629
0.017753
0.019378
0.020283
0.016816
0.016120
0.015149
0.014524
0.014384
0.014208
0.014366
0.014349
0.014382
0.014341
0.014283
0.014772
0.014411
0.014410
0.014759
0.014801
0.014655
0.014714
0.015499
0.014478
0.014840
0.014555
0.014757
0.014635
0.015204
0.017566
0.017949
0.017780
0.018478
0.019772
0.021301
0.019467
0.017238
0.017480
0.024213
0.019263
0.023408
0.018972
0.016777
0.018435
0.017783
0.015102
0.018541
0.014777
0.014943
0.014362
0.018576
0.019495
0.015444
0.016004
0.016294
0.017966
0.018560
0.018307
0.018324
0.021633
0.016951
0.018883
0.019452
0.015582
0.016913
0.017824
0.015179
0.017067
0.017128
0.015977
0.022229
0.016351
0.016930
0.014707
0.014499
0.014800
0.014405
0.019611
0.017298
0.019535
0.019531
0.016969
0.018516
0.018696
0.020453
0.018010
0.018620
0.017440
0.017727
0.015703
0.015441
0.014767
0.014797
0.015156
0.014820
0.014834
0.014601
0.014611
0.015067
0.014698
0.015145
0.014491
0.014623
0.020358
0.016745
0.017947
0.016423
0.016251
0.016091
0.018384
0.017477
0.018022
0.015211
0.016050
0.015825
0.017394
0.015743
0.015837
0.016164
0.015876
0.014582
0.014561
0.014591
0.014757
0.014872
0.018463
0.014745
0.014677
0.014789
0.014692
0.014952
0.014666
0.014768
0.014891
0.014768
0.014583
0.014540
0.014502
0.014617
0.022817
0.016462
0.017897
0.018579
0.017958
0.017377
0.017909
0.018188
0.017037
0.016569
0.017137
0.024161
0.015204
0.014489
0.014358
0.014393
0.014194
0.014231
0.014229
0.014155
0.014450
0.014198
0.014090
0.014133
0.014292
0.014197
0.024381
0.016807
0.018103
0.017841
0.018951
0.018411
0.018753
0.020380
0.016637
0.016684
0.018979
0.018023
0.015084
0.014936
0.014641
0.014655
0.014599
0.014642
0.014678
0.014904
0.015748
0.014659
0.015189
0.015628
0.015936
0.020094
0.019172
0.017669
0.017886
0.029862
0.017734
0.018015
0.016418
0.027452
0.018304
0.016737
0.015733
0.015289
0.018778
0.014804
0.014853
0.014551
0.014659
0.014942
0.014690
0.016438
0.015094
0.014615
0.022354
0.016659
0.020341
0.017054
0.017930
0.019355
0.025025
0.019072
0.016576
0.021682
0.016414
0.023180
0.015885
0.015080
0.015296
0.015042
0.015288
0.014975
0.014790
0.014701
0.014695
0.014695
0.014550
0.014704
0.014709
0.014980
0.014822
0.014635
0.014581
0.015871
0.014865
0.014668
0.014685
0.014649
0.014636
0.014676
0.014649
0.016185
0.017456
0.016336
0.016974
0.017755
0.016546
0.017942
0.015334
0.017313
0.017458
0.017284
0.015196
0.014909
0.015422
0.015016
0.015130
0.014974
0.014717
0.014754
0.014869
0.014696
0.014755
0.014784
0.014903
0.015012
0.020912
0.017176
0.020350
0.018061
0.019203
0.018657
0.021313
0.017246
0.017100
0.019658
0.018270
0.022176
0.014855
0.014899
0.015037
0.014716
0.014838
0.015224
0.014694
0.014982
0.015024
0.014788
0.014760
0.017555
0.017272
0.017442
0.015834
0.018117
0.014865
0.017300
0.016910
0.018096
0.017717
0.027842
0.021186
0.023282
0.015467
0.016637
0.015846
0.016773
0.016027
0.016056
0.015371
0.016872
0.015196
0.015260
0.015323
