0.013302
0.032311
0.032563
0.035545
0.019281
0.031976
0.017201
0.032896
0.033744
0.031464
0.032407
0.032469
0.032626
0.032705
0.026976
0.033226
0.032816
0.028722
0.029517
0.031628
0.035277
0.046631
0.030994
0.032966
0.032647
0.031466
0.031560
0.032378
0.032416
0.032626
0.029458
0.031427
0.033608
0.021438
0.031548
0.033459
0.033870
0.032479
0.030965
0.017742
0.019757
0.031842
0.032457
0.032644
0.032148
0.031861
0.032429
0.029239
0.032460
0.026069
0.023354
0.032601
0.031933
0.031788
0.034747
0.031267
0.027305
0.036956
0.031353
0.031953
0.023784
0.033150
0.031512
0.019188
0.030059
0.032369
0.020742
0.032217
0.033792
0.033599
0.031204
0.031643
0.033127
0.033477
0.031475
0.016515
0.031293
0.034323
0.030783
0.031543
0.032169
0.032145
0.032364
0.030949
0.025419
0.033874
0.033131
0.022718
0.031895
0.014890
0.032480
0.033192
0.024311
0.016425
0.034179
0.032119
0.019802
0.031951
0.031436
0.019735
0.033731
0.027575
0.033318
0.032682
0.031157
0.033697
0.032678
0.030684
0.032154
0.034473
0.030267
0.018999
0.017352
0.019423
0.027670
0.032289
0.030439
0.032318
0.032274
0.032667
0.032746
0.032215
0.032417
0.030871
0.030954
0.032153
0.015906
0.015000
0.019215
0.015094
0.014669
0.016497
0.015077
0.014791
0.020786
0.026038
0.031655
0.028142
0.029079
0.034661
0.034294
0.026354
0.032473
0.025038
0.032138
0.032590
0.029503
0.033835
0.031674
0.018652
0.031844
0.032993
0.031579
0.028873
0.030337
0.031641
0.032584
0.031567
0.015920
0.024709
0.032343
0.026702
0.031012
0.030410
0.031154
0.031227
0.032650
0.023968
0.033000
0.030440
0.030690
0.031897
0.034485
0.031416
0.034796
0.035261
0.034748
0.027559
0.032488
0.030629
0.020992
0.029845
0.032265
0.026575
0.035364
0.025309
0.033060
0.024782
0.033947
0.024014
0.031435
0.033098
0.035607
0.032084
0.031938
0.028406
0.026219
0.031707
0.031239
0.032640
0.032562
0.030837
0.032559
0.030680
0.023567
0.032950
0.033122
0.032022
0.031633
0.024507
0.032295
0.032457
0.032746
0.032857
0.029666
0.032538
0.026836
0.028539
0.032047
0.031983
0.031989
0.033030
0.032432
0.032109
0.021544
0.030515
0.031011
0.033365
0.031708
0.032841
0.030259
0.034342
0.032209
0.030014
0.032366
0.023605
0.035117
0.033346
0.025273
0.032638
0.027212
0.031413
0.031953
0.031904
0.031714
0.024879
0.031935
0.032318
0.023466
0.023846
0.030752
0.024366
0.030340
0.032550
0.032730
0.033867
0.020526
0.035502
0.031167
0.032076
0.033011
0.029234
0.033564
0.032221
0.032836
0.032887
0.031921
0.025902
0.034085
0.028952
0.031938
0.033822
0.022121
0.033546
0.034365
0.020789
0.033665
0.023025
0.032497
0.032893
0.025215
0.035571
0.020382
0.032886
0.032472
0.035428
0.032915
0.032147
0.033910
0.031834
0.022979
0.037276
0.016223
0.032011
0.027141
0.035998
0.034087
0.027102
0.032846
0.032606
0.031135
0.033896
0.034593
0.035606
0.033362
0.032964
0.031154
0.034164
0.031891
0.028006
0.031827
0.029395
0.031627
0.034477
0.032695
0.031456
0.033458
0.032265
0.032968
0.030468
0.032138
0.024044
0.031421
0.032121
0.031975
0.031645
0.032666
0.035702
0.034304
0.021353
0.033659
0.031695
0.018422
0.035142
0.028804
0.033779
0.030851
0.032886
0.031525
0.027155
0.029459
0.032134
0.032678
0.025116
0.032590
0.033406
0.032779
0.031473
0.031063
0.031870
0.030912
0.027471
0.032006
0.016330
0.031318
0.026452
0.032214
0.031360
0.016436
0.032716
0.029220
0.031494
0.032234
0.033755
0.034625
0.033447
0.023568
0.032065
0.031288
0.032294
0.029946
0.032946
0.030964
0.032641
0.025556
0.032515
0.033443
0.032232
0.032578
0.034307
0.021929
0.032712
0.023369
0.032932
0.032908
0.015772
0.033384
0.032262
0.033407
0.032989
0.031894
0.028311
0.027278
0.032797
0.019321
0.032459
0.033818
0.016489
0.031661
0.033081
0.029512
0.033097
0.028690
0.032742
0.026136
0.016604
0.034301
0.027345
0.033319
0.031791
0.032820
0.033287
0.033477
0.022824
0.032608
0.032742
0.032841
0.022121
0.033641
0.033098
0.031986
0.033486
0.032216
0.034455
0.031790
0.033851
0.022046
0.031851
0.023516
0.033945
0.033091
0.021888
0.029690
0.027489
0.032562
0.032716
0.032295
0.033247
0.031359
0.035393
0.033042
0.033145
0.032169
0.032389
0.034570
0.032078
0.032616
0.032930
0.032270
0.031681
0.029357
0.018668
0.018262
0.016760
0.016845
0.019998
0.019412
0.033241
0.033115
0.025758
0.027439
0.033740
0.034053
0.025182
0.029828
0.031340
0.033872
0.020653
0.032437
0.032197
0.031720
0.019723
0.032477
0.030926
0.031796
0.019557
0.032271
0.030910
0.031550
0.017008
0.015482
0.016604
0.031565
0.033696
0.016342
0.032676
0.028388
0.031183
0.019596
0.031899
0.026351
0.034129
0.032001
0.034702
0.032340
0.031516
0.018519
0.030993
0.033268
0.032967
0.016065
0.031445
0.029195
0.033062
0.032563
0.032839
0.032451
0.026248
0.030851
0.032053
0.026420
0.032566
0.019906
0.032248
0.032988
0.023125
0.030669
0.032859
0.033195
0.034313
0.032811
0.033016
0.034138
0.020493
0.035831
0.031897
0.033104
0.023188
0.031499
0.032245
0.032786
0.032477
0.031900
0.031875
0.033092
0.031253
0.023752
0.032650
0.015963
0.033655
0.023072
0.031915
