0.003100
0.018449
0.019512
0.018522
0.015749
0.014796
0.014515
0.014623
0.016183
0.015438
0.014035
0.014158
0.017037
0.019381
0.023921
0.017240
0.017540
0.017165
0.018815
0.016495
0.016698
0.019086
0.016718
0.017082
0.016259
0.014738
0.015575
0.014896
0.015016
0.015148
0.014920
0.014941
0.014727
0.014826
0.014841
0.014555
0.014657
0.014684
0.014732
0.015661
0.017891
0.015935
0.017899
0.015699
0.023175
0.018624
0.017330
0.015933
0.017256
0.021934
0.020049
0.019417
0.017414
0.019445
0.026994
0.018156
0.016971
0.017398
0.016693
0.015241
0.015154
0.014760
0.014751
0.014615
0.014448
0.015227
0.016057
0.014997
0.017290
0.015090
0.015445
0.014870
0.016190
0.015832
0.017486
0.015670
0.019384
0.019311
0.016436
0.017812
0.016273
0.018674
0.019142
0.019382
0.021189
0.018422
0.016139
0.017669
0.016387
0.021246
0.020312
0.020352
0.016500
0.020574
0.015930
0.015932
0.015754
0.016129
0.017159
0.015714
0.016693
0.015898
0.021440
0.016476
0.015959
0.015816
0.016222
0.016156
0.016367
0.016876
0.016884
0.016865
0.016989
0.019380
0.017085
0.017060
0.016551
0.016279
0.016196
0.016790
0.017615
0.018498
