576,211,99,96
580,213,98,89
581,212,98,92
581,212,97,91
584,212,94,92
585,212,95,91
584,210,94,92
586,210,94,92
589,210,92,92
589,209,90,93
591,210,89,90
592,210,96,88
591,209,101,90
592,209,103,92
593,210,103,94
592,210,110,92
591,207,109,94
593,207,111,96
591,206,116,94
595,203,117,97
591,202,118,99
595,200,111,100
600,200,108,100
599,198,106,101
591,199,111,103
596,199,101,100
592,201,102,100
597,203,102,95
594,204,97,96
598,203,94,93
595,204,97,91
594,203,96,92
591,205,98,90
593,203,94,91
592,203,90,92
593,204,90,93
589,204,89,90
589,202,89,93
589,202,88,94
585,203,91,93
582,200,93,95
582,195,92,100
575,192,97,105
574,196,99,99
574,197,102,97
558,198,112,98
574,196,95,97
554,198,115,100
566,200,97,97
561,199,101,95
561,199,87,94
565,197,77,97
555,198,85,96
551,205,99,92
539,205,105,93
535,203,105,96
535,203,107,96
561,206,106,95
543,206,117,94
554,210,109,91
528,204,120,95
612,229,63,74
618,234,64,68
591,232,66,66
592,235,64,65
592,235,73,65
590,234,76,67
589,234,75,67
612,235,70,66
591,235,80,67
588,235,79,67
591,234,78,67
591,234,86,67
586,235,72,66
593,235,75,65
587,234,74,67
593,234,85,66
583,234,74,66
586,234,77,65
606,233,76,65
606,233,74,65
612,233,69,65
589,235,79,63
589,234,81,66
586,234,84,68
591,233,75,65
587,233,82,66
588,234,77,67
507,210,97,84
534,213,94,85
509,206,95,88
510,208,94,87
512,204,93,92
512,206,98,89
517,206,95,90
526,207,97,92
525,206,95,92
582,228,79,73
541,208,89,88
531,210,110,92
560,209,90,87
529,206,114,94
537,202,108,96
540,203,109,97
547,203,100,101
561,209,104,95
558,202,98,98
562,202,94,99
566,203,97,98
562,203,98,98
563,205,102,95
563,204,103,97
566,204,105,96
568,204,102,95
570,204,100,96
574,204,97,96
578,203,96,96
576,203,97,96
580,204,98,94
584,205,97,93
587,206,98,94
588,207,96,92
591,208,95,89
595,209,94,89
592,210,97,89
597,210,93,86
594,210,97,88
594,209,100,87
592,206,104,89
590,203,109,91
587,203,113,91
574,206,119,88
588,203,111,95
603,200,99,94
612,199,92,94
582,210,109,85
596,208,96,86
600,208,102,86
599,207,103,88
593,206,106,89
598,204,105,90
578,203,115,92
581,211,115,88
576,212,96,86
583,212,101,86
581,210,103,91
581,209,104,91
580,210,99,88
579,212,104,87
578,214,103,83
576,214,102,84
575,215,97,83
577,216,99,83
574,215,97,85
576,217,91,82
572,216,96,83
573,208,89,89
571,212,84,84
571,211,80,85
571,211,77,83
569,212,76,82
563,210,79,83
563,214,75,79
560,215,72,80
557,210,70,84
551,215,73,78
558,213,63,81
542,213,77,79
537,215,79,81
538,213,73,79
537,215,71,79
534,217,73,75
532,217,72,76
528,217,71,75
527,211,65,79
523,215,65,76
521,209,64,81
519,207,67,82
514,206,69,84
512,207,69,81
509,201,67,76
510,204,65,77
509,209,64,81
492,180,74,96
509,214,80,80
526,216,69,76
595,192,80,87
571,211,93,76
589,214,89,68
591,200,91,80
583,205,99,81
602,177,96,98
601,170,108,117
610,178,94,103
615,173,102,113
628,186,98,103
634,179,92,97
629,184,102,101
636,172,98,107
631,179,109,110
645,196,102,90
652,200,82,82
655,203,84,82
583,236,57,67
582,237,58,62
580,237,56,57
581,235,55,57
581,235,54,56
580,235,54,57
581,236,54,56
581,236,53,55
581,236,54,57
581,235,54,56
582,235,54,57
583,236,52,56
584,236,52,55
581,236,54,57
582,236,54,56
583,235,51,55
582,236,53,57
583,236,52,56
582,236,53,57
581,236,53,58
640,232,61,63
638,233,63,63
625,233,70,62
579,237,55,59
577,236,54,58
584,235,54,58
579,236,52,58
583,236,55,57
576,235,53,59
583,236,53,59
577,236,54,59
578,236,52,58
579,235,53,57
577,236,54,57
576,235,54,58
577,235,53,57
576,236,53,58
577,236,52,57
575,236,55,57
578,235,52,57
575,236,54,59
574,236,54,56
577,236,51,57
575,236,52,57
578,236,50,57
576,236,52,57
577,236,52,57
577,235,50,57
578,236,50,58
576,236,52,58
579,236,50,57
575,236,52,57
578,236,50,57
576,235,51,57
574,235,51,57
536,231,44,60
535,231,47,62
574,236,52,59
573,235,52,58
573,235,53,57
576,235,52,58
578,235,51,59
536,230,45,61
575,236,50,59
575,236,51,58
576,235,52,59
580,234,49,58
572,236,50,57
537,230,43,61
603,230,56,68
581,229,72,69
580,228,69,68
579,229,65,67
580,230,68,66
535,225,54,69
575,233,63,61
573,232,64,64
573,231,63,64
574,232,59,64
569,229,62,67
567,229,63,69
560,228,66,69
560,230,64,67
547,229,72,66
539,225,57,68
482,212,58,81
440,195,68,100
432,195,62,99
446,204,76,91
443,207,69,90
479,218,77,87
459,188,81,106
578,225,61,74
567,227,59,69
546,224,53,70
570,224,55,70
562,226,62,70
563,226,61,70
563,226,60,67
563,229,55,61
530,226,58,68
548,225,57,66
488,209,64,83
438,192,67,103
458,194,81,108
540,219,59,80
539,224,55,70
535,225,54,67
528,224,56,68
533,223,52,71
577,236,55,62
527,224,55,69
499,217,57,76
438,202,70,95
447,211,71,86
450,196,73,98
459,205,73,91
455,206,77,95
464,201,80,94
448,203,69,92
446,205,64,90
457,204,71,91
446,206,73,92
456,200,69,93
430,207,63,90
455,195,69,97
443,203,67,90
430,209,62,85
453,199,71,92
444,204,67,88
446,207,71,87
454,207,69,89
457,202,69,96
435,205,68,93
442,205,63,89
469,205,70,93
582,233,51,65
580,235,51,59
582,236,49,57
581,236,49,54
580,237,49,57
582,237,48,54
545,230,46,59
578,237,55,58
580,237,52,55
580,236,52,56
591,236,53,56
579,238,53,54
579,237,57,54
580,236,56,57
581,234,59,58
580,237,59,56
579,238,60,55
579,235,63,58
585,235,63,59
630,233,55,64
586,232,74,64
584,218,93,80
583,220,93,78
579,220,86,78
601,223,80,73
588,224,85,72
634,231,67,66
623,234,70,64
629,232,71,61
641,232,64,63
639,231,67,63
629,233,63,61
566,218,70,73
567,221,66,73
562,223,71,71
562,221,72,73
558,223,72,73
555,225,72,70
570,232,63,67
560,227,65,67
585,236,58,65
548,221,52,69
554,225,56,67
536,220,57,68
543,221,59,72
579,236,58,62
532,220,58,73
579,236,59,61
580,237,57,60
582,237,56,60
584,238,54,59
585,238,53,58
585,238,53,58
584,238,56,60
585,238,57,58
587,238,60,61
585,238,58,57
587,238,57,63
588,237,56,60
590,237,55,62
591,238,52,59
593,237,55,59
594,238,53,60
596,238,53,61
597,238,52,59
599,238,51,59
602,238,51,58
603,238,53,59
603,237,53,59
605,238,51,58
606,237,52,59
608,237,52,60
609,237,53,59
611,237,49,57
610,237,53,59
615,237,50,59
614,238,50,60
618,239,48,61
617,238,52,59
618,238,52,61
621,237,48,61
622,238,50,63
623,238,48,61
626,238,53,61
626,238,51,60
627,237,53,61
631,237,54,62
633,235,56,63
633,236,55,62
635,235,54,64
634,236,56,62
635,236,55,62
635,236,55,62
635,237,56,62
635,237,57,62
635,237,59,61
635,238,59,61
555,235,52,61
634,236,58,64
635,237,58,62
636,237,54,62
636,238,56,62
636,237,55,61
636,238,55,61
637,238,56,60
637,237,54,61
636,238,57,61
635,238,56,61
569,233,48,61
636,237,54,64
635,237,55,62
635,237,56,61
575,235,45,62
575,235,48,59
637,237,52,64
635,238,55,61
636,238,53,61
636,237,53,61
636,237,54,61
636,237,55,61
636,237,54,60
636,238,52,61
635,237,55,61
634,238,56,60
635,237,53,61
635,238,55,61
635,238,54,61
636,237,55,61
635,238,53,61
635,237,54,60
634,237,55,61
634,237,56,61
634,237,55,62
633,238,56,62
633,237,57,62
634,237,56,62
634,237,54,62
633,237,55,62
634,237,55,62
634,237,56,62
633,237,55,62
633,237,56,61
634,238,56,62
634,237,55,61
634,237,55,61
634,237,55,62
634,237,56,62
634,238,56,61
633,237,55,61
634,237,55,61
634,238,54,60
635,237,55,61
632,237,55,61
634,237,54,62
634,237,55,62
633,237,57,62
633,237,57,63
634,237,55,62
633,238,56,61
634,238,54,61
634,238,55,61
634,238,55,61
634,238,55,60
634,238,55,60
634,237,54,61
635,237,54,60
632,238,54,60
635,238,56,60
635,238,55,60
636,237,54,60
593,236,48,62
636,237,55,62
636,238,56,61
636,237,54,60
593,236,48,62
594,236,45,64
635,238,55,61
635,238,59,60
635,238,59,60
635,238,60,61
637,237,57,60
636,238,57,61
636,238,59,61
637,237,56,62
636,238,58,60
637,237,55,61
636,237,57,60
636,237,59,60
636,238,55,61
636,237,57,60
635,238,56,59
636,238,57,60
635,238,57,60
635,237,54,59
636,237,56,60
635,237,58,60
636,237,55,60
593,236,47,63
635,237,59,61
636,238,57,61
634,238,57,60
591,236,51,62
593,235,49,62
594,236,49,63
591,236,49,63
594,236,46,63
636,237,58,61
635,238,61,61
634,238,62,61
591,236,53,63
