899,171,40,70
900,167,37,75
900,167,35,75
899,168,35,76
898,170,34,75
898,170,33,75
893,169,34,77
887,169,36,78
875,169,40,82
875,170,37,79
864,170,41,82
861,171,40,82
862,171,37,82
860,172,39,83
816,170,40,87
858,173,37,82
865,173,33,81
861,174,34,81
864,174,35,80
864,174,34,78
864,174,34,80
868,175,34,80
870,173,36,78
896,165,40,82
828,167,41,89
872,165,36,81
860,161,40,81
863,157,44,83
868,154,41,83
868,156,40,83
878,158,38,80
886,157,37,82
887,159,39,83
864,161,37,84
911,156,37,80
838,155,32,79
874,159,37,84
881,162,34,79
925,161,33,86
928,166,31,84
896,177,31,77
896,179,34,77
902,177,32,81
904,176,33,80
904,176,32,82
906,177,32,81
904,176,35,82
905,177,34,82
909,178,36,81
910,176,33,79
918,177,35,80
915,177,34,82
915,178,35,80
917,177,33,79
918,178,34,79
919,178,34,79
924,180,31,80
928,181,30,79
926,181,32,79
932,180,26,81
931,181,26,79
930,179,28,82
928,180,30,80
931,177,28,83
927,183,31,78
934,179,25,84
932,182,24,79
936,179,23,82
932,180,25,80
934,176,25,86
924,172,32,83
852,190,38,54
842,184,32,65
850,185,33,64
848,179,31,74
853,186,27,60
850,181,30,75
849,183,37,75
849,183,42,75
853,180,47,77
864,184,35,69
863,186,35,69
809,168,31,75
869,185,36,73
805,167,31,77
804,167,34,76
810,167,30,75
804,167,33,75
808,166,30,71
807,166,30,72
809,166,29,71
809,167,29,70
809,165,30,69
811,164,29,68
810,161,30,68
812,160,30,72
807,157,32,78
806,158,34,74
796,157,37,85
796,160,42,90
793,164,47,86
791,169,51,83
793,173,51,84
786,180,47,78
751,183,45,77
792,185,48,74
790,188,52,72
752,180,39,80
799,183,38,77
798,176,39,82
800,182,41,78
803,180,39,80
762,174,32,81
806,183,42,78
746,180,42,83
807,188,55,75
808,187,56,77
809,187,57,78
806,189,54,77
815,186,50,80
817,189,46,76
828,184,40,80
826,183,42,80
831,183,45,80
834,184,41,80
837,184,40,79
836,183,42,81
835,186,48,79
837,184,49,80
777,184,41,79
774,183,50,80
792,183,37,80
842,184,59,80
845,185,57,80
781,180,49,84
798,180,38,85
865,181,44,83
870,182,44,81
871,181,45,81
809,183,37,80
815,179,36,84
819,178,36,85
818,175,38,85
744,159,32,78
742,148,32,82
737,143,33,84
729,139,34,84
726,136,36,86
722,127,35,88
716,130,35,86
717,127,32,83
718,122,32,87
713,128,31,85
694,135,37,85
702,137,33,89
703,148,30,86
634,151,30,74
634,155,31,73
634,157,31,76
633,159,34,76
704,166,31,87
695,167,33,85
673,171,35,83
680,171,37,80
662,172,32,82
663,171,32,82
669,172,38,83
674,173,40,83
676,172,40,84
677,172,39,85
683,173,37,83
688,173,34,83
685,174,35,81
693,174,33,83
694,175,34,83
697,174,34,83
700,174,35,84
702,175,36,83
703,175,35,84
703,175,36,84
712,175,36,84
712,176,37,83
716,174,38,85
727,175,34,83
735,173,35,85
750,171,36,85
760,169,35,84
767,171,39,85
769,171,38,83
761,171,40,85
755,171,40,84
755,172,42,81
753,170,43,82
751,171,44,82
750,174,45,83
754,172,44,85
761,172,43,86
770,170,43,85
706,165,36,73
711,165,34,74
705,166,38,75
708,166,37,77
787,171,40,84
790,170,45,84
793,171,44,82
788,171,47,83
785,171,47,84
787,169,48,83
783,171,39,83
783,172,43,85
792,174,45,80
797,177,43,83
814,180,43,82
836,179,42,89
856,178,44,85
859,179,50,87
864,182,49,85
867,180,48,87
868,181,43,84
879,181,48,89
867,176,49,90
863,176,42,87
870,173,37,83
806,186,38,60
811,188,41,59
813,191,37,56
815,187,37,61
814,190,37,57
810,189,37,57
801,189,37,56
788,187,37,59
767,182,36,60
742,175,33,61
733,177,37,61
724,178,38,61
654,163,34,74
636,162,37,74
641,164,32,69
642,168,30,68
641,166,33,72
641,168,32,72
644,167,32,72
651,168,34,71
701,169,31,67
712,169,30,69
721,169,30,70
758,169,36,75
744,164,30,71
752,163,28,71
757,160,30,72
756,160,31,72
755,159,32,74
754,157,32,77
754,151,32,74
789,150,37,79
789,148,39,79
786,149,38,78
786,154,37,77
785,158,34,78
782,164,34,77
780,168,36,78
775,171,37,76
772,174,35,76
767,173,39,77
768,172,38,78
772,173,36,77
773,172,37,79
774,175,37,80
778,180,36,79
783,185,36,79
787,184,39,79
792,182,38,80
794,181,38,81
794,181,41,79
736,178,41,77
737,178,37,75
734,180,42,79
738,181,38,74
737,181,41,81
737,180,39,77
737,181,42,78
801,186,42,79
736,184,40,75
734,182,38,77
737,181,40,78
738,182,38,76
734,182,35,79
733,182,35,78
688,186,32,75
739,184,33,76
739,183,31,77
740,183,30,77
740,183,33,77
743,183,32,79
742,183,34,78
744,183,36,78
745,183,34,77
747,183,36,79
749,182,36,78
751,183,38,78
753,183,40,76
752,182,39,80
754,182,39,79
755,182,39,80
756,182,39,80
757,183,38,77
758,182,37,81
758,182,37,77
757,182,36,80
758,182,37,80
760,183,38,80
760,183,38,81
763,182,38,80
765,182,39,80
764,183,39,83
767,184,38,80
768,183,37,81
771,184,37,82
772,183,39,81
773,184,41,79
774,184,43,80
776,184,41,80
779,184,41,80
778,184,43,81
781,185,45,80
782,184,44,81
783,184,44,81
788,183,43,81
792,184,39,81
796,183,38,82
800,182,37,83
801,183,39,83
803,182,40,82
803,182,40,84
804,182,41,84
804,184,44,82
805,184,44,81
760,184,36,79
763,184,37,81
762,184,36,80
813,185,41,82
814,185,42,83
820,184,39,83
823,184,38,83
826,184,36,83
829,184,36,83
830,185,37,83
832,185,38,84
832,184,40,84
835,184,42,84
834,183,47,84
834,184,49,84
834,185,49,84
836,183,51,85
837,185,48,83
841,184,47,83
847,182,44,87
851,183,41,87
856,182,41,86
861,182,38,85
865,181,38,84
862,181,41,84
870,183,37,85
871,182,42,83
876,181,39,86
872,182,42,84
874,183,41,85
880,182,40,85
830,183,44,82
882,184,39,81
831,182,45,81
833,180,49,80
833,181,49,83
838,181,46,82
763,181,45,74
765,184,40,70
768,184,37,68
766,184,38,69
762,183,39,69
761,183,39,69
761,182,38,70
763,184,39,68
764,188,37,66
767,184,37,68
762,188,40,66
770,184,38,68
765,183,43,69
692,184,41,86
698,185,38,87
693,184,40,85
697,185,43,87
701,187,39,85
706,188,36,84
708,187,33,86
712,190,33,85
684,192,45,86
680,193,39,84
682,189,41,85
716,192,44,82
721,191,43,83
723,190,42,87
723,192,45,84
698,188,38,89
700,190,39,90
703,189,41,90
707,189,43,89
706,189,55,91
705,187,51,93
712,187,56,93
709,190,55,92
714,190,53,91
717,188,53,92
725,188,49,92
728,187,45,89
734,187,41,89
738,188,41,97
731,188,49,90
742,187,43,95
742,187,46,96
774,186,37,91
777,188,37,91
777,188,36,91
781,190,36,91
783,190,38,94
782,190,38,87
773,189,40,94
787,188,48,94
788,187,53,88
788,186,49,96
805,186,40,93
790,188,54,98
787,189,62,99
788,190,61,99
788,189,61,100
786,186,63,103
792,186,61,102
798,186,58,101
810,188,53,97
814,188,53,100
820,188,55,99
824,189,52,98
829,188,50,97
746,184,37,90
746,194,34,79
748,182,37,85
744,181,37,89
746,181,36,86
744,181,38,87
743,180,43,92
744,179,38,84
750,184,41,81
817,187,43,80
815,186,50,82
758,189,51,80
829,185,48,85
812,185,53,79
811,190,47,75
812,191,37,76
824,187,46,77
793,190,42,78
796,187,41,82
855,184,43,81
795,188,38,75
796,190,37,75
803,189,38,75
806,190,39,74
810,191,40,77
815,193,39,73
854,188,34,79
854,189,34,79
823,191,40,79
822,192,39,74
828,192,33,73
829,189,37,77
832,189,36,76
836,188,35,79
842,189,35,77
844,191,33,76
850,191,36,77
858,192,37,75
852,185,46,84
859,181,45,87
868,180,52,89
901,183,49,88
868,188,51,80
851,178,66,81
754,184,38,82
694,186,39,79
757,188,37,82
761,189,38,80
755,190,40,81
762,190,41,79
761,188,43,83
765,187,41,83
764,187,40,82
767,187,39,83
770,187,38,83
775,187,37,82
778,186,36,80
781,186,36,82
782,186,38,81
720,191,33,74
724,189,34,76
727,191,34,74
789,189,42,79
791,188,44,79
796,188,42,79
801,187,40,78
802,185,41,78
804,186,39,79
806,183,39,80
764,184,31,73
814,186,35,79
817,187,36,78
816,188,39,80
819,188,38,77
820,188,36,78
828,189,37,77
829,191,40,78
827,189,43,78
833,191,40,77
833,190,41,77
833,189,36,78
836,191,35,77
843,191,33,78
841,189,36,79
843,190,38,77
845,189,39,76
846,189,37,79
851,190,35,77
856,189,33,79
854,189,36,80
862,189,35,82
861,191,31,80
866,190,32,80
869,191,32,78
868,191,34,80
868,191,35,79
866,194,36,79
882,198,30,71
867,197,34,75
856,195,38,76
796,192,44,74
735,185,44,92
738,189,64,93
740,186,60,93
738,185,47,88
739,184,41,90
741,184,42,84
743,185,43,88
749,182,40,88
750,183,41,90
748,182,45,87
748,182,46,87
683,168,36,91
685,170,39,90
681,169,40,92
683,168,40,93
685,168,40,92
687,168,40,93
687,169,41,94
683,168,44,95
682,168,44,93
684,168,40,91
690,166,41,91
775,183,40,86
773,183,45,86
780,181,42,90
689,164,41,95
687,165,42,95
685,164,39,93
685,165,37,91
686,164,38,90
719,178,46,82
719,180,48,80
720,179,49,80
716,179,53,82
688,168,36,87
686,172,33,84
685,176,31,79
684,180,31,74
750,180,40,81
810,184,38,87
855,193,44,83
848,187,45,89
862,189,44,84
856,189,47,84
867,197,40,74
876,191,38,75
875,197,36,69
821,184,39,86
740,180,33,74
739,180,33,77
745,182,33,84
739,184,36,74
750,186,38,88
828,187,41,83
833,185,40,85
831,185,43,89
835,185,41,86
838,184,38,83
836,182,41,80
851,178,43,81
811,178,43,86
814,180,41,86
820,178,43,87
844,181,45,86
829,176,38,89
833,176,41,88
833,177,41,87
842,178,41,88
839,177,38,87
843,177,38,84
843,178,39,84
848,178,37,82
850,178,38,82
853,181,36,79
857,177,35,83
819,170,53,74
740,172,61,86
732,179,44,88
736,178,40,86
734,178,40,86
734,178,40,85
732,177,42,89
732,177,42,86
731,177,41,90
728,177,44,89
736,177,38,86
740,178,33,81
738,178,33,83
738,180,33,85
739,180,32,79
739,180,31,77
737,179,33,79
736,179,34,80
737,179,34,78
738,180,33,77
738,180,33,77
737,180,32,77
736,180,33,77
736,179,34,78
739,180,33,76
739,181,32,75
738,180,34,77
739,180,32,77
738,181,32,77
738,181,33,77
736,180,34,79
738,181,34,77
737,181,33,76
737,181,34,77
736,180,34,78
737,181,33,77
737,180,32,77
736,181,32,75
736,181,33,76
737,180,32,76
737,180,31,74
737,181,32,78
735,180,34,79
737,180,35,78
739,180,34,78
737,181,35,76
735,182,36,78
729,182,41,75
735,181,35,76
664,193,34,72
