0.001566
0.014936
0.016339
0.014327
0.014970
0.014415
0.017023
0.015174
0.016601
0.014939
0.014830
0.016755
0.020517
0.016916
0.016380
0.016050
0.016697
0.015244
0.015247
0.016120
0.015594
0.016862
0.016348
0.016737
0.019055
0.015500
0.021914
0.016455
0.017427
0.019215
0.015608
0.016854
0.014954
0.015073
0.015082
0.015807
0.016005
0.017630
0.015768
0.015605
0.016253
0.016068
0.017702
0.016032
0.016541
0.015224
0.015083
0.016333
0.015970
0.015777
0.016424
0.016310
0.015511
0.015121
0.016386
0.015663
0.015471
0.016000
0.015566
0.015854
0.016317
0.015982
0.016533
0.016082
0.017332
0.023591
0.014852
0.016090
0.016935
0.018079
0.015536
0.017002
0.015829
0.015772
0.016450
0.015078
0.015124
0.014874
0.015332
0.014832
0.015079
0.015108
0.018569
0.016870
0.015118
0.016550
0.014589
0.015225
0.015938
0.015703
0.023461
0.015247
0.019458
0.016306
0.015578
0.015307
0.017082
0.018085
0.015799
0.015071
0.015068
0.017449
0.015693
0.015774
0.015280
0.016145
0.014981
0.020750
0.015742
0.019203
0.016882
0.015674
0.015987
0.016610
0.016574
0.017580
0.015548
0.014888
0.016716
0.016129
0.014588
0.014461
0.015527
0.017949
0.015385
0.015771
0.015801
0.016044
0.015941
0.015698
0.015742
0.017850
0.015538
0.014832
0.014851
0.015311
0.015808
0.020709
0.015638
0.015898
0.015593
0.015510
0.015271
0.015757
0.014466
0.019518
0.015227
0.015617
0.018331
0.015510
0.015710
0.015002
0.020158
0.015166
0.016970
0.015440
0.015320
0.015957
0.017724
0.015344
0.014704
0.015058
0.015681
0.017526
0.017129
0.015422
0.015322
0.015784
0.017654
0.015384
0.015269
0.015920
0.015623
0.015964
0.016523
0.019341
0.016521
0.016185
0.015663
0.019215
0.015271
0.015276
0.015287
0.015008
0.015724
0.019033
0.016851
0.017143
0.015986
0.016353
0.015788
0.015623
0.015160
0.015208
0.016185
0.015215
0.015224
0.015120
0.015302
0.014888
0.016103
0.018490
0.014932
0.015778
0.024247
0.014829
0.015333
0.015501
0.015100
0.015932
0.014645
0.016149
0.015615
0.015117
0.015813
0.015429
0.015588
0.015563
0.016025
0.015667
0.017167
0.019287
0.019214
0.015217
0.014841
0.015544
0.016788
0.016375
0.014846
0.015704
0.016494
0.015381
0.014984
0.014528
0.015298
0.016248
0.016082
0.019577
0.015386
0.016006
0.015431
0.014729
0.015589
0.015552
0.017145
0.015305
0.015993
0.014922
0.015111
0.014526
0.015188
0.015822
0.015188
0.017922
0.015846
0.015369
0.016682
0.017906
0.015569
0.016404
0.014956
0.014958
0.015534
0.017146
0.020296
0.015132
0.015440
0.015221
0.014827
0.014672
0.014355
0.019032
0.014793
0.015681
0.015524
0.015060
0.015961
0.015697
0.015061
0.015578
0.015359
0.017291
0.014803
0.015115
0.014687
0.016567
0.016055
0.014881
0.015824
0.014975
0.017113
0.018259
0.015335
0.015273
0.014978
0.015002
0.014724
0.015316
0.015557
0.018398
0.015083
0.015399
0.015918
0.015218
0.015075
0.016106
0.020863
0.016431
0.017502
0.015093
0.015649
0.019208
0.014993
0.015317
0.017676
0.014919
0.014792
0.015564
0.021404
0.015324
0.015579
0.014777
0.017123
0.016294
0.015838
0.014854
0.015153
0.014518
0.015274
0.014855
0.014876
0.015324
0.014990
0.016259
0.017885
0.015984
0.016515
0.020622
0.019504
0.016199
0.016193
0.015343
0.015755
0.014744
0.015449
0.014592
0.015064
0.016307
0.015228
0.015431
0.014921
0.014980
0.015641
0.014841
0.017122
0.014925
0.014555
0.014474
0.015329
0.018843
0.017213
0.016490
0.015023
0.015460
0.017181
0.014416
0.015717
0.014320
0.014822
0.014912
0.018591
0.015894
0.014716
0.016354
0.015495
0.016657
0.015133
0.015193
0.015313
0.014677
0.014930
0.016058
0.015183
0.021537
0.015641
0.014545
0.014931
0.015169
0.014474
0.014941
0.014873
0.014738
0.014396
0.015778
0.014813
0.014454
0.016033
0.014822
0.015560
0.016259
0.015003
0.014410
0.015227
0.014937
0.014625
0.015346
0.014890
0.015141
0.015429
0.014928
0.015429
0.014799
0.015030
0.015295
0.014369
0.016190
0.015697
0.015117
0.015242
0.016490
0.014835
0.015085
0.016241
0.017231
0.015987
0.014614
0.014645
0.015754
0.015615
0.015495
0.016134
0.014980
0.020313
0.016877
0.015826
0.016067
0.016174
0.016523
0.017918
0.017057
0.019076
0.015620
0.015742
0.015450
0.019282
0.015854
0.016023
0.015606
0.014878
0.015142
0.017704
0.018577
0.015172
0.017837
0.015925
0.016289
0.015270
0.015846
0.016320
0.018425
0.018178
0.016248
0.014987
0.019417
0.015140
0.020309
0.016258
0.016636
0.017091
0.017736
0.017212
0.016191
0.016292
0.016545
0.018522
0.019441
0.015676
0.015007
0.016002
0.015027
0.016127
0.015355
0.015721
0.017192
0.015823
0.014845
0.014750
0.015615
0.014843
0.014749
0.014791
0.019653
0.015343
0.015031
0.015372
0.015582
0.015297
0.018778
0.019948
0.016429
0.014745
0.015012
0.015357
0.022293
0.017164
0.015468
0.016700
0.016138
0.016164
0.016699
0.016232
0.015193
0.015796
0.016331
0.015915
0.015662
0.015245
0.014994
0.014506
0.016945
0.016025
0.017921
0.017454
0.016199
0.016686
0.016882
0.018061
0.016942
0.015597
0.016312
0.016203
0.015329
0.016796
0.018276
0.019253
0.015673
0.017499
0.016069
0.016930
0.015585
0.019299
0.016593
0.015779
0.018323
0.016222
0.017093
0.016872
0.015297
0.015654
0.016933
0.019137
0.015379
0.016079
0.015448
0.015629
0.015718
0.015903
0.015541
0.016913
0.016243
0.016322
0.016104
0.015742
0.015410
0.023803
0.017342
0.015193
0.015949
0.017087
0.015491
0.015286
0.014719
0.015041
0.014586
0.015422
0.017613
0.016366
0.015963
0.017421
0.019255
0.019814
0.017366
0.016080
0.018469
0.015793
0.021325
0.016252
0.016278
0.015153
0.015595
0.018807
0.016253
0.017804
0.017726
0.016133
0.016950
0.018094
0.015757
0.025075
0.021624
0.016129
0.016522
0.015337
0.016669
0.018732
0.019584
0.017944
0.017019
0.020130
0.018897
0.018294
0.020085
0.019217
0.018981
0.016062
0.016315
0.017589
0.019715
0.016953
0.016655
0.018225
0.015356
0.014476
0.015195
0.022673
0.014744
0.015254
0.014741
0.015967
0.015765
0.016174
0.015095
0.014770
0.015606
0.015017
0.018107
0.015905
0.015503
0.016502
0.015645
0.017059
0.017368
0.015680
0.014546
0.015771
0.014687
0.014471
0.015323
0.015684
0.016502
0.014570
0.015437
0.016448
0.021090
0.018728
0.018521
0.015480
0.015467
0.015552
0.016062
0.015332
0.016741
0.017649
0.019437
0.016138
0.014888
0.014875
0.016255
