0.001930
0.020895
0.017376
0.017720
0.018254
0.016434
0.019883
0.016525
0.016562
0.032496
0.021619
0.018806
0.018509
0.017475
0.017405
0.018426
0.018519
0.022262
0.017944
0.031039
0.017049
0.016807
0.024660
0.020491
0.018103
0.017487
0.015800
0.018880
0.018111
0.019660
0.017053
0.022339
0.025209
0.019441
0.017665
0.018433
0.020401
0.016058
0.019068
0.016045
0.024856
0.018970
0.017574
0.019943
0.016085
0.018994
0.019493
0.017108
0.019885
0.015538
0.019428
0.018663
0.018270
0.027950
0.028156
0.018492
0.017654
0.019157
0.022770
0.018653
0.017345
0.030623
0.015996
0.015511
0.017529
0.019607
0.019543
0.016111
0.016417
0.015928
0.018034
0.016880
0.021300
0.015987
0.017529
0.018702
0.016712
0.018425
0.016259
0.016699
0.021413
0.017228
0.018299
0.019277
0.017929
0.016794
0.015767
0.015091
0.026281
0.021319
0.016299
0.020195
0.016805
0.016056
0.022901
0.017422
0.018088
0.017106
0.020200
0.018500
0.021142
0.026098
0.025201
0.016584
0.022353
0.018325
0.017668
0.021343
0.015885
0.015988
0.018156
0.016907
0.015869
0.025797
0.026837
0.015971
0.017318
0.016425
0.016147
0.019373
0.018729
0.016544
0.017483
0.025812
0.015671
0.018561
0.017528
0.015676
0.020450
0.016930
0.016075
0.027018
0.017817
0.016020
0.027139
0.018170
0.017995
0.018688
0.017333
0.017471
0.018390
0.020177
0.015619
0.017205
0.016912
0.016519
0.017702
0.017503
0.016257
0.018349
0.023820
0.015941
0.020562
0.018246
0.018677
0.021405
0.017293
0.017007
0.028743
0.023003
0.015732
0.017785
0.017367
0.017126
0.017401
0.022271
0.016306
0.016089
0.020985
0.015828
0.018457
0.019588
0.018943
0.015579
0.016128
0.015483
0.026786
0.024153
0.015656
0.018743
0.022136
0.016681
0.015138
0.015411
0.017425
0.017831
0.016638
0.015741
0.024884
0.026806
0.017074
0.018840
0.017376
0.016871
0.016480
0.016432
0.016067
0.021600
0.017473
0.016435
0.018675
0.016335
0.016016
0.017855
0.019814
0.016096
0.018062
0.016169
0.016424
0.017314
0.014959
0.016071
0.017747
0.015363
0.017391
0.016760
0.025342
0.029031
0.015676
0.017193
0.040960
0.016394
0.017313
0.019283
0.018505
0.017199
0.015835
0.016238
0.016234
0.016249
0.017905
0.015625
0.024023
0.020271
0.024383
0.020243
0.018976
0.016120
0.017711
0.016842
0.015209
0.018120
0.015985
0.017221
0.017928
0.016172
0.022404
0.018635
0.016452
0.027098
0.016655
0.016610
0.018178
0.021190
0.016144
0.025634
0.026413
0.016704
0.015605
0.015656
0.015281
0.020911
0.016021
0.015025
0.017239
0.015600
0.017677
0.015540
0.017030
0.016545
0.021126
0.018168
0.017739
0.015072
0.020633
0.021198
0.014607
0.024116
0.016938
0.015922
0.016529
0.015579
0.017878
0.016299
0.016682
0.016044
0.015430
0.018419
0.016839
0.015296
0.017302
0.017802
0.017054
0.023279
0.017761
0.016032
0.018032
0.016811
0.020013
0.015123
0.016151
0.016853
0.014352
0.020752
0.015967
0.017522
0.017767
0.017979
0.024643
0.020251
0.016311
0.022590
0.018667
0.018672
0.030922
0.019506
0.018889
0.025145
0.016205
0.017677
0.016740
0.016829
0.029410
0.019746
0.018403
0.028702
0.023293
0.017083
0.027912
0.017364
0.015756
0.015419
0.015592
0.026145
0.016461
0.015151
0.016959
0.017395
0.018218
0.021999
0.019403
0.017104
0.015466
0.015768
0.018486
0.015953
0.015072
0.020784
0.017556
0.016358
0.017647
0.015667
0.017520
0.025968
0.020403
0.015251
0.016364
0.016161
0.028459
0.030344
0.016736
0.015999
0.019572
0.015675
0.016400
0.016197
0.015725
0.019874
0.015994
0.016928
0.017926
0.015170
0.015576
0.015673
0.015216
0.015492
0.015818
0.020080
0.015231
0.014997
0.016094
0.016301
0.021673
0.015049
0.015102
0.016238
0.018552
0.018002
0.017233
0.015208
0.024446
0.022596
0.016348
0.017811
0.015033
0.015447
0.019026
0.018455
0.016950
0.015099
0.017899
0.017688
0.024408
0.017303
0.016278
0.016278
0.018350
0.015558
0.017282
0.024733
0.016193
0.017021
0.016955
0.016071
0.015065
0.018612
0.015497
0.021410
0.015099
0.016001
0.015610
0.019068
0.015822
0.016806
0.018055
0.020549
0.018322
0.017629
0.015869
0.016145
0.017019
0.024726
0.016549
0.027209
0.019897
0.017957
0.030956
0.014998
0.018475
0.021760
0.016780
0.018601
0.015974
0.017951
0.017401
0.016437
0.015398
0.025796
0.031991
0.015604
0.014815
0.015341
0.015090
0.028042
0.016728
0.016164
0.027585
0.019632
0.018505
0.018611
0.016531
0.020574
0.016246
0.016353
0.015979
0.016869
0.016445
0.016045
0.016976
0.017896
0.015765
0.017142
0.017226
0.017855
0.016031
0.018538
0.016854
0.016598
0.024075
0.019980
0.016375
0.016617
0.015524
0.024031
0.017341
0.015343
0.016150
0.018179
0.018113
0.025632
0.018746
0.016839
0.015047
0.014786
0.020033
0.015879
0.023153
0.017530
0.016446
0.016892
0.016088
0.015882
0.019391
0.015466
0.017714
0.020019
0.015827
0.017736
0.018074
0.017254
0.017039
0.017356
0.017821
0.017018
0.018077
0.017399
0.023929
0.015798
0.015150
0.016541
0.015404
0.017527
0.018074
0.017761
0.016575
0.017320
0.026188
0.017078
0.016020
0.015506
0.020348
0.016881
0.014877
0.037880
0.016751
0.015023
0.015943
0.017668
0.016227
0.015302
0.017231
0.017146
0.015162
0.019418
0.018024
0.017283
0.025367
0.016356
0.018138
