0.013203
0.024468
0.033179
0.033973
0.033579
0.031183
0.035336
0.034544
0.032449
0.025882
0.031819
0.028744
0.019485
0.033971
0.033977
0.032154
0.031965
0.017926
0.032682
0.021111
0.035043
0.031843
0.033489
0.032604
0.033598
0.032476
0.033492
0.033604
0.016394
0.031744
0.024513
0.021686
0.031945
0.023048
0.028464
0.033303
0.034962
0.033350
0.032327
0.033412
0.031353
0.032168
0.033984
0.033843
0.019540
0.032856
0.032910
0.021592
0.029271
0.032367
0.033826
0.033443
0.028589
0.017296
0.034367
0.032968
0.032788
0.029414
0.036112
0.032445
0.034795
0.024094
0.033820
0.032065
0.018761
0.028176
0.035769
0.033568
0.026599
0.033993
0.030946
0.031717
0.032003
0.030673
0.017031
0.033777
0.033935
0.034194
0.033762
0.033384
0.022374
0.034780
0.022650
0.035996
0.017312
0.033482
0.032170
0.037626
0.036106
0.019964
0.032229
0.029091
0.032156
0.020334
0.034376
0.032185
0.019500
0.020289
0.035131
0.018541
0.018269
0.033847
0.034763
0.017594
0.033929
0.033982
0.034084
0.020141
0.021164
0.032339
0.032016
0.033972
0.028123
0.024316
0.027109
0.033892
0.032937
0.026028
0.034561
0.029977
0.034191
0.036184
0.032682
0.029675
0.033622
0.033998
0.033594
0.034379
0.038683
0.029027
0.016870
0.020925
0.034209
0.033041
0.025154
0.034106
0.027757
0.020879
0.020396
0.033136
0.033758
0.019820
0.020491
0.017375
0.031246
0.033307
0.026649
0.035091
0.034185
0.035097
0.033176
0.035113
0.028446
0.032357
0.035747
0.034042
0.034491
0.032892
0.033242
0.027491
0.033362
0.032604
0.032375
0.034005
0.032468
0.033974
0.036777
0.034492
0.034802
0.038368
0.023525
0.019406
0.018776
0.034356
0.034762
0.031880
0.032112
0.033127
0.026994
0.030033
0.026563
0.024330
0.033959
0.033829
0.033610
0.032908
0.020625
0.032211
0.034198
0.032707
0.027609
0.024138
0.021595
0.017963
0.017942
0.035012
0.017455
0.028615
0.032823
0.033304
0.033154
0.033717
0.024224
0.036620
0.037124
0.029243
0.019907
0.017315
0.035970
0.033304
0.017954
0.034162
0.032151
0.033057
0.030177
0.033116
0.035089
0.032268
0.035475
0.033567
0.021270
0.032573
0.021037
0.032996
0.033376
0.034344
0.027600
0.033218
0.033157
0.035249
0.026037
0.032983
0.031202
0.033041
0.017597
0.018166
0.033438
0.029793
0.020923
0.034332
0.033012
0.032088
0.019256
0.021289
0.024793
0.032482
0.032559
0.023293
0.018078
0.032696
0.018635
0.033558
0.035730
0.032778
0.033023
0.033517
0.032918
0.034201
0.032701
0.033639
0.019320
0.026710
0.034338
0.016813
0.018535
0.035311
0.029320
0.023244
0.033812
0.032997
0.019742
0.034516
0.035182
0.020691
0.035953
0.033397
0.030900
0.029065
0.034770
0.034045
0.034677
0.034618
0.018332
0.034175
0.029257
0.033320
0.026165
0.033977
0.034396
0.030965
0.017396
0.033420
0.031659
0.034945
0.034278
0.034536
0.034144
0.033336
0.034933
0.025713
0.033157
0.033587
0.019707
0.016403
0.033118
0.031734
0.026814
0.032850
0.033135
0.017739
0.033679
0.034433
0.032863
0.033835
0.027006
0.036061
0.030430
0.021047
0.034294
0.031054
0.034626
0.027785
0.017584
0.032770
0.032216
0.036648
0.035047
0.034493
0.033337
0.034285
0.033856
0.023627
0.033920
0.019341
0.032455
0.018856
0.022215
0.032093
0.032649
0.018610
0.018981
0.033685
0.033620
0.030334
0.034853
0.021744
0.036360
0.039214
0.033828
0.025902
0.033881
0.035576
0.028652
0.034022
0.032841
0.034063
0.035112
0.033478
0.017937
0.033004
0.033851
0.025667
0.029565
0.033237
0.030185
0.021242
0.022097
0.018157
0.035395
0.034495
0.023146
0.020783
0.025915
0.023034
0.033641
0.038468
0.024429
0.027163
0.026845
0.033941
0.032632
0.029404
0.035126
0.034177
0.033440
0.019031
0.019931
0.033062
0.035197
0.035837
0.034624
0.019045
0.021522
0.035578
0.034755
0.034826
0.035386
0.034127
0.034347
0.020530
0.034926
0.028834
0.033469
0.033642
0.034182
0.031442
0.034836
0.034750
0.035347
0.020011
0.033258
0.018588
0.033689
0.032929
0.032774
0.034324
0.023044
0.019587
0.033535
0.020400
0.033145
0.022442
0.030555
0.034924
0.019265
0.034304
0.034140
0.029980
0.033781
0.032593
0.032550
0.033917
0.017668
0.035149
0.033295
0.034744
0.033284
0.033970
0.034276
0.028196
0.033805
0.033188
0.032748
0.031965
0.020740
0.033928
0.032595
0.035625
0.035105
0.027860
0.033270
0.033805
0.034321
0.033544
0.026527
0.034414
0.033537
0.034153
0.034165
0.031657
0.018074
0.034997
0.035290
0.034819
0.035682
0.027413
0.022788
0.033347
0.033257
0.021641
0.032572
0.036460
0.018458
0.032555
0.034053
0.034073
0.035150
0.033640
0.035080
0.026050
0.036715
0.019065
0.028688
0.034553
0.016528
0.021451
0.030900
0.026721
0.035064
0.033533
0.033983
0.035628
0.019891
0.030278
0.033438
0.031033
0.033016
0.023765
0.035489
0.040629
0.016735
0.036288
0.024203
0.031448
0.018557
0.032391
0.032918
0.033759
0.034258
0.035743
0.019909
0.032135
0.034325
0.038910
0.036901
0.033568
0.021534
0.034547
0.034327
0.018672
0.034248
0.035110
0.032671
0.026685
0.033851
0.031239
0.032688
0.034740
0.026738
0.018904
0.033804
0.034565
0.033280
0.035443
0.033642
0.028682
0.034093
0.035916
0.033997
0.021106
0.035015
0.035159
0.029031
0.035452
0.033743
0.036019
0.034881
0.033483
0.026153
0.034027
0.034257
0.033686
0.028443
0.034960
0.035015
0.035081
0.023745
0.035123
0.035984
0.030766
0.025107
0.032836
0.034899
0.023938
0.026558
0.034194
0.020555
0.033838
0.032558
0.021621
0.021079
0.036031
0.028054
0.031345
0.032070
0.034851
0.021312
0.033334
0.037462
0.034110
0.018398
0.034710
0.018844
0.034244
0.027805
0.033914
0.033350
0.033996
0.035244
0.020905
0.024662
0.034806
0.026589
0.023496
0.036033
0.031132
0.033244
0.026490
0.035905
0.022362
0.029673
0.034037
0.020419
0.034550
0.032762
0.033696
0.027107
0.019413
0.032986
0.019866
0.035691
0.033246
0.029944
0.033466
0.040058
0.036731
0.031555
0.032628
0.026375
0.035114
0.021913
0.033105
0.033689
0.033699
0.028255
0.033732
0.033679
0.034122
0.033748
0.035170
0.025948
0.032900
0.034363
0.032746
0.034590
0.032466
0.034345
0.034168
0.033030
0.035795
0.033766
0.032611
0.035828
0.036416
0.036379
0.033461
0.021402
0.032112
0.034611
0.034787
0.034158
0.021419
0.021054
0.028625
0.028878
0.033520
0.033201
0.021804
0.017869
0.032934
0.034017
0.035975
0.033117
0.036814
0.032530
0.035875
0.034267
0.032736
0.026127
0.032091
0.018975
0.022202
0.033432
0.036624
0.032873
0.030684
0.036229
0.033244
0.036432
0.036976
0.029157
0.034669
0.034981
0.034048
0.026514
0.033405
0.020284
0.033061
0.020668
0.036360
0.037879
0.025245
0.021693
0.032737
0.034715
0.034133
0.033557
0.023556
0.033648
0.033981
0.028791
0.021003
0.017427
0.028902
0.033540
0.033786
0.035831
0.034270
0.019475
0.032962
0.017784
0.032490
0.032426
0.020298
0.035628
0.026578
0.023412
0.032529
0.031245
0.032192
0.035936
0.033283
0.035065
0.034048
0.034981
0.036905
0.032864
0.022607
0.037323
0.018085
0.030939
0.033402
0.019947
0.033543
0.034169
0.032261
0.034277
0.028696
0.030691
0.036033
0.030845
0.034475
0.033689
0.031356
0.032859
0.026339
0.032231
0.033943
0.032712
0.027642
0.017647
0.018628
0.034457
0.033659
0.033961
0.035893
0.036684
0.026480
0.035303
0.024437
0.033303
0.028780
0.033891
0.021639
0.032258
0.020084
0.035402
0.033521
0.033080
0.018411
0.033845
0.033348
0.034081
0.035595
0.033188
0.034527
0.039284
0.033932
0.025591
0.033178
0.036547
0.032984
0.033192
0.033893
0.029805
0.034121
0.035192
0.035268
0.018440
0.022854
0.027995
0.029437
0.034039
0.034196
0.034442
0.035814
0.035197
0.025912
0.035588
0.022738
0.034554
0.033171
0.033887
0.033055
0.030626
0.029542
0.018116
0.036104
0.020593
0.026472
0.030432
0.022187
0.017292
0.033643
0.034728
0.038613
0.032839
0.017257
0.033477
0.029595
0.016651
0.018961
0.020704
0.021169
0.017293
0.017754
0.034065
0.020916
0.018219
0.035243
0.029729
0.017149
0.019926
0.033836
0.033839
0.034065
0.034447
0.031049
0.033139
0.027054
0.033468
0.033786
0.032146
0.021268
0.033144
0.034384
0.017970
0.033525
0.029157
0.033589
0.033034
0.025615
0.030063
0.026291
0.034281
0.035156
0.032346
0.025054
0.022008
0.021079
0.027738
0.032910
0.033923
0.021373
0.018084
0.033551
0.034076
0.032676
0.017656
0.017380
0.018549
0.018514
0.018206
0.034046
0.034669
0.029097
0.035241
0.030718
0.027325
0.028036
0.018860
0.034255
0.034475
0.034076
0.033665
0.035762
0.018847
0.032438
0.020777
0.034685
0.036550
0.023950
0.024158
0.019705
0.037375
0.033624
0.034288
0.032732
0.033614
0.034133
0.033818
0.018394
0.031331
0.019731
0.034974
0.034225
0.021422
0.033431
0.035012
0.031075
0.025720
0.034397
0.023493
0.028139
0.032331
0.031662
0.034782
0.034697
0.028340
0.018878
0.032477
0.035335
0.034535
0.034440
0.019086
0.018262
0.035077
0.033849
0.034978
0.020175
0.018081
0.033650
0.022958
0.026588
0.036266
0.030200
0.034558
0.028780
0.029160
0.034889
0.032998
0.034358
0.033070
0.034436
0.025854
0.023121
0.017833
0.027986
0.030104
0.033138
0.019022
0.025085
0.026569
0.035679
0.030007
0.033222
0.034276
0.037183
0.019819
0.026421
0.021818
0.018589
0.033429
0.033404
0.019897
0.018405
0.034142
0.024306
0.030000
0.020467
0.017404
0.016902
0.035055
0.033611
0.035258
0.026669
0.034360
0.034961
0.020787
0.034120
0.027117
0.033638
0.020285
0.018427
0.037371
0.035352
0.033110
0.034478
0.033442
0.025220
0.034250
0.018691
0.017398
0.035404
0.031443
0.033731
0.034566
0.032902
0.035703
0.034680
0.033746
0.027390
0.037007
0.020970
0.034464
0.022926
0.034163
0.034584
0.031193
0.033933
0.034766
0.017773
0.033111
0.018598
0.032761
0.032694
0.034367
0.020338
0.017721
0.036050
0.033301
0.034036
0.025927
0.029163
0.020395
0.034698
0.032785
0.025094
0.017905
0.033874
0.026643
0.033351
0.021184
0.024380
0.032441
0.019772
0.026297
0.035063
0.033411
0.030549
0.033870
0.032102
0.033266
0.034199
0.034448
0.034427
0.027778
0.022296
0.033156
0.036637
0.034352
0.033158
0.029274
0.034986
0.033411
0.033590
0.034142
0.033870
0.034729
0.019327
0.034870
0.026907
0.028148
0.036251
0.026575
0.025393
0.020131
0.034297
0.022957
0.032753
0.033943
0.026918
0.032618
0.033385
0.026284
0.032538
0.016660
0.032838
0.029310
0.033287
0.035365
0.033619
0.034255
0.033803
0.023696
0.017052
0.036065
0.034499
0.021499
0.026849
0.026935
0.034533
0.033762
0.019464
0.016156
0.025748
0.035754
0.030662
0.033052
0.033926
0.032251
0.032964
0.020491
0.033210
0.032992
0.025402
0.033444
0.035278
0.035250
0.019999
0.032180
0.034053
0.027762
0.035563
0.033425
0.033569
0.032800
0.032495
0.032676
0.026590
0.020510
0.034338
0.023849
0.032457
0.033023
0.034639
0.033201
0.036855
0.032429
0.023878
0.038366
0.032765
0.019850
0.031868
0.034311
0.034953
0.034063
0.019762
0.034532
0.019700
0.033161
0.016466
0.019117
0.032134
0.033412
0.016704
0.033902
0.025395
0.026842
0.035822
0.033818
0.032838
0.034579
0.033016
0.032089
0.017458
0.017229
0.028106
0.033434
0.033667
0.034747
0.016709
0.022488
0.033532
0.025150
0.032842
0.026519
0.027434
0.032986
0.034117
0.025633
0.033257
0.033900
0.033465
0.019683
0.018327
0.016946
0.033855
0.029411
0.031019
0.018100
0.033530
0.033137
0.032932
0.035605
0.035404
0.017285
0.020419
0.032646
0.033897
0.034430
0.032890
0.020925
0.032629
0.038319
0.033495
0.020774
0.034808
0.035309
0.032699
0.033346
0.031950
0.032686
0.033893
0.028491
0.033599
0.033957
0.032856
0.024568
0.033073
0.031911
0.033092
0.017245
0.017572
0.016463
0.018950
0.017324
0.018148
0.017619
0.018360
0.017740
0.022509
0.018292
0.017619
0.021623
0.021609
0.021621
0.022421
0.020893
0.018246
0.016819
0.036939
0.036914
0.037445
0.035986
0.027540
0.019797
0.026249
0.032748
0.032148
0.020015
0.017478
0.033751
0.022742
0.026407
0.033705
0.033545
0.027131
0.032523
0.032831
0.026638
0.032996
0.032724
0.030743
0.034259
0.033666
0.035593
0.030380
0.020364
0.030573
0.025510
0.021612
0.035711
0.032606
0.019225
0.017042
0.035550
0.034353
0.033874
0.032960
0.017743
0.035785
0.021313
0.036418
0.034773
0.032689
0.022336
0.021074
0.034132
0.034297
0.033913
0.016882
0.034241
0.037725
0.033944
0.032800
0.033627
0.034352
0.034981
0.025308
0.032763
0.034634
0.024476
0.031758
0.032048
0.033790
0.033784
0.019043
0.019290
0.033414
0.020247
0.016463
0.034303
0.034265
0.017986
0.023508
0.031956
0.019939
0.033709
0.033074
0.019330
0.031800
0.026867
0.033531
0.017260
0.032979
0.032964
0.029770
0.033613
0.030325
0.031901
0.027791
0.035087
0.031680
0.032531
0.031739
0.032378
0.027339
0.019632
0.032905
0.017557
0.027735
0.033368
0.032380
0.032681
0.027911
0.033823
0.034040
0.033776
0.028286
0.030333
0.032547
0.035804
0.034714
0.021387
0.020001
0.035418
0.037134
0.033581
0.019821
0.034580
0.037042
0.032907
0.034153
0.034468
0.033659
0.028902
0.034676
0.016276
0.022364
0.033083
0.033976
0.033781
0.030320
0.034109
0.033833
0.034109
0.020190
0.024718
0.028454
0.020329
0.033275
0.034573
0.018003
0.034544
0.034271
0.032288
0.035458
0.032712
0.034085
0.033187
0.023510
0.020252
0.026076
0.031964
0.033423
0.038105
0.032645
0.032655
0.021069
0.033961
0.030597
0.029925
0.032621
0.033566
0.037875
0.034328
0.033526
0.034507
0.033672
0.022583
0.033358
0.033876
0.021637
0.032047
0.017834
0.034393
0.033076
0.034891
0.028899
0.035412
0.016675
0.034397
0.032286
0.030033
0.032351
0.031797
0.033015
0.020825
0.025677
0.034573
0.017411
0.033541
0.033983
0.032848
0.017281
0.032277
0.023716
0.033564
0.017835
0.034448
0.034192
0.034140
0.033287
0.035617
0.033138
0.028981
0.027425
0.033154
0.031783
0.032719
0.028179
0.032309
0.027677
0.033697
0.033448
0.025959
0.020459
0.034023
0.021653
0.033134
0.027078
0.016676
0.034383
0.018914
0.031080
0.035642
0.034709
0.027352
0.033026
0.033536
0.033034
0.031150
0.033597
0.028378
0.034723
0.018783
0.033659
0.026050
0.032247
0.035537
0.031193
0.024563
0.026196
0.025275
0.031673
0.021767
0.035236
0.017862
0.025795
0.033501
0.031915
0.034038
0.026685
0.032893
0.016674
0.030756
0.023774
0.028432
0.032324
0.030229
0.022686
0.021679
0.018345
0.034243
0.016690
0.034024
0.036834
0.022147
0.034437
0.034217
0.032692
0.029500
0.019206
0.033292
0.023096
0.033954
0.022869
0.034122
0.035283
0.032505
0.021046
0.034053
0.033588
0.032996
0.020204
0.039361
0.034136
0.034749
0.034571
0.023419
0.035016
0.019512
0.034611
0.021254
0.034209
0.034223
0.029723
0.032491
0.021658
0.033288
0.033542
0.028140
0.026404
0.032852
0.031340
0.032842
0.034976
0.027148
0.033488
0.032275
0.032766
0.030314
0.032260
0.034195
0.026849
0.028214
0.018112
0.033580
0.034074
0.033731
0.024196
0.032577
0.018107
0.018098
0.016000
0.029138
0.030600
0.017984
0.019085
0.018721
0.030514
0.035312
0.032759
0.031336
0.028476
0.034452
0.034517
0.033286
0.019503
0.033004
0.032456
0.035331
0.024438
0.034493
0.032590
0.033824
0.023659
0.034882
0.034086
0.034272
0.032234
0.034671
0.016931
0.032836
0.032494
0.034216
0.032346
0.033018
0.017780
0.016222
0.029378
0.033519
0.033870
0.027212
0.035969
0.021238
0.034921
0.033250
0.032461
0.028208
0.032678
0.030859
0.031934
0.017660
0.026246
0.033674
0.031912
0.032227
0.032149
0.031366
0.033189
0.032775
0.019996
0.032612
0.017235
0.033395
0.032526
0.033452
0.032639
0.032993
0.032887
0.026793
0.033098
0.033717
0.033728
0.027657
0.032374
0.026778
0.029065
0.032241
0.030513
0.033951
0.024578
0.020206
0.034798
0.029839
0.034356
0.017877
0.025901
0.033830
0.028005
0.030533
0.033198
0.026702
0.019274
0.030278
0.034069
0.029282
0.021683
0.023045
0.034277
0.030319
0.033664
0.025885
0.033517
0.029651
0.035101
0.017193
0.018307
0.033591
0.032752
0.032082
0.035664
0.032814
0.026693
0.026883
0.016930
0.032867
0.020982
0.026740
0.033347
0.033641
0.021383
0.033631
0.032115
0.020957
0.032473
0.016295
0.017717
0.031775
0.032026
0.033294
0.034377
0.038173
0.034611
0.033814
0.034469
0.034693
0.030843
0.033750
0.034054
0.034767
0.035300
0.033847
0.028485
0.034592
0.016710
0.016285
0.035923
0.032362
0.033437
0.032434
0.021833
0.022090
0.033925
0.035191
0.017042
0.017226
0.017242
0.034160
0.019693
0.034096
0.017188
0.024023
0.032728
0.022439
0.019143
0.032613
0.030283
0.022688
0.025976
0.019533
0.033365
0.027064
0.020689
0.032065
0.035028
0.018103
0.034109
0.034693
0.036416
0.033144
0.027644
0.033978
0.032999
0.032772
0.033811
0.019266
0.033922
0.036865
0.026131
0.034815
0.022512
0.025963
0.023517
0.027416
0.028027
0.032578
0.024740
0.034277
0.034037
0.028898
0.036360
0.030511
0.032931
0.033118
0.017339
0.019454
0.034338
0.018992
0.035026
0.035019
0.031083
0.034174
0.034510
0.033499
0.017208
0.018636
0.032874
0.031538
0.032458
0.018707
0.036909
0.033952
0.033461
0.025432
0.035437
0.028472
0.033886
0.018120
0.026013
0.034781
0.033599
0.032228
0.034260
0.032442
0.033847
0.024761
0.034003
0.034008
0.032264
0.025395
0.023669
0.033376
0.034788
0.032955
0.033076
0.033986
0.029920
0.033821
0.031334
0.020867
0.033577
0.031916
0.033475
0.025654
0.030128
0.033826
0.033399
0.033336
0.032125
0.033298
0.038427
0.033153
0.034595
0.033897
0.034776
0.017968
0.033813
0.033640
0.032881
0.036236
0.019182
0.026354
0.034090
0.033026
0.031878
0.033305
0.035037
0.019907
0.032787
0.033362
0.036336
0.027937
0.033738
0.017019
0.026557
0.033220
0.031614
0.032485
0.033926
0.033926
0.032268
0.032987
0.025281
0.029412
0.023181
0.034881
0.032368
0.033901
0.032967
0.033609
0.029572
0.032723
0.025270
0.035466
0.024686
0.016192
0.026933
0.032293
0.025777
0.032897
0.033937
0.032715
0.033051
0.033548
0.033127
0.025808
0.033743
0.033319
0.033283
0.034404
0.033566
0.030837
0.032922
0.029225
0.033988
0.024922
0.033422
0.032764
0.033153
0.032802
0.025167
0.034170
0.032995
0.019700
0.033326
0.034561
0.033456
0.033470
0.031246
0.032783
0.033444
0.033175
0.034376
0.033440
0.025972
0.033203
0.033140
0.033654
0.034339
0.033865
0.034378
0.032115
0.034295
0.035443
0.037356
0.032874
0.033245
0.034180
0.017422
0.033204
0.029123
0.029196
0.031717
0.034467
0.033237
0.032193
0.019664
0.024586
0.034918
0.034251
0.038834
0.033633
0.033515
0.034081
0.021643
0.034098
0.025831
0.023609
0.019493
0.033589
0.023435
0.034834
0.034054
0.032726
0.034734
0.029352
0.033937
0.035006
0.031976
0.025572
0.035722
0.037758
0.034602
0.032263
0.033198
0.033503
0.032944
0.019115
0.018498
0.032355
0.027764
0.030825
0.034211
0.020409
0.035660
0.023186
0.037555
0.026322
0.018080
0.020607
0.020310
0.034011
0.034359
0.034255
0.035694
0.032990
0.034032
0.018088
0.033200
0.032105
0.021276
0.033607
0.032844
0.034415
0.029666
0.037254
0.032997
0.033825
0.030521
0.033335
0.036038
0.035786
0.032838
0.035593
0.019509
0.035779
0.032768
0.034005
0.027557
0.035391
0.018475
0.023505
0.024750
0.032978
0.027884
0.017648
0.017339
0.032740
0.023878
0.031446
0.032191
0.034482
0.032965
0.031079
0.032132
0.016757
0.020511
0.019394
0.032692
0.034298
0.032642
0.026091
0.033422
0.028382
0.034584
0.034084
0.033040
0.032345
0.024728
0.022691
0.033617
0.033591
0.027514
0.033760
0.034495
0.029818
0.034671
0.028656
0.034331
0.023396
0.033250
0.033862
0.034434
0.034848
0.023388
0.024600
0.034852
0.034344
0.033438
0.025673
0.032209
0.032893
0.024122
0.034184
0.032870
0.020790
0.026571
0.031809
0.035796
0.032351
0.034041
0.027273
0.035500
0.033543
0.034953
0.033293
0.033399
0.026564
0.021614
0.016669
0.035023
0.034548
0.034253
0.024786
0.035510
0.032541
0.031873
0.021210
0.033434
0.030246
0.032130
0.032093
0.018919
0.019226
0.032876
0.033586
0.029273
0.034685
0.033992
0.034176
0.035336
0.034312
0.033156
0.019964
0.033794
0.034201
0.034551
0.032478
0.034289
0.036152
0.029877
0.032781
0.034286
0.032152
0.034021
0.031448
0.032682
0.035182
0.035493
0.034579
0.032593
0.032763
0.034342
0.032974
0.034775
0.035098
0.033215
0.032858
0.032290
0.032280
0.033626
0.033480
0.032808
0.016916
0.034456
0.033411
0.033123
0.032713
0.033357
0.023478
0.028604
0.034208
0.025452
0.033285
0.032594
0.033608
0.033360
0.033003
0.026058
0.033227
0.033041
0.034893
0.034444
0.034790
0.035524
0.032712
0.032177
0.032118
0.032507
0.032690
0.032892
0.033886
0.027251
0.036510
0.035936
0.020529
0.031400
0.033603
0.024306
0.016832
0.024081
0.032319
0.034561
0.028397
0.033344
0.029962
0.025781
0.034798
0.035274
0.023087
0.032048
0.024723
0.033421
0.030838
0.035437
0.033457
0.022757
0.035028
0.033194
0.022967
0.032796
0.031293
0.022726
0.032582
0.017531
0.026525
0.034409
0.027000
0.026408
0.031119
0.034246
0.034673
0.034585
0.023637
0.034405
0.028971
0.032143
0.017128
0.016859
0.016814
0.017323
0.017263
0.033192
0.029684
0.034027
0.030179
0.031834
0.031059
0.026076
0.031666
0.032521
0.028397
0.033939
0.031595
0.032699
0.023171
0.033525
0.031901
0.034411
0.018693
0.032515
0.020002
0.036170
0.032319
0.033058
0.020422
0.032650
0.033302
0.034153
0.020632
0.022585
0.031363
0.032083
0.031287
0.035597
0.031283
0.031949
0.015933
0.033998
0.033336
0.033036
0.028258
0.034226
0.022598
0.020099
0.028080
0.035898
0.030122
0.024729
0.033374
0.017252
0.021607
0.033507
0.033654
0.020725
0.034566
0.035591
0.034063
0.028936
0.019782
0.028937
0.032700
0.033372
0.025211
0.025126
0.033889
0.033708
0.032920
0.019195
0.033241
0.033216
0.016651
0.033057
0.035911
0.030803
0.032748
0.033887
0.034220
0.021091
0.016710
0.032264
0.029532
0.034507
0.027519
0.023925
0.029405
0.032752
0.031615
0.035703
0.031976
0.033916
0.018335
0.033594
0.026300
0.020308
0.036570
0.025651
0.032593
0.034269
0.017674
0.030193
0.026816
0.024439
0.034199
0.033248
0.033068
0.033233
0.032596
0.034001
0.032944
0.032653
0.035907
0.025280
0.029691
0.031521
0.030021
0.017186
0.032984
0.021964
0.035566
0.032356
0.017874
0.033589
0.032022
0.026990
0.033224
0.035336
0.033026
0.034117
0.033314
0.033579
0.031549
0.026724
0.033094
0.032754
0.034543
0.033625
0.034349
0.035148
0.036098
0.027827
0.029757
0.019742
0.023324
0.034503
0.032280
0.031517
0.017831
0.020143
0.020206
0.032799
0.033182
0.033022
0.033832
0.033031
0.033120
0.019981
0.017513
0.032881
0.023481
0.033622
0.032534
0.032633
0.037315
0.035029
0.025367
0.036349
0.032342
0.016737
0.033368
0.032594
0.031359
0.032381
0.036239
0.036346
0.028111
0.033388
0.034698
0.033384
0.032151
0.027497
0.027892
0.031439
0.035314
0.033370
0.032492
0.034490
0.032414
0.031445
0.017266
0.032755
0.030021
0.030983
0.028548
0.031544
0.023241
0.031883
0.031669
0.033627
0.031799
0.028276
0.033370
0.032158
0.035904
0.033726
0.020693
0.033180
0.032784
0.028314
0.033136
0.034354
0.030360
0.034306
0.033842
0.035075
0.034088
0.034007
0.032887
0.031833
0.033266
0.030815
0.032228
0.034774
0.033286
0.033036
0.033806
0.023066
0.033560
0.033813
0.031298
0.029746
0.033959
0.031928
0.027945
0.025782
0.035211
0.016886
0.033397
0.034395
0.031783
0.034106
0.034068
0.034489
0.035985
0.027221
0.021519
0.027640
0.032388
0.034067
0.018698
0.028912
0.031972
0.032991
0.033028
0.029315
0.033011
0.032905
0.030225
0.036165
0.033964
0.032867
0.034224
0.029311
0.034200
0.019228
0.017664
0.027873
0.019549
0.036143
0.033733
0.028263
0.035359
0.034007
0.032717
0.035306
0.032285
0.032124
0.032633
0.026970
0.020687
0.032996
0.032447
0.020288
0.033651
0.033355
0.032554
0.035088
0.017946
0.033127
0.033850
0.032222
0.035672
0.033739
0.032818
0.033913
0.031840
0.033253
0.026471
0.020562
0.021627
0.034457
0.033266
0.020603
0.019218
0.016156
0.029007
0.031766
0.031893
0.033223
0.031055
0.034598
0.026793
0.027373
0.033732
0.030982
0.030917
0.025498
0.034222
0.030184
0.033670
0.033643
0.033572
0.019318
0.036045
0.032118
0.032369
0.033718
0.032631
0.024263
0.029688
0.032483
0.033219
0.028347
0.033180
0.029491
0.032892
0.016332
0.034732
0.031859
0.031802
0.033542
0.032996
0.032340
0.032753
0.017053
0.032595
0.022902
0.034263
0.035762
0.027287
0.023827
0.017015
0.033042
0.032261
0.033026
0.033781
0.034996
0.034386
0.032210
0.025992
0.033219
0.019395
0.019789
0.032906
0.028476
0.031134
0.028548
0.033423
0.027291
0.036697
0.025594
0.025077
0.020101
0.024573
0.032964
0.027164
0.031667
0.032311
0.018278
0.032898
0.031746
0.032173
0.034169
0.026373
0.032214
0.015578
0.031597
0.020971
0.016031
0.033266
0.018018
0.035365
0.033711
0.033113
0.021936
0.028616
0.032681
0.033347
0.031727
0.035604
0.031168
0.030702
0.027224
0.030329
0.033811
0.025949
0.033965
0.020892
0.031512
0.020947
0.035772
0.033771
0.033390
0.030409
0.019464
0.032699
0.035011
0.033074
0.033917
0.032827
0.032512
0.026837
0.033052
0.017797
0.032420
0.017968
0.032214
0.031159
0.031621
0.032856
0.019969
0.032731
0.032874
0.033346
0.029859
0.030139
0.017540
0.022760
0.034026
0.024938
0.034770
0.034553
0.032684
0.030996
0.033041
0.027524
0.034371
0.032377
0.032737
0.023195
0.033164
0.028159
0.033328
0.021806
0.025251
0.021801
0.035206
0.024324
0.032264
0.019970
0.033783
0.017428
0.025517
0.033672
0.034902
0.026055
0.033091
0.023513
0.034343
0.020819
0.033036
0.019121
0.033455
0.034854
0.033129
0.027551
0.033843
0.032389
0.035551
0.032223
0.033202
0.034208
0.031343
0.033357
0.020987
0.023983
0.019478
0.026478
0.031621
0.034893
0.031495
0.025100
0.032399
0.034550
0.016877
0.035486
0.031798
0.027465
0.031787
0.022289
0.020103
0.032174
0.032832
0.031797
0.024083
0.029666
0.029305
0.031618
0.017145
0.019033
0.027842
0.035459
0.017618
0.017944
0.033687
0.033846
0.021293
0.033199
0.022202
0.032327
0.018865
0.019279
0.033589
0.026087
0.031517
0.020271
0.028033
0.023273
0.032144
0.020862
0.025670
0.032785
0.017384
0.023403
0.036974
0.019666
0.016680
0.017889
0.022857
0.033600
0.033318
0.033756
0.033092
0.029883
0.032035
0.034672
0.025702
0.035285
0.031908
0.024616
0.031614
0.033890
0.033167
0.032615
0.032480
0.029661
0.032294
0.033879
0.033152
0.034281
0.034968
0.026086
0.033137
0.030620
0.033771
0.032451
0.023753
0.033481
0.029841
0.031344
0.032010
0.032785
0.033394
0.032461
0.036458
0.032007
0.018785
0.033695
0.031666
0.033790
0.032442
0.033957
0.034178
0.032883
0.030606
0.034855
0.031897
0.034725
0.032664
0.032911
0.033213
0.033089
0.030338
0.033284
0.033342
0.023427
0.026583
0.019850
0.023825
0.021896
0.031814
0.031639
0.033851
0.034065
0.032542
0.029181
0.033929
0.029120
0.033186
0.033971
0.032245
0.035045
0.034134
0.031683
0.024045
0.034929
0.032599
0.033982
0.033439
0.032187
0.033355
0.028578
0.016472
0.036408
0.032989
0.026957
0.036221
0.031346
0.032502
0.032305
0.021724
0.032842
0.033306
0.019290
0.020603
0.033556
0.034278
0.027592
0.033499
0.018943
0.030970
0.031084
0.027610
0.032643
0.033527
0.033409
0.035832
0.036405
0.025118
0.035568
0.031677
0.033732
0.035353
0.034682
0.030146
0.032884
0.032650
0.018105
0.033935
0.035423
0.035275
0.033983
0.016337
0.016449
0.037240
0.017674
0.033442
0.032534
0.033002
0.033568
0.026593
0.034923
0.033753
0.025681
0.018235
0.025219
0.028780
0.026290
0.032979
0.032861
0.020153
0.029461
0.032566
0.034132
0.025984
0.034725
0.033900
0.032871
0.025339
0.021664
0.033510
0.020117
0.032981
0.035353
0.025031
0.032183
0.036401
0.024879
0.034184
0.032736
0.024901
0.031907
0.024132
0.033213
0.032796
0.031584
0.031707
0.034115
0.032414
0.034773
0.032067
0.033875
0.027935
0.016908
0.033819
0.033459
0.016145
0.029033
0.028017
0.030576
0.030846
0.035889
0.023798
0.029092
0.018401
0.023182
0.026433
0.033070
0.033054
0.034541
0.027451
0.029472
0.019846
0.032612
0.032967
0.026567
0.032255
0.033654
0.034378
0.032655
0.032825
0.034833
0.032848
0.030285
0.033099
0.020791
0.033666
0.034171
0.033368
0.031927
0.034024
0.020070
0.033518
0.034755
0.034034
0.031953
0.018817
0.027541
0.034678
0.029039
0.033306
0.025817
0.032384
0.021122
0.016493
0.020576
0.026100
0.033619
0.037070
0.033175
0.034744
0.024569
0.033783
0.030965
0.016927
0.032662
0.022642
0.032281
0.033775
0.032480
0.033709
0.023040
0.031801
0.034292
0.034092
0.034008
0.034039
0.017647
0.019092
0.032997
0.035439
0.031757
0.026860
0.029308
0.037266
0.033214
0.016629
0.034156
0.033969
0.033214
0.023088
0.033589
0.029233
0.022268
0.032258
0.020067
0.029285
0.025339
0.018857
0.017836
0.026964
0.015967
0.025882
0.033181
0.032690
0.031982
0.020396
0.033540
0.027917
0.031695
0.033803
0.033897
0.031788
0.019498
0.022802
0.033713
0.031620
0.031174
0.033688
0.020571
0.036349
0.035145
0.036531
0.035028
0.034729
0.034023
0.033767
0.033526
0.033145
0.034441
0.024796
0.035202
0.036140
0.034637
0.031566
0.034459
0.034885
0.031361
0.032293
0.025992
0.019459
0.020128
0.024951
0.016318
0.030972
0.021628
0.026563
0.033146
0.032598
0.034141
0.018883
0.032437
0.032249
0.033136
0.033537
0.031964
0.031676
0.016474
0.033563
0.018024
0.033533
0.022662
0.033005
0.034727
0.029753
0.023560
0.033292
0.031990
0.031717
0.034708
0.033164
0.033771
0.032636
0.017460
0.034915
0.028815
0.031222
0.031799
0.033234
0.035093
0.036837
0.039096
0.032960
0.035988
0.032667
0.033158
0.033240
0.027030
0.030308
0.033611
0.035382
0.033331
0.032291
0.034665
0.031156
0.033535
0.030952
0.033423
0.034489
0.033910
0.032495
0.027632
0.020704
0.021111
0.032692
0.032641
0.034451
0.033622
0.021417
0.034521
0.035991
0.028916
0.017071
0.032732
0.017269
0.035999
0.020238
0.033204
0.028806
0.029175
0.037256
0.034510
0.018582
0.034683
0.027646
0.032794
0.034510
0.034379
0.034302
0.032823
0.030718
0.033718
0.032116
0.032781
0.030439
0.037147
0.019416
0.033442
0.033508
0.035203
0.029503
0.032528
0.032452
0.034008
0.031737
0.032656
0.029373
0.034581
0.020533
0.019273
0.024724
0.032968
0.018675
0.018438
0.033578
0.025293
0.021637
0.032859
0.034036
0.029522
0.017943
0.024308
0.036118
0.036583
0.032717
0.034356
0.035984
0.033156
0.033812
0.033271
0.034802
0.034135
0.033627
0.029099
0.032417
0.033720
0.022091
0.034137
0.034814
0.035506
0.034831
0.024960
0.033604
0.034040
0.034708
0.034750
0.029150
0.033411
0.031289
0.032743
0.034080
0.025388
0.018986
0.028936
0.033265
0.034040
0.026228
0.036716
0.021225
0.032739
0.035610
0.034845
0.032797
0.032454
0.036714
0.016505
0.035027
0.033172
0.018299
0.016791
0.033211
0.033557
0.035226
0.033508
0.026387
0.029262
0.029120
0.033546
0.033339
0.027265
0.038222
0.033728
0.019737
0.034448
0.032764
0.034480
0.034372
0.036670
0.025423
0.032682
0.028177
0.018577
0.027881
0.032454
0.016813
0.034954
0.033932
0.026501
0.033370
0.033900
0.017385
0.033082
0.033657
0.026104
0.033322
0.032153
0.028190
0.027697
0.019653
0.035611
0.033893
0.035179
0.028253
0.029305
0.023125
0.023912
0.034203
0.034860
0.027231
0.024987
0.032385
0.034213
0.035663
0.033546
0.034802
0.022427
0.033077
0.034352
0.023632
0.024787
0.033887
0.027756
0.034058
0.032682
0.034043
0.033263
0.041124
0.022864
0.031541
0.034515
0.031681
0.031438
0.034008
0.032779
0.029555
0.034142
0.032896
0.033231
0.034153
0.031724
0.019091
0.033857
0.037452
0.035327
0.031190
0.026798
0.022421
0.032680
0.032608
0.033401
0.017135
0.034619
0.033520
0.021276
0.035201
0.033943
0.026843
0.028278
0.035873
0.037317
0.034231
0.035411
0.034264
0.034919
0.033284
0.037310
0.033551
0.029550
0.020087
0.017493
0.025520
0.031825
0.034819
0.033902
0.019580
0.036155
0.031439
0.022202
0.032377
0.019430
0.034424
0.036845
0.018345
0.029006
0.034937
0.031677
0.036346
0.034404
0.033287
0.036612
0.031529
0.032753
0.021007
0.031799
0.035841
0.019538
0.024760
0.032282
0.030698
0.034192
0.029930
0.035973
0.033657
0.033090
0.034590
0.034201
0.037803
0.025412
0.033005
0.027535
0.018595
0.034027
0.017240
0.034191
0.020967
0.034480
0.034430
0.037389
0.032058
0.033828
0.017478
0.033697
0.028290
0.033511
0.035675
0.036315
0.033116
0.033509
0.029900
0.034369
0.027164
0.018447
0.032715
0.032676
0.033638
0.018841
0.032770
0.036309
0.030409
0.034911
0.022468
0.031839
0.018623
0.022743
0.032728
0.034762
0.033961
0.032725
0.033975
0.032656
0.031121
0.025986
0.034685
0.034730
0.032232
0.034050
0.030570
0.036547
0.032723
0.037657
0.033701
0.033781
0.021186
0.035799
0.036314
0.036600
0.033099
0.034856
0.033569
0.026393
0.033830
0.034403
0.032735
0.025436
0.033400
0.034937
0.034152
0.021360
0.019382
0.036346
0.021803
0.033312
0.035614
0.030257
0.019871
0.033822
0.032820
0.034099
0.032922
0.020431
0.034671
0.019918
0.020095
0.017058
0.032761
0.034120
0.034517
0.033227
0.032193
0.035498
0.033800
0.017671
0.034415
0.035027
0.032063
0.017299
0.032917
0.017568
0.029556
0.020599
0.032156
0.032406
0.032563
0.031181
0.035184
0.034459
0.033821
0.029213
0.026950
0.030639
0.017736
0.020547
0.034064
0.035800
0.035356
0.033533
0.020592
0.017282
0.034924
0.018770
0.034591
0.033910
0.018428
0.017196
0.033811
0.027464
0.026337
0.034299
0.029222
0.029840
0.032870
0.033480
0.033086
0.033979
0.019754
0.026249
0.038028
0.033689
0.022388
0.033849
0.030642
0.033416
0.034821
0.035604
0.032700
0.029338
0.033263
0.022011
0.033812
0.035919
0.033619
0.033994
0.023133
0.033723
0.020331
0.018655
0.033451
0.033529
0.035246
0.029562
0.034719
0.036191
0.034181
0.026754
0.023024
0.032093
0.035125
0.022409
0.032520
0.033882
0.033254
0.035262
0.034009
0.024571
0.030416
0.030278
0.022756
0.033138
0.032478
0.029088
0.035098
0.033740
0.032314
0.033466
0.033530
0.036241
0.034398
0.025894
0.034710
0.035000
0.034295
0.026521
0.035333
0.023144
0.033249
0.035688
0.023870
0.039164
0.033637
0.033875
0.033311
0.022161
0.027385
0.030893
0.033934
0.033842
0.033127
0.032872
0.035273
0.035069
0.038116
0.032629
0.034556
0.033085
0.018370
0.023538
0.030452
0.034871
0.027791
0.034363
0.033284
0.034203
0.033860
0.033634
0.024478
0.034515
0.018860
0.033600
0.038188
0.033499
0.034880
0.022934
0.024102
0.028250
0.033779
0.034762
0.037084
0.021855
0.029915
0.034956
0.038301
0.032849
0.020224
0.035820
0.026867
0.034155
0.022071
0.035192
0.030052
0.033887
0.018986
0.017381
0.027289
0.019058
0.031279
0.037325
0.025591
0.020553
0.033898
0.034789
0.034203
0.035682
0.034898
0.036794
0.030311
0.034490
0.023263
0.031627
0.033870
0.033309
0.034467
0.031541
0.035240
0.034869
0.032096
0.036214
0.024408
0.036053
0.038618
0.034335
0.032054
0.032297
0.032792
0.019739
0.033809
0.028701
0.030619
0.028427
0.033073
0.034110
0.031988
0.034350
0.021809
0.034290
0.023362
0.033917
0.033890
0.033274
0.025615
0.033494
0.033949
0.033934
0.034247
0.032614
0.032912
0.034117
0.033327
0.024882
0.033175
0.032458
0.035892
0.032676
0.035451
0.036082
0.031985
0.033680
0.033664
0.033551
0.026424
0.034648
0.033192
0.033361
0.026678
0.026449
0.032867
0.034804
0.028215
0.026408
0.035024
0.017887
0.034328
0.034160
0.033545
0.033003
0.034102
0.036131
0.020038
0.034867
0.020033
0.034234
0.032255
0.032448
0.030421
0.032654
0.022404
0.019028
0.017198
0.020320
0.018225
0.018034
0.033566
0.027284
0.034019
0.032743
0.038887
0.033250
0.033426
0.032773
0.034574
0.017180
0.018263
0.026579
0.033367
0.031547
0.033243
0.016860
0.032013
0.030636
0.033880
0.040318
0.032747
0.035708
0.032784
0.034368
0.035995
0.029792
0.033666
0.033326
0.034189
0.039065
0.036379
0.034303
0.032780
0.033471
0.034273
0.034019
0.034940
0.033965
0.035299
0.018358
0.029787
0.034429
0.032120
0.029996
0.027014
0.019740
0.018887
0.017436
0.032487
0.025941
0.034252
0.017836
0.017734
0.032731
0.033208
0.032099
0.032142
0.034626
0.034333
0.021926
0.035239
0.033071
0.030472
0.034628
0.035419
0.037946
0.035168
0.028732
0.036497
0.024201
0.039504
0.040414
0.039182
0.024445
0.036021
0.031950
0.026815
0.039540
0.038688
0.038386
0.040021
0.035715
0.021678
0.038427
0.038603
0.020691
0.037132
0.037132
0.032302
0.037699
0.037306
0.035709
0.035739
0.022396
0.031143
0.029595
0.021639
0.032565
0.032766
0.035224
0.027155
0.019931
0.017925
0.017201
0.019315
0.033570
0.023418
0.033175
0.033548
0.033608
0.032446
0.033115
0.034262
0.033013
0.034062
0.029001
0.035123
0.034232
0.035087
0.026663
0.033711
0.020424
0.023152
0.034192
0.033987
0.017833
0.034322
0.033720
0.033071
0.032957
0.035212
0.033406
0.030959
0.035215
0.033945
0.033540
0.018110
0.032644
0.033138
0.034832
0.028921
0.036122
0.025642
0.021700
0.031528
0.036559
0.035152
0.035992
0.035147
0.036502
0.027230
0.032238
0.031116
0.027922
0.030872
0.030365
0.033875
0.029111
0.035095
0.034061
0.032921
0.036019
0.033030
0.035363
0.030685
0.027079
0.034844
0.032334
0.030501
0.027522
0.030180
0.018038
0.034000
0.024949
0.034611
0.036037
0.032756
0.033784
0.035612
0.034159
0.034350
0.035633
0.023933
0.032592
0.027232
0.030170
0.027036
0.021693
0.033317
0.029009
0.033898
0.022113
0.028363
0.035207
0.033435
0.025652
0.035058
0.028637
0.020563
0.038173
0.033913
0.027736
0.034086
0.023979
0.034695
0.033006
0.035155
0.029050
0.032504
0.034186
0.034420
0.034844
0.030637
0.028088
0.023567
0.022973
0.034271
0.033278
0.029643
0.029198
0.024468
0.034793
0.033648
0.032904
0.036198
0.023551
0.030065
0.035283
0.033939
0.033607
0.033691
0.025536
0.033981
0.034077
0.034313
0.034258
0.023158
0.035486
0.030066
0.032902
0.034237
0.032953
0.034214
0.032207
0.034940
0.033731
0.034250
0.031306
0.033923
0.021652
0.034814
0.034305
0.033177
0.033242
0.034058
0.033255
0.034300
0.034416
0.032470
0.017513
0.028810
0.035479
0.034110
0.036124
0.033944
0.027760
0.026332
0.032486
0.034750
0.034608
0.035649
0.029233
0.025558
0.027018
0.026096
0.035837
0.023614
0.034467
0.018683
0.033419
0.034544
0.034234
0.032533
0.033471
0.035105
0.033150
0.034586
0.028550
0.029440
0.033848
0.034704
0.031413
0.033686
0.033996
0.034411
0.023919
0.034856
0.033070
0.024114
0.032944
0.032898
0.035088
0.032901
0.032413
0.033056
0.026060
0.033878
0.031504
0.033326
0.025135
0.032557
0.032730
0.032185
0.034214
0.025632
0.026748
0.034139
0.034222
0.032822
0.033076
0.034537
0.018650
0.032967
0.018516
0.027221
0.033269
0.024934
0.033797
0.021574
0.033278
0.039713
0.033507
0.024203
0.026678
0.019039
0.034658
0.028826
0.018040
0.034675
0.033199
0.034191
0.035244
0.029550
0.034913
0.035145
0.017672
0.026485
0.035430
0.027461
0.023667
0.020185
0.033844
0.034346
0.035651
0.033801
0.034913
0.029499
0.036978
0.033354
0.033283
0.033567
0.029033
0.030548
0.033841
0.025689
0.032577
0.035373
0.023235
0.029410
0.026944
0.034807
0.035450
0.025110
0.029152
0.034323
0.033847
0.032677
0.019271
0.027020
0.035513
0.033762
0.034211
0.028841
0.034399
0.035063
0.027703
0.034622
0.035963
0.033581
0.032986
0.032831
0.033988
0.022882
0.034361
0.034245
0.036145
0.036006
0.027201
0.028712
0.033322
0.032754
0.020838
0.034492
0.035712
0.017537
0.033525
0.031546
0.032684
0.034026
0.031564
0.034925
0.022902
0.034215
0.035483
0.033709
0.034554
0.037354
0.032834
0.032923
0.024236
0.035317
0.032603
0.033863
0.023204
0.032579
0.032951
0.030555
0.034869
0.034435
0.033617
0.033081
0.032812
0.022060
0.033402
0.027342
0.034274
0.034782
0.035372
0.034717
0.036292
0.035488
0.032962
0.028934
0.033244
0.034911
0.033551
0.030703
0.033377
0.017215
0.025370
0.033700
0.025787
0.034727
0.030091
0.034532
0.030023
0.028986
0.029660
0.032862
0.023804
0.034551
0.032527
0.026464
0.035110
0.032593
0.018911
0.035917
0.032774
0.033599
0.034005
0.034750
0.031871
0.019562
0.030519
0.027619
0.025568
0.032865
0.032978
0.032823
0.021566
0.035863
0.034347
0.034950
0.026355
0.033023
0.023047
0.035535
0.033476
0.032920
0.032790
0.033598
0.032926
0.035958
0.033350
0.035213
0.027259
0.026346
0.030649
0.033870
0.037547
0.034465
0.033007
0.022386
0.019449
0.033723
0.035229
0.033206
0.035115
0.032581
0.032061
0.035517
0.033617
0.034983
0.041945
0.035504
0.034359
0.037914
0.035575
0.032851
0.032932
0.033747
0.032683
0.033504
0.034611
0.034050
0.017408
0.031783
0.034155
0.038376
0.033651
0.033448
0.025239
0.023827
0.035496
0.021680
0.033513
0.030000
0.035032
0.031915
0.035906
0.025247
0.032701
0.016866
0.034022
0.029071
0.033696
0.036899
0.020787
0.030331
0.034697
0.016939
0.020826
0.022323
0.023040
0.017925
0.023411
0.034210
0.037617
0.033404
0.035345
0.026241
0.033739
0.034054
0.033204
0.032865
0.034579
0.033788
0.024328
0.034151
0.033921
0.029799
0.034782
0.034374
0.030630
0.030923
0.029892
0.033663
0.033177
0.035511
0.033019
0.033292
0.033527
0.034682
0.025631
0.034649
0.034410
0.017877
0.032911
0.033343
0.034958
0.036122
0.035136
0.035981
0.033476
0.034136
0.038947
0.018714
0.033014
0.033002
0.026663
0.032420
0.034043
0.029932
0.020137
0.027200
0.022967
0.019978
0.034209
0.034345
0.036347
0.036498
0.032189
0.033463
0.025466
0.034000
0.034811
0.020654
0.032713
0.025507
0.033607
0.033762
0.022081
0.032768
0.035300
0.034630
0.035500
0.033580
0.024291
0.036338
0.019959
0.031833
0.034627
0.026045
0.023721
0.034780
0.034334
0.034369
0.037510
0.032437
0.027295
0.024717
0.033287
0.032877
0.020404
0.017262
0.029817
0.035128
0.033012
0.032790
0.017371
0.034559
0.034313
0.034020
0.034168
0.034416
0.023268
0.021237
0.034216
0.033300
0.033859
0.036264
0.034593
0.034332
0.033564
0.026823
0.025159
0.018373
0.033636
0.033448
0.032882
0.032651
0.034473
0.025612
0.034660
0.033556
0.035554
0.031100
0.027624
0.027813
0.035859
0.037267
0.033625
0.029694
0.034332
0.029201
0.018589
0.032378
0.033925
0.029644
0.032853
0.033992
0.035086
0.033104
0.029135
0.033373
0.032633
0.035536
0.034074
0.031846
0.028576
0.025018
0.030896
0.017444
0.025920
0.023587
0.036362
0.033221
0.033850
0.033988
0.033613
0.020312
0.018373
0.034360
0.032454
0.026267
0.034243
0.030280
0.029747
0.033241
0.033606
0.033967
0.020742
0.023266
0.025004
0.034089
0.033041
0.030901
0.033182
0.034798
0.037705
0.034782
0.021089
0.034198
0.034510
0.032483
0.036174
0.033973
0.035397
0.017743
0.036618
0.024675
0.033691
0.034397
0.027427
0.019739
0.034373
0.035298
0.026934
0.033493
0.036221
0.034827
0.035330
0.017643
0.018332
0.032194
0.034377
0.032672
0.033506
0.031646
0.034593
0.030195
0.033242
0.024784
0.027045
0.028509
0.029928
0.033177
0.020045
0.020403
0.034683
0.035390
0.034163
0.033321
0.020796
0.034741
0.029306
0.030362
0.036967
0.027119
0.029176
0.033769
0.023713
0.034065
0.028664
0.034829
0.017322
0.033413
0.033440
0.035966
0.034385
0.028221
0.034276
0.036851
0.017128
0.034074
0.036096
0.033372
0.033007
0.033514
0.034560
0.034688
0.033510
0.034341
0.028292
0.033525
0.028212
0.034829
0.034474
0.032585
0.025343
0.034151
0.033895
0.034388
0.030150
0.024081
0.033152
0.026143
0.031327
0.034249
0.027342
0.035021
0.026320
0.033657
0.017963
0.033764
0.017623
0.019053
0.031326
0.027771
0.034353
0.023372
0.034038
0.037071
0.032922
0.034232
0.033412
0.033974
0.037776
0.034652
0.035537
0.030697
0.033306
0.033657
0.029944
0.034112
0.036350
0.018281
0.021601
0.033462
0.034265
0.029495
0.028380
0.033861
0.031844
0.032478
0.032829
0.017647
0.024714
0.030009
0.033501
0.033121
0.027017
0.023526
0.032212
0.032395
0.032634
0.027098
0.033580
0.018194
0.033779
0.039166
0.022423
0.036142
0.033152
0.035200
0.032487
0.033376
0.032755
0.036320
0.023299
0.033285
0.033723
0.032142
0.032650
0.023081
0.033442
0.019194
0.032879
0.032628
0.018118
0.035848
0.025405
0.021734
0.021676
0.035354
0.035037
0.033534
0.037184
0.035960
0.025534
0.026919
0.019536
0.033952
0.032354
0.017213
0.027922
0.033224
0.031500
0.037009
0.034424
0.034846
0.034550
0.036283
0.036031
0.031553
0.036285
0.033925
0.033391
0.033283
0.033378
0.032314
0.032145
0.026273
0.032091
0.017216
0.033366
0.033358
0.018766
0.017661
0.035317
0.033209
0.038665
0.025322
0.034474
0.017935
0.020731
0.018054
0.019545
0.037980
0.035593
0.022267
0.035664
0.033646
0.033628
0.032462
0.034287
0.019749
0.035485
0.034930
0.034554
0.034768
0.024881
0.037205
0.035078
0.032774
0.033774
0.033352
0.032604
0.034410
0.031582
0.018596
0.032993
0.032893
0.020258
0.033188
0.033843
0.035105
0.028489
0.018427
0.035054
0.033352
0.033925
0.030202
0.036165
0.021375
0.024129
0.034721
0.026438
0.033481
0.028553
0.033329
0.033436
0.035727
0.025793
0.033661
0.032766
0.033841
0.021314
0.033305
0.034595
0.034442
0.027957
0.017555
0.035324
0.032146
0.027768
0.032902
0.033954
0.033578
0.033169
0.033788
0.019526
0.036272
0.036417
0.036248
0.025368
0.034042
0.033700
0.017453
0.034039
0.028334
0.026016
0.034725
0.033992
0.036064
0.019331
0.017589
0.035190
0.035599
0.035127
0.028808
0.021097
0.033343
0.033770
0.017511
0.017718
0.035029
0.033752
0.034389
0.028798
0.029543
0.016620
0.034006
0.021367
0.031989
0.035493
0.034920
0.034015
0.032920
0.030945
0.034896
0.033894
0.033623
0.028789
0.033985
0.034068
0.034021
0.026778
0.033168
0.032777
0.034237
0.033326
0.018314
0.033017
0.032735
0.034789
0.024046
0.018267
0.034365
0.034329
0.030614
0.037321
0.035542
0.040148
0.033577
0.019277
0.032949
0.035258
0.034411
0.036266
0.032631
0.022685
0.030250
0.035228
0.024440
0.031667
0.034043
0.032828
0.021346
0.037816
0.033120
0.034038
0.033792
0.017872
0.017174
0.016799
0.033208
0.018857
0.037492
0.033936
0.035803
0.031156
0.033759
0.034093
0.034659
0.033647
0.033483
0.025284
0.034501
0.017976
0.026538
0.033490
0.034527
0.034127
0.033973
0.034872
0.019155
0.036263
0.019145
0.034858
0.034938
0.034590
0.034340
0.035862
0.026158
0.018256
0.035412
0.032467
0.035566
0.033657
0.033539
0.018726
0.039766
0.033770
0.035887
0.018836
0.036454
0.034663
0.034387
0.033762
0.034905
0.016367
0.033493
0.035561
0.026209
0.036305
0.033095
0.035079
0.024097
0.035450
0.033518
0.027288
0.033465
0.035667
0.029994
0.035123
0.040360
0.034617
0.035334
0.025571
0.017429
0.035300
0.032370
0.034062
0.019011
0.021132
0.031697
0.028849
0.032879
0.019520
0.034430
0.030359
0.034927
0.018601
0.018440
0.026463
0.020514
0.029984
0.036146
0.033465
0.034101
0.031571
0.028024
0.031265
0.035886
0.026330
0.032859
0.037904
0.023975
0.032876
0.024681
0.034495
0.034361
0.033572
0.034732
0.034760
0.029182
0.034938
0.021715
0.032523
0.034721
0.018368
0.033936
0.024519
0.033945
0.034626
0.018879
0.032570
0.033902
0.033650
0.032615
0.034459
0.018004
0.021219
0.034625
0.029349
0.031893
0.019932
0.035593
0.018852
0.020880
0.033857
0.034149
0.026027
0.034813
0.032360
0.034650
0.034329
0.019630
0.035323
0.033083
0.032732
0.034822
0.035002
0.034257
0.035091
0.035040
0.027721
0.031620
0.020309
0.033839
0.033896
0.035930
0.033471
0.033567
0.019179
0.027419
0.022662
0.033588
0.029254
0.033875
0.023307
0.019518
0.034683
0.035125
0.027143
0.019459
0.033094
0.034130
0.023222
0.031369
0.035022
0.025160
0.034220
0.035850
0.035671
0.033585
0.024194
0.035831
0.024239
0.019170
0.034128
0.021805
0.017948
0.034722
0.033315
0.034076
0.020508
0.032754
0.033568
0.031673
0.032489
0.035630
0.034778
0.020015
0.019205
0.017744
0.020754
0.019495
0.019123
0.031894
0.024259
0.029846
0.033749
0.035597
0.028587
0.035827
0.029634
0.034706
0.034879
0.018235
0.035159
0.029785
0.032532
0.030826
0.033189
0.029764
0.020293
0.033914
0.034607
0.032929
0.030866
0.020284
0.021360
0.028620
0.035305
0.021592
0.033701
0.021783
0.021543
0.024602
0.033964
0.028746
0.033233
0.034397
0.032480
0.032322
0.027277
0.030220
0.031418
0.031848
0.019492
0.026538
0.035770
0.033628
0.034477
0.034858
0.020611
0.033166
0.023813
0.032352
0.028589
0.032885
0.031899
0.025235
0.033350
0.033182
0.016642
0.022106
0.025403
0.032741
0.032552
0.032819
0.019141
0.032043
0.025703
0.033144
0.032823
0.020590
0.032204
0.032585
0.020194
0.032603
0.032818
0.034213
0.033126
0.032163
0.017015
0.016662
0.031413
0.034194
0.033757
0.034125
0.031668
0.032172
0.033864
0.034754
0.030113
0.016669
0.034283
0.031797
0.031871
0.035241
0.033724
0.029341
0.034433
0.031819
0.033151
0.018945
0.035573
0.027580
0.032730
0.032724
0.033676
0.032230
0.021788
0.033609
0.027384
0.019299
0.016295
0.032651
0.032110
0.032461
0.032836
0.032530
0.032290
0.033619
0.033658
0.020961
0.032203
0.032664
0.035150
0.032688
0.032866
0.033753
0.031794
0.034915
0.033369
0.032512
0.030442
0.018260
0.019658
0.031846
0.031238
0.033916
0.023276
0.027093
0.028726
0.033357
0.028733
0.034105
0.034551
0.039881
0.033824
0.019321
0.022590
0.032896
0.034508
0.019453
0.027298
0.032651
0.032776
0.022672
0.032863
0.025817
0.027503
0.033590
0.035555
0.037589
0.023427
0.036846
0.036100
0.022049
0.034648
0.033239
0.024939
0.020218
0.025963
0.020993
0.021663
0.038452
0.032962
0.018540
0.034523
0.023854
0.036181
0.033757
0.034527
0.030189
0.034705
0.022202
0.031150
0.019165
0.033868
0.019025
0.034523
0.033762
0.027421
0.027249
0.034750
0.034394
0.035108
0.030544
0.018115
0.034212
0.034357
0.030993
0.030423
0.033456
0.035515
0.034807
0.035640
0.020455
0.035073
0.034445
0.034408
0.024469
0.033079
0.033664
0.032571
0.019750
0.033417
0.025577
0.034520
0.027448
0.033687
0.025373
0.017340
0.019155
0.034119
0.033526
0.034962
0.019539
0.032051
0.033902
0.035425
0.034061
0.036861
0.025843
0.033252
0.039233
0.028499
0.035228
0.033837
0.019979
0.017940
0.028564
0.030921
0.032662
0.018430
0.029840
0.034196
0.033179
0.033875
0.017741
0.021209
0.021271
0.034953
0.034201
0.033808
0.019745
0.025960
0.033026
0.033149
0.035586
0.034832
0.032145
0.034167
0.036076
0.022278
0.026375
0.034738
0.033814
0.037105
0.034166
0.033290
0.035542
0.023190
0.033960
0.020332
0.034347
0.034799
0.034175
0.036701
0.034226
0.035840
0.034187
0.033198
0.033496
0.033147
0.036122
0.033577
0.033993
0.033058
0.039794
0.035666
0.029653
0.033450
0.033140
0.032724
0.034497
0.032548
0.034736
0.028046
0.026836
0.018429
0.028614
0.018180
0.024656
0.019170
0.026089
0.033849
0.035283
0.034918
0.035724
0.023427
0.020270
0.034898
0.034450
0.035312
0.030877
0.029076
0.033140
0.030534
0.033641
0.019703
0.016572
0.034720
0.033180
0.033148
0.032092
0.033755
0.032707
0.033592
0.031073
0.034785
0.038021
0.017567
0.035841
0.034808
0.032611
0.018925
0.021210
0.021201
0.035373
0.035392
0.032575
0.036751
0.036104
0.035629
0.033937
0.037255
0.025899
0.026812
0.025449
0.032813
0.034629
0.034259
0.034600
0.027541
0.035311
0.035001
0.036190
0.033997
0.034613
0.034121
0.033570
0.032756
0.035189
0.033582
0.034079
0.031205
0.019064
0.032765
0.017893
0.020691
0.027220
0.034936
0.036292
0.033367
0.033778
0.027230
0.034523
0.037194
0.036285
0.018840
0.034180
0.034695
0.027015
0.033548
0.026692
0.019309
0.037527
0.031410
0.032792
0.033577
0.021726
0.021600
0.018071
0.035022
0.029629
0.034205
0.034287
0.025785
0.033199
0.033787
0.017854
0.033102
0.024796
0.033857
0.035902
0.027449
0.026570
0.036460
0.020306
0.032048
0.018621
0.033312
0.020107
0.035157
0.035387
0.040963
0.035439
0.030080
0.018191
0.017099
0.027265
0.020795
0.032725
0.037163
0.020578
0.036553
0.020583
0.035169
0.036233
0.034366
0.022051
0.037110
0.035979
0.030249
0.037432
0.020594
0.020539
0.028193
0.017892
0.029039
0.035484
0.017488
0.036022
0.035159
0.018737
0.034219
0.024824
0.032802
0.034400
0.034100
0.018261
0.032777
0.030397
0.018626
0.027528
0.035074
0.032098
0.034307
0.035693
0.034700
0.035792
0.027307
0.033619
0.037480
0.033011
0.032636
0.037441
0.033083
0.033479
0.033922
0.032808
0.035681
0.036882
0.033178
0.034856
0.020207
0.017914
0.019729
0.024688
0.021757
0.037413
0.030502
0.029511
0.026049
0.034154
0.031677
0.035896
0.029818
0.034703
0.035318
0.035721
0.033092
0.034070
0.030538
0.035074
0.034861
0.019231
0.018575
0.034547
0.018697
0.034190
0.037199
0.036404
0.035001
0.034009
0.034704
0.035960
0.026012
0.034786
0.035357
0.035012
0.023010
0.026264
0.027914
0.018427
0.031927
0.037068
0.021507
0.034281
0.037709
0.034260
0.033024
0.030247
0.035301
0.034479
0.030370
0.033854
0.033300
0.034035
0.033710
0.028568
0.035474
0.033702
0.032877
0.039810
0.035504
0.033778
0.028908
0.032540
0.034901
0.033821
0.028459
0.028824
0.032868
0.033519
0.032550
0.017470
0.018321
0.033864
0.031382
0.033057
0.031705
0.033066
0.032367
0.032053
0.034127
0.033158
0.031366
0.025720
0.033387
0.032175
0.033400
0.032114
0.032261
0.019544
0.017210
0.019459
0.034635
0.033173
0.034339
0.018483
0.031045
0.031662
0.021829
0.029488
0.027904
0.028421
0.032582
0.018541
0.032552
0.017212
0.034245
0.032439
0.032301
0.034876
0.016529
0.017425
0.033024
0.025957
0.032341
0.033918
0.032958
0.033952
0.031491
0.033657
0.031696
0.032105
0.031813
0.032420
0.032438
0.032464
0.024297
0.032197
0.033544
0.033071
0.034020
0.033472
0.031721
0.032757
0.032676
0.017188
0.015366
0.033557
0.033163
0.031651
0.034319
0.033093
0.027393
0.020536
0.031633
0.032670
0.027653
0.033629
0.031106
0.033182
0.027513
0.033822
0.019008
0.035560
0.020978
0.032803
0.016586
0.033048
0.016568
0.027617
0.018886
0.024827
0.032293
0.029336
0.030811
0.030671
0.032774
0.032562
0.031692
0.034500
0.027932
0.032993
0.033188
0.032957
0.031674
0.021755
0.031034
0.028874
0.035845
0.033178
0.021531
0.027237
0.025104
0.021216
0.033360
0.016830
0.034054
0.033936
0.018629
0.017797
0.019461
0.026747
0.035244
0.034097
0.033035
0.032898
0.024773
0.026157
0.021582
0.036006
0.021648
0.033276
0.022425
0.033123
0.035130
0.034699
0.028410
0.028163
0.033848
0.034534
0.033312
0.025666
0.026037
0.033351
0.034067
0.017172
0.036739
0.034919
0.037782
0.021026
0.044350
0.036748
0.033396
0.030787
0.034559
0.027925
0.033841
0.034942
0.033173
0.035261
0.020404
0.034702
0.035955
0.032958
0.034389
0.034844
0.031780
0.033340
0.033619
0.034209
0.036207
0.036132
0.018653
0.020164
0.021214
0.018818
0.034739
0.034608
0.034525
0.019598
0.033535
0.034153
0.034866
0.038419
0.033567
0.034000
0.034717
0.033908
0.035976
0.033259
0.025859
0.033934
0.033220
0.029205
0.033794
0.033033
0.034439
0.034622
0.036375
0.031397
0.031271
0.030405
0.033323
0.034097
0.020686
0.019400
0.020934
0.020496
0.017692
0.017653
0.018988
0.017835
0.017804
0.017218
0.017058
0.017247
0.018565
0.017993
0.017692
0.017931
0.037066
0.017867
0.022320
0.020577
0.020978
0.017282
0.017964
0.018426
0.021795
0.019769
0.020443
0.017495
0.019240
0.021605
0.017779
0.025021
0.035456
0.019991
0.018519
0.018895
0.035273
0.028534
0.033837
0.029355
0.032250
0.033297
0.032833
0.034672
0.034606
0.019034
0.035831
0.034502
0.033208
0.034478
0.020495
0.034496
0.033550
0.034530
0.027266
0.020266
0.035167
0.034012
0.033578
0.034593
0.035646
0.034559
0.034127
0.022021
0.033453
0.026597
0.032832
0.035327
0.033671
0.035661
0.024225
0.030515
0.027918
0.035068
0.021403
0.034915
0.033445
0.023957
0.036633
0.033065
0.033509
0.028638
0.031795
0.034206
0.034074
0.036400
0.025078
0.030520
0.039001
0.038612
0.029350
0.036890
0.038360
0.039560
0.038274
0.039524
0.031776
0.036683
0.036732
0.033456
0.034552
0.031476
0.033875
0.034278
0.035305
0.034376
0.025459
0.035102
0.034662
0.035044
0.032945
0.033417
0.026259
0.026712
0.034000
0.032679
0.033251
0.017317
0.034949
0.022027
0.031840
0.036110
0.033181
0.034289
0.029472
0.034214
0.033951
0.034955
0.031242
0.034326
0.035706
0.034335
0.031352
0.034964
0.033602
0.030692
0.024758
0.034592
0.030722
0.025880
0.035699
0.033359
0.033908
0.034133
0.033312
0.034901
0.033942
0.034695
0.035357
0.028466
0.030446
0.033308
0.035358
0.018997
0.033806
0.037429
0.034716
0.026588
0.034569
0.033189
0.019474
0.019049
0.034568
0.018794
0.028278
0.034958
0.033747
0.032748
0.032630
0.022338
0.021681
0.019662
0.018034
0.032708
0.034452
0.036194
0.022157
0.037054
0.037191
0.034512
0.034776
0.019920
0.027666
0.033263
0.025420
0.035849
0.034575
0.036673
0.038073
0.037246
0.025330
0.024168
0.020696
0.020439
0.027601
0.035123
0.034035
0.029691
0.035346
0.023154
0.024364
0.030405
0.018694
0.034564
0.034957
0.036500
0.037495
0.035578
0.035882
0.034509
0.034905
0.030911
0.034417
0.032679
0.028024
0.024921
0.034005
0.034905
0.034752
0.034063
0.033487
0.035279
0.035578
0.033511
0.030385
0.035737
0.033985
0.033101
0.026245
0.030523
0.034765
0.033680
0.033195
0.021143
0.032914
0.035347
0.030930
0.032917
0.034916
0.034103
0.035216
0.034220
0.036929
0.034423
0.032383
0.020809
0.017920
0.035707
0.036600
0.020661
0.035272
0.020760
0.018803
0.025579
0.033138
0.018341
0.023040
0.032286
0.033624
0.032483
0.032737
0.034037
0.034349
0.033492
0.032936
0.033089
0.033596
0.026626
0.035204
0.030826
0.033500
0.032761
0.033998
0.034637
0.029430
0.034903
0.035126
0.034762
0.034077
0.034836
0.033664
0.036181
0.033767
0.025550
0.019538
0.022842
0.033867
0.017967
0.026961
0.036497
0.034498
0.022316
0.033808
0.039070
0.034360
0.033607
0.027192
0.031856
0.035993
0.035063
0.028602
0.038816
0.034364
0.025906
0.036827
0.038744
0.021665
0.035439
0.023731
0.039278
0.028975
0.034147
0.031400
0.033393
0.033208
0.033136
0.033622
0.029860
0.021772
0.032549
0.028263
0.034035
0.032644
0.023198
0.022582
0.024647
0.032755
0.034970
0.019923
0.033132
0.033890
0.034236
0.034325
0.034359
0.035241
0.032395
0.033602
0.018685
0.017297
0.033528
0.033151
0.032317
0.032069
0.027444
0.033888
0.023998
0.036659
0.032174
0.032334
0.032992
0.033720
0.031906
0.034042
0.025784
0.032997
0.032550
0.032317
0.018817
0.026664
0.025038
0.020022
0.034581
0.031983
0.019497
0.033973
0.020367
0.033587
0.035171
0.028741
0.032646
0.033086
0.026200
0.031829
0.027810
0.032894
0.033222
0.032865
0.033651
0.031919
0.032315
0.033731
0.033793
0.034179
0.033235
0.018557
0.029922
0.023095
0.036235
0.029486
0.034553
0.033067
0.034088
0.031209
0.033869
0.033366
0.032271
0.034611
0.032696
0.033714
0.032714
0.033257
0.028338
0.016621
0.033392
0.033157
0.025433
0.035512
0.028427
0.034245
0.034886
0.039427
0.026308
0.034748
0.034803
0.022405
0.034564
0.030077
0.034329
0.034528
0.033881
0.031682
0.033491
0.020883
0.033977
0.034183
0.033721
0.034307
0.034263
0.021197
0.031882
0.032784
0.034113
0.034863
0.025805
0.035747
0.032419
0.036448
0.034345
0.034339
0.028148
0.034995
0.033008
0.034807
0.032657
0.033849
0.034233
0.032533
0.033469
0.028407
0.034909
0.033772
0.028566
0.035025
0.033807
0.035436
0.034810
0.018015
0.024230
0.026434
0.025413
0.034007
0.020891
0.033045
0.029998
0.037110
0.034786
0.024440
0.025550
0.030771
0.032778
0.033320
0.032556
0.032160
0.033300
0.029026
0.035578
0.032621
0.032238
0.017052
0.027254
0.033464
0.032730
0.033041
0.032501
0.033766
0.032858
0.023626
0.028394
0.023251
0.034876
0.034199
0.034066
0.021532
0.030145
0.033446
0.033425
0.027907
0.027522
0.032772
0.036851
0.034163
0.021833
0.017017
0.028088
0.027053
0.034317
0.021385
0.029540
0.025914
0.033993
0.023005
0.034853
0.033652
0.022748
0.032982
0.036526
0.017572
0.033753
0.032466
0.033377
0.031821
0.035716
0.034239
0.035505
0.030853
0.034524
0.033264
0.029451
0.031834
0.033301
0.036835
0.018274
0.033908
0.025952
0.033706
0.032249
0.033894
0.034238
0.035047
0.030899
0.035576
0.020887
0.037144
0.041095
0.030361
0.034995
0.033430
0.027164
0.034426
0.021020
0.017473
0.034137
0.032964
0.017549
0.018923
0.032871
0.029809
0.033747
0.034169
0.032650
0.033744
0.028909
0.028934
0.033257
0.017776
0.029931
0.034875
0.034846
0.021571
0.035172
0.033273
0.033442
0.033334
0.032398
0.018687
0.022171
0.035642
0.033406
0.036798
0.023999
0.033491
0.034224
0.029787
0.033429
0.034207
0.033776
0.034596
0.029388
0.020880
0.033557
0.032555
0.034479
0.033933
0.034795
0.032899
0.033746
0.036565
0.036371
0.025722
0.020107
0.033842
0.029162
0.032971
0.033026
0.033397
0.026883
0.031600
0.033216
0.033082
0.033970
0.021271
0.029351
0.035812
0.027955
0.029271
0.032984
0.024145
0.034390
0.034353
0.033314
0.030332
0.033055
0.034681
0.034146
0.034239
0.035529
0.035218
0.034625
0.033985
0.022683
0.034704
0.033817
0.032393
0.033649
0.034102
0.020903
0.032267
0.034990
0.034181
0.030112
0.031901
0.035028
0.034009
0.032921
0.035259
0.034721
0.032525
0.026543
0.017996
0.027343
0.034008
0.030736
0.017889
0.028427
0.033181
0.034297
0.033803
0.033806
0.034940
0.036743
0.036231
0.032929
0.034977
0.017239
0.030132
0.035678
0.016802
0.019828
0.033488
0.017682
0.033156
0.032851
0.031086
0.031756
0.023076
0.033206
0.033114
0.033277
0.032855
0.033404
0.032969
0.033611
0.035259
0.025591
0.034636
0.025192
0.017418
0.032592
0.034555
0.033179
0.025894
0.035779
0.034238
0.024671
0.031976
0.032588
0.033359
0.030386
0.032565
0.033244
0.016885
0.022429
0.032444
0.030173
0.029953
0.035933
0.029737
0.032803
0.020829
0.034696
0.028833
0.034243
0.026002
0.019091
0.034760
0.032466
0.025729
0.029646
0.034122
0.033765
0.025786
0.023860
0.017177
0.035352
0.033715
0.020051
0.016820
0.017672
0.032366
0.034194
0.034055
0.033144
0.033109
0.018293
0.035547
0.029061
0.033641
0.034561
0.033567
0.018666
0.033789
0.032925
0.032321
0.020320
0.036468
0.033544
0.034206
0.033612
0.020902
0.017809
0.016301
0.034817
0.028654
0.030355
0.020575
0.023928
0.029314
0.018938
0.032537
0.026462
0.033994
0.021978
0.034978
0.034237
0.034097
0.037975
0.033384
0.032648
0.035146
0.035393
0.032620
0.020768
0.031954
0.035965
0.020634
0.018976
0.034664
0.032995
0.035469
0.034917
0.034543
0.026565
0.025633
0.018651
0.032232
0.033354
0.032582
0.029846
0.032089
0.034339
0.017952
0.032122
0.019302
0.033750
0.021375
0.017490
0.034736
0.034338
0.035089
0.021440
0.034747
0.032280
0.033029
0.035228
0.033256
0.034541
0.033475
0.033008
0.032396
0.026998
0.029891
0.032824
0.034255
0.031689
0.033603
0.027539
0.034110
0.029519
0.017689
0.025165
0.034019
0.034006
0.035753
0.035385
0.033214
0.019869
0.034742
0.034401
0.032851
0.032522
0.030219
0.023693
0.034727
0.032815
0.031089
0.034080
0.018844
0.029736
0.029579
0.030251
0.028131
0.032402
0.027675
0.025985
0.032542
0.031615
0.033716
0.032547
0.016550
0.019001
0.033431
0.032228
0.031674
0.032152
0.031324
0.032048
0.034162
0.032634
0.033014
0.031482
0.031749
0.034061
0.034394
0.032085
0.033451
0.035450
0.034187
0.032507
0.032397
0.034142
0.029162
0.031446
0.025956
0.031797
0.034400
0.033719
0.034762
0.035156
0.032521
0.032319
0.030562
0.033152
0.033401
0.033985
0.035017
0.020601
0.026091
0.029371
0.020011
0.032779
0.023629
0.027867
0.034591
0.026673
0.033758
0.034939
0.021675
0.034040
0.026006
0.032992
0.022315
0.031012
0.035048
0.034003
0.028286
0.033515
0.035223
0.033804
0.034853
0.034653
0.037623
0.033967
0.034083
0.034884
0.032798
0.033355
0.030433
0.034186
0.032684
0.035106
0.028044
0.035025
0.032846
0.034726
0.018692
0.017947
0.021067
0.021201
0.019364
0.035100
0.033785
0.018101
0.032677
0.033306
0.026194
0.034409
0.032725
0.032791
0.034787
0.029729
0.021883
0.023672
0.020095
0.021899
0.033390
0.020998
0.035051
0.035309
0.038692
0.026223
0.033339
0.033814
0.034030
0.040011
0.034642
0.036576
0.033838
0.032515
0.030852
0.034482
0.033287
0.032730
0.032537
0.026291
0.032709
0.030216
0.033973
0.034606
0.032660
0.033283
0.035319
0.017613
0.034328
0.030896
0.033056
0.033323
0.032536
0.034075
0.032452
0.019428
0.033816
0.023441
0.034293
0.032794
0.030476
0.033784
0.033450
0.035605
0.024760
0.032790
0.033387
0.026394
0.037969
0.024643
0.035091
0.034121
0.033181
0.019723
0.027590
0.018214
0.019769
0.016365
0.020206
0.019842
0.022301
0.019677
0.030290
0.034389
0.036170
0.027013
0.031452
0.028942
0.034360
0.021020
0.037719
0.035142
0.035735
0.033960
0.029109
0.030964
0.033514
0.033564
0.032623
0.019193
0.034729
0.034032
0.033858
0.029537
0.032348
0.034368
0.034700
0.020853
0.035207
0.030308
0.033891
0.034572
0.019737
0.017347
0.034189
0.027973
0.034133
0.034894
0.036203
0.035013
0.033242
0.020427
0.029347
0.031452
0.035851
0.034757
0.034332
0.033154
0.020768
0.029744
0.033256
0.027976
0.017757
0.028696
0.023258
0.022968
0.034525
0.017445
0.034559
0.036758
0.028276
0.033313
0.029378
0.017780
0.034705
0.033320
0.032601
0.032053
0.032065
0.034215
0.033653
0.032946
0.025450
0.033088
0.019615
0.028511
0.028042
0.032683
0.028620
0.017606
0.034141
0.030450
0.032561
0.033627
0.036119
0.035313
0.032891
0.031579
0.018774
0.035109
0.025615
0.033622
0.033854
0.032349
0.037743
0.035070
0.032430
0.025110
0.034376
0.032373
0.033669
0.019961
0.023991
0.030635
0.034407
0.028564
0.034294
0.041430
0.033583
0.022192
0.019254
0.035073
0.037010
0.033111
0.025630
0.033880
0.034785
0.025865
0.034738
0.035828
0.032853
0.034548
0.034320
0.033323
0.018649
0.019046
0.034929
0.032295
0.033724
0.032072
0.033118
0.020086
0.032601
0.026421
0.033005
0.033231
0.033857
0.030936
0.030862
0.027252
0.030755
0.032054
0.029221
0.034218
0.033853
0.033724
0.020944
0.035268
0.033503
0.034125
0.022168
0.035488
0.032727
0.032802
0.032557
0.035063
0.030281
0.017764
0.016965
0.017905
0.033769
0.035531
0.035541
0.021120
0.033408
0.034257
0.034080
0.028210
0.034750
0.018050
0.032906
0.019029
0.019133
0.036575
0.034791
0.033688
0.033125
0.031976
0.020426
0.034599
0.017944
0.018888
0.016999
0.034780
0.021764
0.028535
0.036383
0.034265
0.034480
0.024189
0.019641
0.031294
0.032911
0.030773
0.035101
0.034821
0.033700
0.035242
0.032906
0.032952
0.033023
0.033934
0.034017
0.018386
0.033317
0.033492
0.032660
0.019078
0.034233
0.017022
0.024907
0.023372
0.035323
0.021702
0.033782
0.034659
0.033631
0.033410
0.033942
0.032418
0.032398
0.033400
0.034242
0.033791
0.032782
0.023891
0.035282
0.020179
0.032932
0.027598
0.026868
0.033394
0.027185
0.018274
0.019780
0.024120
0.032994
0.034567
0.035819
0.029919
0.034948
0.026339
0.033711
0.033325
0.026875
0.033968
0.032631
0.031975
0.032913
0.024280
0.022983
0.033292
0.033571
0.033686
0.034099
0.033410
0.025861
0.033393
0.031677
0.033129
0.027587
0.031341
0.035857
0.030385
0.033735
0.022753
0.033791
0.029216
0.030526
0.020285
0.037643
0.037168
0.017656
0.037348
0.034622
0.032409
0.025629
0.034102
0.032601
0.032190
0.032329
0.031849
0.032211
0.022606
0.031966
0.032414
0.032671
0.032341
0.033005
0.033648
0.032722
0.035370
0.028376
0.033487
0.030520
0.028701
0.029239
0.021791
0.033442
0.032036
0.023122
0.031984
0.032804
0.034489
0.026563
0.034655
0.033003
0.031552
0.032590
0.032556
0.032941
0.034526
0.034745
0.032968
0.034147
0.034423
0.033668
0.031696
0.015405
0.032451
0.023405
0.033342
0.033348
0.032654
0.036834
0.032895
0.018892
0.031620
0.034526
0.032841
0.032385
0.028015
0.033216
0.033111
0.032845
0.034328
0.033539
0.022739
0.016425
0.034057
0.035563
0.033182
0.033776
0.023757
0.030295
0.031664
0.030679
0.032382
0.028953
0.032041
0.033796
0.032501
0.031734
0.019063
0.033370
0.032002
0.031654
0.025700
0.028592
0.033813
0.032456
0.017711
0.033459
0.033114
0.032233
0.030475
0.031982
0.033078
0.027794
0.022963
0.028388
0.025140
0.028915
0.027947
0.028188
0.038786
0.029446
0.020263
0.035599
0.033082
0.027961
0.021549
0.021120
0.038968
0.036334
0.023254
0.042478
0.020280
0.035573
0.036348
0.021146
0.019257
0.035860
0.035747
0.035191
0.034703
0.020967
0.035761
0.031478
0.037756
0.037544
0.026941
0.034061
0.037413
0.035428
0.035240
0.022853
0.034268
0.038844
0.028003
0.035879
0.038333
0.038477
0.034232
0.026646
0.025553
0.036346
0.019376
0.029570
0.032584
0.034323
0.035295
0.032245
0.035528
0.034126
0.038344
0.032301
0.024090
0.036009
0.033530
0.034118
0.033628
0.028701
0.032583
0.032477
0.016620
0.027831
0.034379
0.022254
0.033278
0.032435
0.034793
0.029264
0.032916
0.033050
0.033294
0.033769
0.029850
0.033095
0.033098
0.033846
0.032528
0.032195
0.033542
0.035153
0.033629
0.028779
0.023832
0.028131
0.033532
0.034338
0.033388
0.036924
0.031922
0.024026
0.034536
0.033160
0.034138
0.033483
0.021036
0.033573
0.032742
0.033766
0.022515
0.034222
0.024482
0.017570
0.020525
0.029738
0.033834
0.033148
0.034690
0.020843
0.033800
0.020197
0.027479
0.037455
0.017609
0.017152
0.031763
0.025869
0.034163
0.026693
0.019567
0.023315
0.033971
0.029417
0.034676
0.035604
0.017096
0.035754
0.018763
0.016337
0.034090
0.036440
0.034260
0.034773
0.035164
0.033234
0.034285
0.033274
0.034147
0.028773
0.033563
0.029498
0.033528
0.032301
0.027096
0.017380
0.019208
0.035209
0.039502
0.035079
0.018847
0.036564
0.034224
0.034975
0.031154
0.031511
0.033185
0.033174
0.034807
0.021847
0.035555
0.020906
0.035221
0.036414
0.035194
0.034244
0.033779
0.033799
0.037670
0.034822
0.036457
0.025091
0.018391
0.034726
0.026549
0.017119
0.032945
0.038870
0.017485
0.033854
0.034387
0.033892
0.031857
0.029003
0.019773
0.032500
0.032760
0.033958
0.033602
0.032353
0.028433
0.034309
0.034001
0.026907
0.032793
0.033508
0.032284
0.019960
0.032794
0.034590
0.024887
0.032841
0.035782
0.019426
0.033764
0.034198
0.033913
0.035584
0.035615
0.037020
0.033134
0.033648
0.019973
0.019897
0.034561
0.032838
0.033797
0.033767
0.033308
0.034816
0.028251
0.036859
0.026253
0.021262
0.033489
0.034310
0.035559
0.034500
0.026557
0.032490
0.036521
0.028083
0.034794
0.033289
0.019669
0.024912
0.018428
0.032365
0.024079
0.033654
0.031093
0.035122
0.038861
0.034817
0.026143
0.034844
0.035874
0.030334
0.039924
0.033756
0.032038
0.032774
0.033781
0.024325
0.029395
0.035115
0.033374
0.033788
0.032554
0.033955
0.025804
0.022692
0.032432
0.033806
0.034404
0.033630
0.032295
0.033023
0.033776
0.035409
0.033828
0.032610
0.018150
0.034128
0.026335
0.035580
0.023003
0.034063
0.033285
0.033793
0.029747
0.034647
0.027260
0.027505
0.034160
0.023300
0.033897
0.031100
0.033284
0.032425
0.034714
0.034256
0.018232
0.035853
0.035413
0.025413
0.033026
0.026151
0.035585
0.023097
0.033658
0.018645
0.017057
0.034892
0.017086
0.021733
0.026970
0.034846
0.035216
0.033321
0.036094
0.025960
0.024658
0.020453
0.034558
0.034392
0.033664
0.021530
0.025159
0.032793
0.026774
0.029546
0.022546
0.034292
0.035222
0.035687
0.024132
0.032881
0.034504
0.026309
0.033443
0.033393
0.020490
0.036167
0.033768
0.031910
0.022277
0.033187
0.033107
0.023103
0.030068
0.028273
0.036155
0.033923
0.034019
0.024387
0.030852
0.033981
0.030862
0.034787
0.033463
0.035206
0.024297
0.031744
0.033352
0.032614
0.016862
0.035133
0.036881
0.017789
0.017798
0.034407
0.028330
0.035364
0.032899
0.033457
0.018052
0.020072
0.034160
0.020020
0.028677
0.028907
0.030259
0.033019
0.030404
0.026304
0.034302
0.020613
0.030405
0.024038
0.025373
0.018607
0.033281
0.033598
0.034952
0.033852
0.031825
0.032758
0.022537
0.022688
0.029821
0.028162
0.018032
0.031895
0.035920
0.021329
0.017181
0.030571
0.034287
0.031221
0.033509
0.036423
0.021577
0.020087
0.033405
0.031242
0.034168
0.033089
0.027354
0.032504
0.034178
0.034356
0.034359
0.025278
0.034096
0.034397
0.033676
0.034743
0.031000
0.025617
0.032545
0.034678
0.034178
0.033562
0.034325
0.025265
0.033097
0.033519
0.017787
0.032969
0.032961
0.018380
0.033246
0.026967
0.033790
0.032724
0.033861
0.029352
0.034713
0.026586
0.033200
0.034791
0.027369
0.033803
0.033323
0.034068
0.032482
0.032289
0.034467
0.026263
0.033843
0.034782
0.033240
0.034975
0.023639
0.032585
0.032689
0.034278
0.033535
0.036005
0.033652
0.032653
0.018567
0.034219
0.032971
0.035931
0.030061
0.024546
0.032314
0.033916
0.028383
0.034715
0.038964
0.034243
0.034646
0.032444
0.033331
0.024483
0.021755
0.034329
0.033479
0.033217
0.033272
0.034444
0.018600
0.034673
0.026199
0.037163
0.033586
0.037029
0.025208
0.031666
0.017765
0.034490
0.033371
0.035505
0.034842
0.033422
0.018542
0.031100
0.029342
0.033776
0.024664
0.033492
0.038812
0.033027
0.035631
0.034473
0.034364
0.034974
0.027940
0.035030
0.032663
0.033348
0.033611
0.035424
0.032582
0.033996
0.036363
0.026711
0.034338
0.033728
0.024196
0.033154
0.019627
0.019228
0.017379
0.033569
0.034714
0.035038
0.033682
0.022468
0.020171
0.035915
0.032499
0.035462
0.033893
0.033981
0.032886
0.021276
0.035079
0.019546
0.035819
0.033936
0.021664
0.033778
0.028787
0.030521
0.033193
0.033373
0.030430
0.031576
0.029882
0.033217
0.032620
0.021063
0.033019
0.023939
0.027122
0.033780
0.035358
0.019682
0.033279
0.022568
0.029442
0.032880
0.033198
0.033283
0.023657
0.035245
0.018273
0.029094
0.028313
0.033368
0.020802
0.034085
0.033739
0.025953
0.033277
0.028596
0.023436
0.022924
0.034467
0.020872
0.027114
0.032953
0.033589
0.032953
0.028298
0.033470
0.034249
0.033284
0.020889
0.032323
0.034021
0.018963
0.035407
0.025592
0.027454
0.032873
0.033351
0.031949
0.018139
0.034315
0.033118
0.035887
0.019665
0.017320
0.034494
0.039775
0.032979
0.033737
0.020688
0.034558
0.035509
0.033977
0.028714
0.033177
0.032618
0.034443
0.022937
0.027852
0.018192
0.032830
0.035265
0.034021
0.028915
0.018017
0.027028
0.032599
0.036061
0.035867
0.034540
0.027005
0.028479
0.017566
0.033931
0.033610
0.034875
0.033635
0.033175
0.027495
0.032630
0.033858
0.031955
0.033327
0.032689
0.034305
0.027141
0.034920
0.033057
0.033349
0.024039
0.034852
0.034220
0.032475
0.037903
0.034777
0.034157
0.023884
0.034857
0.033041
0.034972
0.037057
0.033071
0.028009
0.017454
0.023594
0.034113
0.036061
0.027706
0.037472
0.020664
0.032355
0.032880
0.021749
0.035274
0.033022
0.033771
0.017706
0.028439
0.035022
0.026942
0.026733
0.037632
0.037698
0.029633
0.034297
0.033564
0.033720
0.035339
0.033741
0.022438
0.033535
0.022516
0.036058
0.023748
0.035519
0.039277
0.019454
0.017983
0.035820
0.034975
0.034658
0.035635
0.034326
0.019991
0.034945
0.034624
0.034140
0.034655
0.029399
0.036290
0.035012
0.017606
0.020600
0.034739
0.033895
0.035228
0.033139
0.037199
0.032771
0.024152
0.033378
0.035484
0.034919
0.034770
0.033806
0.035205
0.025418
0.041591
0.036209
0.036132
0.034494
0.026178
0.032226
0.032757
0.034455
0.029370
0.033080
0.031281
0.033556
0.038262
0.034909
0.025684
0.026159
0.029562
0.035727
0.034525
0.033375
0.035491
0.032573
0.034101
0.031846
0.035709
0.034446
0.034647
0.033626
0.035609
0.033398
0.028903
0.035205
0.032971
0.032633
0.027796
0.036613
0.034319
0.035790
0.034594
0.035019
0.037892
0.035506
0.033076
0.023635
0.034224
0.030401
0.019852
0.023732
0.034510
0.033628
0.032267
0.030409
0.032977
0.034041
0.034287
0.021696
0.041727
0.036183
0.036166
0.026846
0.034187
0.032579
0.034541
0.021128
0.033505
0.019967
0.017754
0.033921
0.036005
0.029710
0.033635
0.035695
0.035295
0.034312
0.031441
0.034094
0.036943
0.036742
0.033673
0.033049
0.027109
0.019983
0.033301
0.034971
0.035639
0.021354
0.018713
0.027341
0.031266
0.033194
0.031654
0.028869
0.019231
0.032818
0.035060
0.034911
0.034725
0.032906
0.032681
0.025252
0.034250
0.036432
0.036071
0.028521
0.035468
0.034491
0.034657
0.026182
0.035384
0.027379
0.017852
0.035296
0.029041
0.028533
0.033952
0.030683
0.037083
0.018296
0.030257
0.018555
0.033424
0.034143
0.035237
0.034381
0.035810
0.034287
0.033108
0.028025
0.028810
0.035212
0.036292
0.019583
0.034568
0.035341
0.035900
0.023273
0.018109
0.034982
0.032801
0.034203
0.036831
0.032509
0.033813
0.025894
0.020563
0.036609
0.034600
0.033847
0.033542
0.034605
0.033785
0.033631
0.034844
0.032742
0.026163
0.017337
0.026082
0.032965
0.032578
0.025062
0.028463
0.030370
0.033516
0.018779
0.022761
0.033402
0.035350
0.030308
0.027641
0.022934
0.029649
0.020866
0.018015
0.019739
0.033271
0.028467
0.034270
0.035006
0.029124
0.033869
0.033879
0.020810
0.033905
0.035199
0.029420
0.033350
0.022312
0.031754
0.033181
0.017557
0.031750
0.032907
0.033293
0.032908
0.017670
0.033870
0.032716
0.032785
0.033126
0.033823
0.026432
0.034246
0.029120
0.032427
0.020841
0.035711
0.033706
0.035301
0.035892
0.032237
0.026623
0.019946
0.033922
0.020292
0.034585
0.032990
0.034789
0.029229
0.037844
0.027662
0.032414
0.020471
0.028506
0.033244
0.031269
0.034486
0.034311
0.032355
0.033332
0.034088
0.026403
0.035078
0.030054
0.035561
0.033351
0.018728
0.030926
0.033802
0.036299
0.032580
0.022092
0.033824
0.030231
0.036581
0.026083
0.035909
0.034609
0.036433
0.033935
0.034669
0.020791
0.033141
0.034850
0.034829
0.021136
0.019484
0.029915
0.032171
0.026520
0.033490
0.032599
0.019172
0.035921
0.034068
0.023242
0.028570
0.018271
0.034612
0.033068
0.025057
0.033182
0.032373
0.033993
0.037749
0.022508
0.035376
0.034919
0.036935
0.019952
0.035815
0.039555
0.034119
0.021721
0.024653
0.020571
0.034725
0.036696
0.034853
0.033813
0.034622
0.034451
0.035445
0.034080
0.033915
0.033449
0.035979
0.034720
0.019491
0.034616
0.033018
0.019350
0.026829
0.033436
0.035370
0.035308
0.035386
0.033386
0.034322
0.018065
0.027094
0.034298
0.034205
0.033205
0.035189
0.035743
0.034023
0.035041
0.020088
0.033530
0.020328
0.021381
0.034393
0.038660
0.031058
0.034004
0.033829
0.023456
0.028621
0.037164
0.035546
0.034703
0.035610
0.033637
0.033314
0.024825
0.019344
0.035452
0.020104
0.017667
0.018986
0.030729
0.036344
0.034192
0.018512
0.034187
0.028541
0.024668
0.020279
0.034938
0.030768
0.032402
0.021716
0.034688
0.022465
0.019960
0.034851
0.031008
0.034760
0.034323
0.032760
0.038161
0.036863
0.020702
0.034070
0.028962
0.033378
0.037309
0.024052
0.033537
0.036056
0.018920
0.032918
0.029767
0.034328
0.034698
0.032993
0.024065
0.032960
0.033643
0.033620
0.023949
0.031081
0.027720
0.037678
0.032626
0.033225
0.033097
0.018414
0.023021
0.035110
0.035928
0.034954
0.030693
0.036162
0.019814
0.033238
0.034913
0.034236
0.035902
0.034582
0.034724
0.020108
0.035044
0.031872
0.036173
0.034674
0.033381
0.028662
0.033508
0.028909
0.035527
0.021108
0.031450
0.034706
0.034956
0.026700
0.037114
0.032673
0.020990
0.034163
0.017955
0.034214
0.019790
0.018787
0.033111
0.034487
0.033538
0.029582
0.018929
0.020533
0.033021
0.032124
0.019610
0.028542
0.033465
0.028424
0.028856
0.034434
0.033431
0.034576
0.035032
0.017462
0.034428
0.036474
0.033659
0.029561
0.017948
0.018787
0.034889
0.034720
0.033549
0.033696
0.032642
0.034240
0.035497
0.030077
0.026149
0.027374
0.019222
0.034187
0.029971
0.033574
0.033774
0.032926
0.019768
0.016584
0.033100
0.034833
0.036432
0.019789
0.034407
0.028228
0.036321
0.032237
0.033067
0.017736
0.025323
0.032632
0.030739
0.035307
0.020811
0.018307
0.035576
0.035844
0.033140
0.021604
0.022035
0.035115
0.018994
0.022373
0.017341
0.035074
0.033715
0.036372
0.035090
0.020340
0.036479
0.033244
0.020594
0.035568
0.035724
0.033259
0.034946
0.033854
0.032985
0.019466
0.033831
0.032380
0.033993
0.021918
0.033868
0.033680
0.019769
0.019347
0.019964
0.019054
0.024089
0.032109
0.036125
0.024797
0.033521
0.028255
0.023839
0.033658
0.035026
0.020021
0.018696
0.018818
0.034599
0.034286
0.034680
0.034988
0.033749
0.033288
0.033749
0.035527
0.034010
0.022762
0.033753
0.032531
0.026707
0.032997
0.022444
0.035581
0.026461
0.035266
0.033228
0.038152
0.028170
0.034811
0.032360
0.021088
0.033828
0.034124
0.020912
0.017627
0.021428
0.020742
0.028533
0.032350
0.034346
0.028791
0.034742
0.017628
0.020399
0.017988
0.029325
0.021844
0.032496
0.033856
0.033953
0.017636
0.017488
0.034312
0.034832
0.034089
0.035047
0.030756
0.033401
0.034149
0.026178
0.034414
0.035254
0.033267
0.034639
0.020555
0.034264
0.020692
0.021210
0.017478
0.018042
0.032957
0.035182
0.033318
0.031611
0.035222
0.019930
0.018266
0.034810
0.032249
0.032669
0.024421
0.033718
0.035232
0.036383
0.033972
0.022738
0.033688
0.033391
0.034042
0.033349
0.027818
0.035534
0.035635
0.034489
0.035328
0.034353
0.026012
0.028628
0.034481
0.035034
0.034377
0.033470
0.017835
0.033438
0.017931
0.035015
0.033061
0.032353
0.032090
0.034643
0.034707
0.028685
0.034824
0.023657
0.021112
0.034490
0.036604
0.017530
0.034875
0.033851
0.033352
0.034702
0.030651
0.030385
0.023761
0.028791
0.021852
0.018409
0.033378
0.022061
0.032422
0.033252
0.033533
0.033709
0.033354
0.033809
0.019570
0.035575
0.033518
0.026867
0.033700
0.033831
0.019015
0.028848
0.034427
0.032045
0.036153
0.020392
0.036992
0.034995
0.032989
0.037135
0.035793
0.027682
0.027672
0.035520
0.028847
0.034088
0.036321
0.034226
0.034516
0.035878
0.023296
0.035773
0.033093
0.033674
0.035629
0.020513
0.034248
0.032879
0.034435
0.033629
0.020046
0.036704
0.037466
0.016962
0.020186
0.033968
0.030141
0.035683
0.033694
0.034506
0.034460
0.034512
0.030732
0.032178
0.034804
0.024235
0.023504
0.032151
0.034486
0.034796
0.030411
0.033182
0.034999
0.034810
0.029316
0.034221
0.032479
0.035284
0.033749
0.035366
0.037402
0.033422
0.034878
0.035135
0.020114
0.024965
0.035149
0.036771
0.035963
0.034904
0.034761
0.033550
0.020081
0.034795
0.020854
0.020279
0.032613
0.036495
0.019153
0.017298
0.021794
0.037445
0.034740
0.028297
0.036798
0.018869
0.033265
0.033376
0.033494
0.034646
0.032835
0.021188
0.032228
0.027816
0.033042
0.035626
0.016139
0.030106
0.025979
0.032209
0.019300
0.016654
0.032437
0.032447
0.028506
0.021146
0.017570
0.021460
0.038275
0.038364
0.027244
0.020525
0.017931
0.035501
0.034753
0.033522
0.035922
0.033803
0.035173
0.034518
0.035392
0.019284
0.038591
0.035758
0.037923
0.034926
0.032319
0.034873
0.034255
0.032966
0.034400
0.035713
0.034918
0.035849
0.037510
0.029181
0.036229
0.034616
0.022197
0.018163
0.035128
0.017054
0.034471
0.033289
0.023751
0.033594
0.035124
0.033941
0.033879
0.027151
0.034811
0.032920
0.022896
0.035197
0.035398
0.034110
0.034207
0.034830
0.034265
0.037357
0.035314
0.033684
0.035158
0.020320
0.035834
0.033979
0.033923
0.033109
0.033993
0.036283
0.035762
0.018011
0.035727
0.036174
0.037294
0.035673
0.020742
0.021487
0.032991
0.031153
0.033068
0.035752
0.034672
0.034451
0.018987
0.035640
0.032777
0.033872
0.034081
0.033986
0.034286
0.033967
0.030480
0.025223
0.030336
0.038719
0.018730
0.018386
0.023456
0.023020
0.033261
0.017282
0.029422
0.034643
0.020349
0.018301
0.020857
0.033199
0.034291
0.033105
0.034405
0.035404
0.018645
0.033155
0.021680
0.029908
0.025811
0.034498
0.030905
0.034296
0.018326
0.022037
0.035275
0.026668
0.034281
0.035181
0.036201
0.034994
0.036139
0.032515
0.025982
0.036206
0.034877
0.023175
0.022060
0.035095
0.020013
0.030030
0.033740
0.024724
0.034507
0.033785
0.034213
0.028368
0.030008
0.033076
0.031293
0.034979
0.032681
0.024906
0.020362
0.026427
0.025374
0.035339
0.036854
0.038399
0.027349
0.022121
0.022135
0.037938
0.037435
0.021748
0.037641
0.031760
0.036621
0.036703
0.037531
0.036329
0.020951
0.028710
0.038266
0.036504
0.034292
0.035762
0.034187
0.033603
0.035827
0.020577
0.035676
0.035134
0.034615
0.030102
0.034828
0.017779
0.018214
0.035166
0.033607
0.034621
0.036028
0.034899
0.034831
0.034391
0.033951
0.033644
0.034122
0.018742
0.021755
0.024496
0.027883
0.034173
0.027328
0.033793
0.029610
0.017536
0.019964
0.035548
0.020268
0.026769
0.028679
0.037790
0.032913
0.032986
0.021070
0.028207
0.034115
0.027651
0.018533
0.020999
0.035718
0.018364
0.019978
0.034210
0.033705
0.028641
0.032881
0.034451
0.026659
0.032803
0.033659
0.033195
0.032137
0.033796
0.035036
0.033692
0.036432
0.032415
0.036143
0.027953
0.017976
0.034140
0.034151
0.022874
0.034445
0.033290
0.033369
0.033595
0.034033
0.034685
0.028719
0.017699
0.021688
0.035051
0.031696
0.030378
0.021764
0.028862
0.033319
0.018623
0.031632
0.033573
0.033526
0.034546
0.019303
0.030351
0.035155
0.033314
0.028840
0.032960
0.034793
0.018025
0.026643
0.034325
0.035565
0.021318
0.018155
0.034490
0.035522
0.034024
0.034306
0.018431
0.017930
0.034433
0.033880
0.032251
0.017565
0.021657
0.032815
0.020301
0.021053
0.017964
0.017404
0.033541
0.032900
0.033967
0.026742
0.034072
0.032741
0.024441
0.033131
0.021042
0.018404
0.036374
0.030673
0.035820
0.032532
0.026767
0.031498
0.034935
0.034012
0.033719
0.030697
0.034348
0.032770
0.031947
0.033409
0.024547
0.036686
0.035625
0.030078
0.036222
0.032548
0.035015
0.029035
0.033866
0.035484
0.023254
0.034696
0.034395
0.037899
0.026884
0.032629
0.036126
0.032438
0.034598
0.019766
0.031861
0.033986
0.029122
0.034150
0.033353
0.018866
0.021879
0.027755
0.033632
0.035082
0.035607
0.037761
0.030216
0.035658
0.035260
0.035566
0.034409
0.032980
0.032963
0.031084
0.034542
0.032529
0.033481
0.033382
0.019518
0.025831
0.031569
0.034776
0.037874
0.018577
0.034596
0.025951
0.034355
0.017810
0.020872
0.020947
0.034139
0.034196
0.036493
0.035019
0.035201
0.026344
0.031673
0.026361
0.035435
0.034585
0.017134
0.033403
0.017604
0.033779
0.023099
0.034627
0.024872
0.024424
0.032533
0.033449
0.035569
0.035549
0.018388
0.018276
0.017881
0.020231
0.035777
0.019662
0.019989
0.021539
0.033615
0.032581
0.029084
0.032365
0.027405
0.018111
0.035431
0.032640
0.018613
0.033401
0.030593
0.033149
0.028095
0.017189
0.033844
0.024213
0.033370
0.034182
0.032789
0.034598
0.034465
0.017953
0.034603
0.023028
0.017517
0.020113
0.019229
0.019869
0.020614
0.017913
0.031165
0.032539
0.037230
0.028429
0.033159
0.033902
0.033925
0.028341
0.024133
0.033493
0.032434
0.019115
0.027176
0.034962
0.032008
0.033277
0.033108
0.028821
0.016567
0.032595
0.033877
0.034124
0.024609
0.033729
0.019773
0.019865
0.032096
0.017173
0.033116
0.034620
0.033781
0.033603
0.034015
0.031509
0.032790
0.033583
0.034706
0.022886
0.028876
0.032879
0.028678
0.034617
0.021587
0.021028
0.035755
0.032287
0.033687
0.034056
0.024379
0.033782
0.028504
0.033972
0.035146
0.030279
0.017711
0.024857
0.032311
0.027414
0.032833
0.033313
0.034877
0.019284
0.034884
0.033419
0.034126
0.034687
0.034050
0.035374
0.033439
0.019326
0.018873
0.033384
0.020976
0.033697
0.033581
0.036703
0.019606
0.025093
0.034073
0.027980
0.032963
0.034856
0.033736
0.035730
0.033204
0.037318
0.035115
0.032758
0.035160
0.033547
0.024493
0.031944
0.032556
0.027990
0.023584
0.035007
0.034707
0.035110
0.034202
0.032177
0.031518
0.033254
0.032807
0.033321
0.021080
0.019321
0.033339
0.033423
0.033884
0.033095
0.033082
0.033367
0.034371
0.034717
0.020000
0.031539
0.034834
0.036921
0.034864
0.034943
0.033913
0.033383
0.036464
0.034271
0.036001
0.034417
0.036914
0.034136
0.033317
0.029220
0.018298
0.034369
0.021898
0.034387
0.032794
0.031585
0.025025
0.034354
0.029417
0.018702
0.034537
0.034420
0.034958
0.033121
0.033126
0.028983
0.035533
0.032392
0.033833
0.033795
0.032005
0.033617
0.032357
0.016562
0.028741
0.030042
0.020654
0.019386
0.032870
0.034286
0.033065
0.032301
0.034051
0.033101
0.018142
0.023244
0.034323
0.034892
0.034359
0.032183
0.035092
0.033500
0.032897
0.032539
0.033917
0.032905
0.033422
0.018542
0.028911
0.019556
0.034106
0.023081
0.033568
0.025422
0.033129
0.021286
0.036876
0.033073
0.033389
0.033911
0.033482
0.017828
0.017774
0.034912
0.031126
0.032890
0.035279
0.034128
0.025819
0.033435
0.024058
0.017677
0.032556
0.034149
0.033346
0.024372
0.020677
0.034701
0.021933
0.021695
0.034068
0.032623
0.033268
0.033104
0.032662
0.017538
0.026168
0.019629
0.035238
0.034229
0.023318
0.017585
0.033995
0.030209
0.028191
0.035062
0.033752
0.018031
0.033408
0.032524
0.020198
0.025042
0.027993
0.035328
0.030174
0.023734
0.030730
0.020869
0.034039
0.035000
0.028444
0.033116
0.032276
0.029974
0.027015
0.026648
0.035127
0.028712
0.028771
0.034467
0.032726
0.034639
0.027997
0.033256
0.033623
0.020003
0.034050
0.026280
0.037494
0.033816
0.023275
0.032919
0.018453
0.020187
0.033801
0.034046
0.020252
0.020607
0.025479
0.033623
0.025483
0.035343
0.036087
0.034133
0.033836
0.032300
0.035772
0.032808
0.036063
0.032893
0.018275
0.030640
0.032773
0.033617
0.036890
0.037933
0.035995
0.026248
0.020130
0.035147
0.017288
0.017366
0.034427
0.034799
0.033497
0.026544
0.031595
0.034032
0.024614
0.033785
0.016872
0.033669
0.027471
0.033868
0.033862
0.033668
0.028196
0.032678
0.028720
0.027660
0.035817
0.033222
0.034240
0.029787
0.030474
0.034229
0.029159
0.034624
0.034244
0.033271
0.034450
0.033686
0.034691
0.031751
0.032206
0.034784
0.034996
0.032479
0.030507
0.030367
0.032525
0.031164
0.033677
0.026345
0.034682
0.032094
0.032333
0.034143
0.023449
0.033949
0.035501
0.036714
0.033976
0.019710
0.034164
0.027299
0.030643
0.027992
0.035277
0.033415
0.034767
0.030124
0.034749
0.030888
0.037352
0.033301
0.033847
0.019624
0.034535
0.017206
0.032463
0.034479
0.034555
0.030870
0.030487
0.017331
0.034410
0.035824
0.034266
0.018871
0.028538
0.036412
0.031912
0.019769
0.018159
0.033911
0.032076
0.033988
0.030337
0.018433
0.021606
0.018608
0.016815
0.016893
0.030032
0.033062
0.032689
0.019898
0.027256
0.027440
0.038517
0.032940
0.020105
0.034271
0.033714
0.033358
0.033015
0.017121
0.032488
0.034607
0.031996
0.033613
0.033922
0.019644
0.032427
0.027313
0.033690
0.034982
0.033406
0.035302
0.033576
0.036708
0.033190
0.033461
0.035173
0.018968
0.018208
0.024611
0.018528
0.035181
0.033911
0.034661
0.032804
0.032816
0.017546
0.018921
0.022398
0.034143
0.033331
0.032497
0.032552
0.032319
0.024798
0.027101
0.033376
0.032795
0.033049
0.018329
0.035538
0.034843
0.020908
0.031956
0.020618
0.035987
0.034701
0.035304
0.029892
0.032393
0.020414
0.034273
0.034414
0.017975
0.033902
0.017820
0.032386
0.019603
0.034759
0.034266
0.030813
0.019705
0.017457
0.033679
0.033808
0.031469
0.036402
0.033244
0.033104
0.037032
0.033854
0.031276
0.032607
0.033206
0.020199
0.024866
0.034047
0.025719
0.033672
0.033194
0.017834
0.026125
0.032037
0.033210
0.020339
0.033284
0.034389
0.034337
0.033622
0.021610
0.034621
0.032229
0.028435
0.032895
0.033932
0.027989
0.033544
0.035804
0.036612
0.024536
0.017214
