431,353,57,130
420,369,67,103
421,372,64,102
423,372,68,98
422,370,70,101
425,367,73,106
423,364,71,108
425,363,75,110
428,366,72,107
431,361,67,110
433,358,67,112
436,354,66,115
431,344,72,124
438,342,69,124
435,339,71,126
438,337,70,128
439,333,71,129
436,332,72,129
437,327,71,128
435,329,71,125
432,327,72,126
430,324,73,126
432,322,73,127
433,323,72,124
431,321,72,127
432,322,71,126
429,321,71,128
424,319,72,128
420,319,69,127
417,318,68,127
414,319,68,130
412,317,70,132
412,321,68,130
411,322,68,129
408,322,68,129
404,321,69,128
397,323,70,127
387,321,68,127
380,318,69,129
375,316,66,129
369,319,68,127
366,319,66,129
361,319,67,128
357,320,69,128
354,321,70,128
351,320,69,128
348,321,69,126
346,321,67,128
345,319,66,128
342,322,65,128
340,321,62,128
338,321,61,130
337,320,61,131
334,320,63,130
330,321,62,128
327,321,63,129
327,323,63,128
325,323,64,128
322,326,66,124
319,325,66,123
317,327,65,123
315,327,63,123
311,328,64,122
311,330,62,121
307,331,64,120
304,331,66,121
300,330,66,122
299,330,65,121
296,329,65,123
294,327,64,124
291,328,64,123
289,327,65,123
289,326,65,124
288,327,65,124
287,327,67,123
288,326,68,124
288,326,68,124
287,326,70,124
287,326,69,125
288,327,70,124
288,328,70,122
290,327,70,123
289,328,69,122
290,328,67,121
290,328,65,122
290,328,63,122
290,328,63,124
291,328,62,123
292,327,62,123
291,326,61,125
288,327,62,125
288,328,65,125
285,328,66,124
283,330,68,121
282,330,68,122
278,333,68,119
275,332,68,120
271,333,68,120
267,331,72,121
264,330,73,123
261,330,75,123
261,331,74,122
261,331,75,123
258,329,75,123
254,332,74,121
251,333,77,120
251,333,76,120
248,333,77,121
245,336,77,122
243,338,76,122
239,339,77,121
238,340,76,120
235,341,70,121
233,340,70,120
232,341,67,119
229,342,68,117
228,342,68,118
227,344,69,117
225,344,69,116
221,345,69,116
219,344,71,117
218,344,71,118
219,344,70,119
221,343,65,117
222,342,62,119
224,344,64,118
230,345,61,116
233,344,59,118
238,344,62,117
241,342,64,117
245,344,64,114
249,341,65,116
251,342,68,116
255,339,70,117
263,339,67,116
270,339,66,116
277,337,69,117
282,336,68,118
286,335,64,117
287,335,61,118
287,331,61,119
289,330,63,117
294,330,61,119
298,330,64,119
302,331,64,119
310,332,63,117
313,335,64,116
317,337,63,116
321,339,64,116
325,339,64,116
329,339,61,115
330,340,61,116
331,344,62,118
332,346,62,117
334,348,63,118
336,350,62,117
337,351,60,118
337,352,60,119
334,352,60,118
328,349,61,120
323,347,62,120
320,345,65,122
321,347,62,119
321,348,65,119
322,350,66,119
323,351,66,119
323,354,65,116
322,356,64,112
321,354,64,114
319,349,63,117
317,352,62,113
315,353,62,115
314,354,64,112
311,353,64,111
310,351,64,112
308,349,65,113
306,349,67,113
306,350,67,113
310,351,64,114
321,353,55,111
323,353,57,113
321,355,60,113
319,357,58,113
316,358,63,114
316,360,62,115
314,361,65,113
312,362,66,111
310,363,66,110
309,363,65,110
305,364,68,110
301,363,65,110
295,362,66,112
290,362,61,113
284,360,65,115
288,360,61,112
288,359,61,116
290,360,65,114
291,360,66,115
291,361,68,114
292,360,69,114
289,361,72,114
284,358,75,114
286,356,71,116
284,355,70,115
284,353,67,117
285,351,64,118
285,352,62,117
287,350,60,118
288,349,61,121
289,350,63,121
290,351,63,118
289,349,64,120
288,351,67,117
288,351,68,117
288,350,71,119
292,348,72,122
296,349,72,124
297,351,69,120
305,349,68,122
308,350,69,119
311,351,68,119
311,350,71,122
314,348,72,124
317,349,72,124
319,346,72,128
320,351,70,123
323,350,70,124
324,348,71,126
322,346,74,128
324,344,72,128
331,347,67,124
338,349,63,123
342,347,64,124
345,351,66,124
348,349,70,124
350,348,71,125
351,346,75,127
352,349,78,123
357,344,76,125
357,349,81,122
363,346,76,124
365,357,73,114
370,355,73,115
373,349,71,121
383,344,65,125
394,359,61,112
405,372,54,94
409,374,53,93
415,372,54,96
415,368,61,100
418,368,65,100
418,366,64,101
420,367,70,100
420,367,72,99
427,370,71,95
433,367,65,99
435,369,70,99
445,366,68,99
452,367,73,93
447,367,74,92
443,365,78,95
439,365,78,98
450,365,75,90
450,366,71,80
441,366,73,75
440,363,77,96
436,364,76,98
433,363,77,101
436,364,73,95
438,367,76,95
436,365,72,97
437,363,76,81
446,365,75,91
454,368,82,98
443,360,81,104
498,335,83,128
472,343,89,117
501,334,77,128
491,340,84,124
442,364,74,95
444,361,73,94
451,363,72,91
450,364,69,87
448,366,70,87
447,364,70,85
449,363,68,88
447,363,71,87
447,361,69,83
441,367,71,95
558,344,72,123
570,342,76,127
573,345,72,123
578,346,68,122
571,348,72,127
571,350,66,123
570,350,64,126
563,350,72,127
563,349,74,131
563,347,77,133
565,348,81,132
566,350,85,131
563,349,88,133
561,353,89,128
559,351,91,131
557,348,89,131
549,346,88,129
548,346,83,130
543,346,85,128
542,347,89,131
548,347,85,131
540,347,92,130
544,349,90,130
540,349,93,129
543,349,91,129
546,350,90,129
552,350,83,129
555,351,81,131
557,351,80,131
557,350,79,131
558,349,79,133
558,349,77,132
560,348,78,134
558,347,79,133
557,347,81,134
556,346,82,134
558,345,80,135
555,345,79,136
556,345,77,136
554,345,76,134
551,345,75,136
549,344,74,137
549,343,74,137
548,343,74,137
550,344,73,137
550,343,72,139
553,343,72,140
555,343,70,140
556,344,71,140
555,343,72,140
554,342,71,140
554,342,69,140
559,342,65,140
559,342,66,140
560,343,66,140
561,343,66,141
563,343,66,141
565,341,69,141
567,342,65,140
566,342,69,141
569,343,68,140
567,343,72,141
564,344,76,141
562,345,78,139
558,347,79,138
556,348,78,139
560,348,77,139
563,349,73,138
563,348,72,141
563,350,72,139
559,351,74,139
557,353,77,137
554,355,79,135
555,355,78,136
555,356,77,137
563,358,70,136
564,357,68,136
564,356,66,136
563,354,66,135
564,355,68,135
563,355,71,134
563,356,70,133
562,355,71,133
563,356,70,132
560,357,73,131
560,356,74,132
556,358,81,132
558,358,78,132
559,358,76,133
558,358,72,133
553,359,71,133
557,358,66,132
552,358,70,133
545,358,75,133
550,358,69,136
550,358,67,133
548,360,65,133
550,357,61,133
536,356,72,134
529,354,80,132
528,352,79,131
528,352,76,133
529,355,73,131
530,352,76,132
530,355,65,121
533,356,62,119
542,355,60,119
539,356,64,125
538,356,74,126
536,355,71,127
533,355,74,128
527,354,82,128
518,353,90,128
507,351,95,129
508,352,84,126
506,350,78,130
499,351,77,131
493,352,72,130
484,350,74,129
482,350,75,127
485,350,74,131
478,352,72,129
481,350,71,135
479,350,70,133
475,350,72,133
479,351,69,133
477,351,69,132
472,354,70,128
465,359,71,125
466,358,70,126
464,354,71,128
477,359,62,122
451,368,72,115
433,353,86,97
411,345,92,111
436,361,94,110
483,364,113,122
463,358,94,120
453,348,81,103
431,344,91,121
483,360,109,123
460,355,79,113
403,363,96,109
456,336,80,105
389,375,80,102
382,380,57,97
382,379,61,93
379,376,59,96
375,378,60,99
372,383,62,101
369,382,63,102
364,383,65,100
360,379,66,104
354,385,69,99
352,379,71,104
350,373,69,109
346,372,73,112
345,357,72,126
342,354,75,130
337,353,76,132
332,354,76,131
323,353,78,132
319,353,78,131
317,351,78,133
318,351,77,134
314,352,81,133
312,352,79,134
311,353,78,133
310,353,74,133
308,357,72,130
304,356,69,129
300,355,71,129
296,355,73,131
293,356,76,130
289,357,75,130
287,358,70,129
283,357,72,130
278,357,69,129
275,356,68,129
274,354,66,132
272,355,67,132
270,356,66,129
268,358,65,128
265,357,64,129
263,357,64,129
260,360,66,128
259,360,68,127
255,363,66,124
249,362,62,125
244,365,60,121
239,364,56,123
233,361,60,127
231,363,61,124
227,364,64,123
224,363,66,125
224,369,66,118
226,364,64,124
223,364,64,125
225,370,60,119
223,358,65,129
218,362,67,126
215,360,69,127
213,359,69,127
212,358,68,129
212,356,67,129
211,358,67,130
211,358,67,130
210,359,68,130
209,359,67,130
208,360,67,129
207,362,67,129
205,362,67,128
202,361,69,129
199,359,71,130
196,360,76,128
196,358,79,129
196,360,80,128
194,359,84,128
196,359,82,128
198,361,79,126
195,360,73,124
191,357,72,126
189,356,72,127
190,355,72,129
189,354,73,131
189,356,75,129
188,358,79,127
192,357,78,128
194,357,80,126
199,360,77,123
206,359,74,125
220,361,69,124
232,354,69,133
241,362,72,124
248,360,73,125
252,360,75,125
254,359,73,128
258,360,75,128
261,361,68,129
261,362,71,128
262,361,68,130
261,361,70,130
259,362,70,130
257,361,71,130
255,362,73,131
255,363,75,130
261,362,72,131
263,363,70,134
269,364,70,135
268,369,70,134
271,370,72,132
272,370,71,131
271,369,71,131
271,370,72,130
270,370,72,130
270,370,72,128
274,370,73,131
273,370,76,132
275,370,76,131
279,369,77,131
282,368,74,132
291,368,71,132
299,366,70,135
305,363,74,140
309,366,73,138
313,369,71,136
313,366,74,138
313,367,74,133
311,366,77,135
312,363,76,137
308,364,80,138
309,364,81,137
310,363,82,137
313,361,86,131
315,365,89,128
324,366,78,128
355,372,98,113
380,377,97,96
371,383,98,83
365,389,103,94
393,371,118,85
376,366,112,85
396,368,100,85
415,377,94,115
408,370,125,115
363,378,105,82
409,390,81,99
402,390,75,102
409,391,71,105
400,393,73,104
408,395,71,99
398,395,71,101
403,397,72,87
397,346,76,110
398,395,76,94
407,380,76,88
409,396,75,110
425,391,67,114
415,395,78,110
411,385,87,120
421,386,88,121
427,383,85,125
422,387,95,121
428,381,85,127
454,384,78,123
460,386,79,121
444,388,99,112
466,388,77,109
331,359,71,123
328,359,65,127
324,368,65,119
318,354,70,130
312,351,74,133
306,350,78,133
302,350,80,133
298,349,81,135
295,350,78,134
293,348,77,136
291,353,70,131
288,359,62,125
283,364,58,120
277,365,59,116
274,367,57,113
270,370,55,112
265,374,57,110
260,373,62,111
257,370,64,113
252,374,65,110
250,370,62,110
247,369,62,113
245,371,56,112
240,369,56,115
236,370,56,112
232,370,53,112
228,368,53,114
222,368,57,113
216,368,61,115
211,363,60,116
205,363,65,118
203,363,64,117
201,363,65,117
199,364,66,117
199,363,64,117
195,363,63,118
195,363,60,117
193,362,61,118
194,361,61,120
189,360,64,121
188,353,68,130
186,363,68,119
183,353,69,130
179,361,66,121
175,356,72,125
173,355,71,126
171,356,73,125
171,354,72,126
171,357,70,125
170,355,70,125
170,356,71,124
170,357,71,122
170,355,74,123
172,357,77,124
172,354,80,127
173,356,80,124
176,354,81,124
179,354,78,125
182,352,77,128
184,352,76,129
185,353,77,127
186,355,77,125
188,356,75,124
188,360,77,121
189,362,78,120
188,356,81,125
188,364,84,117
190,357,83,125
190,360,85,123
196,359,85,124
209,358,79,125
222,357,68,127
226,353,68,133
230,364,63,122
234,359,64,127
234,358,66,127
234,360,66,125
235,360,69,125
236,359,70,127
240,360,70,124
245,362,70,124
251,357,70,126
249,361,77,124
262,355,71,130
267,357,70,128
275,354,73,131
277,354,80,132
281,349,76,137
283,350,75,135
285,350,77,133
285,351,80,134
285,353,82,132
286,356,83,129
289,359,84,127
290,360,91,126
293,358,89,127
310,352,104,123
387,379,76,103
370,348,85,82
385,385,68,96
383,363,76,94
379,375,74,89
387,381,68,97
379,375,73,87
386,378,68,96
387,377,73,87
389,356,79,93
379,376,71,92
388,379,68,94
391,379,70,87
392,354,80,84
377,378,74,99
390,383,68,96
388,368,78,94
390,374,87,108
416,371,73,111
423,368,75,118
396,370,89,115
421,360,77,125
400,362,91,127
416,358,83,128
400,364,82,123
427,360,82,130
431,360,83,129
430,364,86,124
441,369,87,111
379,374,76,113
457,369,78,121
473,367,72,125
486,374,74,116
476,366,74,131
486,372,72,120
483,372,76,124
486,373,73,122
485,371,74,125
489,371,73,123
491,371,71,123
499,371,64,121
499,370,69,124
504,373,68,121
514,373,62,123
519,371,61,124
527,373,60,126
527,374,57,123
533,374,59,122
535,374,66,123
543,375,64,121
540,376,68,122
541,376,70,120
544,376,75,122
546,377,76,120
552,379,76,118
556,379,77,120
562,378,74,121
565,377,71,122
572,376,68,124
575,373,67,127
574,373,72,127
574,372,79,125
575,372,78,124
574,372,84,125
576,371,83,125
577,372,81,125
580,371,81,126
582,370,79,127
588,370,76,128
594,371,75,128
600,371,75,128
603,369,73,128
609,368,70,132
611,368,69,132
615,366,68,134
615,366,68,133
616,367,75,132
621,367,76,130
625,370,78,129
618,369,88,130
627,351,79,149
624,371,80,132
624,366,84,133
626,355,81,145
633,365,80,139
636,355,76,148
638,353,81,153
644,364,74,142
645,358,76,150
643,361,83,145
648,358,83,149
649,359,86,147
653,359,87,146
664,367,87,140
664,364,90,145
665,370,93,140
669,368,87,144
669,369,83,142
670,369,78,143
672,368,76,142
671,369,78,140
673,370,77,140
674,370,80,141
675,368,77,144
677,368,79,144
676,366,84,144
680,368,81,144
683,368,86,145
687,371,89,143
688,367,87,147
687,359,88,151
684,356,87,146
682,353,89,144
688,355,86,142
697,356,87,146
709,357,80,145
713,357,77,147
716,357,79,146
712,357,82,148
710,355,82,147
710,354,81,146
709,355,85,144
711,355,84,145
712,357,85,144
715,360,87,143
717,362,86,142
719,362,82,142
714,361,82,145
707,363,92,143
701,361,85,143
693,362,85,141
687,358,82,145
680,356,78,148
678,360,75,147
676,360,73,143
674,356,73,146
671,357,69,147
669,360,68,148
667,363,69,147
664,362,70,149
656,363,76,147
649,360,79,147
646,369,83,137
641,369,87,136
638,369,89,137
636,370,89,135
638,369,86,136
637,368,83,136
632,367,71,136
625,366,73,138
622,366,66,137
616,361,71,141
609,362,75,141
605,365,74,137
601,365,79,138
598,366,78,137
595,365,80,136
593,365,79,134
589,364,81,135
587,361,79,136
582,361,80,136
582,362,77,135
584,363,75,133
583,365,74,134
581,367,67,133
577,369,70,131
576,371,68,131
573,370,64,132
570,369,66,133
568,371,63,130
567,370,65,132
564,372,67,131
563,373,70,131
558,374,75,130
555,374,77,130
545,375,82,129
547,374,77,130
536,373,84,129
532,372,78,128
531,372,71,130
529,371,70,130
526,370,73,129
526,372,71,128
528,370,68,129
527,369,66,129
523,369,67,125
517,369,65,126
515,368,68,127
511,366,71,130
508,367,74,130
509,366,73,127
507,366,72,128
502,365,75,129
492,363,77,129
491,364,81,126
475,360,82,127
486,356,78,129
468,355,82,125
478,348,72,129
450,349,84,128
451,342,80,131
448,345,76,128
446,343,82,129
440,342,82,127
432,343,85,123
415,343,79,121
435,332,81,129
429,338,76,120
416,332,83,124
409,337,79,114
424,333,77,119
418,337,72,112
430,332,76,115
430,335,67,110
408,338,77,106
427,330,72,111
384,340,78,91
385,350,70,80
397,320,74,108
388,344,86,89
399,347,71,84
395,317,78,109
397,343,83,93
396,352,76,82
393,343,78,89
404,351,69,80
402,343,71,85
406,344,69,76
398,331,76,98
400,339,86,87
407,357,72,81
369,360,61,83
360,349,69,92
366,357,76,84
352,356,72,85
347,346,70,96
342,344,68,98
344,351,67,92
334,336,70,108
333,339,65,105
332,345,64,100
328,338,68,108
327,339,66,107
324,341,68,107
322,325,70,122
320,329,67,117
313,329,64,117
310,329,63,117
307,332,62,118
303,324,65,126
302,321,66,132
301,326,64,127
294,325,63,128
285,328,67,124
282,329,67,124
282,330,65,125
277,331,68,125
275,331,67,124
271,331,69,124
270,330,69,122
268,332,66,120
269,333,65,121
270,333,63,121
270,333,63,122
267,335,64,119
264,338,63,120
261,337,63,119
260,336,63,123
259,333,64,125
257,332,65,126
254,333,67,124
254,331,65,126
252,330,66,128
248,328,69,131
244,331,71,126
240,330,73,126
238,333,75,126
236,331,76,127
234,333,77,125
234,331,77,127
236,335,75,127
242,336,72,126
247,337,71,127
246,339,72,125
248,338,71,124
248,336,70,126
247,339,71,123
249,339,71,122
250,340,74,123
252,341,75,123
255,343,75,121
259,345,74,120
262,345,75,120
267,343,72,120
268,341,72,122
273,339,73,122
276,335,78,126
282,336,78,127
286,334,79,130
290,335,77,130
292,333,78,129
290,335,79,128
294,331,78,131
302,333,74,131
308,334,72,133
309,336,75,134
314,337,74,133
315,341,76,131
316,343,73,131
314,360,73,116
317,361,74,114
320,364,74,112
321,365,71,112
326,363,76,111
331,370,74,104
333,375,64,100
400,355,75,108
397,357,76,104
401,357,79,98
399,353,75,109
400,356,74,102
396,352,84,113
401,356,76,98
394,353,85,114
403,357,82,96
411,358,81,112
432,356,72,120
427,352,79,126
440,349,74,128
416,353,92,123
442,347,75,132
437,349,83,132
451,348,81,132
464,349,77,132
461,353,103,128
475,350,97,128
506,355,85,112
523,359,94,122
514,352,122,134
