0.001930
0.019716
0.018316
0.017004
0.016865
0.017184
0.018272
0.020516
0.019722
0.017158
0.018353
0.017565
0.016438
0.017527
0.016020
0.017102
0.021839
0.016705
0.030568
0.026052
0.022334
0.018768
0.034419
0.032211
0.033083
0.031869
0.031646
0.034064
0.029632
0.034018
0.043776
0.021216
0.016909
0.016577
0.017192
0.019699
0.018442
0.016727
0.016109
0.032559
0.038086
0.033034
0.027021
0.033537
0.029844
0.033311
0.036750
0.033118
0.022604
0.025739
0.053738
0.020014
0.021221
0.030483
0.036202
0.036944
0.035049
0.035198
0.032768
0.017972
0.034418
0.030555
0.031525
0.037861
0.032852
0.037659
0.033155
0.025700
0.023911
0.015918
0.016933
0.017268
0.017672
0.015789
0.029939
0.033012
0.024799
0.016977
0.016964
0.015677
0.015787
0.021249
0.018380
0.017575
0.019541
0.018886
0.029742
0.031219
0.023998
0.033873
0.036277
0.019545
0.031904
0.019805
0.015468
0.015644
0.015600
0.018218
0.016910
0.016585
0.016426
0.033878
0.033380
0.035110
0.033737
0.023469
0.031009
0.028370
0.033112
0.033079
0.026314
0.032591
0.032403
0.034603
0.028131
0.031756
0.031231
0.027829
0.033236
0.032950
0.028931
0.030767
0.031163
0.022870
0.045347
0.017675
0.019013
0.039325
0.031842
0.030311
0.024762
0.033870
0.037267
0.016429
0.033713
0.024377
0.031524
0.041184
0.033879
0.031979
0.031421
0.016979
0.036439
0.031412
0.031665
0.032074
0.024529
0.033024
0.031771
0.021069
0.034719
0.031132
0.028468
0.033932
0.018222
0.020896
0.018058
0.017852
0.032077
0.030852
0.034108
0.032189
0.018373
0.027367
0.034786
0.019350
0.016119
0.016061
0.015767
0.015840
0.016135
0.028864
0.032434
0.031257
0.032978
0.028954
0.017600
0.017230
0.021024
0.033712
0.036847
0.032659
0.033168
0.033290
0.031693
0.030943
0.033343
0.031909
0.032433
0.033519
0.032624
0.019852
0.045197
0.018796
0.019377
0.019241
0.016769
0.016202
0.016395
0.023900
0.022758
0.015954
0.027889
0.019598
0.022681
0.018049
0.049054
0.035015
0.033009
0.035039
0.039417
0.034607
0.032851
0.016264
0.019965
0.026063
0.039812
