601,276,31,78
597,277,32,76
600,276,30,78
596,277,33,78
600,279,32,78
596,279,35,79
596,279,34,78
597,281,35,77
596,282,35,78
595,281,34,79
600,280,34,80
602,284,33,77
604,284,30,78
600,285,29,77
599,285,30,78
597,284,33,80
593,284,37,82
593,283,35,82
596,282,34,81
591,283,35,81
579,283,42,80
585,289,34,78
591,288,33,79
571,288,40,79
582,293,33,76
581,293,34,79
586,292,34,79
581,293,33,79
581,290,34,81
581,291,38,82
581,293,38,81
577,294,36,81
580,294,35,81
576,296,35,81
580,295,40,81
577,299,33,79
574,298,36,82
571,299,34,81
566,299,34,81
520,295,40,82
549,291,41,82
508,287,42,84
544,283,39,82
540,279,40,83
540,279,38,82
540,282,39,81
538,287,39,81
533,293,38,81
526,300,36,80
525,306,33,81
521,311,39,82
522,316,36,82
525,315,39,85
528,316,41,85
533,313,39,85
554,307,45,82
541,296,40,83
546,289,39,83
547,288,39,83
563,296,48,81
584,300,39,84
552,310,35,81
559,317,33,82
555,320,37,84
555,321,36,87
510,319,40,87
509,316,37,88
510,315,39,86
547,312,39,85
547,310,38,86
545,308,40,86
546,307,39,85
546,304,40,87
540,304,49,86
538,303,40,85
538,302,35,85
543,298,36,87
545,297,39,87
546,298,37,87
547,300,38,87
546,301,41,89
539,302,46,90
553,306,36,87
549,308,40,88
551,310,38,89
547,312,44,89
553,312,37,90
555,315,38,88
557,316,37,89
554,318,38,89
508,320,41,91
549,320,42,89
548,320,42,92
545,318,43,90
544,317,41,90
543,318,42,90
542,317,43,91
539,317,45,90
492,318,48,92
537,318,43,89
533,319,40,91
529,320,37,90
526,316,40,93
524,316,41,92
522,314,40,93
522,311,41,94
519,310,46,93
525,309,39,94
528,309,38,93
526,312,40,91
522,313,42,90
526,314,40,93
525,317,40,91
525,318,39,94
524,319,39,94
521,317,40,95
481,317,45,97
478,316,44,97
486,315,50,97
479,313,44,96
527,313,40,94
527,314,41,94
526,313,43,95
521,314,46,93
517,315,47,95
522,315,51,95
519,314,55,95
519,318,41,93
518,316,39,96
521,317,41,97
516,318,44,97
518,318,43,97
518,319,43,98
518,317,44,98
514,316,48,97
513,314,45,98
520,315,40,99
515,316,40,98
515,317,41,99
513,317,40,99
512,318,43,98
509,317,43,100
514,319,40,100
458,319,46,101
463,319,48,101
464,319,46,103
518,321,49,101
523,321,48,100
535,323,46,99
521,323,47,100
519,325,49,101
577,326,51,97
512,330,46,99
509,329,45,100
513,329,45,100
506,327,49,102
511,326,48,100
509,326,43,101
507,324,47,102
509,322,51,102
508,322,47,101
501,322,50,102
504,321,47,100
498,321,48,103
495,321,47,103
493,321,49,104
493,321,45,103
501,321,44,104
496,321,40,103
492,320,44,103
437,320,47,104
441,317,44,105
437,317,49,105
486,316,49,106
560,312,48,105
558,311,48,103
556,311,50,104
552,310,53,104
552,312,47,103
478,313,49,105
478,312,48,106
478,312,48,107
482,313,44,105
482,313,43,106
481,314,46,107
482,314,49,106
481,314,47,106
479,315,45,106
476,315,47,107
473,316,47,106
475,316,44,106
476,317,45,106
476,317,43,107
474,317,40,106
475,316,43,109
472,315,42,108
422,312,46,111
464,311,48,107
468,308,50,109
476,307,49,108
411,305,52,109
420,305,47,109
475,303,48,108
415,305,47,108
409,307,54,108
412,308,64,110
411,308,53,109
407,309,54,109
458,307,45,111
452,310,45,109
453,310,46,110
447,309,53,111
450,307,48,111
447,308,49,111
444,307,47,111
444,307,46,109
447,307,44,108
438,307,48,110
437,307,45,111
435,308,43,112
432,306,42,113
429,305,43,113
425,304,42,112
421,303,51,112
427,301,56,114
426,302,47,114
420,304,54,113
416,303,55,114
412,304,55,112
406,307,55,111
405,308,56,111
400,309,52,112
395,308,52,112
391,308,48,114
395,308,54,113
384,304,54,117
393,305,47,115
393,304,45,116
403,306,60,114
397,305,54,114
431,304,52,112
431,305,55,113
435,306,49,112
439,307,46,112
429,306,52,111
436,305,45,112
511,298,51,114
506,296,52,115
438,301,54,114
412,299,60,115
430,299,46,115
428,298,45,114
428,296,51,116
416,296,52,115
428,292,54,116
427,293,51,115
424,294,53,113
436,291,58,115
413,292,54,116
421,291,48,116
408,290,59,117
412,291,48,119
412,292,50,116
410,292,51,117
411,294,52,117
417,293,58,118
413,292,61,121
422,293,63,118
463,292,54,117
412,293,57,120
411,294,52,118
406,295,54,117
301,298,49,123
296,299,48,124
299,298,48,123
364,296,48,120
363,292,51,123
358,292,58,124
362,292,52,123
365,293,52,120
358,292,59,122
439,288,56,120
406,289,59,121
388,289,62,122
312,291,81,131
255,294,68,127
253,296,58,127
252,293,55,130
258,292,54,129
253,293,51,130
245,293,68,130
241,291,67,133
233,291,71,130
239,294,61,128
231,294,68,129
311,295,65,126
313,296,56,124
229,294,63,131
227,292,60,133
228,290,59,133
232,288,58,135
235,288,59,135
167,290,66,134
176,287,64,135
178,287,65,136
182,288,65,134
216,287,85,135
233,289,75,134
237,290,68,135
236,292,68,135
232,293,69,137
236,292,66,135
234,293,63,135
326,291,57,127
322,290,58,132
316,290,55,131
308,287,64,132
303,285,69,135
302,285,68,133
220,283,72,138
207,283,83,138
221,284,76,137
207,283,70,138
200,287,68,138
201,287,64,140
196,286,58,141
192,287,58,138
194,284,63,141
157,283,78,140
122,281,71,141
106,282,77,142
117,281,74,142
172,282,71,142
164,284,74,143
168,286,73,142
172,291,72,141
162,291,80,142
102,292,77,144
150,291,79,144
149,291,78,142
143,286,67,144
138,284,71,145
128,280,68,148
126,278,74,149
116,276,86,149
120,277,98,148
114,279,94,145
114,279,85,147
109,277,81,148
102,275,95,151
100,276,88,149
101,275,71,147
97,274,68,150
99,272,75,150
217,266,73,144
196,262,83,147
262,260,79,142
268,258,79,143
270,259,73,140
262,261,79,143
272,265,78,141
193,272,90,143
205,273,81,140
331,267,69,140
324,269,68,140
192,278,65,143
78,275,72,151
83,268,67,152
87,256,81,157
93,250,75,151
89,240,68,151
94,234,81,152
100,230,80,151
94,227,83,151
83,227,92,151
116,231,82,146
116,241,76,141
116,242,71,152
114,249,72,153
109,255,67,151
107,256,64,155
119,261,71,155
123,261,70,157
119,263,76,156
112,263,79,157
125,263,80,157
133,262,78,160
136,263,82,158
134,263,86,156
150,265,77,152
161,263,76,155
166,263,78,154
164,262,80,155
161,269,69,152
155,270,73,154
155,272,66,156
255,275,71,151
256,277,70,151
144,277,79,158
152,276,87,159
149,278,94,155
146,283,96,151
150,279,100,156
154,281,86,155
152,278,81,159
155,281,86,160
161,279,71,160
166,280,67,159
173,278,62,160
146,276,81,161
151,272,82,166
152,277,79,164
150,282,84,164
156,282,88,164
158,288,88,162
163,287,80,165
162,289,77,164
161,291,79,161
163,290,75,161
169,289,73,160
176,288,74,160
183,288,72,159
184,289,64,160
185,289,73,159
180,290,70,162
176,300,74,160
175,303,75,160
163,311,91,157
124,308,112,161
143,315,93,156
146,308,94,163
140,305,92,162
135,301,88,164
128,299,79,166
118,299,82,167
95,299,74,170
88,298,79,169
82,293,86,171
88,291,83,169
92,289,91,170
104,285,87,171
104,284,90,170
113,280,93,171
107,282,92,168
98,281,91,169
98,280,85,170
91,279,80,171
83,279,89,171
86,277,83,172
77,276,83,171
36,275,89,171
29,274,92,171
86,270,83,172
84,271,95,171
72,270,105,171
71,271,95,170
69,270,102,170
60,271,94,170
53,272,83,175
46,271,78,177
36,273,73,173
41,273,78,175
29,273,88,173
9,276,91,176
23,276,82,176
18,279,85,178
17,280,85,176
5,277,88,177
11,271,91,177
1,268,92,178
4,265,98,177
19,263,92,179
7,265,98,176
19,263,93,177
38,262,80,177
46,261,85,175
72,261,81,172
92,261,83,173
106,260,92,175
130,258,91,176
130,256,103,175
143,262,96,168
128,256,113,172
146,262,102,165
134,256,110,171
135,260,88,169
143,259,90,173
158,258,80,175
160,259,83,175
169,258,79,174
168,259,73,171
171,258,83,172
182,254,81,175
195,253,75,175
201,258,81,171
195,258,85,172
188,257,89,172
182,257,90,174
173,258,98,172
175,258,83,170
171,258,77,171
174,257,80,170
141,258,77,168
157,254,74,172
159,252,77,174
147,252,87,174
146,252,93,174
292,247,84,172
285,247,87,168
139,252,95,171
145,254,92,168
140,258,95,165
134,259,100,170
132,259,91,170
142,258,76,171
128,261,69,171
135,259,77,175
126,260,85,177
133,259,82,178
138,260,84,180
130,260,92,180
126,260,100,179
124,260,107,178
119,259,114,176
99,258,132,178
94,258,131,175
97,258,120,177
97,255,121,178
100,255,111,177
105,257,80,176
116,257,74,179
124,258,76,179
114,259,97,176
117,256,108,175
120,254,118,175
130,258,122,170
134,259,128,169
139,260,133,170
133,263,142,169
301,256,128,173
310,259,119,169
452,251,100,169
512,244,83,176
522,250,89,172
509,247,83,172
496,246,97,177
513,243,91,180
519,242,88,179
517,244,94,180
522,243,96,181
527,245,99,178
542,245,93,178
531,248,101,174
551,247,100,176
563,248,89,174
569,248,80,177
552,253,87,171
568,252,85,171
568,250,77,173
549,250,74,173
540,253,76,170
540,250,82,174
540,245,102,175
546,243,107,177
554,244,106,178
564,242,104,181
549,248,116,176
563,249,102,172
566,249,87,175
561,245,91,180
716,239,84,190
707,236,91,189
706,232,98,193
709,237,94,187
537,242,85,180
541,240,86,186
537,242,84,182
519,243,96,182
514,238,104,183
652,244,102,178
743,238,114,183
807,229,118,194
814,229,120,195
812,233,102,190
784,237,85,186
796,235,87,188
781,236,88,188
789,234,97,189
799,231,88,190
788,235,92,189
799,231,94,194
804,227,100,201
797,231,116,196
777,239,139,188
649,237,128,189
484,246,122,181
485,247,114,180
487,243,108,183
494,238,105,185
497,238,97,182
502,239,89,180
506,241,84,179
505,242,80,179
498,243,92,179
503,244,98,176
513,248,104,171
506,245,113,175
507,244,119,175
501,247,113,174
665,232,113,194
661,230,106,196
660,233,103,191
660,234,101,192
662,234,89,194
662,236,84,194
664,239,97,189
649,238,96,188
631,241,112,189
619,242,120,186
631,246,117,181
617,248,125,184
611,253,128,182
603,246,123,191
598,252,105,188
602,248,96,189
609,247,76,185
614,247,82,184
482,244,87,177
498,242,87,174
509,240,88,177
521,237,88,176
526,237,92,177
539,237,91,175
562,238,79,174
567,240,83,174
561,241,91,172
563,238,96,175
566,237,90,175
568,235,88,175
561,234,93,174
568,234,90,174
567,236,90,174
569,235,92,176
569,234,92,176
580,235,91,175
567,238,109,170
575,235,100,173
565,237,110,171
559,244,103,165
578,236,88,172
569,240,88,167
583,236,83,170
576,238,79,170
583,238,84,169
580,237,76,171
583,235,78,172
584,232,76,175
581,233,83,174
576,231,85,174
585,231,87,175
588,233,91,171
582,229,90,175
588,233,95,173
587,231,86,174
583,233,94,174
588,234,88,170
590,232,91,171
594,232,91,171
603,233,87,170
611,232,88,173
620,231,106,172
603,237,98,164
616,232,88,170
611,233,88,169
599,232,93,170
616,236,98,167
594,235,94,167
587,233,92,169
598,230,91,171
741,223,88,184
737,224,89,182
733,223,85,182
735,220,82,186
728,221,81,184
732,218,85,188
850,207,98,203
716,222,102,180
852,206,102,203
857,208,98,201
863,211,93,200
861,211,95,200
724,223,93,180
859,209,93,200
854,211,97,198
722,219,87,182
717,219,93,182
591,231,91,166
584,231,69,165
577,239,69,155
588,237,74,157
585,238,82,156
591,234,79,159
590,234,93,162
586,234,85,161
584,232,90,163
586,232,81,162
598,230,77,164
596,228,74,166
600,227,67,164
601,229,67,162
598,229,66,163
591,227,70,166
585,230,72,161
587,232,71,158
588,230,72,160
590,233,76,159
599,235,86,157
602,232,79,159
606,231,76,161
607,232,67,157
603,234,69,156
591,233,75,155
599,231,78,156
589,230,77,159
581,232,77,160
585,230,86,160
695,219,87,174
713,220,74,174
700,222,86,171
698,221,84,172
695,222,79,172
688,223,83,170
690,221,82,172
689,222,81,170
688,220,77,171
680,222,84,171
690,217,79,176
701,220,82,172
589,230,70,156
591,235,69,151
589,236,73,149
592,237,72,148
591,236,69,148
591,235,70,148
593,236,75,150
592,233,71,153
598,231,71,153
600,233,67,150
603,232,68,151
600,229,70,154
596,228,67,155
694,221,76,164
703,221,70,163
704,219,77,164
691,222,82,163
686,223,83,162
686,225,79,161
682,225,69,162
679,227,73,159
679,227,69,158
673,226,70,159
669,225,69,162
668,225,67,162
662,227,79,160
662,228,78,159
632,230,87,157
734,216,89,176
727,219,83,174
617,235,84,156
613,237,81,158
613,244,73,156
602,243,71,160
600,242,73,162
599,243,69,161
597,243,70,161
595,245,67,158
590,248,68,155
582,247,75,156
583,243,72,159
579,245,73,155
575,243,75,157
573,244,79,154
481,250,85,143
485,253,84,140
586,241,64,154
589,242,67,153
599,243,62,153
595,242,63,155
603,245,63,153
608,245,61,154
613,245,64,153
621,246,62,153
630,244,63,155
631,245,75,153
640,247,63,151
629,249,79,149
561,253,71,142
568,253,71,142
569,254,67,142
578,252,65,142
581,252,69,140
662,243,70,151
664,241,65,152
668,242,63,152
666,240,64,154
669,241,80,148
667,238,75,153
674,237,78,149
657,238,90,149
757,225,83,164
829,220,95,176
835,221,94,172
830,218,81,177
820,218,87,175
831,216,83,179
760,218,87,172
661,230,78,153
669,229,57,150
674,226,58,150
668,226,58,148
669,227,58,146
666,225,59,147
664,225,60,146
662,225,62,146
663,229,57,145
662,230,64,143
660,230,59,145
649,232,71,144
658,227,68,146
653,229,63,147
653,228,61,148
649,231,64,143
643,229,71,144
647,230,80,141
648,229,75,142
793,214,82,167
800,212,96,168
794,212,90,169
787,218,98,164
778,212,101,169
796,213,98,167
804,210,103,169
809,208,84,170
820,209,89,165
824,206,78,170
816,208,72,167
807,210,76,164
747,213,73,158
761,214,78,158
801,211,79,163
741,212,81,159
740,213,74,156
782,212,83,159
779,208,79,162
778,210,77,161
779,211,73,160
767,213,77,158
825,209,94,164
888,200,69,176
873,204,85,174
863,203,93,174
862,204,95,171
855,203,99,173
851,202,90,171
839,201,95,173
849,200,91,174
842,202,84,171
867,203,90,168
845,202,89,172
830,203,86,167
844,201,90,169
839,202,81,172
898,201,57,171
864,203,79,167
729,213,68,154
719,215,69,152
725,216,63,153
718,216,75,151
733,214,70,152
713,215,75,151
714,215,68,153
710,218,66,150
811,211,78,158
808,203,81,166
810,201,78,168
811,200,86,167
806,200,91,168
822,195,102,172
790,203,89,165
788,205,83,164
789,201,91,165
786,202,112,166
781,203,113,165
780,208,94,157
785,203,82,162
783,202,91,162
715,216,86,146
685,216,71,144
665,214,67,145
662,213,80,145
668,217,76,142
646,215,70,142
589,227,59,126
586,229,50,124
588,233,48,120
586,234,49,119
583,234,49,119
581,234,49,119
578,232,50,122
580,232,49,122
580,233,46,119
580,233,51,119
578,232,50,121
577,232,48,121
573,232,49,120
574,232,54,120
567,230,54,123
574,238,72,116
567,242,65,114
549,238,62,116
614,229,61,129
620,228,69,132
672,219,57,142
677,217,67,142
603,225,56,133
599,224,62,133
548,234,51,121
550,234,48,120
556,236,43,117
557,236,48,115
557,236,49,116
561,234,47,117
562,233,48,116
562,231,48,116
560,229,52,116
565,230,48,114
568,227,48,115
626,216,58,127
619,212,63,129
566,219,58,118
571,218,47,117
566,218,51,117
575,216,45,118
569,216,48,117
581,217,61,116
578,224,57,111
573,221,59,114
621,220,73,119
669,211,58,130
661,212,58,130
608,215,60,125
598,217,51,123
658,210,54,130
654,209,51,130
649,209,55,129
643,206,59,132
596,210,54,127
597,211,51,127
597,211,54,127
594,212,51,126
591,212,54,126
588,212,54,125
587,213,53,123
583,215,55,123
583,214,55,124
580,213,56,124
578,214,56,122
582,214,53,123
580,216,48,122
577,218,51,121
581,217,51,122
578,216,54,121
574,215,54,120
575,218,57,116
579,214,52,118
582,215,58,119
581,216,50,118
579,214,46,119
581,211,46,120
580,209,48,122
577,210,51,121
573,211,56,118
574,211,53,119
575,210,54,120
573,211,52,120
570,211,53,119
572,210,53,119
570,210,57,118
632,204,62,126
627,205,62,125
577,213,58,116
577,211,54,117
575,211,55,117
571,213,52,116
573,212,53,116
573,211,53,117
569,211,56,116
569,215,50,114
571,213,54,116
570,216,51,113
573,213,52,115
571,216,51,112
567,215,49,114
565,215,50,114
562,214,54,113
562,217,52,112
561,215,50,115
561,215,49,115
560,214,52,116
557,213,51,114
555,216,49,112
552,215,47,113
548,218,44,110
546,219,44,110
546,221,47,110
545,222,45,109
544,222,47,110
543,220,48,111
541,220,46,111
537,220,49,111
534,221,49,110
535,221,50,111
534,220,47,110
531,222,47,109
530,221,49,110
528,221,50,109
530,222,49,107
531,223,53,106
527,223,54,107
527,223,55,107
526,223,55,107
577,218,44,110
575,223,51,108
579,219,49,112
582,219,48,111
584,219,50,111
584,218,47,112
583,217,50,113
582,216,52,114
583,215,48,112
584,215,53,113
689,211,51,116
687,211,48,115
687,211,50,115
691,209,49,116
638,204,52,122
636,203,55,122
637,204,54,122
636,204,53,122
685,212,50,114
677,209,54,116
632,208,57,118
627,209,57,117
626,206,54,119
632,207,61,118
632,211,55,114
674,213,57,112
576,220,52,104
573,223,47,102
573,221,50,105
571,223,46,103
571,221,50,106
569,220,50,105
669,216,49,111
665,214,49,112
661,213,48,113
660,215,48,111
657,216,50,110
656,216,50,110
655,216,51,111
654,216,49,110
654,216,50,110
655,216,50,109
655,214,52,111
652,214,51,111
647,212,49,111
651,212,49,111
647,215,48,108
650,215,46,109
647,216,49,108
648,216,47,108
644,214,53,107
642,218,49,103
642,217,50,104
646,216,48,103
652,214,49,105
645,215,52,103
648,213,51,105
611,210,46,110
609,210,44,111
652,216,46,102
655,214,42,104
653,214,43,104
652,215,44,103
650,213,43,104
648,216,44,101
647,213,44,104
645,211,48,106
605,207,47,111
609,210,53,108
603,207,47,111
633,214,50,104
638,213,46,104
634,214,55,104
590,216,52,103
587,211,53,108
585,211,51,107
588,214,61,106
672,214,52,103
619,218,55,100
616,218,55,99
616,220,51,97
616,220,48,97
611,218,46,97
574,213,48,105
572,211,45,107
570,210,49,107
570,212,48,105
570,211,46,107
564,218,49,100
567,214,49,103
570,217,44,99
573,217,45,99
615,219,44,95
668,214,44,98
662,211,49,99
577,207,44,106
579,214,45,99
623,214,45,97
669,211,42,96
672,211,42,98
673,210,43,98
675,211,42,98
675,210,41,98
672,210,44,98
669,210,48,97
584,214,43,94
578,217,45,91
588,216,43,91
588,217,43,90
583,215,49,92
579,211,48,96
580,212,49,96
576,213,47,94
623,212,43,94
622,213,41,93
616,214,50,93
618,214,46,92
620,215,43,92
661,212,45,94
620,214,42,92
573,212,46,96
571,209,44,99
616,212,43,94
617,213,42,93
617,215,41,90
616,214,43,90
615,214,43,91
572,214,44,93
610,215,48,89
607,214,47,90
613,213,46,91
610,215,45,88
609,217,47,87
607,215,45,89
607,214,45,90
606,213,46,90
607,213,45,89
605,212,47,91
555,210,39,95
556,216,40,88
602,217,35,86
602,218,37,85
603,218,36,86
602,218,38,86
601,217,39,87
600,218,40,86
602,216,39,87
604,216,38,87
601,218,36,85
597,219,36,85
594,219,37,84
592,219,37,85
591,219,37,85
591,219,37,85
590,219,38,85
590,219,39,85
590,219,38,84
589,220,38,84
587,220,36,82
584,221,38,83
581,221,39,83
578,221,39,83
578,221,38,83
577,220,38,83
577,221,37,83
576,219,36,83
573,220,34,82
573,220,34,82
570,221,35,82
571,222,32,81
572,222,32,82
568,222,34,82
567,223,33,82
567,222,33,83
565,222,33,83
564,222,33,82
564,223,32,82
562,223,32,83
565,223,31,82
563,222,31,83
562,224,31,82
561,224,30,82
561,224,32,82
560,224,33,82
560,223,32,82
563,224,31,81
561,223,32,83
560,224,30,82
560,224,32,82
557,223,32,82
557,224,33,82
555,224,32,82
552,225,34,82
550,225,34,82
548,225,34,82
547,226,35,81
545,226,34,81
547,226,33,81
546,226,33,82
549,225,32,82
547,224,33,82
550,224,34,82
549,224,33,82
552,224,33,82
551,223,30,82
552,224,32,81
548,222,33,83
547,222,33,83
545,222,35,83
539,223,37,83
526,223,38,83
530,224,37,83
540,225,33,81
542,225,31,80
538,224,34,81
537,223,33,82
539,224,34,81
535,223,34,83
534,223,34,82
536,224,34,81
535,224,32,82
534,224,35,81
534,224,31,81
532,223,35,82
530,224,34,82
530,223,34,82
527,223,34,82
523,223,36,82
519,224,36,82
529,223,33,82
525,222,33,82
526,221,33,81
523,220,33,81
522,219,32,82
520,218,33,81
520,219,33,81
517,219,33,80
520,220,35,80
516,218,33,81
516,218,34,81
517,219,33,81
516,219,33,82
517,219,32,81
515,217,33,82
516,217,34,82
515,217,32,82
517,216,33,82
517,216,31,82
516,217,33,81
518,217,32,81
516,216,32,82
513,216,33,82
513,216,33,82
511,216,33,83
505,215,35,84
510,214,35,83
505,215,34,82
507,215,35,84
509,217,33,82
508,217,33,82
508,218,34,82
511,218,35,83
509,218,32,82
513,217,33,83
512,217,32,82
510,218,32,81
513,217,32,80
511,214,33,83
509,215,30,82
509,216,29,81
509,215,31,81
509,215,31,82
509,216,31,81
507,214,33,82
507,215,35,82
505,213,36,84
507,212,35,84
504,212,34,84
507,213,36,83
504,212,38,84
499,210,39,85
509,211,35,84
500,209,46,86
474,207,45,90
472,206,41,91
472,209,45,90
470,208,40,91
512,211,36,85
518,213,36,83
517,215,36,81
517,213,41,82
518,213,35,83
522,214,36,82
522,214,35,82
521,212,36,83
522,213,38,81
523,214,37,81
524,213,37,82
524,211,35,83
528,212,35,82
527,211,36,83
486,210,40,87
528,212,37,83
527,214,38,83
534,216,35,82
530,215,36,83
499,216,42,83
499,213,42,85
498,211,46,88
517,213,38,85
520,213,37,84
538,212,35,83
544,203,35,82
542,202,34,85
542,203,33,81
541,201,35,83
538,201,35,84
537,203,44,82
532,203,42,84
540,202,47,84
539,201,37,84
536,201,36,82
553,198,45,83
538,199,34,82
541,199,34,82
539,199,34,82
575,200,35,81
535,197,39,87
543,200,40,83
541,201,35,83
544,201,36,82
542,199,34,83
540,199,33,81
538,199,35,82
536,197,34,84
536,200,35,82
539,201,37,82
538,202,32,83
542,201,34,82
539,199,33,83
541,197,37,84
540,198,33,83
538,197,34,83
537,198,34,82
538,199,34,81
536,198,34,82
540,199,34,82
538,199,34,81
536,199,35,82
536,200,35,82
533,198,36,83
533,199,35,81
532,200,34,81
531,198,34,82
531,198,35,82
530,199,36,82
528,198,35,82
533,198,39,82
529,196,34,83
529,196,34,83
528,196,35,82
526,192,35,85
522,193,35,83
526,193,39,83
520,192,37,83
561,187,37,84
563,187,35,83
562,186,39,84
569,185,38,81
532,184,38,84
571,183,35,82
541,183,39,84
548,178,39,85
548,164,44,86
539,160,37,84
535,156,35,83
530,155,35,84
525,154,37,85
522,154,36,84
528,156,45,84
508,155,44,85
505,159,37,83
504,160,37,83
542,162,36,82
551,163,33,82
541,165,38,81
548,166,39,82
553,165,39,85
539,174,44,80
551,175,40,84
552,177,50,87
509,180,50,89
515,181,45,87
515,183,39,86
514,183,40,86
519,184,39,86
522,194,36,82
531,201,33,80
536,211,37,82
582,213,40,84
542,220,43,88
501,224,51,89
475,228,40,84
467,232,42,83
471,231,38,82
489,231,36,84
494,232,43,86
496,232,41,87
495,236,42,85
441,242,40,83
457,243,37,81
432,244,35,82
433,245,36,81
448,247,35,81
460,246,37,80
449,253,32,77
446,252,34,78
420,256,30,72
423,262,25,68
446,258,28,72
468,252,34,80
469,253,37,81
476,253,34,80
477,250,38,83
471,247,41,84
458,251,38,80
463,248,36,80
445,248,39,79
460,243,39,82
460,240,45,85
456,243,42,82
448,243,31,81
449,243,31,81
448,246,28,81
445,246,29,80
454,243,39,80
434,244,36,76
445,242,33,79
452,241,40,80
462,235,43,80
457,237,34,80
457,237,37,80
460,234,41,81
442,239,38,74
442,237,41,76
448,236,32,76
456,235,34,78
484,229,33,82
440,233,36,81
461,230,33,80
486,226,39,84
457,226,39,84
441,229,37,80
459,228,39,83
457,227,40,84
460,227,36,84
461,227,37,84
470,226,43,85
464,230,36,82
472,227,43,85
464,229,41,84
459,229,34,84
456,231,37,83
457,228,40,85
458,228,38,85
464,230,41,84
456,231,34,84
456,231,35,84
454,232,36,84
438,235,35,82
439,235,36,83
440,234,34,81
438,233,35,85
453,232,33,83
454,232,36,83
434,231,33,83
455,230,37,84
488,225,42,88
558,225,37,84
559,225,38,85
559,225,38,85
562,224,35,85
560,224,35,85
561,225,34,84
560,224,35,84
560,224,33,84
561,224,34,84
559,225,35,84
563,224,33,84
560,224,36,84
559,226,32,83
561,225,33,84
558,224,34,84
560,223,35,85
557,224,35,85
561,223,38,85
558,222,32,84
559,220,36,84
556,219,35,84
554,219,37,84
552,219,36,83
551,222,36,83
552,222,39,84
548,225,39,84
587,224,43,85
590,224,35,86
549,231,35,83
547,233,35,83
543,230,34,84
543,230,36,85
541,228,41,86
540,227,44,84
540,223,36,85
543,223,36,85
542,222,37,86
547,222,37,84
542,220,37,86
544,218,41,85
539,220,40,84
535,216,39,84
578,214,37,85
533,215,41,85
531,215,38,85
531,214,37,85
528,214,39,86
529,214,37,85
527,214,37,85
526,215,37,84
527,216,38,85
524,216,37,85
524,218,36,84
522,218,38,85
520,218,39,86
522,220,38,85
520,220,37,85
515,218,38,85
515,218,36,84
514,217,39,84
510,217,37,83
509,216,36,83
512,216,37,83
509,216,39,84
505,218,38,84
509,218,41,85
505,220,42,84
509,222,37,85
502,222,47,84
507,221,39,86
503,228,44,87
537,224,46,86
504,221,46,91
542,224,43,85
505,224,39,88
505,222,45,89
505,219,43,93
505,219,44,92
509,217,40,94
529,223,45,86
513,221,45,90
513,222,47,90
508,219,45,91
601,219,40,88
601,219,42,86
601,218,40,88
597,220,44,84
603,221,43,85
603,221,41,87
602,223,43,82
601,221,45,84
600,221,45,86
645,217,39,87
639,219,45,86
604,222,44,85
606,222,38,87
607,225,35,85
607,225,35,84
607,225,36,85
606,223,36,87
607,223,37,86
565,227,35,85
609,225,39,86
606,224,42,87
607,224,37,86
603,222,41,87
606,221,41,87
604,220,42,88
607,219,42,87
606,219,41,88
607,220,41,88
608,221,38,85
610,221,36,86
610,221,35,86
607,221,37,85
564,224,37,84
561,224,48,85
601,221,43,83
603,228,40,81
608,226,35,83
606,225,36,85
606,225,34,85
603,226,36,85
599,223,44,88
567,230,38,84
565,226,36,86
563,226,40,85
564,224,44,83
565,221,45,87
573,221,40,86
613,219,41,85
613,216,41,87
610,219,42,85
611,218,38,85
611,217,41,86
601,218,49,87
652,213,43,89
722,209,45,88
723,208,42,93
715,209,42,92
719,209,47,92
730,208,50,90
718,210,42,88
705,210,46,91
714,209,41,93
716,209,43,90
719,208,43,91
711,208,44,93
713,208,39,90
778,206,35,87
741,208,37,89
774,207,39,89
733,208,45,91
709,208,44,93
706,209,43,93
708,209,48,91
771,204,43,91
702,208,45,92
739,207,52,91
737,206,47,92
769,206,40,89
739,208,42,91
769,207,41,88
770,206,43,89
709,206,42,94
706,207,47,93
709,209,47,89
710,209,44,92
709,210,40,90
710,208,39,91
713,208,46,90
711,206,44,92
717,207,41,91
713,208,41,91
715,207,44,92
775,205,41,89
738,205,46,92
731,205,44,91
773,203,43,90
775,202,41,91
773,202,47,91
777,202,46,91
775,201,43,90
741,201,51,92
769,199,48,90
779,202,40,88
779,202,42,90
775,203,46,91
774,201,43,92
775,203,41,90
711,207,47,93
707,208,48,94
719,209,48,90
700,208,44,93
708,211,41,90
704,210,43,91
700,208,48,91
699,207,47,92
708,206,45,91
706,210,43,91
700,208,44,92
704,207,45,93
711,208,41,90
707,209,40,91
737,207,42,89
734,205,42,91
707,209,42,92
700,208,44,94
702,208,46,91
706,207,49,92
772,206,40,90
772,206,43,91
775,205,44,90
775,204,40,90
775,206,41,90
773,206,42,91
772,207,39,90
779,206,38,89
774,207,38,90
779,206,38,91
775,205,41,90
781,204,41,90
768,206,47,90
763,206,42,90
740,204,42,94
733,207,44,92
716,207,53,92
736,209,40,90
717,206,46,93
715,203,42,94
748,203,45,94
724,203,48,93
724,204,45,93
732,205,47,92
736,206,48,94
733,206,45,92
724,207,45,93
727,207,48,94
743,208,39,92
737,209,41,94
734,206,45,95
757,205,39,93
757,205,43,95
727,203,48,96
737,204,43,93
766,201,42,93
742,202,43,95
739,203,42,95
741,205,37,94
741,205,42,94
745,208,42,95
739,206,43,96
742,205,46,96
740,206,45,96
736,211,46,94
737,209,44,96
741,211,43,97
740,209,44,96
738,207,42,97
738,206,41,98
741,205,40,97
737,203,39,98
740,203,43,96
739,201,39,98
740,201,46,97
748,200,43,99
729,199,49,99
728,200,52,97
740,205,46,97
737,203,48,100
748,204,49,100
758,205,46,100
766,204,45,98
823,202,45,98
857,202,44,97
769,208,39,101
768,210,44,100
765,209,48,101
770,209,46,101
772,210,50,101
771,206,42,102
771,205,49,102
775,203,45,103
782,204,55,102
787,207,45,103
793,212,46,103
791,210,50,105
795,206,49,104
798,203,49,105
803,201,54,106
800,205,49,105
730,212,48,102
651,223,44,97
582,224,48,103
589,223,50,104
582,221,47,105
593,227,43,99
606,228,43,100
604,226,43,101
592,226,47,102
553,232,49,96
556,230,43,99
560,231,45,99
565,234,48,97
662,226,43,99
655,224,53,102
587,226,54,105
596,217,53,109
602,215,47,106
605,217,48,106
609,214,46,107
610,213,50,108
614,210,51,111
622,213,49,109
677,213,49,104
684,213,47,105
682,213,51,105
683,213,52,103
679,211,55,105
771,201,51,109
771,198,58,110
776,196,59,111
868,189,60,115
870,186,55,116
874,185,51,114
879,190,48,110
883,188,47,114
886,188,49,115
887,186,55,116
889,192,56,112
889,190,49,116
891,188,55,115
892,191,53,114
896,193,55,114
894,193,51,115
902,189,49,118
904,188,48,118
911,188,47,116
910,186,46,118
910,187,48,118
904,187,52,119
910,185,49,121
909,187,49,119
860,191,57,117
774,200,54,114
776,198,58,114
737,204,60,113
780,199,65,116
734,205,58,113
746,202,55,115
684,206,63,117
741,203,57,115
743,200,65,117
692,201,59,118
639,211,57,113
697,202,54,120
697,200,55,123
699,201,55,121
700,204,56,119
701,203,55,121
702,204,52,119
655,214,57,110
656,213,59,109
663,212,55,111
663,208,57,115
665,208,56,114
679,207,61,114
672,209,63,114
774,199,61,118
777,196,63,119
834,191,59,120
725,194,66,126
838,188,62,122
838,190,62,121
838,189,66,123
792,191,73,123
842,187,66,122
805,194,59,118
802,193,56,119
806,193,58,122
804,192,59,121
747,187,56,129
735,197,67,120
697,200,61,119
762,191,70,125
746,191,76,125
760,192,62,126
758,189,64,128
713,198,69,121
713,194,69,122
721,194,65,124
717,196,67,123
721,196,68,122
836,187,72,127
819,187,68,126
838,186,65,124
783,184,73,131
834,186,69,127
785,185,74,132
838,187,68,126
784,180,73,136
733,194,68,122
735,192,64,124
691,203,59,115
701,200,58,116
701,201,55,115
697,202,52,115
700,203,48,115
701,206,54,114
697,204,52,115
697,206,49,115
698,205,55,113
699,206,58,114
695,205,60,117
699,204,64,117
698,204,58,118
751,196,60,127
741,197,72,127
745,198,68,126
747,196,67,128
696,207,61,120
691,205,64,119
696,205,67,118
736,197,67,127
794,186,79,139
794,183,77,141
799,179,76,143
797,177,68,142
798,179,78,142
803,180,72,141
804,180,67,143
701,190,81,132
730,193,64,129
733,194,58,129
735,194,62,131
689,201,59,122
698,201,53,121
706,201,56,120
712,200,61,121
664,208,60,110
673,208,59,109
682,202,61,110
692,197,61,111
690,194,55,111
646,205,49,99
646,205,49,98
612,212,48,91
654,207,49,98
702,196,53,109
703,193,53,112
708,194,54,110
707,193,55,110
714,190,66,111
757,176,72,126
769,176,66,127
770,175,63,129
775,174,58,129
782,177,56,127
778,177,58,128
784,176,53,127
771,180,53,124
779,176,63,129
778,177,60,129
778,179,58,128
775,181,56,128
768,183,59,124
772,180,64,127
779,179,65,129
780,177,70,131
846,168,73,144
845,171,71,140
846,170,66,142
845,171,64,141
836,171,70,143
829,171,79,143
699,189,62,119
698,192,58,116
696,196,56,114
694,199,56,112
691,197,61,115
692,198,55,113
689,197,54,116
685,195,51,119
680,197,50,118
679,197,49,118
679,198,52,117
677,198,52,118
668,200,55,116
668,198,55,117
662,201,52,114
661,202,56,113
668,200,52,115
663,202,56,114
664,199,56,117
665,202,52,114
678,199,50,116
668,197,58,118
756,183,66,139
752,181,73,139
814,175,69,147
829,175,69,149
756,179,78,143
821,176,77,148
756,183,82,141
815,175,83,148
811,177,81,146
819,174,84,151
807,174,84,152
797,176,88,149
807,177,76,147
807,172,91,152
819,175,77,149
747,180,72,143
721,186,71,137
758,180,77,145
760,178,79,147
756,182,74,143
750,180,77,146
735,189,79,136
747,184,67,141
748,184,81,144
745,184,77,144
754,182,69,146
749,182,70,146
729,186,67,141
744,183,75,146
743,185,74,145
761,180,81,151
823,177,83,153
825,175,89,157
769,182,92,148
834,173,99,159
841,176,90,155
833,173,86,157
772,183,72,145
786,178,75,154
796,180,70,152
803,180,68,152
806,180,78,153
696,198,72,129
702,200,64,128
810,181,74,154
823,180,84,154
805,182,79,151
820,180,86,153
809,181,92,152
799,186,99,148
819,182,86,151
820,181,77,152
711,198,65,129
595,215,51,111
592,215,50,111
590,215,55,110
592,214,55,110
597,215,52,110
593,216,55,110
591,216,57,110
602,216,55,112
606,216,48,113
612,216,48,112
615,216,49,112
616,217,46,112
620,217,48,112
612,217,51,114
622,217,47,113
621,216,53,112
622,213,55,114
618,211,57,115
610,211,62,112
681,203,60,122
674,208,70,119
613,211,75,113
673,204,57,121
575,214,56,112
631,209,54,115
633,208,59,118
633,208,57,118
629,208,60,119
630,208,60,118
627,210,61,117
627,211,56,116
622,213,56,115
618,213,54,116
615,212,56,116
617,211,58,118
621,212,55,118
629,211,54,118
577,217,49,113
580,216,47,113
583,216,46,114
635,213,55,118
686,209,53,122
586,216,56,115
596,214,62,117
589,217,61,113
641,209,69,119
590,212,64,118
642,209,71,121
648,208,71,122
594,212,65,118
594,211,62,118
600,212,62,116
654,207,61,123
598,211,55,118
597,211,52,120
647,208,60,122
633,207,68,124
654,206,58,125
654,208,64,125
653,208,64,124
655,209,64,124
658,208,66,125
652,207,61,126
653,208,64,126
655,208,53,124
659,208,58,127
610,214,53,121
599,215,54,120
660,210,58,125
653,212,66,124
658,210,65,124
705,210,59,126
674,211,66,126
653,210,72,127
661,208,80,130
755,198,73,139
843,188,86,149
830,190,87,148
826,189,83,149
816,192,70,145
861,183,71,158
857,184,77,157
780,194,84,144
857,184,67,155
909,184,50,160
865,185,69,155
861,184,77,158
849,186,80,153
797,195,79,145
729,198,65,141
728,201,59,139
663,203,62,136
657,204,63,135
651,205,66,134
651,206,66,132
568,207,66,130
564,209,72,129
556,210,75,128
550,212,74,128
546,212,76,128
546,211,78,128
543,212,76,128
551,212,73,127
638,205,57,133
630,206,65,133
608,203,61,135
627,205,65,136
589,202,71,136
713,194,69,148
703,192,73,151
598,205,75,134
602,205,66,135
600,206,60,134
611,204,66,136
608,204,68,136
597,203,69,136
705,195,70,147
697,192,70,149
700,194,70,147
708,191,61,150
696,194,72,146
664,199,69,142
707,193,72,151
705,195,72,147
679,196,75,144
671,196,74,144
706,193,84,147
705,192,73,148
695,192,90,149
819,179,96,166
810,180,93,166
811,177,95,169
824,175,79,169
695,191,71,150
706,191,91,152
702,190,84,153
698,190,82,153
703,191,98,153
732,190,82,154
709,188,114,155
697,195,91,148
697,188,87,157
692,190,81,153
711,191,71,152
706,190,68,155
712,189,71,155
705,188,72,158
710,188,70,156
712,190,73,156
704,192,82,153
712,190,79,157
711,191,82,155
716,191,81,155
722,189,79,158
719,188,86,158
721,189,91,159
733,188,83,160
727,188,84,160
710,190,91,158
738,186,80,162
819,185,84,164
731,189,83,160
735,187,79,161
736,188,85,162
732,187,94,164
724,191,92,159
715,191,98,158
706,191,98,159
646,198,90,150
640,200,70,146
653,200,72,146
644,199,74,150
754,192,78,159
750,187,73,166
749,188,74,168
745,189,76,165
743,189,77,164
736,192,83,162
736,189,88,163
733,188,86,165
731,189,98,164
738,188,88,165
739,190,92,164
736,189,98,165
756,188,85,166
770,186,81,169
767,186,77,168
775,185,88,169
771,186,88,167
759,187,88,167
624,200,88,151
636,199,83,152
647,198,76,152
647,199,76,153
660,199,72,153
691,198,73,155
657,196,69,156
757,192,76,162
690,196,75,157
660,197,69,156
653,198,81,154
642,195,79,157
761,187,84,167
765,184,87,172
749,186,83,170
749,184,93,171
736,188,92,168
639,198,100,155
653,195,89,160
739,186,93,169
747,187,87,167
723,186,99,168
727,186,104,169
742,186,89,169
757,184,77,170
756,184,74,171
758,185,75,170
763,185,83,172
761,184,85,173
760,185,86,170
763,184,90,172
766,186,98,169
769,185,101,172
799,185,85,173
756,185,92,173
762,184,94,173
758,182,88,175
753,183,84,175
742,186,90,173
742,183,85,174
737,185,86,173
732,186,98,172
631,200,97,157
630,197,92,161
750,186,98,175
739,190,98,171
760,187,86,176
747,188,98,174
765,187,82,174
745,186,88,174
750,184,85,176
750,184,81,175
744,184,86,176
743,184,81,175
741,185,93,175
742,185,102,174
729,188,108,171
880,176,79,186
882,177,77,185
876,174,83,188
879,175,80,189
707,186,98,172
710,186,87,172
714,184,82,173
718,183,82,173
723,183,84,174
727,186,84,173
727,183,88,176
728,186,95,174
737,184,94,176
741,183,98,176
736,183,109,176
744,180,109,178
746,181,112,176
761,179,98,177
764,181,101,175
665,191,87,165
679,192,76,165
680,192,82,165
682,194,87,163
684,194,84,165
683,193,102,168
685,195,98,167
703,198,94,165
667,199,105,164
648,204,95,160
650,196,96,166
646,197,94,165
647,196,91,165
652,197,82,162
675,196,79,162
658,196,68,164
667,197,68,163
667,197,68,161
667,198,70,163
664,198,78,162
656,199,86,164
652,199,87,164
654,200,86,163
645,199,89,163
643,197,95,165
752,186,107,178
749,188,110,176
748,190,109,176
755,186,102,179
658,201,90,163
767,192,89,178
765,191,90,179
766,193,88,177
760,191,95,182
752,195,104,177
755,195,99,176
753,197,96,174
756,200,89,173
758,199,84,175
763,198,83,176
767,198,82,177
769,202,82,173
772,200,85,175
769,202,90,174
771,200,93,175
761,201,98,175
747,202,100,174
734,201,102,176
867,195,87,185
855,195,96,184
844,195,97,182
841,195,98,184
843,195,95,183
838,195,92,180
851,192,86,183
849,194,79,181
838,198,88,176
834,195,91,177
696,198,85,171
694,195,78,175
696,193,78,174
698,193,76,174
698,191,76,176
698,192,73,172
691,190,82,172
701,189,76,170
691,185,78,172
683,181,78,174
673,178,80,177
665,181,78,172
653,180,73,171
640,182,73,172
628,184,80,172
623,186,76,173
609,193,77,171
603,198,77,171
596,201,79,172
726,204,91,174
717,203,84,178
707,208,82,175
706,209,91,174
708,208,87,175
700,208,88,172
717,208,77,171
567,212,80,168
569,214,85,168
573,214,83,166
574,215,85,165
576,219,87,164
576,220,90,164
587,221,80,167
593,224,82,167
587,234,82,162
606,234,79,165
602,238,83,166
609,238,86,167
764,233,75,175
705,236,91,170
755,231,85,175
715,232,84,172
619,232,88,167
618,225,93,172
612,224,99,166
637,215,85,169
640,213,86,167
610,213,89,162
637,207,77,168
627,209,79,169
620,211,89,164
764,208,77,170
752,213,81,166
620,216,83,165
612,217,82,164
607,215,77,163
600,219,72,160
583,223,90,163
571,236,85,160
575,249,74,157
578,255,68,160
567,254,83,163
443,257,74,156
449,256,72,156
445,257,67,157
453,254,75,159
446,253,77,157
450,254,67,157
444,255,73,155
434,256,86,156
428,263,85,156
420,268,83,155
407,273,90,155
397,277,95,155
389,277,91,157
395,277,88,157
382,277,85,159
383,277,92,158
396,278,87,159
380,278,83,160
378,282,84,155
385,283,79,156
394,283,80,156
386,283,88,155
254,284,84,156
248,290,97,151
239,292,94,150
370,294,94,155
365,291,89,156
360,287,86,157
359,283,74,157
338,279,83,159
332,276,77,156
327,267,85,157
329,261,71,156
338,253,73,157
331,248,71,155
328,256,67,152
337,265,66,151
346,274,73,150
362,285,78,148
375,283,74,153
369,285,88,153
373,288,83,152
370,288,73,153
369,292,72,152
379,295,68,153
354,293,83,152
357,293,87,152
355,290,86,154
361,287,94,154
365,284,95,155
483,276,81,161
479,274,77,161
483,274,72,158
474,279,81,157
479,285,72,154
477,288,76,153
628,291,64,150
618,294,66,149
703,287,73,155
695,287,78,151
572,282,79,151
546,274,74,154
479,273,76,151
486,270,71,150
443,269,71,153
436,269,69,151
427,270,68,152
420,276,74,151
513,282,72,150
496,288,70,151
475,293,68,151
462,298,71,149
461,297,72,149
459,289,79,151
466,284,82,149
476,288,78,144
480,285,74,146
473,284,74,148
476,285,72,150
478,288,86,148
489,293,69,144
506,295,61,145
507,300,66,145
503,301,76,147
508,304,85,148
401,309,82,150
314,315,76,148
327,311,75,148
337,307,69,146
342,303,66,145
379,294,83,145
425,287,74,146
338,286,67,148
335,286,66,145
329,284,67,147
320,287,74,144
308,291,75,143
303,294,74,144
302,295,76,144
302,296,76,142
187,296,76,145
174,297,85,145
170,294,81,153
162,295,87,151
73,298,83,145
75,301,74,142
145,300,76,148
271,301,70,143
260,303,74,142
254,299,78,144
258,300,70,143
254,299,76,143
267,296,94,145
340,295,63,145
325,295,75,143
316,296,82,143
246,300,79,142
249,299,64,143
249,298,59,142
245,295,65,142
144,296,64,148
154,298,72,145
141,297,71,144
154,308,67,135
149,298,67,144
145,300,73,143
141,302,80,144
145,304,78,144
141,304,83,145
114,306,98,145
125,306,95,144
166,305,79,143
159,303,81,142
129,301,94,144
70,310,66,130
29,311,54,130
33,311,55,126
33,310,55,126
36,308,58,125
131,302,63,137
247,302,64,137
298,301,73,136
303,301,75,134
319,302,65,133
321,302,59,133
331,302,58,132
324,302,66,134
315,302,68,135
329,302,64,134
332,303,66,135
332,302,64,136
330,305,64,134
333,304,74,136
434,301,70,133
527,296,63,137
531,297,58,133
529,296,61,136
532,294,62,135
534,293,57,134
538,290,59,133
541,291,49,132
538,288,46,133
445,296,62,131
427,293,68,133
371,300,77,131
365,303,66,127
360,302,66,130
366,302,65,130
359,303,69,131
355,305,72,130
356,306,61,130
352,307,54,130
354,307,52,129
352,308,53,128
355,307,52,129
355,308,54,128
356,308,54,128
355,306,58,129
350,306,57,127
351,305,61,128
436,303,62,128
432,305,67,128
426,308,61,125
433,306,57,129
430,306,50,128
429,304,50,130
428,303,48,129
426,304,51,128
421,303,54,128
354,307,65,125
365,306,63,126
359,308,56,125
361,304,63,126
364,305,60,125
368,306,56,123
391,302,61,126
359,304,61,124
356,303,55,125
352,304,52,123
346,302,53,125
268,302,57,126
260,301,57,127
323,307,55,124
312,309,59,123
307,315,53,121
300,317,48,123
293,320,54,124
287,321,57,124
287,324,51,121
280,320,57,125
278,318,52,123
266,316,55,124
257,313,53,119
291,306,55,124
315,299,56,121
329,290,60,122
342,287,50,120
377,282,52,117
451,281,47,114
453,281,46,114
462,285,45,114
456,289,51,111
457,288,55,112
408,292,64,114
388,294,62,113
376,294,65,115
359,295,57,119
401,305,49,113
392,307,47,117
376,319,44,109
364,327,46,115
357,335,47,113
347,339,55,114
417,340,46,115
411,336,49,116
406,332,50,114
402,333,54,115
397,334,52,113
392,338,47,113
385,340,49,115
378,341,47,116
370,344,44,113
362,345,45,112
355,347,45,112
348,347,45,114
345,348,47,112
342,348,48,111
341,347,45,109
344,341,46,110
342,334,48,110
353,329,45,108
356,326,43,106
365,317,44,111
368,314,45,110
377,308,44,111
385,306,45,112
327,309,46,111
334,311,47,109
328,310,55,110
265,316,49,110
266,318,50,111
268,322,47,110
259,328,51,111
265,327,50,112
262,329,49,112
268,330,45,110
266,332,45,110
209,334,43,111
224,332,49,111
219,330,48,112
228,329,50,111
225,331,51,109
235,329,52,110
233,327,57,112
230,329,62,110
245,328,52,111
242,328,50,109
245,328,52,108
308,326,49,107
252,327,45,109
255,326,47,109
256,325,48,110
259,324,50,108
263,324,49,108
268,325,48,105
268,324,43,106
270,322,48,106
273,320,48,107
269,320,50,107
272,318,51,106
279,317,52,107
274,316,54,107
284,315,51,107
284,316,50,108
346,315,48,106
346,314,47,106
347,315,48,106
349,316,49,105
348,315,48,103
352,315,46,104
354,317,46,103
299,319,56,105
294,316,63,105
251,321,57,102
290,318,51,104
365,314,50,102
372,312,46,104
362,310,53,104
322,313,47,103
329,313,55,104
380,311,45,103
327,315,48,103
380,313,48,101
376,312,50,103
337,315,50,102
336,318,48,101
343,318,46,101
340,318,45,103
342,318,48,104
347,318,47,104
395,319,43,101
398,320,45,100
485,315,42,97
484,316,46,99
487,317,44,98
491,318,43,98
496,319,49,96
496,318,46,99
494,320,44,98
545,319,50,94
497,319,45,99
503,319,41,100
420,323,46,99
423,322,45,99
417,321,47,100
381,324,49,99
382,323,46,100
382,325,45,98
387,324,47,98
427,322,47,97
433,318,46,99
392,320,49,98
398,318,52,98
391,320,47,97
432,317,42,98
397,319,47,99
394,321,43,98
401,320,53,101
428,318,50,100
439,319,43,98
517,316,42,97
515,314,47,97
518,314,47,97
524,315,45,95
525,314,44,97
528,313,44,96
528,314,46,96
527,314,48,96
568,313,48,96
643,313,47,92
727,309,45,93
727,309,45,93
729,308,46,94
729,310,49,93
729,311,51,93
729,310,52,94
729,312,51,92
727,312,52,92
728,314,52,90
731,314,50,92
726,314,50,92
732,315,48,92
735,314,45,92
736,314,44,92
733,312,44,92
731,311,42,91
729,311,40,92
725,311,44,92
721,311,45,91
717,310,46,92
712,312,47,89
712,311,47,90
709,310,46,90
707,311,43,89
704,309,43,91
699,309,41,91
695,309,41,90
693,310,39,89
689,310,42,90
686,310,42,90
682,310,45,90
629,316,46,86
676,311,45,91
674,310,44,90
673,309,44,90
671,310,43,88
670,310,43,88
671,310,41,89
670,313,41,87
670,311,40,88
667,312,42,88
666,313,38,89
664,313,36,90
661,316,38,87
611,321,36,84
653,316,39,86
603,321,39,84
572,320,42,85
644,317,42,86
642,316,42,87
642,316,40,86
643,315,39,87
644,314,38,87
598,318,42,84
645,312,38,88
645,313,38,86
646,313,37,86
645,312,40,87
646,312,40,86
647,315,41,85
651,315,40,85
652,317,38,83
651,318,40,84
655,319,39,84
655,319,39,85
659,319,36,85
661,321,35,84
663,321,36,84
665,322,36,84
665,322,36,83
668,323,34,83
669,324,34,82
670,324,36,83
671,322,37,83
672,324,37,82
672,323,39,83
675,326,38,80
678,322,36,83
677,321,37,85
679,321,37,85
679,320,37,85
682,320,35,84
681,322,36,82
682,321,36,83
685,322,35,81
684,320,36,84
684,322,36,83
685,322,36,81
685,322,38,82
686,323,37,81
687,321,37,82
688,322,36,81
691,320,35,82
691,322,34,81
693,322,34,81
692,322,35,81
694,322,34,82
694,322,34,82
694,321,35,82
696,323,36,81
696,321,37,81
697,324,36,79
697,323,38,79
699,324,37,79
702,323,35,80
703,322,35,80
703,323,35,80
704,321,33,81
703,317,34,85
702,317,34,82
702,316,34,81
702,316,34,80
699,315,35,80
695,317,37,79
697,317,34,78
694,318,35,77
693,317,35,81
693,319,34,78
694,320,33,79
696,319,31,79
697,316,30,83
696,318,32,79
697,316,32,81
696,317,31,80
698,318,33,78
699,318,32,77
699,317,33,78
698,318,35,77
698,317,36,78
700,322,35,74
701,321,34,75
703,319,34,77
704,320,34,76
704,320,34,77
705,321,34,77
706,321,34,76
705,321,34,76
706,321,34,76
706,321,35,75
706,321,35,76
705,321,34,76
706,320,33,76
705,319,33,76
703,318,33,76
701,317,34,78
700,317,34,76
700,317,34,76
699,318,34,77
698,319,34,75
698,319,34,75
699,318,34,76
697,319,33,76
696,320,32,75
696,320,34,76
693,323,34,72
697,322,34,73
695,321,33,75
695,322,33,73
697,321,33,74
696,320,32,75
694,319,33,76
694,318,32,76
694,318,32,76
693,318,32,75
694,318,30,75
692,318,32,74
693,319,32,74
690,320,33,73
689,319,33,74
685,323,31,71
663,324,31,71
688,321,32,73
686,321,32,74
685,322,33,73
685,322,32,73
687,322,31,73
686,324,30,72
688,323,30,72
687,324,31,72
688,324,31,72
689,324,33,72
689,325,35,71
692,325,33,70
691,325,33,71
694,326,34,71
694,324,34,71
696,326,33,70
699,327,31,71
699,326,30,71
700,326,31,72
701,325,30,72
700,325,31,72
696,325,33,72
702,324,28,71
703,325,27,70
704,325,27,70
705,325,27,70
703,325,29,70
705,324,29,71
705,323,29,71
705,323,30,71
705,323,31,71
706,323,30,71
707,322,29,71
708,323,29,70
708,323,30,71
709,323,30,69
708,323,30,69
708,322,33,70
709,321,32,70
711,321,29,70
712,321,31,69
713,322,31,69
715,321,31,70
715,321,30,70
718,321,30,69
718,321,29,70
718,321,30,69
721,321,27,69
720,322,28,69
720,322,29,68
718,321,30,69
721,322,27,68
721,322,27,68
720,322,28,68
720,323,28,68
718,321,28,70
716,320,29,68
713,319,31,70
711,318,31,68
710,318,30,69
709,317,29,69
708,318,29,68
709,319,29,67
708,319,30,68
708,319,29,67
706,320,28,67
708,319,29,67
706,319,30,67
706,318,28,68
705,319,29,68
705,318,30,68
704,319,30,68
704,318,29,69
705,319,29,67
702,317,30,68
704,317,27,67
706,316,26,67
704,318,27,66
705,318,26,66
706,318,26,66
707,318,26,67
707,319,27,67
708,319,27,67
709,319,27,67
709,319,28,67
710,319,28,67
710,319,28,66
709,320,27,66
708,319,28,66
707,319,29,66
708,320,28,66
708,320,30,65
708,320,29,65
710,321,28,65
712,320,28,65
709,320,28,66
711,320,28,65
713,320,28,65
712,319,28,65
711,320,27,65
713,319,26,66
714,320,26,64
715,319,26,65
713,320,26,65
710,318,28,65
711,321,26,63
711,320,26,64
709,321,26,64
706,321,26,65
708,321,26,64
708,321,26,64
708,321,26,64
707,320,26,65
705,322,27,64
708,320,27,64
707,321,26,63
709,319,26,64
708,320,28,63
711,319,27,63
710,320,27,62
712,321,27,63
714,320,26,63
713,320,28,63
713,320,27,63
715,319,27,63
716,318,26,64
715,319,26,63
717,320,25,62
718,318,24,65
719,319,23,63
718,321,25,61
720,320,24,63
721,320,24,64
720,320,26,64
721,320,25,62
723,321,24,63
724,320,25,63
723,321,27,63
724,321,29,64
725,321,28,62
724,321,28,63
725,321,27,63
721,322,29,62
724,321,29,61
727,321,28,62
726,321,28,61
729,321,28,61
729,321,27,61
727,321,28,61
727,322,26,61
733,320,25,62
731,319,27,63
733,319,27,64
733,318,26,64
735,319,26,62
734,320,26,62
720,320,27,61
736,319,26,62
736,320,26,61
739,320,24,62
738,320,26,62
738,320,26,62
737,320,27,62
738,320,26,62
739,319,27,62
738,320,28,62
739,320,27,62
735,320,30,62
741,319,27,60
739,320,26,60
739,319,28,60
740,319,28,61
740,320,28,60
742,321,29,59
741,320,30,60
740,321,30,59
746,320,27,59
744,320,28,60
744,321,27,59
746,321,27,59
744,319,27,60
708,322,30,58
721,322,28,59
725,322,35,59
751,319,25,61
749,320,26,59
752,320,26,59
753,319,26,60
740,321,24,59
755,320,24,59
754,320,25,59
755,320,26,59
755,319,27,60
755,319,25,60
753,319,26,60
752,320,27,60
756,320,28,59
755,321,26,59
755,322,26,58
757,322,26,58
756,322,28,59
755,323,26,58
758,322,29,59
758,322,28,60
759,321,28,60
759,321,27,60
760,321,26,60
760,321,26,60
761,320,25,60
761,321,25,59
761,321,25,60
761,321,25,59
761,320,25,59
756,321,25,58
761,320,26,58
761,320,26,58
763,319,25,59
762,319,26,59
761,318,26,59
763,319,25,59
764,318,25,59
761,319,25,58
763,319,26,59
762,319,28,58
763,319,27,58
762,319,26,58
763,319,27,58
764,320,28,57
764,320,29,57
760,320,30,58
768,320,26,57
766,319,28,59
767,318,27,60
769,319,26,59
770,320,24,58
772,320,23,58
752,321,28,56
749,321,28,57
771,320,24,58
772,320,24,57
771,320,23,57
769,321,23,56
770,320,24,57
773,320,23,57
773,320,24,57
773,319,24,56
770,319,27,58
767,319,27,57
774,320,24,56
740,321,30,56
698,322,29,56
686,323,25,56
684,323,24,55
677,323,29,55
683,323,25,56
676,323,29,55
653,323,29,56
674,321,37,56
664,323,29,54
646,321,33,56
655,322,30,56
640,323,30,55
626,325,27,54
575,325,25,55
576,327,22,54
577,324,23,57
575,327,24,54
575,328,23,54
575,328,23,54
574,326,24,56
572,327,22,54
570,326,24,57
570,327,25,55
518,329,25,55
516,329,26,55
491,330,24,56
492,330,25,56
497,329,28,55
493,328,25,56
493,328,24,56
495,327,26,56
476,328,25,55
478,328,26,55
520,327,25,55
522,326,25,55
477,328,22,54
477,329,24,55
475,329,24,55
472,329,27,54
497,329,25,55
496,328,28,54
519,327,25,54
514,327,27,54
494,327,28,54
492,327,26,54
514,327,27,54
509,326,27,54
511,327,28,54
515,328,30,54
555,326,29,53
553,326,30,54
528,325,29,55
475,328,25,54
477,327,24,54
480,328,25,53
474,328,24,53
495,328,26,53
470,328,26,53
493,328,26,53
495,328,25,53
492,329,25,54
444,331,24,54
441,331,25,54
460,331,26,54
436,333,28,54
454,332,25,53
456,332,26,53
453,332,27,53
451,334,26,52
448,333,25,53
466,331,25,54
442,331,27,54
463,332,26,52
463,330,24,53
462,330,25,54
460,328,23,55
457,328,25,54
457,330,25,52
454,328,26,54
452,330,26,52
450,331,25,51
444,331,26,51
446,331,25,51
446,329,25,53
448,330,24,51
445,328,24,52
441,327,26,52
436,326,27,53
433,327,27,53
433,326,26,52
417,325,25,53
414,326,25,53
431,325,26,53
433,326,24,52
427,322,26,56
430,322,24,55
427,326,26,51
430,325,24,52
409,326,24,52
426,325,25,52
429,325,24,53
425,325,24,52
427,327,23,51
427,324,22,54
424,325,23,52
426,323,23,53
424,326,24,50
422,324,24,52
413,324,23,52
424,324,25,52
429,323,23,51
432,324,23,51
431,325,23,50
412,325,22,51
413,325,21,52
416,324,22,51
430,323,24,52
432,324,24,51
429,323,24,51
417,324,22,51
417,323,22,52
419,323,22,51
417,324,23,50
418,323,23,51
417,324,22,50
438,324,22,50
437,324,23,51
433,324,24,50
420,325,22,50
418,323,21,51
431,325,25,50
422,324,20,51
421,326,22,49
433,326,25,49
428,325,26,50
441,327,23,48
444,327,22,49
444,326,23,49
446,325,23,49
447,325,23,50
446,326,24,49
443,324,25,50
431,325,24,50
429,325,23,50
447,325,23,49
449,326,23,49
448,325,23,50
451,325,22,49
431,327,23,48
452,326,23,48
449,326,24,49
454,327,23,48
454,326,21,48
454,325,24,50
455,328,22,48
455,327,21,49
452,327,22,49
456,327,20,49
456,327,21,48
461,328,20,47
457,327,22,48
462,329,21,48
462,328,22,48
464,329,21,48
463,330,23,47
464,330,20,47
467,329,20,48
461,329,23,48
464,329,21,49
463,329,22,48
464,329,22,48
466,330,21,48
468,329,20,48
467,330,21,47
466,329,21,48
465,329,22,48
465,330,22,47
467,330,22,48
465,329,22,48
468,330,21,48
468,330,21,48
468,331,22,47
468,331,20,47
469,331,21,48
469,333,21,46
468,333,21,45
466,333,21,46
468,333,21,47
468,333,21,46
470,333,20,46
472,334,21,46
470,333,20,47
473,333,20,47
471,333,20,48
471,332,21,48
468,333,20,48
470,335,21,46
469,334,22,47
469,333,20,48
468,335,21,46
471,334,20,47
467,336,21,46
469,335,21,47
466,337,20,46
467,337,20,46
465,336,19,46
466,337,20,46
465,337,20,46
463,338,22,46
462,338,20,46
460,338,21,47
459,338,20,46
460,338,21,46
462,339,20,45
462,339,20,45
468,339,19,45
468,338,20,45
470,338,20,45
469,338,19,45
468,338,20,46
468,337,20,46
466,336,20,46
465,337,20,46
465,337,19,45
465,337,19,46
465,336,19,46
465,337,19,45
463,335,21,46
462,336,20,45
461,336,20,46
460,335,19,46
460,336,20,45
460,335,19,45
462,335,19,45
461,335,18,45
461,335,19,45
461,334,19,45
463,334,20,45
458,333,19,45
461,332,19,45
460,331,20,46
462,330,20,45
462,329,20,45
462,327,19,45
460,327,19,45
456,327,20,45
452,327,20,45
451,327,21,45
441,329,22,46
403,330,22,46
417,331,22,45
432,331,22,45
432,331,20,45
432,331,21,45
413,330,23,45
432,328,22,44
435,326,22,44
439,324,20,44
441,321,20,43
442,318,21,43
445,316,20,43
446,313,21,45
430,314,20,45
429,313,21,44
429,314,19,44
448,313,21,44
452,316,20,43
451,315,22,44
455,315,21,43
453,315,23,44
457,318,21,43
460,320,20,42
444,321,22,45
426,323,23,45
425,327,22,44
463,329,21,44
464,330,21,44
446,332,23,45
466,333,21,44
466,333,20,44
468,333,21,44
467,331,21,46
466,331,21,43
466,330,20,45
468,330,21,43
468,329,20,45
468,329,20,43
469,329,19,43
468,328,19,43
469,327,19,44
471,327,19,43
471,328,20,43
470,327,20,43
472,329,20,43
473,331,20,42
472,331,21,43
472,331,20,43
474,332,19,43
475,332,19,42
476,332,19,42
478,332,19,43
439,333,19,43
441,333,20,43
439,333,20,42
457,332,19,43
475,333,21,42
477,333,19,42
477,332,19,43
477,332,19,43
477,331,19,43
479,332,19,42
478,332,17,42
479,332,18,43
478,332,18,42
