0.004766
0.034295
0.032982
0.020408
0.032499
0.034080
0.028035
0.035586
0.016627
0.018589
0.017254
0.019461
0.033661
0.020213
0.033652
0.033488
0.032463
0.035601
0.020308
0.031547
0.030276
0.032742
0.020143
0.020295
0.019403
0.015887
0.016013
0.018706
0.017919
0.019316
0.015434
0.021344
0.016207
0.032016
0.018945
0.017293
0.017263
0.019738
0.017644
0.015652
0.020390
0.016521
0.016050
0.016690
0.020895
0.032615
0.018252
0.019250
0.016712
0.032984
0.029940
0.024677
0.031367
0.036963
0.019868
0.016577
0.021284
0.016605
0.033828
0.031541
0.022540
0.022421
0.033014
0.040501
0.022736
0.033995
0.024420
0.020448
0.034349
0.033536
0.042903
0.019312
0.016978
0.021710
0.028638
0.032657
0.032376
0.021141
0.025455
0.030548
0.017571
0.019648
0.034307
0.019901
0.023453
0.026108
0.018405
0.018461
0.018470
0.018972
0.029727
0.033441
0.016035
0.017685
0.015919
0.033530
0.034038
0.030311
0.032926
0.021004
0.019300
0.019174
0.016886
0.018135
0.016420
0.018346
0.017117
0.033523
0.019579
0.016064
0.017899
0.031947
0.031683
0.020381
0.032409
0.032030
0.031473
0.030848
0.020993
0.017967
0.016746
0.016301
0.020241
0.018595
0.026013
0.017018
0.016211
0.016162
0.036879
0.034265
0.027272
0.017554
0.032484
0.020039
0.031589
0.022002
0.033087
0.020462
0.016440
0.033984
0.031641
0.024402
0.017015
0.015443
0.016614
0.031866
0.030500
0.032929
0.019999
0.025319
0.032160
0.038214
0.033993
0.033596
0.017973
0.019013
0.039471
0.023193
0.017649
0.034879
0.037509
0.032712
0.019317
0.017104
0.021664
0.020339
0.018504
0.017023
0.018035
0.015881
0.017910
0.035276
0.031746
0.035375
0.027574
0.033332
0.030448
0.034586
0.024002
0.036833
0.031946
0.031551
0.032351
0.016439
0.025728
0.033885
0.022434
0.017058
0.016759
0.017677
0.016506
0.033169
0.031671
0.034414
0.038626
0.015949
0.020428
0.016374
0.016726
0.033977
0.033904
0.035681
0.034220
0.033647
0.016267
0.017786
0.017442
0.023679
0.029444
0.032684
0.022605
0.033258
0.017324
0.034101
0.017949
0.016688
0.019381
0.018167
0.016121
0.017359
0.016876
0.034033
0.032068
0.033128
0.029657
0.017308
0.017567
0.017369
0.016718
0.017930
0.032196
0.035592
0.019371
0.032845
0.033596
0.033929
0.032996
0.035203
0.019054
0.016207
0.033355
0.032743
0.023905
0.029515
0.033428
0.035803
0.043875
0.020788
0.021118
0.021159
0.019386
0.018694
0.044807
0.040252
0.033530
0.031544
0.033777
0.016857
0.023509
0.031875
0.030164
0.040683
0.019222
0.033703
0.017897
0.016605
0.033512
0.034467
0.035845
0.033563
0.036002
0.034383
0.034256
0.033309
0.032764
0.048305
0.042689
0.033608
0.024984
0.034032
0.028894
0.019509
0.021830
0.024551
0.019151
0.033689
0.037646
0.031881
0.018999
0.017801
0.017963
0.026954
0.029991
0.033461
0.031519
0.015876
0.034522
0.028697
0.016784
0.017660
0.036678
0.032748
0.035678
0.016270
0.019722
0.020082
0.026942
0.033383
0.030593
0.036708
0.027058
0.034090
0.032184
0.027624
0.033117
0.019501
0.020840
0.017715
0.020948
0.032511
0.032062
0.027064
0.033068
0.016891
0.018687
0.018014
0.020640
0.019045
0.018126
0.016677
0.026695
0.034939
0.033600
0.024401
0.033951
0.019197
0.020499
0.033240
0.017241
0.016424
0.016891
0.024067
0.033362
0.032577
0.017147
0.018840
0.017503
0.020510
0.025065
0.022573
0.017060
0.031288
0.039297
0.034437
0.033803
0.018538
0.017579
0.020181
0.020144
0.022139
0.024580
0.024594
0.033982
0.033799
0.031332
0.022980
0.016255
0.016716
0.020979
0.029809
0.027423
0.031877
0.019007
0.033611
0.021341
0.019407
0.017289
0.019191
0.016841
0.018311
0.033588
0.025120
0.032624
0.036130
0.032291
0.029415
0.028895
0.019203
0.018587
0.019479
0.018094
0.024733
0.036037
0.033676
0.033509
0.019747
0.020922
0.033121
0.033226
0.034267
0.016801
0.028510
0.029442
0.033972
0.022000
0.031928
0.034737
0.019730
0.017096
0.034052
0.020120
0.016946
0.033578
0.024533
0.024190
0.021678
0.032586
0.033852
0.021203
0.020956
0.023877
0.017502
0.017410
0.016850
0.034048
0.026080
0.019095
0.027396
0.023552
0.022864
0.020128
0.018292
0.019820
0.020264
0.034824
0.037297
0.033122
0.036838
0.028441
0.026709
0.018014
0.021136
0.035779
0.021217
0.018113
0.034715
0.027282
0.033019
0.020338
0.035197
0.036220
0.017754
0.018682
0.017076
0.019676
0.035121
0.033744
0.028852
0.034431
0.033854
0.025473
0.019238
0.020902
0.021876
0.019962
0.032727
0.035197
0.035170
0.034899
0.033819
0.027428
0.036149
0.023194
0.021285
0.021179
0.021443
0.017761
0.035505
0.034430
0.037495
0.033876
0.037386
0.021520
0.016865
0.018515
0.019146
0.020548
0.017479
0.033360
0.033754
0.019270
0.034160
0.033863
0.017632
0.019545
0.035516
0.035041
0.037718
0.034934
0.034457
0.020761
0.017640
0.019765
0.018585
0.024931
0.021184
0.033533
0.036747
0.048378
0.018863
0.034014
0.018848
0.020554
0.025267
0.019292
0.017853
0.035489
0.027017
0.019816
0.019171
0.033982
0.021713
0.033981
0.032483
0.020225
0.017617
0.018828
0.023735
0.022479
0.016603
0.021387
0.033925
0.025982
0.034027
0.023274
0.017764
0.016339
0.019389
0.020766
0.020967
0.020266
0.020593
0.016520
0.018620
0.019361
0.021336
0.037779
0.032339
0.034477
0.035950
0.018529
0.018851
0.018938
0.019487
0.034720
0.036735
0.033645
0.030299
0.019225
0.017905
0.017479
0.021184
0.017421
0.022791
0.033133
0.024338
0.033640
0.032569
0.033776
0.017120
0.017986
0.021499
0.017105
0.018112
0.034300
0.037766
0.019452
0.036867
0.034433
0.032588
0.019186
0.031028
0.033006
0.033356
0.019828
0.032654
0.033724
0.033289
0.035085
0.035010
0.019315
0.021216
0.017212
0.023727
0.035101
0.019291
0.035624
0.033582
0.039460
0.031414
0.038992
0.029369
0.017984
0.018513
0.032868
0.041023
0.034143
0.035509
0.046874
0.021033
0.020463
0.023212
0.023706
0.033658
0.032678
0.045598
0.017948
0.033028
0.033156
0.025641
0.034705
0.019375
0.035692
0.037637
0.023831
0.018278
0.016650
0.017073
0.018795
0.019534
0.025789
0.025777
0.024578
0.021288
0.030337
0.016282
0.016126
0.019892
0.033570
0.035287
0.033446
0.023738
0.034388
0.032314
0.021756
0.034506
0.034967
0.017400
0.019207
0.023140
0.032836
0.031797
0.020476
0.019968
0.022582
0.033850
0.018506
0.017299
0.031798
0.033782
0.018913
0.023286
0.018046
0.017789
0.018194
0.033826
0.027860
0.034031
0.033669
0.017162
0.018783
0.019226
0.016557
0.031391
0.026463
0.033367
0.033083
0.024677
0.032865
0.038202
0.032731
0.031814
0.028940
0.025788
0.016182
0.016464
0.017025
0.019279
0.019150
0.018922
0.019719
0.032879
0.030905
0.025696
0.019387
0.036820
0.021390
0.024022
0.047941
0.024111
0.041592
0.032659
0.034901
0.017879
0.019874
0.018371
0.018937
0.016234
0.032575
0.032466
0.022219
0.018755
0.024037
0.016690
0.018912
0.018372
0.018310
0.030545
0.034953
0.030183
0.035641
0.032001
0.032543
0.025327
0.032511
0.027054
0.021863
0.018936
0.018067
0.029942
0.030745
0.033280
0.034754
0.019940
0.017564
0.033386
0.023973
0.019632
0.036069
0.036004
0.033100
0.020016
0.033499
0.032778
0.029548
0.030061
0.019958
0.019580
0.022942
0.016777
0.022014
0.019516
0.017361
0.018719
0.021383
0.019603
0.023787
0.047103
0.017590
0.019707
0.017454
0.017813
0.019415
0.019963
0.020268
0.017720
0.036796
0.033830
0.020546
0.032649
0.033040
0.032754
0.021193
0.033231
0.026521
0.032978
0.028229
0.025048
0.032103
0.032421
0.020097
0.018547
0.017602
0.020080
0.029223
0.027488
0.022766
0.031825
0.024573
0.019577
0.032479
0.016809
0.020185
0.016255
0.018563
0.025264
0.030434
0.039088
0.041922
0.032725
0.044231
0.022666
0.017035
0.023709
0.019251
0.020407
0.019892
0.017882
0.022874
0.034843
0.027920
0.019987
0.021461
0.019632
0.017977
0.018205
0.018996
0.015929
0.017043
0.017622
0.020660
0.016038
0.016414
0.022895
0.017850
0.017605
0.034827
0.033030
0.018724
0.018074
0.016691
0.025117
0.017312
0.015908
0.017479
0.017173
0.017197
0.019941
0.019310
0.017429
0.034714
0.029990
0.035830
0.033827
0.033048
0.018474
0.034157
0.038413
0.034972
0.032759
0.033195
0.019522
0.016347
0.018231
0.019480
0.029102
0.034545
0.031389
0.033560
0.026881
0.034392
0.033521
0.033360
0.024208
0.016545
0.023050
0.022268
0.019720
0.016342
0.026330
0.024274
0.018831
0.017641
0.017124
0.016983
0.016854
0.017439
0.018263
0.017278
0.017484
0.019086
0.021037
0.016990
0.020345
0.033133
0.033564
0.032650
0.031971
0.028435
0.032769
0.031909
0.026806
0.029566
0.032830
0.029227
0.019265
0.035388
0.032541
0.031974
0.033378
0.031754
0.033924
0.017930
0.018407
0.016273
0.017224
0.036252
0.032491
0.035770
0.020808
0.016158
0.029538
0.017781
0.020098
0.016167
0.021967
0.017666
0.030084
0.016906
0.018057
0.025444
0.031570
0.043904
0.041215
0.031684
0.032175
0.032927
0.037259
0.034117
0.032830
0.038685
0.031350
0.032735
0.047663
0.033802
0.032717
0.018462
0.030240
0.025362
0.034870
0.032634
0.032619
0.031209
0.032747
0.018997
0.031344
0.037211
0.031142
0.020090
0.020190
0.032021
0.030354
0.033313
0.020477
0.033766
0.016236
0.016042
0.017052
0.018052
0.016004
0.029527
0.031037
0.016842
0.016497
0.015451
0.016703
0.017606
0.018936
0.033945
0.032956
0.033470
0.029296
0.033353
0.028221
0.033702
0.019154
0.030551
0.027861
0.034500
0.019073
0.034181
0.031353
0.029929
0.019943
0.017795
0.016124
0.019280
0.017198
0.022332
0.031322
0.033334
0.031487
0.032238
0.032118
0.033010
0.033856
0.032867
0.034703
0.027334
0.028921
0.031998
0.032748
0.032034
0.031170
0.022223
0.032756
0.015660
0.015701
0.020319
0.016463
0.032491
0.024405
0.034068
0.015922
0.018272
0.031227
0.031183
0.033525
0.032715
0.020079
0.032640
0.034538
0.032333
0.016961
0.017879
0.018656
0.024280
0.031764
0.031835
0.031663
0.020592
0.033778
0.021563
0.031601
0.032350
0.023344
0.031441
0.033082
0.032681
0.033691
0.033521
0.016839
0.017342
0.019375
0.016466
0.015810
0.015698
0.016297
0.018753
0.015175
0.020018
0.020701
0.019324
0.030556
0.033583
0.033140
0.031573
0.032930
0.031846
0.016864
0.038221
0.016914
0.020066
0.032116
0.029044
0.031193
0.028172
0.017145
0.019408
0.032927
0.036340
0.033926
0.033335
0.034917
0.017648
0.040878
0.021290
0.021099
0.018495
0.019056
0.018832
0.018993
0.017601
0.022391
0.015882
0.017441
0.015970
0.032562
0.027685
0.032476
0.020303
0.034490
0.032715
0.031225
0.033042
0.025014
0.033543
0.025066
0.016907
0.022250
0.028921
0.032006
0.031621
0.031419
0.032761
0.015887
0.025678
0.033062
0.032393
0.016229
0.019392
0.018267
0.019046
0.032576
0.033224
0.031195
0.032529
0.035874
0.033150
0.027133
0.031788
0.019491
0.028871
0.027684
0.033836
0.017453
0.015618
0.033494
0.030083
0.019698
0.015428
0.019586
0.015692
0.016288
0.018597
0.018540
0.018022
0.028891
0.032428
0.034138
0.031983
0.034559
0.019242
0.016179
0.017121
0.018776
0.017818
0.028791
0.032502
0.026253
0.031796
0.032413
0.027521
0.017945
0.016478
0.016547
0.017613
0.017534
0.035763
0.024686
0.033633
0.032300
0.034294
0.014257
0.016112
0.015074
0.019925
0.015424
0.016776
0.019249
0.033685
0.029020
0.033980
0.035739
0.032812
0.033482
0.016328
0.030597
0.019369
0.019527
0.024361
0.016814
0.019321
0.024830
0.015596
0.017109
0.023785
0.033859
0.025023
0.029282
0.031565
0.031279
0.020198
0.033314
0.018352
0.015430
0.016299
0.017425
0.019858
0.034460
0.032765
0.030648
0.031944
0.036671
0.033885
0.045323
0.023516
0.020153
0.026237
0.021146
0.034450
0.024460
0.016869
0.022671
0.016705
0.017361
0.036813
0.041082
0.045432
0.029999
0.034829
0.017132
0.019119
0.025210
0.028637
0.022594
0.038968
0.033496
0.035294
0.047712
0.025173
0.027253
0.032232
0.031333
0.031689
0.017459
0.020550
0.033128
0.033754
0.016556
0.019515
0.032446
0.031977
0.024089
0.016517
0.017946
0.020641
0.016800
0.015925
0.034632
0.031459
0.019572
0.018201
0.034419
0.031099
0.023241
0.024541
0.022479
0.029848
0.021514
0.034475
0.032293
0.018379
0.027489
0.033748
0.022054
0.034759
0.033063
0.033736
0.031455
0.033701
0.033195
0.029301
0.018986
0.036974
0.026753
0.027769
0.032504
0.020312
0.014894
0.016844
0.017900
0.016910
0.018561
0.016662
0.019046
0.023904
0.034710
0.025949
0.037343
0.034467
0.031925
0.031728
0.031687
0.032173
0.031615
0.028935
0.030781
0.035017
0.016901
0.019351
0.020139
0.032298
0.032629
0.034776
0.022250
0.032480
0.033731
0.034510
0.031288
0.029009
0.032006
0.035910
0.019147
0.015594
0.031570
0.026613
0.034139
0.033021
0.018715
0.016318
0.016731
0.015791
0.018070
0.020252
0.019528
0.019501
0.033913
0.027509
0.018306
0.020075
0.042971
0.036740
0.035191
0.034031
0.044894
0.031933
0.046437
0.027231
0.024111
0.021564
0.017919
0.026572
0.018234
0.018840
0.040343
0.032410
0.018806
0.032556
0.041580
0.039146
0.033934
0.029906
0.019323
0.020681
0.016847
0.021465
0.015633
0.019939
0.020352
0.015103
0.019964
0.015791
0.017596
0.033196
0.024896
0.034842
0.019119
0.031812
0.032939
0.032948
0.021759
0.017571
0.025698
0.034008
0.033287
0.032581
0.021544
0.015655
0.025634
0.033139
0.016150
0.033045
0.032379
0.034014
0.028307
0.020436
0.033162
0.033235
0.026103
0.031486
0.016505
0.015515
0.020171
0.018194
0.018307
0.016188
0.032332
0.025164
0.033734
0.031907
0.036581
0.033557
0.033051
0.032905
0.018965
0.017040
0.016340
0.015471
0.019024
0.035594
0.020312
0.028913
0.035694
0.019357
0.017531
0.019921
0.017791
0.048127
0.031374
0.039719
0.024905
0.020698
0.033476
0.026928
0.018220
0.031793
0.032600
0.027574
0.030544
0.034317
0.033071
0.024786
0.033093
0.033358
0.027863
0.016873
0.017283
0.016189
0.016499
0.034938
0.041024
0.040839
0.049209
0.055440
0.033199
0.016104
0.021697
0.019965
0.036553
0.032828
0.030679
0.038017
0.018626
0.053956
0.020294
0.017066
0.039294
0.023116
0.024401
0.026386
0.033033
0.032788
0.015959
0.017914
0.031490
0.034058
0.018470
0.031082
0.032550
0.031262
0.040042
0.036015
0.032734
0.032759
0.016307
0.015879
0.017237
0.032230
0.030696
0.019218
0.025037
0.022467
0.022838
0.025264
0.029916
0.033539
0.018737
0.038070
0.027073
0.040139
0.033608
0.031751
0.032872
0.031474
0.018609
0.016187
0.015389
0.015440
0.016764
0.032875
0.029652
0.031777
0.031842
0.033877
0.030259
0.033468
0.031934
0.034741
0.015878
0.017066
0.019479
0.015949
0.017040
0.020350
0.024380
0.021137
0.016061
0.016655
0.023909
0.032651
0.031907
0.026560
0.024494
0.034195
0.032301
0.027510
0.031137
0.036009
0.025851
0.018777
0.017106
0.018600
0.032184
0.032508
0.030591
0.036549
0.033312
0.021927
0.024514
0.034386
0.036111
0.026851
0.021312
0.018588
0.026731
0.025041
0.038022
0.040420
0.023703
0.031798
0.031882
0.034873
0.032485
0.017040
0.024006
0.018557
0.018581
0.034065
0.031785
0.033436
0.033896
0.031735
0.016585
0.031322
0.017567
0.017122
0.035161
0.043448
0.042973
0.034487
0.038110
0.064113
0.023594
0.016383
0.016915
0.033792
0.031587
0.033964
0.024395
0.037991
0.032175
0.033905
0.015817
0.033095
0.029864
0.034829
0.035685
0.031857
0.030575
0.030839
0.019786
0.017815
0.017338
0.019706
0.036926
0.034972
0.023459
0.028474
0.034669
0.018034
0.021665
0.016278
0.019377
0.016044
0.019182
0.018982
0.036398
0.034232
0.035839
0.031843
0.027660
0.028548
0.031939
0.030928
0.032994
0.039138
0.029262
0.032649
0.033167
0.024881
0.030734
0.015836
0.015802
0.015331
0.034412
0.027151
0.031049
0.017683
0.032519
0.039510
0.036382
0.031961
0.017996
0.018281
0.016528
0.022868
0.027519
0.034643
0.029144
0.032221
0.031492
0.030152
0.031335
0.021191
0.022256
0.015683
0.016547
0.018067
0.019428
0.015989
0.016316
0.034261
0.033250
0.026168
0.028576
0.031012
0.031236
0.019858
0.032647
0.033375
0.024530
0.017506
0.017231
0.014817
0.020063
0.035526
0.035338
0.018995
0.018563
0.016909
0.016994
0.028201
0.033451
0.042376
0.032765
0.033017
0.030401
0.017143
0.020623
0.017559
0.014801
0.020292
0.018590
0.033628
0.018113
0.019501
0.024523
0.031032
0.023712
0.032825
0.024843
0.034154
0.032712
0.020575
0.031657
0.016044
0.018037
0.016704
0.033016
0.038033
0.031876
0.020756
0.020332
0.034965
0.023500
0.037097
0.019641
0.019161
0.016969
0.018011
0.018401
0.016140
0.038048
0.035576
0.031640
0.033748
0.035172
0.028080
0.037786
0.044549
0.040818
0.039589
0.047947
0.036491
0.028191
0.021314
0.016981
0.047851
0.028919
0.022298
0.026221
0.034701
0.017902
0.034109
0.035503
0.033567
0.032218
0.033424
0.017938
0.018679
0.016344
0.020139
0.019556
0.016931
0.017957
0.018520
0.027996
0.030721
0.086210
0.040424
0.020345
0.018901
0.019539
0.017171
0.016325
0.020472
0.021064
0.015733
0.016095
0.019384
0.015772
0.016791
0.016440
0.021112
0.024651
0.030148
0.021260
0.021080
0.018612
0.018107
0.028330
0.016539
0.020612
0.016536
0.021137
0.033607
0.032686
0.028332
0.020320
0.018396
0.016942
0.016647
0.020506
0.018018
0.020476
0.031847
0.021627
0.025414
0.036929
0.019717
0.033186
0.035941
0.032954
0.018439
0.017371
0.023951
0.017331
0.017951
0.024049
0.016703
0.022140
0.016917
0.016427
0.021024
0.020084
0.015475
0.035945
0.034829
0.045299
0.033241
0.035378
0.027706
0.032589
0.018712
0.034138
0.027059
0.018176
0.037583
0.024849
0.023179
0.033129
0.041313
0.043147
0.027899
0.038709
0.034963
0.047062
0.046936
0.044965
0.032218
0.019542
0.018551
0.028075
0.017813
0.033769
0.055455
0.020641
0.025507
0.020076
0.020831
0.016867
0.018147
0.016868
0.020425
0.019177
0.056643
0.032223
0.031372
0.031404
0.016547
0.015441
0.016077
0.032324
0.020686
0.017792
0.020597
0.031841
0.034444
0.025981
0.033612
0.033794
0.034588
0.019657
0.034114
0.035993
0.024752
0.036750
0.032195
0.023753
0.015904
0.016606
0.033180
0.033352
0.022040
0.017391
0.019315
0.018461
0.037371
0.029601
0.032939
0.036811
0.032532
0.022872
0.023559
0.032887
0.020663
0.016638
0.019102
0.018564
0.032259
0.032183
0.033392
0.016346
0.018565
0.016748
0.017915
0.018649
0.021196
0.018050
0.018527
0.021170
0.018034
0.020616
0.022232
0.021141
0.033674
0.030463
0.035129
0.024419
0.032990
0.032902
0.032551
0.031264
0.034115
0.030221
0.033011
0.021949
0.021249
0.022573
0.018366
0.032923
0.023463
0.029383
0.032912
0.025403
0.032495
0.033199
0.032196
0.033414
0.032275
0.026151
0.028388
0.017999
0.018938
0.016774
0.016940
0.033405
0.034509
0.026530
0.032382
0.021476
0.034544
0.032917
0.035508
0.019537
0.020843
0.018593
0.032052
0.017234
0.018177
0.018327
0.016645
0.031808
0.031541
0.020250
0.030300
0.033063
0.017333
0.016796
0.026710
0.016721
0.018785
0.018571
0.034926
0.024903
0.046433
0.029080
0.047885
0.047117
0.039470
0.034892
0.032892
0.036988
0.032646
0.030437
0.041921
0.036029
0.046364
0.044538
0.039043
0.020095
0.024617
0.035701
0.033551
0.034209
0.040249
0.024799
0.038419
0.033980
0.032155
0.032745
0.038798
0.018875
0.018126
0.021677
0.015894
0.015920
0.015387
0.017851
0.019458
0.032542
0.031991
0.032921
0.028092
0.032821
0.033786
0.033135
0.033812
0.032678
0.030904
0.017684
0.031915
0.018537
0.017740
0.020093
0.016180
0.016991
0.016445
0.019902
0.018004
0.016159
0.016551
0.020219
0.031543
0.027104
0.030613
0.034097
0.033705
0.031753
0.031914
0.031229
0.031400
0.016206
0.019168
0.019244
0.018598
0.029429
0.033460
0.034941
0.026387
0.036776
0.017595
0.017345
0.015826
0.018189
0.018317
0.017869
0.017861
0.016714
0.032730
0.034294
0.036268
0.019802
0.020083
0.034181
0.043305
0.036564
0.025273
0.033254
0.033868
0.020940
0.018291
0.019675
0.017413
0.033055
0.032388
0.017651
0.034239
0.031785
0.032232
0.032258
0.018496
0.024928
0.036843
0.033221
0.032625
0.021027
0.031952
0.021261
0.019643
0.033526
0.035506
0.017092
0.019418
0.032772
0.031818
0.019856
0.018073
0.016966
0.016288
0.016633
0.019762
0.016100
0.020032
0.016531
0.016721
0.019659
0.029577
0.019960
0.027506
0.023456
0.032992
0.031512
0.019741
0.018213
0.024457
0.031428
0.021250
0.016625
0.026885
0.019982
0.032254
0.032387
0.036325
0.035678
0.045492
0.037368
0.044194
0.031240
0.019334
0.033814
0.036876
0.033948
0.032231
0.033678
0.021250
0.031065
0.032597
0.030105
0.016281
0.018162
0.017347
0.031296
0.018428
0.034456
0.020196
0.017933
0.018739
0.018310
0.035889
0.019964
0.017627
0.037285
0.019208
0.021697
0.032125
0.017622
0.019974
0.036828
0.027727
0.031090
0.036327
0.031983
0.018679
0.019117
0.022730
0.019770
0.016953
0.017067
0.024086
0.018445
0.020389
0.027730
0.032037
0.032574
0.031118
0.025355
0.017933
0.019500
0.017048
0.017557
0.019186
0.018213
0.032151
0.031995
0.017802
0.029411
0.032365
0.021851
0.032846
0.033421
0.017064
0.017787
0.021551
0.017086
0.034940
0.038164
0.031362
0.036015
0.033144
0.025031
0.036613
0.033406
0.035095
0.034149
0.020542
0.033926
0.020964
0.021148
0.018312
0.017099
0.019312
0.019713
0.016565
0.024631
0.016309
0.019516
0.019030
0.020348
0.024234
0.032586
0.025744
0.032154
0.034552
0.033281
0.031238
0.026880
0.032083
0.032269
0.033517
0.026962
0.032800
0.032849
0.039943
0.040965
0.034413
0.034974
0.025826
0.017730
0.037609
0.019248
0.031499
0.019120
0.020699
0.033691
0.026540
0.017693
0.033002
0.018454
0.018756
0.018457
0.016790
0.016814
0.017707
0.035320
0.020005
0.032126
0.019653
0.016623
0.030848
0.033095
0.033014
0.038004
0.033322
0.033247
0.032194
0.034646
0.031900
0.019981
0.019518
0.020012
0.018657
0.034979
0.034762
0.016897
0.018663
0.023308
0.024650
0.018660
0.022124
0.019436
0.038360
0.023324
0.032444
0.019061
0.019440
0.019944
0.018846
0.032272
0.021909
0.018161
0.034934
0.035249
0.031653
0.034961
0.031456
0.035760
0.033723
0.033607
0.023345
0.034180
0.022236
0.019233
0.017791
0.018857
0.020364
0.017297
0.016876
0.016815
0.016587
0.034155
0.033673
0.025815
0.034590
0.017749
0.020071
0.034797
0.033295
0.016245
0.018428
0.019685
0.032933
0.032583
0.033354
0.038001
0.033045
0.030465
0.022112
0.032930
0.032395
0.029644
0.016698
0.021232
0.020166
0.033776
0.032423
0.022123
0.032020
0.031124
0.023195
0.024004
0.026476
0.039419
0.048612
0.033195
0.018032
0.027873
0.020897
0.026307
0.032626
0.019231
0.032323
0.026752
0.033518
0.020273
0.034909
0.020133
0.017688
0.019634
0.036404
0.033912
0.021849
0.022136
0.033694
0.028700
0.034556
0.033588
0.029097
0.033980
0.033992
0.024669
0.033600
0.029741
0.031400
0.017184
0.018213
0.021523
0.016547
0.018310
0.032587
0.025122
0.034866
0.025160
0.016889
0.016805
0.018734
0.019771
0.019769
0.034186
0.038078
0.023560
0.031651
0.034312
0.031809
0.021351
0.019296
0.032949
0.030007
0.019454
0.017040
0.016571
0.018190
0.017497
0.033248
0.032485
0.024419
0.028634
0.032682
0.032557
0.017170
0.032578
0.030574
0.036421
0.023518
0.032423
0.028095
0.030278
0.019767
0.018844
0.018598
0.036013
0.018689
0.017143
0.016566
0.016284
0.027860
0.032718
0.027992
0.034530
0.030317
0.034328
0.016979
0.019527
0.016580
0.016346
0.016816
0.021189
0.018993
0.018289
0.019667
0.032076
0.023149
0.020724
0.019790
0.017113
0.034693
0.036103
0.033599
0.031702
0.035320
0.018330
0.032184
0.032637
0.021535
0.034423
0.023248
0.031579
0.032816
0.033081
0.032772
0.033077
0.033593
0.033325
0.018925
0.016249
0.016626
0.021774
0.019284
0.039056
0.022429
0.030287
0.019955
0.021290
0.020103
0.022915
0.029900
0.040449
0.034456
0.035116
0.023058
0.036838
0.020772
0.040098
0.039802
0.035956
0.035583
0.032970
0.037431
0.040437
0.036174
0.032082
0.035226
0.035445
0.033121
0.034725
0.025743
0.032555
0.032439
0.031667
0.025450
0.019043
0.026403
0.033689
0.018274
0.035904
0.016542
0.019403
0.021420
0.016708
0.016081
0.019891
0.017325
0.016112
0.018429
0.016943
0.020423
0.019424
0.019758
0.032406
0.034101
0.034273
0.034122
0.025897
0.027628
0.034583
0.022529
0.030765
0.016816
0.020053
0.020459
0.031934
0.041690
0.025486
0.019171
0.016107
0.021119
0.035347
0.025543
0.016275
0.034275
0.038762
0.035400
0.017851
0.020225
0.018129
0.036416
0.034317
0.034009
0.034464
0.025495
0.033264
0.022836
0.034123
0.035049
0.033409
0.018513
0.018115
0.035141
0.034312
0.032590
0.033243
0.035545
0.016799
0.021207
0.017355
0.018885
0.036422
0.034125
0.017149
0.018091
0.017690
0.018210
0.019676
0.018369
0.016779
0.020009
0.019862
0.019409
0.042099
0.026921
0.034460
0.029021
0.032466
0.032598
0.038446
0.031768
0.019767
0.035858
0.032619
0.034972
0.032228
0.032629
0.019681
0.018636
0.015932
0.036113
0.019680
0.038761
0.043540
0.033253
0.039996
0.017685
0.021833
0.017341
0.023127
0.036772
0.047959
0.051033
0.041505
0.044943
0.037202
0.034126
0.048246
0.032946
0.023489
0.021946
0.017129
0.020036
0.020033
0.017042
0.017021
0.017545
0.016071
0.038459
0.033494
0.042706
0.032313
0.037559
0.017154
0.020585
0.035968
0.033965
0.028019
0.016530
0.034357
0.032129
0.034600
0.019147
0.032921
0.034147
0.033047
0.033218
0.018438
0.017402
0.028324
0.027136
0.022745
0.028278
0.034975
0.029229
0.019938
0.034119
0.019678
0.026200
0.032467
0.031568
0.038832
0.015986
0.017821
0.017845
0.022345
0.017516
0.033427
0.031216
0.022700
0.027437
0.033158
0.031785
0.032378
0.018985
0.034492
0.031202
0.032500
0.032308
0.038268
0.031316
0.031245
0.019136
0.039723
0.031770
0.022535
0.034717
0.032703
0.016345
0.026205
0.016716
0.019202
0.017020
0.016366
0.016289
0.017737
0.015813
0.015754
0.016332
0.016612
0.020484
0.015496
0.019529
0.017141
0.017560
0.026788
0.031692
0.031123
0.034663
0.031119
0.036747
0.020940
0.021518
0.033912
0.032025
0.033994
0.018639
0.018809
0.023798
0.020149
0.028821
0.020975
0.028167
0.017898
0.019113
0.019496
0.016800
0.031711
0.018890
0.022265
0.037904
0.041547
0.038775
0.034704
0.018805
0.019578
0.038771
0.033084
0.021937
0.032619
0.034423
0.033848
0.032913
0.027246
0.033587
0.025695
0.021414
0.019205
0.034362
0.033401
0.026890
0.034037
0.017309
0.027206
0.028412
0.017433
0.017991
0.016284
0.032854
0.035133
0.024709
0.032104
0.033264
0.032068
0.022357
0.018746
0.022617
0.019089
0.022479
0.028457
0.035272
0.033698
0.032247
0.016683
0.029836
0.019527
0.028320
0.032497
0.031424
0.020410
0.034796
0.032322
0.019287
0.019492
0.024122
0.031551
0.028812
0.015714
0.033571
0.030837
0.020085
0.018902
0.025277
0.015991
0.017103
0.018025
0.027945
0.030576
0.032820
0.025411
0.017148
0.016448
0.017490
0.017015
0.027255
0.018711
0.016403
0.018864
0.016948
0.016622
0.017271
0.017510
0.016455
0.026923
0.017749
0.018749
0.015419
0.020952
0.021378
0.026636
0.031509
0.035233
0.029996
0.039515
0.032140
0.015541
0.014987
0.015459
0.018486
0.027350
0.033090
0.017995
0.015461
0.023986
0.030558
0.020233
0.015663
0.023961
0.019351
0.016665
0.022380
0.018258
0.032321
0.042313
0.037424
0.030483
0.047530
0.022937
0.032792
0.029899
0.030942
0.042033
0.038371
0.036408
0.032122
0.034475
0.032419
0.020002
0.018769
0.018502
0.022664
0.017097
0.018167
0.016506
0.032898
0.017126
0.017087
0.016618
0.035489
0.017829
0.032910
0.032689
0.034283
0.028833
0.016965
0.033820
0.033258
0.031518
0.016468
0.024124
0.034091
0.020682
0.018817
0.020290
0.032923
0.032651
0.031344
0.025584
0.019127
0.032892
0.015928
0.020620
0.019141
0.019592
0.015546
0.016204
0.019304
0.033919
0.035011
0.018226
0.028633
0.017026
0.018530
0.017163
0.019483
0.019458
0.033409
0.018385
0.017669
0.018132
0.018264
0.035291
0.031361
0.032581
0.027192
0.031616
0.031837
0.031678
0.024860
0.020919
0.032183
0.016616
0.017170
0.040382
0.034451
0.047050
0.019558
0.029125
0.029357
0.015621
0.015470
0.021641
0.020539
0.031122
0.032125
0.037001
0.042784
0.046182
0.037222
0.027426
0.033060
0.031703
0.035156
0.029390
0.017341
0.044171
0.045513
0.019148
0.019282
0.035861
0.029017
0.018236
0.019700
0.020740
0.019389
0.016180
0.019935
0.019364
0.017548
0.020152
0.024406
0.035506
0.032365
0.032365
0.033180
0.027863
0.035217
0.022797
0.021039
0.017135
0.016608
0.015906
0.018331
0.016043
0.016123
0.018950
0.015863
0.020899
0.034071
0.033513
0.032636
0.015641
0.033860
0.027334
0.032729
0.020783
0.028305
0.032150
0.036741
0.032018
0.032588
0.032516
0.032857
0.031159
0.038610
0.017679
0.019896
0.015790
0.017848
0.027969
0.031929
0.033036
0.034412
0.031393
0.023968
0.033974
0.033191
0.033540
0.034509
0.032693
0.034289
0.016455
0.032787
0.032813
0.027345
0.031699
0.015950
0.015684
0.030242
0.033095
0.032184
0.018904
0.018769
0.015781
0.016599
0.032834
0.034477
0.033917
0.033334
0.032424
0.036258
0.034899
0.030658
0.031479
0.033953
0.021003
0.016397
0.018055
0.019379
0.017864
0.016684
0.017199
0.016704
0.016511
0.019763
0.022327
0.015175
0.015426
0.030062
0.018646
0.034840
0.037716
0.035072
0.020703
0.017421
0.016690
0.022676
0.047518
0.046633
0.041692
0.033068
0.034982
0.025344
0.019717
0.015158
0.018335
0.016641
0.019339
0.021058
0.015827
0.036658
0.031774
0.032845
0.031949
0.034952
0.045747
0.042774
0.037454
0.047341
0.025883
0.034270
0.034671
0.033039
0.035825
0.023783
0.032037
0.031679
0.033022
0.033396
0.033935
0.026405
0.014702
0.034362
0.025178
0.034530
0.031587
0.016706
0.023723
0.031756
0.033264
0.033093
0.018156
0.026889
0.030542
0.023232
0.032629
0.029047
0.031461
0.031604
0.019500
0.019923
0.015561
0.016708
0.016866
0.033606
0.032245
0.027797
0.032395
0.015574
0.018585
0.032948
0.018056
0.016290
0.016969
0.033353
0.033919
0.031441
0.035870
0.021825
0.018099
0.018640
0.038494
0.027239
0.030867
0.020224
0.017427
0.034553
0.031467
0.042508
0.032284
0.037051
0.025741
0.032685
0.024992
0.032051
0.033458
0.020710
0.016139
0.016008
0.017225
0.031562
0.032492
0.030904
0.032587
0.031973
0.028043
0.033755
0.020601
0.014868
0.035129
0.027814
0.037206
0.016607
0.027727
0.031139
0.022758
0.029313
0.032973
0.015857
0.033367
0.032682
0.019224
0.016053
0.027836
0.021677
0.034257
0.016168
0.028883
0.023515
0.028071
0.015386
0.017353
0.032904
0.030593
0.018272
0.019401
0.028178
0.015466
0.031245
0.032876
0.033048
0.032509
0.033664
0.031706
0.037704
0.026969
0.034991
0.033096
0.017321
0.015589
0.014546
0.032076
0.020432
0.032441
0.023421
0.032702
0.016686
0.019176
0.018804
0.017006
0.018370
0.032367
0.036001
0.028346
0.034485
0.032436
0.033510
0.023503
0.020902
0.017858
0.017446
0.033868
0.036560
0.031850
0.035674
0.032603
0.015206
0.025744
0.031806
0.029289
0.034097
0.027030
0.016676
0.021227
0.015718
0.016645
0.015580
0.014907
0.032635
0.032335
0.019132
0.032138
0.032206
0.033525
0.033551
0.029134
0.034936
0.030809
0.031294
0.016731
0.019614
0.016130
0.014979
0.015365
0.017491
0.015138
0.014849
0.018867
0.015153
0.033908
0.040214
0.031732
0.027554
0.016569
0.020082
0.018730
0.018823
0.017428
0.020668
0.015656
0.015019
0.033350
0.016835
0.019171
0.019904
0.020170
0.016938
0.032341
0.046145
0.034836
0.024143
0.036475
0.017870
0.034640
0.018366
0.016685
0.022991
0.015182
0.018389
0.016386
0.016954
0.017837
0.022201
0.015797
0.015022
0.017397
0.020985
0.024811
0.031128
0.030407
0.032207
0.031765
0.032090
0.034553
0.031018
0.014966
0.032073
0.032428
0.032940
0.031582
0.031125
0.033344
0.031888
0.023449
0.033100
0.032823
0.035872
0.018059
0.018728
0.031618
0.044618
0.031471
0.033545
0.032190
0.021370
0.028709
0.034628
0.026216
0.033324
0.033377
0.019363
0.015759
0.025739
0.026458
0.016117
0.017521
0.020975
0.018376
0.021567
0.016891
0.033397
0.032105
0.031860
0.034172
0.034460
0.022872
0.032142
0.016038
0.017195
0.018788
0.033733
0.033819
0.031540
0.025125
0.032357
0.025266
0.032367
0.020128
0.032259
0.032791
0.016851
0.017017
0.019389
0.019624
0.017605
0.036792
0.034521
0.032055
0.031418
0.025299
0.017471
0.019041
0.015836
0.020678
0.032969
0.043607
0.033240
0.021100
0.016536
0.018548
0.019178
0.016954
0.014606
0.019650
0.015678
0.020538
0.015839
0.015566
0.033769
0.032267
0.033113
0.017305
0.017634
0.018274
0.019587
0.025438
0.032839
0.033490
0.023792
0.030371
0.041881
0.035943
0.034932
0.032881
0.033690
0.031062
0.017880
0.019405
0.015875
0.015568
0.033057
0.038416
0.048352
0.035342
0.032865
0.016732
0.022490
0.017293
0.020779
0.017354
0.015882
0.017764
0.024986
0.018848
0.017046
0.032939
0.032413
0.032653
0.032177
0.032264
0.024362
0.016975
0.030732
0.033081
0.032346
0.023707
0.032655
0.017553
0.032170
0.032231
0.031899
0.031116
0.024950
0.031778
0.017563
0.020961
0.037915
0.032070
0.015651
0.017781
0.015248
0.015592
0.016450
0.022470
0.019544
0.019396
0.017617
0.017395
0.021487
0.017797
0.019975
0.033242
0.022151
0.031697
0.032103
0.030655
0.016642
0.016261
0.015904
0.016297
0.022161
0.021209
0.017417
0.034629
0.030850
0.026846
0.031924
0.035861
0.015108
0.020809
0.020377
0.016353
0.030694
0.021671
0.030870
0.033227
0.015610
0.019274
0.031730
0.032416
0.033626
0.030002
0.031388
0.028427
0.031877
0.029689
0.031274
0.030863
0.018332
0.033331
0.032450
0.034078
0.032484
0.030514
0.030913
0.033993
0.036573
0.032170
0.016669
0.019942
0.035377
0.028165
0.020304
0.034355
0.035506
0.031195
0.034756
0.028355
0.030545
0.041771
0.031296
0.035000
0.033365
0.036890
0.031614
0.031345
0.031968
0.030262
0.042284
0.035800
0.046792
0.030246
0.036046
0.030209
0.030938
0.026793
0.032906
0.031572
0.035202
0.017058
0.016191
0.015254
0.015690
0.016547
0.015010
0.017735
0.015208
0.016984
0.032547
0.032232
0.023678
0.031689
0.020469
0.032908
