554,162,77,203
551,177,74,192
550,165,72,205
546,149,71,220
540,150,79,219
532,167,76,200
523,173,69,196
514,167,65,195
511,166,54,191
500,166,56,193
479,165,74,194
471,164,83,193
465,156,71,197
457,153,63,195
446,161,60,191
447,157,69,193
431,157,73,194
421,154,80,197
420,136,73,203
417,133,71,211
410,135,78,206
402,143,75,195
391,142,77,194
379,145,58,163
373,147,56,153
365,142,57,160
357,147,54,151
347,148,55,148
338,142,55,147
334,140,56,149
327,135,55,148
320,137,54,150
312,142,57,140
298,139,56,129
288,140,60,146
282,130,62,131
276,130,58,133
267,132,62,130
260,129,60,138
255,130,57,135
248,125,59,141
241,123,61,140
236,127,63,135
224,127,74,153
220,113,63,142
223,110,69,132
223,100,69,132
217,98,68,135
198,109,65,202
190,119,66,184
178,114,69,183
174,118,70,168
172,109,59,121
166,115,55,121
158,113,62,161
157,115,65,129
151,114,71,149
140,97,74,151
136,107,69,145
131,99,74,163
124,95,75,156
119,93,75,171
111,90,76,164
105,89,77,179
103,93,75,155
100,91,71,165
90,93,77,170
96,99,77,160
106,103,68,152
113,100,69,162
125,100,62,157
140,101,61,154
148,97,65,158
158,93,68,163
172,93,60,159
179,82,66,172
188,84,77,175
203,95,68,164
214,93,68,166
225,93,64,164
233,93,61,165
241,100,61,154
252,95,59,158
265,94,65,160
283,88,64,164
295,89,63,161
304,91,58,159
301,90,76,156
309,89,72,160
321,85,75,161
336,86,72,161
350,81,78,166
365,76,77,166
377,79,62,161
385,79,61,164
405,72,63,161
415,77,64,159
428,68,62,166
429,61,70,176
444,67,68,167
456,74,68,160
472,67,64,166
483,73,56,156
479,61,59,156
472,58,60,160
472,66,58,148
467,59,58,157
464,57,56,157
461,55,54,145
453,56,57,152
440,57,65,150
438,54,66,154
434,51,67,155
431,50,65,154
429,50,63,156
423,51,62,153
415,55,63,149
404,48,67,153
403,45,66,151
403,40,62,152
410,40,54,154
405,42,57,145
402,44,55,148
387,40,61,146
379,40,65,146
368,36,71,151
376,36,66,151
383,36,56,154
367,37,69,152
365,33,69,145
366,42,69,147
376,52,63,147
381,63,54,143
378,74,53,144
374,84,60,142
371,98,65,136
369,106,67,138
366,115,70,137
362,122,74,138
360,133,83,137
355,141,67,137
345,151,62,136
350,161,53,134
341,171,55,139
341,183,52,138
336,193,50,138
333,206,52,136
329,205,53,147
328,206,65,155
326,223,69,151
321,244,60,139
315,250,62,138
319,263,53,133
315,259,58,135
310,263,57,130
305,260,52,134
301,260,50,133
295,258,54,131
289,257,56,135
284,255,55,134
283,257,54,134
280,258,59,129
278,255,53,134
275,256,49,131
270,252,52,134
265,248,57,138
259,245,65,142
252,243,67,142
252,239,63,143
239,240,72,145
241,242,61,142
238,241,60,142
236,256,52,127
235,254,50,129
229,240,54,142
218,232,65,154
219,243,54,139
222,247,49,137
218,243,52,137
217,247,52,135
217,243,52,140
216,244,53,138
211,244,58,140
212,243,57,138
214,238,54,145
214,245,56,137
213,242,57,140
211,241,60,142
220,242,50,139
214,244,56,138
211,240,58,141
221,245,50,137
220,244,48,138
222,242,48,139
214,246,57,133
212,243,59,139
214,241,58,141
221,250,53,130
218,249,55,133
217,244,56,138
225,253,52,128
224,254,51,124
222,252,53,127
223,250,56,131
223,247,53,132
223,250,51,128
226,252,48,127
225,251,46,121
227,248,43,129
228,251,45,122
226,253,43,120
220,221,55,162
214,241,52,140
214,237,55,145
212,244,49,138
209,240,51,139
205,232,65,146
203,245,54,134
202,246,49,127
200,242,48,133
199,239,49,133
203,238,53,136
199,241,48,132
196,240,47,128
194,243,45,123
192,238,46,123
188,243,47,118
187,240,47,118
183,239,49,122
180,239,49,121
180,239,47,120
177,239,47,125
177,237,49,119
173,236,48,121
171,236,46,120
168,236,45,117
164,238,45,117
161,234,46,116
155,233,44,116
154,233,46,112
152,235,47,111
150,233,46,114
147,234,47,118
147,230,50,116
142,229,45,116
139,229,45,117
136,229,45,120
129,230,49,117
127,229,49,116
122,227,49,116
120,225,46,117
118,226,48,115
114,226,46,112
112,226,46,116
110,226,46,121
107,223,48,119
105,221,45,120
102,223,46,118
98,224,47,114
96,224,46,117
90,225,48,113
86,223,46,115
85,221,45,115
84,220,47,113
82,222,44,114
79,222,44,113
78,220,44,115
75,220,44,112
74,219,43,111
71,219,45,111
71,218,50,115
70,214,58,114
66,210,62,116
62,210,59,117
59,209,58,120
57,205,59,123
53,205,57,123
50,201,57,128
49,201,55,123
47,197,57,128
47,199,55,127
46,197,57,127
43,203,60,120
43,201,60,119
41,197,58,122
38,201,57,117
38,200,59,119
37,201,55,119
36,202,59,116
34,193,56,122
32,198,58,117
29,193,55,121
33,199,51,114
29,196,48,118
25,201,48,110
21,193,54,116
19,197,54,111
19,198,46,111
19,199,43,109
17,200,45,107
20,197,42,107
17,205,44,100
15,193,45,112
12,198,45,107
11,205,41,99
8,216,36,85
8,216,33,84
5,213,33,87
3,208,36,92
2,211,31,89
4,220,29,80
2,208,30,88
1,208,30,88
1,204,31,93
0,202,29,94
0,202,29,94
0,202,28,92
0,202,26,91
0,200,25,89
0,202,21,90
0,189,27,104
0,193,23,101
0,206,21,84
0,197,24,90
0,201,23,87
0,200,26,88
0,200,26,88
4,204,31,82
15,197,37,89
30,196,36,91
57,198,32,83
74,196,35,85
84,191,35,86
84,192,38,85
85,195,38,82
87,188,36,86
91,186,37,89
95,185,34,89
96,179,35,96
101,178,35,97
101,176,37,99
104,174,38,100
106,172,38,99
110,171,39,97
112,169,42,102
114,173,45,96
117,169,47,100
119,172,47,96
124,167,43,100
134,166,38,102
138,165,36,103
141,165,41,102
141,163,45,103
142,165,45,102
145,175,42,92
149,173,38,91
160,190,28,76
160,162,34,102
160,161,45,102
164,159,40,106
167,168,40,96
169,166,38,97
176,167,33,96
178,167,34,95
175,169,38,95
175,175,40,91
181,174,36,92
182,181,37,96
171,189,49,74
170,187,50,91
173,200,44,87
172,194,49,63
169,206,52,72
169,205,53,62
170,206,52,59
169,205,57,60
170,200,56,65
171,194,52,69
172,187,51,79
174,177,51,87
171,174,54,92
174,169,50,91
172,166,51,99
174,167,52,93
174,167,51,94
191,166,37,98
196,166,40,98
199,169,39,96
201,168,39,96
203,166,38,98
212,165,36,97
215,165,38,99
218,165,42,99
219,163,43,103
223,161,42,104
231,159,39,105
239,164,33,99
239,166,34,97
242,166,40,96
244,167,40,97
247,166,40,98
255,166,37,98
260,166,35,99
260,168,36,96
265,168,39,96
267,168,41,96
314,148,35,123
275,162,44,101
282,164,41,99
290,163,39,100
288,167,38,100
294,160,41,103
299,164,42,95
307,154,37,108
317,116,94,134
310,147,51,142
312,152,52,124
319,162,40,127
320,162,40,105
323,165,34,105
332,166,32,95
325,165,35,96
327,157,34,104
328,152,37,106
330,158,47,96
324,159,45,101
346,156,38,94
359,158,44,94
363,162,45,90
365,159,46,93
369,163,47,88
380,158,42,90
384,154,34,97
325,154,37,112
389,158,56,92
394,156,51,91
325,154,44,124
327,145,48,119
404,151,56,96
403,156,61,82
405,157,54,85
419,160,55,81
426,164,46,83
420,156,51,82
421,158,51,87
446,156,40,82
448,159,35,84
451,166,39,78
453,154,45,82
449,160,52,84
447,158,58,85
447,153,56,86
462,150,61,124
473,154,75,87
476,154,63,86
466,169,58,94
456,181,50,87
445,182,44,86
439,148,58,79
413,149,83,81
399,155,72,79
376,156,60,82
362,161,61,86
364,156,63,79
353,153,63,75
314,156,71,79
278,161,68,73
308,158,55,84
318,150,61,75
270,160,61,69
246,160,67,64
210,164,66,68
154,133,77,70
141,124,69,79
53,111,44,132
52,95,50,122
59,101,61,136
137,123,64,87
131,118,76,83
47,106,48,118
60,71,76,133
56,100,71,118
98,120,107,83
147,123,108,82
236,124,79,74
210,128,83,72
210,124,78,75
150,122,83,80
171,125,91,84
147,116,78,97
154,121,93,81
108,111,117,97
233,124,70,89
334,126,51,76
335,125,41,96
332,111,88,118
242,122,92,76
163,125,121,74
131,118,108,95
156,116,119,87
165,121,112,83
222,124,78,75
152,112,117,81
43,108,65,128
139,120,65,92
133,124,68,84
137,124,58,82
133,105,72,96
135,100,79,120
225,121,65,83
197,122,78,84
182,126,94,76
193,126,88,76
196,125,88,75
152,120,82,81
164,122,102,82
148,118,112,92
211,120,77,89
205,124,93,75
182,118,96,78
225,123,76,73
167,114,115,84
225,124,95,74
203,124,88,75
219,122,88,72
176,118,113,75
230,120,76,78
192,122,95,72
215,122,79,74
167,125,100,75
147,122,77,86
182,55,81,96
156,120,99,69
198,41,72,97
233,122,75,77
204,124,80,77
187,119,107,75
222,121,97,78
169,125,119,71
210,124,85,73
228,123,81,74
188,125,78,72
167,127,71,74
164,128,65,68
153,115,82,72
246,114,74,82
333,105,76,87
377,102,80,90
375,105,77,90
401,107,74,86
409,107,60,103
419,109,49,89
408,109,41,96
398,107,48,104
377,110,59,104
364,104,51,108
360,106,48,106
343,111,45,98
343,111,40,101
328,108,42,106
311,108,47,106
301,106,52,104
296,107,48,97
283,102,45,106
259,17,56,104
261,106,70,110
244,105,50,104
239,103,61,101
219,103,51,99
212,104,55,103
198,105,63,104
147,139,48,115
145,145,47,108
155,144,52,110
117,47,54,100
106,43,56,97
120,90,88,115
106,136,67,116
128,139,55,94
126,62,80,112
100,121,110,85
80,88,108,77
106,102,85,97
190,145,60,107
144,137,70,113
95,116,101,109
92,61,85,102
105,127,112,79
101,51,64,109
82,108,102,72
136,135,84,80
127,134,62,102
116,49,61,112
115,85,76,109
114,50,55,101
113,63,61,100
109,142,51,111
118,50,54,107
119,41,51,101
114,52,53,101
123,37,60,107
118,48,50,96
115,66,81,110
97,54,74,105
104,91,81,126
86,76,88,96
68,57,65,121
131,85,73,124
100,140,81,113
80,81,119,147
1,79,84,180
16,78,87,154
63,122,87,110
142,137,117,127
205,151,129,155
388,215,139,151
524,2,96,177
503,106,94,187
441,194,174,169
544,220,82,222
456,63,112,221
459,185,140,172
463,102,105,145
464,43,76,173
475,97,69,131
475,32,48,155
476,23,44,148
476,22,45,119
475,24,41,119
479,25,40,116
473,33,48,127
481,22,40,120
472,29,49,135
481,23,44,121
473,28,49,144
478,25,46,137
477,30,41,154
474,24,49,132
472,97,66,117
478,22,40,122
475,24,41,132
467,101,61,118
475,26,42,123
481,24,40,125
478,102,49,110
472,97,55,118
479,23,42,147
477,22,42,126
476,25,44,138
476,22,43,120
474,25,43,124
470,26,48,122
426,99,72,117
432,31,61,139
400,102,102,150
359,114,130,184
298,170,194,170
244,199,220,161
207,177,189,186
196,180,252,170
165,175,242,179
260,209,293,263
192,195,302,285
149,199,277,276
170,199,232,279
203,171,193,218
193,190,171,178
171,110,129,178
178,111,160,200
134,173,256,148
145,126,137,190
155,104,110,189
160,139,135,168
140,23,73,222
144,114,89,171
145,38,65,163
149,87,59,138
148,39,46,121
143,24,48,134
149,26,46,147
146,19,50,137
150,93,58,128
146,29,47,136
145,23,52,147
150,26,44,124
150,109,60,119
152,90,87,122
157,99,75,125
146,30,58,160
143,34,54,145
143,25,57,149
151,92,66,138
144,75,80,151
151,29,53,148
159,97,85,125
148,84,68,132
151,94,78,142
150,29,51,170
146,35,51,161
145,22,46,130
146,23,48,144
148,28,42,117
146,33,50,140
141,49,74,170
149,84,70,132
145,28,48,135
146,26,46,118
147,27,44,131
144,32,58,145
148,30,48,143
145,34,57,150
144,25,47,125
148,25,49,132
145,28,48,166
147,30,52,159
144,21,45,128
151,25,41,126
146,32,47,136
141,28,56,135
149,27,46,119
146,30,43,139
147,26,42,118
146,29,42,128
147,27,42,117
146,27,42,121
149,25,45,135
148,24,40,122
144,30,47,133
147,25,43,123
144,33,51,143
149,28,49,126
148,23,41,133
144,33,56,136
147,27,48,128
146,26,44,140
147,24,42,119
146,27,44,121
150,28,41,116
132,25,56,139
111,64,87,175
105,111,123,191
120,137,162,204
169,156,198,199
363,118,103,224
385,104,80,188
283,114,89,170
325,116,95,177
313,125,71,178
323,108,99,166
291,109,90,172
305,104,84,131
284,102,131,155
332,101,151,111
389,101,96,119
372,83,99,118
373,99,81,137
345,94,105,99
339,96,68,114
335,92,65,108
324,93,52,106
333,96,40,95
334,94,37,95
339,93,36,96
341,94,42,100
341,93,44,98
339,98,41,95
339,89,46,101
339,96,43,100
342,100,43,97
339,94,43,102
341,96,43,94
326,97,40,94
333,100,39,87
338,92,42,96
340,93,38,94
344,100,39,93
340,95,40,98
347,95,42,94
334,94,39,97
328,90,43,99
337,99,42,92
330,22,61,122
313,85,63,115
327,90,49,110
325,99,51,97
327,96,53,91
337,102,47,94
338,87,42,93
340,95,40,91
335,104,38,87
327,95,45,95
338,102,38,90
336,99,43,88
345,104,48,83
337,95,56,89
334,101,48,96
338,101,42,88
353,103,49,84
347,103,37,84
346,102,39,85
342,99,42,92
341,104,41,85
346,106,40,84
340,98,45,95
345,100,42,85
344,102,39,85
344,102,42,82
337,98,38,86
335,102,36,88
336,96,44,91
318,50,51,92
332,41,43,112
332,71,40,105
328,74,46,113
325,79,43,109
316,90,54,110
323,87,48,117
333,145,56,127
325,110,46,119
337,181,57,108
336,159,53,104
337,178,51,82
344,222,36,77
350,225,33,81
347,163,76,95
333,218,54,101
336,194,44,123
337,218,39,91
347,222,37,84
353,221,37,81
349,222,38,84
351,222,37,82
350,219,36,84
349,222,39,82
342,224,35,80
346,218,38,84
345,224,35,79
347,219,40,86
347,219,34,79
347,222,31,81
345,222,41,83
353,222,34,80
348,221,35,82
345,219,36,88
347,218,37,88
345,220,34,82
349,218,40,85
330,174,52,96
344,159,54,101
336,222,42,89
338,212,44,89
347,222,48,86
322,176,43,89
345,146,54,117
330,214,44,105
337,205,52,98
339,210,37,94
349,222,36,88
350,163,47,92
342,218,42,94
337,152,53,107
344,212,43,106
344,217,36,93
347,219,38,88
348,223,39,83
347,216,41,86
344,220,40,87
350,214,36,88
343,220,40,87
348,213,35,88
325,147,55,112
317,190,76,129
259,150,78,120
231,150,94,111
230,150,79,127
236,178,99,150
181,153,108,105
205,185,88,143
161,190,112,148
166,193,101,132
164,196,101,128
101,164,140,125
96,168,129,149
56,135,164,151
245,185,179,143
413,163,150,212
523,237,100,243
535,293,95,187
382,179,95,161
397,181,115,158
382,226,148,189
481,246,134,234
395,159,168,169
352,181,165,157
361,190,175,166
484,271,117,209
472,266,126,214
360,210,84,188
181,229,73,148
184,218,68,142
230,201,95,115
182,224,64,138
169,220,71,123
219,206,87,105
166,221,71,131
16,210,76,126
2,124,54,147
5,126,57,144
3,190,56,130
6,116,59,152
6,191,54,143
26,128,46,104
23,124,54,98
26,125,53,92
28,125,44,104
31,122,44,94
31,123,50,97
29,128,45,101
40,131,59,95
5,210,47,107
28,134,46,140
4,125,53,102
6,128,55,102
44,145,64,93
27,119,40,108
36,120,34,109
34,122,38,95
37,123,55,98
29,120,41,127
25,124,44,87
17,124,56,99
38,132,51,95
16,122,64,100
50,144,69,82
29,123,47,112
9,218,49,103
25,125,50,114
12,130,60,119
35,131,65,82
23,136,59,135
6,180,51,137
20,124,55,128
21,129,50,96
35,131,47,78
41,137,62,86
16,135,63,106
27,129,46,91
37,130,51,82
35,126,32,82
36,131,30,75
43,128,33,78
38,129,31,79
44,129,33,77
40,129,34,80
41,128,38,84
38,128,37,83
53,138,59,87
14,215,47,96
15,212,47,116
20,217,63,106
20,132,50,122
19,210,49,105
13,216,53,121
15,221,45,97
10,136,56,131
22,213,50,120
0,159,52,143
18,126,59,115
4,135,76,117
9,127,78,100
123,69,51,102
102,74,60,106
109,80,58,101
88,77,66,98
118,175,114,120
198,225,106,135
204,221,88,125
233,182,118,146
226,186,122,158
148,208,116,180
206,172,144,172
162,204,205,202
345,160,203,211
480,167,127,288
261,188,136,184
248,190,149,152
251,175,139,156
276,176,111,162
297,199,106,140
285,188,97,143
303,182,102,134
301,189,92,134
272,200,96,134
302,198,82,128
286,205,87,130
286,204,87,141
278,217,90,141
275,202,91,143
289,205,99,127
298,196,103,137
304,196,95,137
279,194,98,149
318,197,106,135
297,206,105,119
295,190,88,133
285,204,98,145
304,205,99,130
273,197,103,141
287,189,91,148
272,195,116,154
280,184,105,134
297,198,106,130
292,184,87,142
297,201,94,134
295,193,89,133
301,196,94,125
272,193,92,145
327,192,93,125
269,211,100,128
313,204,90,126
295,200,81,133
304,195,85,128
281,204,94,134
284,209,91,143
288,206,93,143
294,211,104,135
286,209,99,137
306,215,93,128
304,223,83,131
288,200,89,138
294,206,92,128
299,198,86,134
280,190,102,142
282,193,99,146
297,198,101,129
286,179,84,139
292,212,97,126
307,207,89,132
292,212,93,130
311,210,83,125
301,211,80,116
305,214,75,119
295,218,81,113
301,207,80,124
314,212,73,117
296,208,74,125
299,216,80,121
299,218,85,122
287,188,76,135
266,219,90,131
274,186,106,144
302,181,96,141
291,192,91,139
305,210,93,117
301,206,86,125
288,178,141,148
276,178,129,162
315,181,112,146
361,192,89,154
343,179,98,152
268,113,177,135
327,197,94,148
277,188,110,135
297,163,131,165
331,172,124,141
277,169,139,138
275,98,105,119
253,168,168,186
230,220,148,171
204,230,114,150
144,210,146,132
270,196,94,139
128,208,102,125
174,203,99,125
151,199,106,137
172,202,91,129
153,194,92,142
187,206,88,127
169,198,90,124
125,216,116,132
187,208,99,139
119,222,100,160
189,208,86,124
