0.012790
0.019792
0.035533
0.033499
0.032226
0.028444
0.026154
0.017766
0.029134
0.033644
0.033508
0.032589
0.027050
0.035126
0.021424
0.026741
0.034051
0.034887
0.036160
0.034304
0.032891
0.017596
0.019670
0.033587
0.019833
0.033475
0.034794
0.034276
0.034014
0.034286
0.033383
0.035226
0.022132
0.025586
0.034934
0.035617
0.033500
0.034978
0.033525
0.029173
0.034973
0.034110
0.034308
0.037003
0.025665
0.033682
0.030849
0.033511
0.020182
0.020456
0.034823
0.025829
0.031571
0.017312
0.017264
0.030463
0.034119
0.027515
0.031554
0.034409
0.033804
0.035328
0.030797
0.030156
0.033614
0.036184
0.025408
0.033292
0.032386
0.034129
0.035263
0.031402
0.031835
0.031167
0.032953
0.033769
0.018920
0.031959
0.034111
0.025924
0.031943
0.016777
0.020113
0.036372
0.027479
0.023609
0.033257
0.033527
0.033449
0.028604
0.016238
0.016649
0.033935
0.032058
0.018036
0.015356
0.016140
0.034560
0.033141
0.029747
0.035395
0.021025
0.016881
0.022585
0.033301
0.033419
0.032066
0.021947
0.016269
0.033276
0.032032
0.024462
0.035178
0.032614
0.030858
0.033713
0.030877
0.019696
0.032512
0.032473
0.015066
0.031420
0.032390
0.020584
0.032093
0.019758
0.033896
0.034680
0.033490
0.032579
0.028390
0.034222
0.032767
0.020440
0.015432
0.034945
0.032843
0.033315
0.033003
0.033803
0.034572
0.033153
0.022627
0.028158
0.033872
0.031731
0.032723
0.027038
0.031621
0.031917
0.020646
0.015677
0.015480
0.019867
0.033612
0.025569
0.027538
0.033405
0.032404
0.032646
0.032807
0.032772
0.018020
0.015826
0.016622
0.015908
0.016895
0.016186
0.016075
0.019949
0.019655
0.031162
0.032472
0.032786
0.021189
0.033590
0.029655
0.034263
0.032634
0.033500
0.016826
0.032757
0.033289
0.033070
0.027136
0.031954
0.033071
0.034339
0.025618
0.035457
0.033304
0.019050
0.024040
0.028708
0.032920
0.025108
0.033049
0.021137
0.034522
0.032812
0.031871
0.033304
0.032494
0.022789
0.034164
0.024760
0.022056
0.032263
0.032038
0.026858
0.032110
0.032711
0.030997
0.021402
0.028730
0.031708
0.033942
0.023793
0.031257
0.032612
0.023963
0.028814
0.031772
0.031876
0.018288
0.017501
0.035007
0.031497
0.034739
0.024924
0.033826
0.036079
0.034801
0.026865
0.032882
0.026424
0.034610
0.030653
0.023884
0.034083
0.032676
0.033141
0.030104
0.033344
0.032946
0.017931
0.034219
0.034322
0.017451
0.018992
0.032967
0.032571
0.030105
0.032029
0.022895
0.031130
0.032007
0.034407
0.032649
0.032062
0.026671
0.032177
0.033144
0.033197
0.032087
0.034380
0.021183
0.019250
0.031351
0.032954
0.032234
0.030597
0.034059
0.032727
0.032813
0.031457
0.018805
0.031908
0.032446
0.018251
0.032552
0.033967
0.020871
0.017712
0.019154
0.015908
0.016372
0.016917
0.016052
0.024962
0.031012
0.032306
0.032737
0.032053
0.028154
0.033067
0.032830
0.032684
0.032972
0.033876
0.032300
0.033746
0.026669
0.028803
0.033130
0.026703
0.035651
0.029136
0.025457
0.030774
