0.002131
0.021080
0.017143
0.018846
0.019309
0.023083
0.018554
0.016729
0.021210
0.018713
0.017273
0.017395
0.016570
0.017297
0.017042
0.018929
0.018724
0.019732
0.016820
0.016711
0.025443
0.021170
0.017394
0.022994
0.021644
0.018239
0.016949
0.037904
0.019887
0.017300
0.016770
0.017969
0.021575
0.016436
0.019021
0.018101
0.016424
0.017638
0.019783
0.017853
0.025875
0.016779
0.018969
0.019846
0.016558
0.016085
0.023694
0.024361
0.020638
0.018964
0.021942
0.020951
0.018210
0.018908
0.017543
0.017805
0.022051
0.019172
0.017880
0.019421
0.016751
0.017586
0.021693
0.016661
0.017152
0.032224
0.022610
0.017884
0.016833
0.022066
0.017045
0.018955
0.020614
0.017177
0.016535
0.017769
0.017215
0.019269
0.023343
0.018903
0.019827
0.018961
0.029569
0.021889
0.017305
0.016840
0.018949
0.018162
0.017143
0.019963
0.017105
0.017460
0.022190
0.019510
0.019129
0.018030
0.016015
0.020545
0.019175
0.017413
0.016639
0.020773
0.017547
0.016696
0.022701
0.023491
0.018151
0.016632
0.021236
0.021919
0.017007
0.017542
0.018161
0.016258
0.016565
0.020855
0.016569
0.016031
0.017498
0.017219
0.016814
0.021673
0.017421
0.016365
0.025288
0.018292
0.017612
0.016345
0.016901
0.019366
0.016601
0.017575
0.020708
0.018874
0.018829
0.027244
0.019321
0.017569
0.019427
0.023318
0.018337
0.018948
0.018567
0.021669
0.018587
0.017699
0.027958
0.019501
0.018280
0.022359
0.019381
0.017717
0.017998
0.018154
0.018081
0.019118
0.018226
0.020096
0.019902
0.019955
0.020531
0.017904
0.017390
0.022577
0.022374
0.018092
0.017972
0.018713
0.022813
0.016644
0.019661
0.016883
0.017224
0.018477
0.017086
0.016823
0.023360
0.030787
0.034147
0.019522
0.016917
0.019379
0.028047
0.018364
0.017238
0.018512
0.017981
0.018461
0.019311
0.020310
0.017282
0.017622
0.022872
0.017480
0.026755
0.018533
0.018093
0.035830
0.019127
0.017265
0.022204
0.028488
0.021909
0.019407
0.018089
0.019355
0.017763
0.016993
0.025152
0.020289
0.016965
0.018157
0.016782
0.017160
0.020097
0.018705
0.018333
0.018818
0.017726
0.018939
0.017086
0.024070
0.017455
0.016833
0.016799
0.024636
0.021984
0.020422
0.018612
0.031589
0.018472
0.018365
0.022030
0.017989
0.017679
0.016967
0.027596
0.016192
0.016400
0.024840
0.018081
0.016744
0.021085
0.018460
0.020654
0.024614
0.020742
0.019131
0.017757
0.017871
0.018193
0.018266
0.017580
0.024310
0.017292
0.017128
0.027951
0.021195
0.018231
0.018420
0.016959
0.017008
0.019053
0.017867
0.022428
0.016724
0.017110
0.016660
0.018264
0.017649
0.015622
0.016754
0.018003
0.016184
0.016072
0.026161
0.015540
0.018825
0.017295
0.015594
0.018089
0.017304
0.017819
0.017640
0.016842
0.016955
0.022109
0.015290
0.015333
0.022910
0.017246
0.017967
0.015950
0.018350
0.015887
0.028723
0.027838
0.016476
0.022599
0.017903
0.020392
0.019727
0.017296
0.015456
0.019552
0.016432
0.016518
0.016354
0.015664
0.028189
0.016300
0.016578
0.027514
0.017499
0.016275
0.020318
0.017618
0.017280
0.017070
0.016485
0.016888
0.016856
0.017219
0.017655
0.017007
0.016787
0.017670
0.022949
0.019287
0.017634
0.017075
0.017034
0.018422
0.017563
0.025680
0.018445
0.017330
0.025554
0.017093
0.023032
0.015971
0.017879
0.020912
0.016467
0.019239
0.017328
0.016428
0.017332
0.016912
0.018364
0.016427
0.026095
0.016526
0.017304
0.017887
0.016849
0.017441
0.015916
0.021389
0.015723
0.018646
0.016341
0.019282
0.022907
0.020364
0.018449
0.019850
0.016730
0.017830
0.017385
0.016399
0.015816
0.015672
0.018151
0.017315
0.015271
0.017003
0.015215
0.017683
0.015026
0.014378
0.015416
0.016519
0.018599
0.026649
0.019670
0.016811
0.015870
0.015294
0.020956
0.019443
0.016894
0.016119
0.025599
0.015458
0.020100
0.018015
0.019069
0.020114
0.020237
0.018668
0.018008
0.016206
0.026154
0.019051
0.029695
0.015903
0.016865
0.018728
0.017309
0.017445
0.017239
0.018750
0.017138
0.016139
0.017540
0.018077
0.015460
0.015800
0.019021
0.017259
0.017490
0.027001
0.017931
0.017082
0.021580
0.017063
0.016271
0.017847
0.017637
0.019553
0.016871
0.021802
0.017363
0.016061
0.019445
0.015711
0.015670
0.020162
0.016404
0.017373
0.020735
0.015937
0.017932
0.018252
0.019272
0.017470
0.024605
0.019660
0.016393
0.016864
0.030769
0.021992
0.017213
0.018892
0.030862
0.018517
0.018828
0.017857
0.034675
0.026590
0.017885
0.018286
0.018469
0.018919
0.016387
0.017397
0.015825
0.016106
0.019744
0.017127
0.015947
0.020600
0.016755
0.016175
0.018747
0.029236
0.016092
0.017121
0.018424
0.015906
0.018864
0.016150
0.016814
0.020719
0.015875
0.016667
0.016263
0.015304
0.026710
0.023432
0.019290
0.017015
0.016150
0.015726
0.016876
0.025941
0.015556
0.015120
0.022472
0.015589
0.016633
0.015292
0.015028
0.019174
0.015455
0.017289
0.015223
0.015057
0.017317
0.019090
0.015008
0.018106
0.015814
0.015189
0.015665
0.016795
0.015036
0.015826
0.027466
0.020009
0.016705
0.018061
0.015273
0.014843
0.015715
0.014349
0.016612
0.018443
0.016196
0.014800
0.016196
0.015297
0.021522
0.016214
0.016251
0.017349
0.016132
0.014922
0.020824
0.019553
0.017252
0.021100
0.015402
0.015136
0.017472
0.023705
0.017049
0.016827
0.019403
0.016223
0.022031
0.020027
0.015457
0.019885
0.016925
0.016517
0.015299
0.015456
0.017630
0.015705
0.015966
0.015843
0.026267
0.021067
0.022297
0.017421
0.016175
0.018039
0.017169
0.027820
0.015252
0.018126
0.025699
0.017294
0.016473
0.019826
0.021219
0.023715
0.018711
0.015486
0.017291
0.016897
0.015460
0.021260
0.018339
0.017648
0.019655
0.016182
0.020115
0.016226
0.015998
0.022625
0.017040
0.016162
0.017162
0.016584
0.017365
0.021428
0.019588
0.020827
0.017201
0.023209
0.016419
0.017404
0.016789
0.018641
0.016923
0.023438
0.015771
0.016188
0.015774
0.017094
0.018065
0.017170
0.017449
0.016283
0.016267
0.027393
0.016497
0.017192
0.021391
0.017419
0.019217
0.018486
0.020117
0.015950
0.016459
0.015308
0.024770
0.016865
0.032356
0.017218
0.016213
0.026307
0.017731
0.017517
0.016151
0.018639
0.016513
0.016296
0.032462
0.029366
0.017567
0.018997
0.016632
0.023873
0.017476
0.016959
0.017414
0.017773
0.016124
0.016024
0.016361
0.015170
0.017516
0.016736
0.016648
0.026330
0.016662
0.015602
0.019298
0.018746
0.016890
0.021805
0.019356
0.015258
0.016545
0.016504
0.017094
0.026447
0.016544
0.016011
0.023839
0.018141
0.015819
0.016804
0.015606
0.014515
0.026308
0.015912
0.016580
0.019698
