0.012554
0.032837
0.032325
0.026803
0.033146
0.030909
0.018445
0.033351
0.030430
0.017350
0.031393
0.024909
0.034103
0.031141
0.017618
0.032911
0.032755
0.029582
0.031007
0.031338
0.030879
0.031581
0.021920
0.031065
0.028425
0.026992
0.018430
0.030886
0.031229
0.025008
0.034772
0.017055
0.015175
0.015334
0.029611
0.031595
0.032702
0.017882
0.030614
0.032373
0.020734
0.031233
0.029979
0.032261
0.031259
0.019064
0.031768
0.030364
0.033054
0.031506
0.033107
0.032216
0.032556
0.032318
0.017834
0.031136
0.031160
0.031390
0.019608
0.019408
0.015496
0.027358
0.030846
0.025084
0.024408
0.031324
0.032308
0.025791
0.031612
0.016599
0.023834
0.032168
0.036241
0.032459
0.023387
0.015789
0.016113
0.033094
0.016104
0.032946
0.032448
0.023067
0.033182
0.036126
0.032951
0.028607
0.025890
0.035484
0.017064
0.017662
0.015474
0.034820
0.032425
0.016695
0.033193
0.016132
0.015919
0.016246
0.030883
0.029070
0.031386
0.033220
0.032888
0.023618
0.033445
0.031138
0.026718
0.031187
0.019602
0.018419
0.015111
0.017420
0.031732
0.023689
0.030142
0.019830
0.018053
0.031017
0.031608
0.032431
0.032189
0.018477
0.032798
0.020054
0.016512
0.032300
0.033409
0.032354
0.019889
0.032877
0.033681
0.025628
0.021729
0.017907
0.027471
0.015100
0.032451
0.033098
0.028844
0.023901
0.033293
0.030996
0.027886
0.033696
0.033280
0.019686
0.015897
0.015286
0.019788
0.031965
0.034375
0.031336
0.030912
0.031176
0.036128
0.032382
0.015922
0.034348
0.019724
0.019032
0.016217
0.018969
0.031684
0.029828
0.018733
0.018630
0.022702
0.032399
0.031574
0.031837
0.031593
0.029860
0.032833
0.031493
0.030764
0.023587
0.019922
0.018916
0.015801
0.016329
0.016969
0.014791
0.017667
0.019946
0.021810
0.019218
0.031689
0.032228
0.018744
0.017687
0.020214
0.018683
0.015100
0.031910
0.032218
0.025028
0.016716
0.018212
0.017139
0.021944
0.015659
0.016882
0.033171
0.024204
0.022171
0.028183
0.019137
0.034376
0.025803
0.026842
0.031467
0.019456
0.035210
0.019219
0.018769
0.017386
0.016995
0.018986
0.016037
0.033479
0.032350
0.032089
0.032303
0.017310
0.017402
0.016796
0.032166
0.019027
0.035799
0.015857
0.033488
0.027788
0.034410
0.032545
0.033445
0.032597
0.032426
0.018785
0.020871
0.016919
0.034264
0.025408
0.028100
0.032044
0.034428
0.020416
0.017752
0.016018
0.026981
0.031423
0.029268
0.033651
0.031645
0.033610
0.024053
0.032259
0.033833
0.033755
0.016344
0.019731
0.032017
0.026225
0.034640
0.029118
0.028075
0.031791
0.032036
0.032982
0.033015
