0.013454
0.033962
0.032916
0.036620
0.034521
0.032907
0.019457
0.034652
0.032364
0.033301
0.032161
0.031595
0.021677
0.031760
0.020145
0.032939
0.032360
0.032332
0.031200
0.031238
0.032216
0.033658
0.031672
0.018146
0.031597
0.032347
0.031536
0.025019
0.032400
0.031785
0.031010
0.033282
0.022885
0.031221
0.022888
0.032225
0.035722
0.027302
0.031743
0.033617
0.032820
0.033231
0.032859
0.032134
0.024863
0.031620
0.031495
0.024775
0.032493
0.032487
0.032820
0.034071
0.032217
0.032460
0.033807
0.033002
0.032795
0.016831
0.033672
0.033103
0.032775
0.032312
0.027984
0.034898
0.030691
0.034504
0.015794
0.016721
0.033150
0.032463
0.022428
0.029604
0.031992
0.031058
0.035603
0.032422
0.030181
0.032250
0.033172
0.032594
0.027532
0.037445
0.034151
0.032430
0.034658
0.031798
0.034118
0.032402
0.032235
0.029914
0.032257
0.025382
0.033182
0.033309
0.034009
0.035979
0.035734
0.028287
0.032820
0.016378
0.031647
0.031125
0.026393
0.031963
0.033914
0.031291
0.035293
0.016810
0.032701
0.031725
0.034185
0.034738
0.017174
0.032662
0.032687
0.032562
0.033375
0.033885
0.034304
0.024973
0.032371
0.028028
0.017116
0.016366
0.016629
0.033509
0.032612
0.024957
0.028538
0.032497
0.035766
0.033147
0.026803
0.031771
0.031281
0.031117
0.033385
0.033252
0.015662
0.017158
0.031765
0.032127
0.033507
0.033236
0.032954
0.026876
0.034001
0.032754
0.033654
0.032432
0.017450
0.035210
0.028169
0.019847
0.016898
0.031925
0.024120
0.036075
0.031840
0.033476
0.018146
0.021298
0.033571
0.033030
0.034094
0.025183
0.031464
0.032872
0.029135
0.031340
0.031237
0.027652
0.027298
0.030412
0.032908
0.031357
0.032264
0.022148
0.033988
0.022721
0.032128
0.033699
0.035424
0.023390
0.034879
0.026209
0.032900
0.031455
0.031134
0.029514
0.018099
0.033381
0.033049
0.032290
0.034228
0.032041
0.032354
0.021131
0.024840
0.030483
0.025932
0.032091
0.029710
0.031179
0.018799
0.032118
0.034759
0.032396
0.032823
0.032336
0.032969
0.033822
0.029776
0.032138
0.033341
0.033677
0.030330
0.032622
0.032817
0.034458
0.032337
0.033900
0.022642
0.020002
0.019477
0.031155
0.032080
0.032060
0.027248
0.032268
0.032225
0.033643
0.018502
0.024578
0.022036
0.021419
0.019006
0.019016
0.019102
0.033688
0.029381
0.031084
0.031157
0.034039
0.032742
0.032560
0.031856
0.032537
0.031315
0.033558
0.031078
0.028902
0.031018
0.031275
0.033283
0.032405
0.031752
0.031403
0.032480
0.035452
0.033128
0.031446
0.030938
0.031775
0.021015
0.017726
0.033640
0.033108
0.024164
0.028241
0.026125
0.031510
0.032211
0.029205
0.034273
0.031808
0.029618
0.033608
0.032291
0.033667
0.032317
0.034290
