0.013237
0.031366
0.032743
0.034181
0.028505
0.030922
0.035921
0.035082
0.033168
0.031733
0.033114
0.035206
0.027493
0.032580
0.032225
0.032741
0.032536
0.035605
0.032875
0.028342
0.030472
0.034194
0.025976
0.031606
0.032485
0.023755
0.031355
0.031836
0.025575
0.033211
0.022254
0.021901
0.033040
0.019075
0.015434
0.020914
0.017050
0.027432
0.017395
0.018466
0.032800
0.033326
0.021142
0.025951
0.034174
0.031445
0.032482
0.019497
0.034342
0.032934
0.031157
0.026031
0.022612
0.033900
0.031276
0.032237
0.033358
0.022031
0.032928
0.031875
0.031305
0.031642
0.031546
0.033299
0.032665
0.032224
0.032784
0.031744
0.033776
0.032450
0.015731
0.016983
0.026625
0.031270
0.019512
0.028602
0.025584
0.031746
0.033828
0.018140
0.018229
0.029546
0.032707
0.023205
0.026705
0.032992
0.027759
0.030166
0.033230
0.032831
0.023773
0.031122
0.032377
0.031750
0.032229
0.031909
0.032579
0.032003
0.031547
0.030277
0.021945
