776,125,165,153
761,126,177,152
750,128,179,153
743,129,192,152
736,127,172,154
731,125,167,158
723,125,167,157
716,126,165,158
710,125,164,160
701,126,162,159
694,127,162,161
691,125,159,163
686,127,159,162
682,125,159,163
676,125,159,164
670,125,157,168
664,127,160,168
657,128,159,168
651,130,157,166
645,131,158,166
639,132,159,167
634,132,158,167
628,133,163,166
626,130,156,168
623,132,154,165
625,130,152,165
623,133,156,168
614,131,161,168
613,135,153,169
612,132,171,175
602,136,176,178
603,138,172,172
593,142,170,172
623,141,226,184
586,80,183,233
585,81,226,237
584,88,236,243
588,87,267,260
582,84,271,268
583,86,267,265
593,92,259,259
588,95,264,259
591,115,259,248
586,129,268,242
588,128,265,252
590,128,259,254
594,135,257,253
595,135,252,249
602,141,253,240
599,150,257,229
602,156,259,234
602,162,262,238
602,162,253,234
609,162,254,234
612,159,243,230
623,154,246,219
623,154,257,239
623,159,263,238
635,160,258,227
641,164,256,226
640,168,263,219
653,162,251,214
657,157,251,234
657,155,262,232
657,150,266,242
656,152,271,240
652,153,276,245
665,153,271,237
674,154,267,239
688,152,252,235
703,159,244,235
717,167,232,225
716,171,241,226
719,162,239,222
713,164,243,231
743,159,215,232
712,160,239,230
729,162,225,228
739,163,217,225
752,164,207,228
763,160,194,209
739,163,213,216
746,169,213,217
770,167,186,198
754,167,198,209
778,158,181,217
773,166,184,205
767,163,192,214
777,157,182,219
762,168,196,209
759,163,198,219
762,168,197,218
766,172,193,217
767,171,192,216
766,170,191,221
778,168,177,219
766,166,190,219
757,168,197,207
789,171,170,170
757,179,202,197
781,177,178,200
756,174,199,216
767,169,188,200
745,182,208,199
731,184,223,205
731,181,225,212
730,179,229,220
708,185,251,211
731,184,226,211
743,186,216,212
751,190,208,213
765,193,184,210
790,199,169,208
791,193,162,220
801,215,150,195
796,232,153,173
822,260,134,147
785,273,167,135
790,278,166,145
796,227,159,209
800,264,125,169
819,257,128,180
844,270,105,162
858,298,97,128
869,245,85,182
874,224,82,199
872,245,83,180
872,275,84,144
867,275,88,146
858,272,96,145
848,274,104,146
830,250,119,166
802,234,146,176
778,219,176,183
753,207,204,202
736,198,220,199
718,191,241,211
705,184,254,218
694,190,260,212
685,193,262,210
675,193,269,208
666,197,263,201
653,193,276,206
640,192,275,207
629,192,249,208
614,193,232,204
594,191,234,202
576,193,238,204
559,189,222,199
543,192,230,201
530,190,226,202
506,192,215,201
494,190,221,203
487,189,219,201
479,189,220,202
471,189,219,198
464,189,216,198
455,187,215,199
445,188,213,196
435,191,211,193
426,189,213,195
419,189,211,195
413,190,209,194
409,192,208,192
405,194,209,190
402,194,209,190
401,197,208,189
399,196,205,192
393,196,207,192
391,198,207,191
389,198,205,190
385,199,208,188
381,200,209,188
376,200,210,187
371,196,207,188
362,199,210,182
354,198,207,184
347,197,206,182
338,200,206,180
329,200,208,181
322,199,210,183
318,199,208,182
312,200,210,183
306,198,212,184
300,197,212,182
292,196,216,178
282,197,209,179
277,196,204,177
274,198,200,177
265,200,197,176
260,198,197,174
253,198,193,175
225,199,211,177
217,197,214,177
211,197,210,180
205,198,211,182
203,197,210,179
199,201,204,178
198,202,199,175
195,201,201,176
194,200,204,176
190,195,215,183
186,197,216,180
182,198,211,179
176,199,209,176
171,200,205,176
163,194,222,174
154,190,225,178
144,188,236,178
136,186,239,177
133,192,220,169
128,193,237,165
126,189,242,170
125,191,237,167
125,195,209,164
125,193,244,165
128,186,250,175
127,186,249,174
129,183,233,180
138,186,244,167
142,182,244,175
147,182,243,172
148,181,241,170
154,182,245,172
159,181,235,172
161,183,241,169
166,180,240,170
169,179,237,168
177,179,237,170
186,179,233,169
193,182,230,164
202,183,233,161
213,180,227,159
221,179,222,155
226,177,222,150
227,178,217,148
226,175,222,147
221,175,226,148
230,174,220,143
254,167,206,149
248,168,212,146
262,166,202,145
255,163,209,143
262,163,204,142
258,162,212,146
259,157,213,151
262,155,208,151
282,156,195,144
305,161,175,138
299,164,188,139
316,165,177,141
317,173,180,136
340,170,171,135
350,172,177,133
355,172,185,131
356,170,191,137
357,168,193,137
367,174,186,132
377,171,180,136
376,161,187,146
380,164,188,145
384,153,188,156
392,146,184,162
382,147,189,159
378,145,190,158
359,148,206,158
362,155,210,149
363,150,209,154
361,147,200,159
356,132,208,169
377,157,202,143
369,138,203,166
408,160,179,142
411,152,176,146
409,163,187,139
422,154,169,145
410,147,188,153
402,145,197,162
412,141,183,160
392,141,200,160
396,134,188,159
381,148,197,142
338,169,197,139
358,166,166,138
357,160,197,144
356,151,175,150
353,164,160,132
344,181,165,122
332,177,175,128
351,173,168,121
352,176,171,123
347,174,184,124
357,167,179,133
361,160,182,139
353,157,181,148
370,150,180,151
358,156,176,148
377,150,188,146
364,157,169,145
366,156,175,141
359,161,165,137
360,163,144,129
352,168,145,127
366,178,135,121
355,172,135,118
362,176,143,116
354,176,139,116
361,176,143,114
356,177,137,115
351,176,145,112
348,178,146,113
351,179,141,112
360,179,141,114
364,178,138,108
367,177,149,104
370,176,140,107
388,172,137,100
395,177,129,104
302,189,175,115
326,187,173,98
370,178,152,102
336,177,172,100
385,177,142,101
375,179,134,101
275,193,106,114
306,198,99,111
328,198,93,110
325,198,92,110
320,201,92,108
316,203,88,108
322,205,82,107
324,204,80,106
331,205,79,104
337,208,78,101
342,201,81,109
349,204,86,105
358,205,87,105
369,207,80,104
378,205,76,104
386,202,77,107
392,203,77,107
396,206,76,107
402,201,76,113
397,206,82,107
404,213,89,105
435,200,84,114
435,201,87,115
444,208,81,102
454,201,76,111
454,204,77,103
454,198,78,111
451,205,84,103
468,208,81,101
475,206,84,103
479,206,80,104
476,208,83,104
487,198,76,113
488,195,78,109
488,195,78,107
492,194,75,105
490,191,77,106
499,184,73,110
498,183,73,107
496,180,71,105
499,176,69,106
515,174,69,105
520,176,69,101
525,176,71,102
536,177,74,106
538,192,86,97
535,194,77,101
521,199,69,98
491,203,67,97
511,203,66,97
518,200,68,98
519,204,69,90
521,203,74,92
524,197,70,100
519,197,72,99
526,186,68,106
540,173,75,108
568,166,74,110
582,165,79,114
600,157,80,125
622,165,81,126
638,173,87,122
644,176,80,128
660,191,82,120
660,191,81,129
668,190,85,132
681,196,87,129
684,208,82,117
707,201,76,125
707,199,77,124
717,189,80,130
724,194,80,124
722,178,80,141
751,191,81,131
752,186,75,138
768,183,76,135
772,178,71,137
779,178,69,134
778,183,69,128
761,179,71,131
757,189,69,120
749,188,67,120
745,188,66,123
744,189,66,118
748,185,70,119
748,194,67,105
760,191,67,107
752,184,68,112
756,186,62,107
746,173,70,120
749,174,67,117
749,170,68,121
750,169,69,122
745,168,73,124
719,166,72,127
707,177,81,122
663,166,75,139
644,172,78,130
636,185,83,116
622,187,77,114
615,181,74,118
604,186,79,110
596,187,79,111
588,188,80,110
571,185,77,112
564,189,76,107
556,184,72,113
541,185,71,109
528,193,75,98
532,191,72,102
525,194,71,99
532,193,69,100
525,198,73,94
534,194,69,99
528,197,73,95
536,195,68,97
534,198,73,92
539,195,72,96
531,191,71,102
537,187,72,104
535,187,73,105
542,191,75,103
546,190,72,106
545,194,72,102
548,194,72,102
539,190,74,106
548,188,70,107
544,196,71,98
548,194,71,101
549,196,72,99
553,191,75,104
556,194,74,100
555,187,75,108
566,189,70,103
542,187,79,104
568,194,71,98
563,189,70,101
564,190,71,99
567,188,70,101
575,186,69,104
587,183,72,107
580,185,70,106
594,183,76,111
602,182,74,116
617,176,78,123
626,178,77,127
657,173,78,134
666,165,77,143
687,176,79,131
691,181,75,128
698,196,75,118
707,206,70,112
705,199,68,121
704,201,70,122
699,206,76,123
698,208,77,122
691,211,79,121
690,216,78,118
686,221,75,111
686,212,72,120
694,206,76,124
702,210,78,118
708,203,76,123
710,223,77,99
714,201,72,118
711,206,70,110
710,195,67,121
711,198,72,128
715,216,70,109
710,206,70,122
713,216,70,112
710,212,66,115
716,208,70,117
713,206,71,118
718,197,72,131
721,203,79,140
717,221,82,129
728,227,80,133
727,226,81,137
733,236,79,126
736,236,76,129
736,236,73,127
734,238,75,124
725,239,75,121
725,249,75,109
720,241,73,117
719,235,74,119
723,224,75,126
725,229,77,121
729,228,75,122
731,234,73,115
726,238,75,114
720,244,77,107
715,240,75,112
710,233,73,119
707,226,73,120
718,224,79,116
728,219,77,119
745,221,75,115
746,219,66,114
752,222,68,109
752,221,66,112
760,221,70,116
765,216,73,121
726,99,121,103
792,219,82,129
815,213,78,135
824,213,76,137
825,216,75,139
822,209,79,150
821,209,82,153
817,204,80,157
815,198,81,158
814,196,82,161
816,200,86,158
819,211,86,149
796,173,108,181
811,203,102,151
812,199,108,174
809,224,119,133
746,208,167,161
613,44,221,142
402,169,150,134
382,190,139,114
242,204,143,94
211,208,220,95
197,198,188,125
172,207,197,125
231,221,145,142
218,200,222,108
206,198,232,117
186,197,229,106
236,207,157,135
217,179,257,117
216,185,218,120
397,171,194,127
235,175,210,126
215,186,203,120
219,184,206,117
230,202,181,105
242,222,143,133
219,223,137,125
197,200,178,104
166,195,189,107
185,191,177,110
199,191,185,121
201,204,170,137
202,175,197,120
209,173,222,121
227,165,262,139
150,155,261,168
207,160,174,179
192,183,200,141
207,193,171,126
188,192,200,115
179,185,211,117
178,173,232,127
187,174,199,138
186,185,179,123
174,184,195,113
173,185,173,113
171,189,191,123
170,191,168,155
148,179,197,116
129,181,201,115
130,181,174,160
74,152,234,136
78,145,212,151
78,157,188,162
68,137,211,134
42,136,223,127
49,137,180,122
46,137,199,125
79,136,168,129
81,128,187,126
37,140,200,108
44,130,198,116
40,133,192,115
22,133,203,115
5,130,194,110
6,123,184,113
4,120,175,116
4,119,177,107
4,115,146,106
10,111,160,115
11,119,168,120
3,124,178,116
26,118,179,125
14,134,174,119
21,139,195,129
0,129,195,135
4,143,184,146
66,139,143,181
5,175,179,130
43,185,160,151
38,150,170,165
21,153,180,144
25,126,197,159
0,148,193,168
14,160,191,152
15,129,182,153
8,125,182,144
11,129,188,133
20,136,183,136
17,143,184,136
18,140,175,135
13,137,185,136
18,119,187,152
17,169,173,146
31,148,177,136
6,162,189,124
60,181,121,149
30,151,214,151
26,164,163,176
6,133,193,161
6,154,189,150
0,161,180,176
9,143,200,146
9,144,214,213
2,137,207,229
14,168,212,186
13,261,148,274
23,169,154,180
15,169,193,130
18,191,186,131
7,182,204,135
10,170,195,144
15,174,182,135
22,175,182,133
4,183,189,126
30,170,174,156
0,167,200,163
42,164,158,179
8,180,176,208
56,221,124,139
31,183,211,141
40,174,173,167
23,203,133,158
23,171,180,138
24,184,201,145
13,183,188,185
0,168,186,193
30,156,212,160
22,166,182,150
15,314,238,234
47,144,227,211
33,156,282,191
0,170,229,167
8,185,208,140
28,201,160,133
20,203,216,120
18,199,215,143
26,206,208,115
25,203,217,115
51,192,215,128
42,192,231,131
58,194,206,137
46,188,222,126
51,181,198,138
60,170,190,139
79,184,168,150
51,187,217,123
63,182,185,131
0,168,105,150
70,196,156,108
100,190,162,118
87,189,171,121
88,180,201,134
91,186,218,138
40,225,175,162
0,192,114,166
61,218,180,113
114,188,174,126
82,191,201,125
95,176,198,143
92,186,206,138
0,320,121,192
93,199,154,158
88,178,218,137
90,177,202,156
137,197,141,173
147,166,150,192
0,315,96,141
1,316,107,126
0,309,98,136
1,313,100,134
0,306,90,133
2,301,81,152
0,300,81,139
0,282,68,139
1,281,82,128
0,280,85,130
0,281,83,130
0,286,86,162
53,161,117,121
96,170,150,100
83,168,137,113
100,144,146,179
24,166,193,154
58,166,222,128
74,174,199,153
30,169,316,126
122,156,157,172
98,161,222,136
0,294,111,146
0,314,124,119
0,281,78,154
13,314,76,131
0,264,73,161
3,272,91,140
20,273,89,133
1,283,128,135
0,272,108,144
17,284,102,140
15,268,100,139
26,268,129,171
10,155,127,184
127,153,193,137
208,158,248,129
165,170,220,124
223,170,205,136
457,174,135,110
507,206,93,77
517,195,78,78
523,180,73,85
533,190,71,79
540,182,63,83
544,189,60,85
548,181,58,87
545,184,56,86
553,187,52,81
548,180,52,82
547,186,51,75
543,187,51,77
524,184,65,79
516,181,66,86
450,172,68,100
451,186,114,91
402,167,122,125
275,207,215,84
287,191,215,111
265,180,231,139
247,187,197,148
264,184,239,135
238,189,218,136
271,191,192,138
252,198,240,120
271,197,225,140
283,190,246,147
318,184,211,140
249,198,225,136
267,185,234,127
120,260,127,161
133,269,105,170
142,275,97,130
90,263,120,145
98,260,114,153
52,236,149,170
1,192,95,190
40,270,143,134
60,269,118,124
82,281,96,131
83,277,97,126
7,248,100,139
3,236,130,138
34,261,154,119
149,117,125,144
286,156,164,112
265,156,242,105
278,143,227,132
294,154,204,122
280,127,237,168
269,151,217,149
421,162,212,108
538,165,158,99
465,156,126,98
482,158,126,94
612,182,89,80
599,156,89,96
489,154,101,94
505,150,89,96
519,151,84,93
530,148,80,96
518,148,74,91
522,150,81,85
427,129,110,113
355,167,193,77
369,148,183,97
376,139,159,108
364,140,172,107
374,141,181,109
370,135,181,114
366,137,182,117
348,141,199,122
340,143,197,119
329,149,201,126
384,120,186,133
358,125,191,124
196,243,123,134
209,245,107,132
196,238,112,132
212,248,106,127
