0.008329
0.034271
0.030650
0.025162
0.030392
0.030253
0.034886
0.020350
0.034754
0.020387
0.031221
0.033415
0.026253
0.016181
0.014864
0.032966
0.031441
0.027892
0.030475
0.016375
0.032037
0.031281
0.016672
0.015026
0.021548
0.019078
0.031278
0.027751
0.024927
0.031014
0.030603
0.031880
0.032660
0.028234
0.031965
0.017465
0.014694
0.033334
0.034220
0.032311
0.031261
0.015435
0.015483
0.032095
0.020689
0.032329
0.032195
0.025427
0.032967
0.032661
0.032612
0.036074
0.019985
0.018944
0.018818
0.015832
0.015510
0.018105
0.017457
0.017003
0.031459
0.023000
0.032340
0.034190
0.031919
0.024025
0.032155
0.021604
0.033896
0.032382
0.022150
0.033031
0.025849
0.016532
0.033260
0.024137
0.032911
0.034050
0.034366
0.033987
0.032133
0.033637
0.031617
0.031873
0.035283
0.031932
0.017421
0.032848
0.033076
0.034715
0.033882
0.035722
0.032654
