0.001253
0.018917
0.031107
0.020621
0.033437
0.032254
0.017046
0.015157
0.018740
0.015551
0.021404
0.016608
0.016278
0.014591
0.015713
0.016105
0.016086
0.017331
0.019548
0.026205
0.032498
0.032308
0.032369
0.024266
0.032171
0.015249
0.015486
0.015382
0.018391
0.018658
0.018662
0.016905
0.014969
0.020834
0.016741
0.014475
0.017229
0.015713
0.018110
0.035058
0.030762
0.017623
0.015290
0.014763
0.032560
0.018666
0.018683
0.017252
0.015028
0.018598
0.016609
0.018928
0.015624
0.016764
0.017154
0.018256
0.014853
0.017739
0.019755
0.014828
0.014686
0.016011
0.014938
0.015190
0.015581
0.031719
0.029206
0.031142
0.031273
0.031440
0.032112
0.023296
0.030926
0.031400
0.030630
0.031913
0.031188
0.016175
0.031896
0.028728
0.016931
0.016413
0.014920
0.014857
0.022836
0.032475
0.031085
0.029526
0.030950
0.026889
0.033032
0.030263
0.029635
0.027484
0.031902
0.030325
0.024009
0.031605
0.023221
0.032495
0.031135
0.016296
0.030627
0.030955
0.032749
0.028287
0.031976
0.027492
0.022515
0.033344
0.032012
0.029075
0.030153
0.017945
0.014361
0.033220
0.021949
0.032941
0.032190
0.032076
0.030511
0.031866
0.032954
0.031391
0.033733
0.019203
0.031064
0.032546
0.031765
0.017601
0.014807
0.016234
0.021962
0.031463
0.023688
0.032501
0.030342
0.031762
0.019778
0.014519
0.019175
0.016370
0.015659
0.015940
0.018428
0.031019
0.032683
0.029413
0.032417
0.032527
0.030914
0.023345
0.031385
0.019333
0.017202
0.015199
0.033297
0.032741
0.031705
0.032233
0.030291
0.032147
0.032189
0.031049
0.033839
0.032167
0.032272
0.016527
0.018202
0.020468
0.017473
0.031713
0.022311
0.031701
0.032261
0.020865
0.023747
0.033492
0.032925
0.017680
0.033001
0.031093
0.031356
0.031734
0.031474
0.015785
0.015471
0.031212
0.031938
0.016880
0.033780
0.029112
0.021769
0.031726
0.031831
0.031098
0.020542
0.016769
0.028085
0.031230
0.032218
0.015891
0.031435
0.031341
0.030609
0.032727
0.032267
0.026354
0.030786
0.018570
0.017381
0.029668
0.030847
0.030646
0.025748
0.033444
0.024055
0.031180
0.018876
0.014730
0.015654
0.016730
0.031435
0.031476
0.030788
0.031282
0.032698
0.033273
0.019011
0.019513
0.018146
0.015179
0.033038
0.032988
0.033327
0.022229
0.030648
0.028021
0.025109
0.030122
0.032157
0.031435
0.028476
0.031786
0.024587
0.029754
0.035119
0.019726
0.027166
0.024909
0.030479
0.015595
0.033772
0.028060
0.032865
0.033749
0.028684
0.032964
0.026400
0.031418
0.015646
0.035973
0.031360
0.031783
0.029038
0.030317
0.032265
0.020740
0.014801
0.018881
0.017978
0.032910
0.031815
0.032406
0.028174
0.024870
0.032257
0.026374
0.030632
0.016023
0.015426
0.018945
0.032063
0.025221
0.030771
