0.037423
0.080162
0.091192
0.098027
0.040305
0.027471
0.019406
0.021997
0.018712
0.016329
0.016870
0.032260
0.034799
0.017422
0.021842
0.019974
0.021398
0.019643
0.034904
0.035858
0.029798
0.031809
0.033856
0.032788
0.032577
0.019423
0.034323
0.036256
0.033415
0.018822
0.018561
0.017089
0.018047
0.017836
0.017869
0.016922
0.027194
0.019973
0.020312
0.030447
0.024414
0.017256
0.031282
0.016327
0.019678
0.016914
0.018860
0.017241
0.017824
0.018655
0.016932
0.017491
0.016459
0.016153
0.020943
0.015980
0.025578
0.019022
0.020483
0.019502
0.020006
0.017855
0.019018
0.016889
0.017837
0.017562
0.033320
0.031246
0.034796
0.035758
0.024307
0.029283
0.033899
0.029901
0.017000
0.019352
0.019878
0.022944
0.017487
0.018145
0.031581
0.046466
0.038328
0.029965
0.033175
0.017549
0.023519
0.034389
0.024521
0.018374
0.031614
0.026940
0.035068
0.041603
0.031334
0.034389
0.033991
0.031183
0.032615
0.022953
0.023547
0.031858
0.043031
0.044138
0.028504
0.033612
0.033037
0.045614
0.037615
0.018800
0.018497
0.032009
0.032769
0.021106
0.031799
0.020830
0.015639
0.016216
0.016034
0.018337
0.019758
0.018118
0.016286
0.030180
0.029789
0.032571
0.021818
0.030907
0.035535
0.035371
0.019140
0.017332
0.016053
0.017138
0.016928
0.022156
0.024329
0.017007
0.032694
0.032134
0.017477
0.033817
0.033208
0.018244
0.020144
0.016943
0.020444
0.026970
0.019980
0.037871
0.055506
0.075933
0.029411
0.020287
0.021077
0.018351
0.047484
0.042565
0.017695
0.018229
0.036093
0.028306
0.037559
0.023181
0.020544
0.017006
0.020350
0.017790
0.019788
0.017824
0.034862
0.027062
0.027097
0.033480
0.030978
0.031553
0.018269
0.020296
0.018501
0.016080
0.016057
0.018033
0.020192
0.019289
0.016700
0.017421
0.016563
0.017622
0.021754
0.019199
0.015982
0.019203
0.032025
0.016534
0.018299
0.015891
0.033069
0.032729
0.033870
0.033591
0.032025
0.030868
0.020804
0.020305
0.019541
0.030011
0.017105
0.017272
0.015945
0.016838
0.020474
0.034436
0.029841
0.038110
0.033304
0.020039
0.019105
0.021566
0.025438
0.016010
0.032669
0.022058
0.035499
0.033573
0.037187
0.035208
0.035191
0.027041
0.032026
0.028228
0.047594
0.042161
0.032098
0.018813
0.019473
0.016501
0.017910
0.019304
0.032973
0.034119
0.032829
0.032000
0.031615
0.017088
0.017163
0.016309
0.016539
0.016895
0.017268
0.017127
0.016591
0.020182
0.033065
0.032987
0.028776
0.032344
0.029221
0.029688
0.031862
0.026379
0.033096
0.038871
0.034646
0.017681
0.018643
0.016842
0.020133
0.017607
0.018402
0.022184
0.034488
0.034313
0.023363
0.036207
0.037158
0.028126
0.028907
0.030913
0.035062
0.016502
0.041055
0.022692
0.032185
0.022875
0.018104
0.019123
0.038113
0.031019
0.016788
0.020530
0.019595
0.016756
0.016864
0.017178
0.016126
0.035572
0.031974
0.036530
0.032377
0.032536
0.033813
0.032149
0.016217
0.017094
0.018070
0.016466
0.016779
0.018029
0.017015
0.023824
0.017874
0.017978
0.034189
0.031448
0.031031
0.032432
0.022819
0.033777
0.019304
0.017066
0.022541
0.020059
0.016914
0.016141
0.019168
0.016915
0.019258
0.016029
0.018739
0.032694
0.040164
0.035628
0.032597
0.036296
0.042202
0.031808
0.032874
0.016384
0.033484
0.016586
0.016346
0.019075
0.033902
0.036452
0.046668
0.020638
0.020580
0.017850
0.026423
0.036537
0.031331
0.028047
0.036747
0.036397
0.034710
0.022764
0.033379
0.026594
0.039496
0.024722
0.033623
0.046790
0.045082
0.029101
0.021593
0.016795
0.019014
0.016568
0.030001
0.017831
0.019213
0.018037
0.031596
0.018034
0.027545
0.032825
0.017292
0.032440
0.031219
0.031770
0.033059
0.040111
0.029226
0.035533
0.032894
0.016940
0.017613
0.021220
0.017020
0.016204
0.034041
0.033316
0.032844
0.035953
0.033704
0.019798
0.017020
0.018382
0.033788
0.024733
0.030902
0.050101
0.034165
0.034868
0.025309
0.017496
0.016601
0.021048
0.033745
0.017919
0.032701
0.033030
0.019747
0.016953
0.017205
0.017263
0.017427
0.036310
0.034865
0.018263
0.040319
0.025294
0.028949
0.035212
0.031991
0.026130
0.019364
0.016358
0.017043
0.017280
0.020983
0.021240
0.031131
0.019756
0.018451
0.018928
0.016532
0.022255
0.017598
0.036406
0.026531
0.020710
0.026904
0.033483
0.017882
0.018442
0.018042
0.020009
0.020340
0.031569
0.036072
0.031423
0.034456
0.036062
0.023757
0.020358
0.021025
0.032213
0.019598
0.021172
0.019840
0.017508
0.033424
0.033327
0.031056
0.021272
0.016883
0.024857
0.021255
0.020640
0.015962
0.018463
0.040752
0.031411
0.035149
0.033957
0.029505
0.017298
0.016041
0.033681
0.019125
0.016173
0.018461
0.031320
0.018243
0.032805
0.029621
0.031642
0.035305
0.017896
0.015583
0.029616
0.016032
0.033424
0.034134
0.029049
0.018438
0.019736
0.017920
0.017388
0.023988
0.015770
0.033997
0.032656
0.032654
0.032791
0.030525
0.033210
0.031390
0.017776
0.027780
0.032293
0.032853
0.031348
0.032483
0.017064
0.015576
0.016927
0.021152
0.018259
0.019752
0.016571
0.035943
0.033203
0.030704
0.031382
0.034112
0.016059
0.017573
0.016191
0.016608
0.015651
0.017404
0.017497
0.017390
0.026440
0.017149
0.016108
0.018502
0.017113
0.033629
0.030661
0.032315
0.028655
0.031317
0.033489
0.032763
0.029243
0.032595
0.031907
0.031645
0.018276
0.019280
0.017763
0.025199
0.045732
0.043260
0.032474
0.020818
0.019522
0.020091
0.018164
0.019404
0.016548
0.015227
0.019710
0.035282
0.021353
0.017246
0.017463
0.018997
0.017383
0.034448
0.015386
0.019045
0.034168
0.033058
0.032778
0.034910
0.032201
0.034119
0.017854
0.017831
0.022004
0.033278
0.029026
0.020609
0.018628
0.016149
0.018560
0.015925
0.015623
0.016064
0.015890
0.023240
0.018924
0.020157
0.020062
0.018829
0.032240
0.023985
0.030937
0.034351
0.033177
0.015606
0.022803
0.021101
0.018553
0.019897
0.016871
0.018708
0.021480
0.023017
0.015821
0.015731
0.037350
0.034170
0.035498
0.032510
0.039395
0.034503
0.044245
0.024931
0.017911
0.018937
0.021392
0.019965
0.017864
0.027007
0.032131
0.033456
0.020022
0.015117
0.019647
0.014520
0.015119
0.018298
0.023351
0.018865
0.016231
0.018810
0.020035
0.019807
0.016933
0.033935
0.034392
0.021874
0.017268
0.017220
0.020051
0.029388
0.043681
0.042599
0.028612
0.015596
0.020360
0.015532
0.032904
0.026591
0.019136
0.019561
0.018164
0.017500
0.020318
0.014754
0.019424
0.021050
0.016621
0.032741
0.033824
0.029647
0.032083
0.033670
0.019359
0.021235
0.024293
0.017823
0.016467
0.016316
0.035416
0.031976
0.029081
0.032933
0.032905
0.031432
0.027931
0.032813
0.014439
0.021352
0.036619
0.032417
0.030624
0.019490
0.020146
0.021404
0.017350
0.025184
0.037646
0.020926
0.017952
0.016860
0.019436
0.015846
0.018261
0.017415
0.020331
0.019188
0.017233
0.019482
0.020674
0.016319
0.016556
0.016526
0.032954
0.034864
0.016646
0.031491
0.025584
0.018525
0.017555
0.019677
0.018283
0.016499
0.022661
0.025854
0.016676
0.021552
0.032268
0.032639
0.025787
0.015648
0.017840
0.031622
0.016454
0.019219
0.026181
0.020196
0.022973
0.018830
0.016695
0.029589
0.031135
0.016405
0.031645
0.031853
0.025912
0.043954
0.030424
0.026648
0.022865
0.017309
0.019656
0.019219
0.015687
0.019182
0.015758
0.018413
0.016847
0.018988
0.026820
0.025302
0.031797
0.018427
0.033555
0.031784
0.033341
0.033118
0.032924
0.021569
0.021875
0.020421
0.035761
0.017848
0.016279
0.019561
0.018432
0.018234
0.033859
0.032419
0.032523
0.017704
0.016553
0.016926
0.034112
0.036805
0.017693
0.018169
0.016449
0.020724
0.019602
0.019978
0.017586
0.017928
0.016350
0.016329
0.032339
0.033875
0.021535
0.021383
0.033005
0.032644
0.019552
0.018889
0.018314
0.015795
0.017758
0.018348
0.019158
0.015002
0.016108
0.034171
0.045827
0.033811
0.031020
0.029717
0.019384
0.017794
0.017531
0.018270
0.021643
0.016422
0.015628
0.026934
0.024546
0.017248
0.020651
0.018900
0.017155
0.020411
0.015235
0.015334
0.016772
0.035116
0.031836
0.034369
0.025132
0.031643
0.031788
0.019665
0.023782
0.018943
0.016621
0.019576
0.017566
0.022294
0.036788
0.018480
0.034144
0.031880
0.032579
0.031854
