0.010627
0.035069
0.025582
0.032939
0.034529
0.029798
0.018123
0.033995
0.034483
0.035210
0.032436
0.032850
0.035761
0.020251
0.032056
0.034462
0.028997
0.034395
0.033972
0.028851
0.028054
0.038713
0.019011
0.028499
0.033929
0.035430
0.035021
0.035025
0.017328
0.035353
0.029543
0.031561
0.033339
0.034439
0.029569
0.026622
0.033459
0.026641
0.024704
0.034337
0.034359
0.033745
0.017260
0.033325
0.031076
0.034130
0.019596
0.018019
0.032427
0.033744
0.025842
0.025613
0.027307
0.033176
0.025767
0.032000
0.019189
0.025634
0.034021
0.034322
0.032567
0.029412
0.033170
0.033412
0.031897
0.032070
0.033412
0.034428
0.026849
0.021047
0.034777
0.027585
0.035161
0.035996
0.033388
0.026548
0.026760
0.033671
0.033648
0.017102
0.021656
0.018216
0.037382
0.034518
0.033592
0.033635
0.032797
0.034118
0.032424
0.032240
0.034740
0.033067
0.029353
0.019176
0.018737
0.031787
0.031325
0.034005
0.023653
0.027138
0.032782
0.030328
0.023619
0.017600
0.037084
0.034080
0.033651
0.029934
0.033942
0.033997
0.018420
0.016818
0.032766
0.024390
0.027984
0.034397
0.033560
0.032833
0.037157
0.032344
0.032651
0.032313
0.031590
0.018783
0.033252
0.028575
0.033410
0.032426
0.032100
0.033522
0.030351
0.028682
0.034500
0.027691
0.029305
0.033533
0.027680
0.018004
0.032971
0.033726
0.029125
0.033049
0.028134
0.032714
0.031368
0.026851
0.033829
0.033144
0.035933
0.034810
0.017815
0.032830
0.032730
0.026492
0.030776
0.032848
0.025615
0.033550
0.031244
0.034845
0.032208
0.032699
0.024729
0.034061
0.018952
0.034047
0.033293
0.031847
0.032130
0.033859
0.033554
0.033714
0.033158
0.023717
0.026455
0.032548
0.033735
0.028451
0.028645
0.031624
0.018715
0.033787
0.035634
0.034575
0.033148
0.032706
0.021311
0.033597
0.033692
0.034460
0.023658
0.033720
0.017227
0.026628
0.033105
0.034121
0.035881
0.021289
0.017001
0.018602
0.033304
0.030432
0.032526
0.025037
0.016761
0.033594
0.034463
0.032612
0.036120
0.029526
0.025824
0.016615
0.021036
0.033767
0.028223
0.034309
0.034063
0.033857
0.016531
0.021616
0.033238
0.033798
0.022070
0.030343
0.028826
0.031924
0.032008
0.032928
0.034508
0.032712
0.033881
0.030020
0.031265
0.033194
0.016863
0.035284
0.030445
0.029313
0.025562
0.017919
0.016650
0.031598
0.033301
0.035777
0.031884
0.032128
0.030800
0.033595
0.036601
0.036489
0.032988
0.028854
0.032013
0.033106
0.031579
0.019099
0.017065
0.015952
0.018185
0.015993
0.035821
0.029302
0.032560
0.033139
0.017809
0.032187
0.031058
0.034140
0.028022
0.033834
0.015997
0.034296
0.025983
0.031676
0.033819
0.033089
0.032988
0.019876
0.035487
0.033126
0.019671
0.016219
0.032320
0.032413
0.034686
0.031277
0.032678
0.035413
0.032678
0.016676
0.021709
0.018689
0.033169
0.030397
0.029360
0.035254
0.033296
0.024197
0.027899
0.033375
0.032688
0.031847
0.021500
0.032667
0.027152
0.016373
0.019911
0.032699
0.032406
0.023825
0.031579
0.026715
0.032179
0.033404
0.032125
0.033003
0.033020
0.032649
0.016928
0.032836
0.032398
0.032219
0.031990
0.033107
0.037036
0.033771
0.028910
0.031851
0.018570
0.029958
0.017059
0.034799
0.021635
0.022664
0.025364
0.033283
0.033618
0.032712
0.034105
0.032101
0.035028
0.032996
0.016363
0.020230
0.033107
0.031254
0.033039
0.030030
0.032556
0.033773
0.034302
0.033939
0.021885
0.032959
0.032577
0.033493
0.026619
0.020574
0.032901
0.032671
0.033145
0.033761
0.025072
0.032419
0.032966
0.032809
0.030840
0.024383
0.016903
0.036180
0.033129
0.033113
0.033160
0.018982
0.021892
0.029095
0.034935
0.030541
0.034515
0.031112
0.028259
0.033498
0.033732
0.027550
0.023552
0.017130
0.033096
0.025582
0.033197
0.028592
0.033331
0.031522
0.033831
0.029740
0.032010
0.032605
0.032735
0.033159
0.033779
0.017039
0.035242
0.030607
0.030209
0.034048
0.033242
0.032317
0.033168
0.032428
0.017105
0.033259
0.027118
0.032413
0.033692
0.035225
0.033499
0.032534
0.020236
0.018662
0.018372
0.019096
0.016770
0.017474
0.033400
0.032056
0.033159
0.032920
0.032290
0.032256
0.034596
0.023056
0.021508
0.032353
0.032664
0.032231
0.031807
0.028680
0.025155
0.032579
0.022158
0.032428
0.032269
0.020590
0.036005
0.033791
0.027128
0.033271
0.033288
0.032930
0.033046
0.018031
0.033979
0.031949
0.034061
0.016524
0.031940
0.034133
0.034088
0.034314
0.032829
0.020815
0.033467
0.022245
0.033348
0.033646
0.022845
0.033223
0.031930
0.030998
0.035211
0.031321
0.018502
0.034493
0.027764
0.032800
0.033681
0.033579
0.034146
0.029885
0.032073
0.028295
0.032741
0.034410
0.016870
0.020168
0.033437
0.033108
0.018449
0.024026
0.032208
0.017558
0.033719
0.036137
0.033615
0.032131
0.019643
0.034494
0.026085
0.016436
0.034364
0.033057
0.024563
0.033161
0.032675
0.033912
0.032538
0.026464
0.032656
0.033533
0.025083
0.027436
0.033217
0.031511
0.022494
0.031352
0.028258
0.032727
0.033975
0.033492
0.032603
0.033401
0.025759
0.033561
0.019471
0.020194
0.033844
0.031909
0.029387
0.035519
0.033262
0.034531
0.033070
0.035672
0.018387
0.018571
0.035540
0.034464
0.032964
0.027092
0.028592
0.034569
0.033660
0.033786
0.031869
0.026710
0.036079
0.034261
0.032294
0.032682
0.033484
0.017547
0.032618
0.019074
0.035541
0.038172
0.029130
0.016899
0.032447
0.032538
0.032830
0.033581
0.030872
0.019572
0.032631
0.035773
0.032955
0.035980
0.032317
0.032300
0.033497
0.016716
0.033275
0.033754
0.031121
0.032850
0.033496
0.034766
0.033768
0.032902
0.034353
0.032892
0.033020
0.023363
0.033822
0.033470
0.034137
0.033671
0.033416
0.019632
0.031955
0.033182
0.034109
0.036648
0.034522
0.033623
0.028857
0.027168
0.034228
0.034499
0.033307
0.033621
0.034917
0.023208
0.035747
0.021303
0.023986
0.033259
0.032449
0.033598
0.024940
0.034892
0.033083
0.016740
0.031629
0.033463
0.034297
0.032523
0.018687
0.021694
0.020624
0.029265
0.026176
0.025968
0.035082
0.033569
0.034707
0.033712
0.029677
0.035948
0.019419
0.035886
0.031082
0.034690
0.020984
0.026074
0.025774
0.032838
0.033592
0.027238
0.032959
0.033247
0.032344
0.037406
0.032809
0.032989
0.021154
0.034094
0.019939
0.035011
0.032748
0.033777
0.036354
0.030886
0.033274
0.035020
0.034168
0.027582
0.033252
0.033151
0.032660
0.031122
0.032187
0.034123
0.032536
0.032527
0.034483
0.026017
0.019458
0.032719
0.033177
0.035100
0.027951
0.033419
0.033068
0.033273
0.033871
0.027177
0.033447
0.034363
0.032444
0.029189
0.034629
0.032495
0.026273
0.028625
0.033316
0.035720
0.032286
0.035277
0.033855
0.033286
0.020073
0.025451
0.035723
0.032166
0.033672
0.033683
0.032675
0.033736
0.016393
0.033341
0.027579
0.029087
0.033041
0.031943
0.036462
0.030074
0.018935
0.033909
0.019607
0.016690
0.034979
0.018689
0.024465
0.024919
0.033130
0.033168
0.032882
0.033255
0.019915
0.030213
0.032781
0.035689
0.032788
0.019597
0.034838
0.028923
0.034029
0.033215
0.034132
0.032171
0.034311
0.024450
0.018459
0.032524
0.029387
0.032398
0.023152
0.023869
0.020679
0.028020
0.027567
0.034076
0.031076
0.033930
0.019622
0.034882
0.034198
0.033476
0.026714
0.033411
0.032941
0.031947
0.032564
0.035342
0.033293
0.020278
0.031516
0.032757
0.032863
0.034895
0.027923
0.023956
0.032306
0.016513
0.032921
0.021155
0.021853
0.023621
0.025970
0.032854
0.037037
0.033624
0.033103
0.035488
0.032595
0.031355
0.034078
0.018806
0.033420
0.032791
0.033376
0.033700
0.033594
0.030973
0.033632
0.032556
0.028655
0.036753
0.017294
0.023661
0.016585
0.035292
0.032046
0.016836
0.020082
0.031547
0.021764
0.033163
0.019344
0.035705
0.032942
0.032853
0.027125
0.023363
0.028542
0.027748
0.036072
0.015860
0.018482
0.036074
0.035101
0.033384
0.033722
0.032946
0.033540
0.021708
0.031824
0.018953
0.017731
0.033978
0.034007
0.028217
0.034495
0.032259
0.021329
0.033709
0.018077
0.032033
0.027686
0.034495
0.024378
0.031074
0.028228
0.017465
0.032994
0.034285
0.033325
0.033529
0.018981
0.027957
0.030001
0.033849
0.029207
0.034423
0.032113
0.017168
0.015856
0.032316
0.031673
0.033897
0.035173
0.024109
0.029901
0.033112
0.016402
0.033565
0.033703
0.019964
0.017641
0.027166
0.034302
0.035731
0.026702
0.033587
0.031859
0.017314
0.032920
0.025895
0.030287
0.026762
0.019914
0.019099
0.032537
0.021700
0.025682
0.026985
0.033961
0.020305
0.021989
0.034811
0.031713
0.029075
0.032092
0.027328
0.034470
0.033569
0.028423
0.033263
0.032026
0.032253
0.032834
0.025300
0.034075
0.025726
0.032754
0.034001
0.031819
0.034396
0.034152
0.035216
0.032519
0.032003
0.027764
0.033392
0.024606
0.025003
0.023666
0.036085
0.023278
0.033881
0.035149
0.033560
0.029438
0.034033
0.018044
0.017752
0.034400
0.031462
0.032674
0.019934
0.028090
0.027543
0.035397
0.017486
0.033880
0.033844
0.033615
0.025860
0.031768
0.034741
0.033400
0.033935
0.019440
0.017012
0.031948
0.031472
0.031640
0.035921
0.033414
0.034163
0.024691
0.032458
0.032781
0.027922
0.034027
0.032991
0.033006
0.032487
0.032229
0.033925
0.031758
0.019264
0.034750
0.032631
0.020865
0.032799
0.032901
0.016340
0.031878
0.037560
0.021872
0.033799
0.034175
0.033909
0.032427
0.033097
0.033608
0.033095
0.033689
0.032814
0.032821
0.033803
0.035397
0.033027
0.034573
0.021789
0.032102
0.018088
0.019220
0.022103
0.018767
0.020303
0.033748
0.035264
0.034240
0.034127
0.035494
0.033565
0.032408
0.033583
0.037750
0.019186
0.018587
0.033984
0.033946
0.032109
0.032891
0.032570
0.033765
0.032122
0.027746
0.034341
0.034723
0.032969
0.020051
0.032666
0.033519
0.033260
0.027058
0.034340
0.033606
0.035298
0.033861
0.021215
0.033954
0.029131
0.033129
0.030417
0.022967
0.019719
0.018015
0.035323
0.031836
0.032600
0.033221
0.031723
0.034667
0.033298
0.017799
0.034849
0.036505
0.017549
0.029970
0.034683
0.017739
0.019285
0.033162
0.033456
0.033277
0.034603
0.035164
0.034343
0.022651
0.032431
0.027307
0.033211
0.035646
0.033949
0.036547
0.023883
0.037946
0.033389
0.028516
0.038170
0.034600
0.034737
0.019193
0.018567
0.025479
0.024010
0.033406
0.033487
0.025606
0.024880
0.033108
0.034030
0.031872
0.029317
0.032912
0.034832
0.034039
0.026772
0.032879
0.028043
0.018297
0.032926
0.029272
0.034899
0.031966
0.033992
0.022171
0.033767
0.034997
0.018500
0.020972
0.033840
0.035608
0.034414
0.034204
0.035745
0.035222
0.035264
0.032352
0.019393
0.033994
0.033690
0.018328
0.033154
0.033463
0.033372
0.032950
0.033214
0.027298
0.033049
0.032062
0.032905
0.033848
0.033520
0.021587
0.027600
0.032672
0.033767
0.032106
0.023333
0.036379
0.035668
0.017313
0.028021
0.022386
0.028328
0.034427
0.034020
0.019211
0.032235
0.034641
0.034407
0.033691
0.035875
0.031992
0.032374
0.015829
0.017211
0.035483
0.033396
0.035519
0.033292
0.032889
0.028006
0.032667
0.028553
0.023157
0.018014
0.016987
0.016594
0.033896
0.019261
0.033463
0.027736
0.034354
0.035060
0.030038
0.035276
0.018149
0.031816
0.033589
0.032483
0.018764
0.021286
0.033619
0.033386
0.022644
0.033417
0.019587
0.028306
0.035761
0.034405
0.034505
0.033834
0.032544
0.033463
0.032578
0.024632
0.035146
0.033166
0.033641
0.033649
0.034536
0.031634
0.032075
0.024843
0.020176
0.035394
0.027282
0.022343
0.032974
0.033135
0.033651
0.032256
0.032857
0.033541
0.023968
0.032122
0.035812
0.032642
0.033635
0.025466
0.029949
0.018616
0.032427
0.019842
0.034534
0.033283
0.029897
0.034684
0.032862
0.036635
0.016268
0.033053
0.016444
0.020760
0.035675
0.032621
0.033606
0.033638
0.018494
0.017428
0.016641
0.016411
0.019518
0.033941
0.017747
0.032790
0.034031
0.028555
0.034204
0.031476
0.020000
0.034703
0.032304
0.034233
0.032763
0.031133
0.033834
0.033582
0.033211
0.023239
0.032758
0.033074
0.028912
0.032379
0.031624
0.034716
0.017288
0.033567
0.027991
0.016933
0.028894
0.028722
0.032873
0.032311
0.026422
0.033374
0.025819
0.022935
0.025448
0.034384
0.029218
0.033069
0.034482
0.022489
0.036387
0.018708
0.019030
0.033741
0.024028
0.027619
0.033057
0.017600
0.035562
0.021010
0.031895
0.036012
0.016339
0.034571
0.034873
0.022239
0.016418
0.031921
0.021039
0.018643
0.025237
0.031091
0.033094
0.035047
0.032962
0.020872
0.033474
0.033236
0.020710
0.034547
0.033908
0.035416
0.026519
0.034483
0.019971
0.023165
0.033308
0.025253
0.033104
0.018545
0.036450
0.032563
0.022278
0.023210
0.032521
0.020572
0.034184
0.032692
0.034161
0.031643
0.028180
0.021889
0.033578
0.031774
0.016877
0.032532
0.033668
0.025447
0.033253
0.030601
0.017575
0.018934
0.025517
0.034457
0.025083
0.025675
0.033519
0.033848
0.033674
0.017161
0.017642
0.028896
0.035194
0.033446
0.029621
0.026492
0.032986
0.033834
0.036668
0.034030
0.025330
0.034283
0.033534
0.033025
0.033207
0.033519
0.032529
0.031419
0.016823
0.016945
0.033815
0.032429
0.033458
0.025936
0.033087
0.036086
0.034554
0.030858
0.033230
0.033510
0.018312
0.033630
0.035064
0.034082
0.034274
0.030314
0.033615
0.035574
0.034285
0.024410
0.032920
0.028387
0.031933
0.029371
0.016607
0.033988
0.018446
0.032257
0.020125
0.022198
0.017334
0.033278
0.020480
0.020787
0.035061
0.018729
0.035573
0.033614
0.033628
0.019817
0.034414
0.033547
0.025674
0.034502
0.017642
0.027542
0.034232
0.020007
0.035769
0.032852
0.034416
0.032895
0.027311
0.017859
0.019385
0.034749
0.033208
0.024242
0.020220
0.019558
0.020074
0.033512
0.017447
0.016799
0.019835
0.017497
0.026768
0.028998
0.023224
0.033695
0.016726
0.016618
0.019676
0.017627
0.033260
0.029057
0.032668
0.035187
0.032726
0.033128
0.029171
0.032618
0.033674
0.016621
0.033069
0.033701
