0.012190
0.018679
0.016463
0.023352
0.052487
0.047096
0.020910
0.020229
0.078126
0.023276
0.021378
0.019208
0.024848
0.067876
0.077209
0.022472
0.023579
0.066751
0.019453
0.027051
0.018910
0.019460
0.033864
0.058148
0.061028
0.030607
0.086147
0.026676
0.053712
0.066678
0.021618
0.019730
0.028708
0.037963
0.033379
0.024475
0.059247
0.070249
0.027873
0.023475
0.018860
0.017859
0.067132
0.034296
0.027231
0.065046
0.045617
0.018264
0.026908
0.022204
0.017947
0.027089
0.061718
0.031467
0.018724
0.021960
0.061692
0.017110
0.015409
0.025194
0.027281
0.027229
0.041769
0.048492
0.098639
0.021801
0.021552
0.018200
0.018617
0.064772
0.019408
0.035341
0.019063
0.041661
0.044362
0.020224
0.020446
0.024342
0.021217
0.022222
0.047038
0.089019
0.025352
0.018958
0.017968
0.039386
0.039466
0.020852
0.024941
0.033554
0.047545
0.053129
0.022882
0.023668
0.033629
0.026568
0.071279
0.061929
0.020060
0.087811
0.023248
0.019639
0.025082
0.087746
0.026156
0.054705
0.020926
0.018323
0.035641
0.026658
0.021368
0.020807
0.023481
0.034981
0.060647
0.059082
0.020922
0.022318
0.025100
0.069813
0.037787
0.029983
0.077243
0.030990
0.017218
0.016054
0.021016
0.021911
0.051573
0.033787
0.029517
0.072299
0.068207
0.032837
0.016874
0.017348
0.018848
0.020363
0.071901
0.022838
0.024356
0.032494
0.022895
0.081762
0.021244
0.021209
0.019287
0.018189
0.017694
0.020260
0.023131
0.025069
0.039900
0.028872
0.018239
0.057257
0.046502
0.023246
0.024137
0.028733
0.023234
0.028526
0.019441
0.020111
0.064675
0.042931
0.040892
0.021080
0.049945
0.025377
0.025164
0.032604
0.043634
0.029008
0.080720
0.033385
0.060171
0.026165
0.016387
0.023188
0.021515
0.058311
0.093352
0.024978
0.020765
0.054208
0.028370
0.018492
0.020949
0.020366
0.020456
0.050282
0.020150
0.022281
0.047091
0.058621
0.042332
0.032089
0.018619
0.028133
0.046976
0.026902
0.052818
0.055317
0.063313
0.020066
0.017500
0.020168
0.068086
0.037235
0.017141
0.041475
0.021111
0.087972
0.016848
0.017149
0.018914
0.021484
0.064053
0.042165
0.033619
0.020763
0.063526
0.068802
0.025000
0.020838
0.019253
0.021985
0.028998
0.058613
0.025146
0.043897
0.064908
0.020123
0.022942
0.019198
0.021299
0.081016
0.023562
0.050489
0.072348
0.047732
0.024100
0.017869
0.017857
0.021230
0.071235
0.017387
0.033614
0.016809
0.072087
0.054955
0.025513
0.020700
0.037675
0.033395
0.023326
0.023575
0.054001
0.053929
0.067462
0.026360
0.017099
0.021963
0.020052
0.064880
0.019383
0.036820
0.027431
0.046263
0.016675
0.042453
0.018306
0.028018
0.072437
0.034611
0.019853
0.090436
0.048714
0.023521
0.024358
0.023927
0.019449
0.027296
0.038686
0.039227
0.030099
0.062507
0.063015
0.022246
0.018936
0.017584
0.018911
0.017469
0.044611
0.030352
0.033688
0.081947
0.070304
0.016549
0.021342
0.019520
0.027333
0.056266
0.030004
0.032120
0.027933
0.028658
0.021201
0.052724
0.022603
0.016767
0.017909
