0.013343
0.020683
0.024551
0.034885
0.041406
0.020560
0.015929
0.023173
0.033401
0.032036
0.018232
0.056322
0.026605
0.068860
0.024397
0.018880
0.024923
0.024743
0.019072
0.054358
0.021158
0.042404
0.078355
0.020150
0.020735
0.019315
0.018436
0.030284
0.065080
0.033350
0.018085
0.024857
0.059710
0.078244
0.022174
0.017104
0.018030
0.048312
0.044122
0.024837
0.034613
0.069207
0.062874
0.024645
0.020781
0.020549
0.020927
0.023853
0.053062
0.032303
0.018677
0.068269
0.077795
0.018635
0.026785
0.017845
0.021291
0.050913
0.031142
0.033670
0.079575
0.033204
0.023491
0.020416
0.022305
0.030341
0.044050
0.032507
0.030217
0.081129
0.049973
0.020168
0.021809
0.024655
0.020062
0.028662
0.071295
0.019315
0.062771
0.021389
0.051149
0.046062
0.026430
0.033709
0.020832
0.066868
0.071963
0.028875
0.021763
0.028518
0.028084
0.020475
0.026210
0.018035
0.058216
0.070652
0.028709
0.018423
0.021814
0.072412
0.024405
0.024062
0.049434
0.062220
0.019666
0.017117
0.023440
0.065297
0.030030
0.018057
0.040281
0.093876
0.032203
0.022211
0.028153
0.022393
0.068254
0.025976
0.025601
0.032533
0.021533
0.064546
0.037756
0.019521
0.019929
0.019178
0.057155
0.020375
0.021171
0.020885
0.021745
0.038278
0.076272
0.023328
0.023659
0.022414
0.017663
0.058042
0.023463
0.024405
0.031946
0.020540
0.078586
0.038529
0.018461
0.020167
0.019805
0.017910
0.068712
0.018713
0.020941
0.032213
0.023109
0.075888
0.029050
0.021802
0.018191
0.019785
0.015189
0.017412
0.039924
0.048583
0.034380
0.019048
0.057377
0.029951
0.049363
0.029546
0.021272
0.020460
0.018233
0.021321
0.048949
0.017506
0.029010
0.019501
0.035056
0.083079
0.027435
0.018998
0.016011
0.015601
0.016505
0.021567
0.019293
0.067382
0.022761
0.032945
0.020558
0.080731
0.041176
0.025481
0.021191
0.017848
0.022589
0.039073
0.053455
0.037658
0.029392
0.083311
0.030528
0.022477
0.022691
0.018121
0.017410
0.024164
0.054086
0.030079
0.034390
0.017640
0.057887
0.017861
0.026423
0.063545
0.018465
0.018640
0.019018
0.021883
0.055812
0.019303
0.026281
0.043704
0.049855
0.020412
0.031831
0.028641
0.018672
0.061471
0.030123
0.019209
0.028904
0.024446
0.033094
0.050862
0.080358
0.021412
0.019839
0.027944
0.030214
0.022863
0.018183
0.020807
0.033283
0.074752
0.036356
0.021235
0.021834
0.023602
0.044195
0.022435
0.027371
0.032954
0.022923
0.048414
0.028489
0.020837
0.019271
0.019677
0.025748
0.022761
0.024998
0.049820
0.019759
0.051779
0.065986
0.029875
0.016434
0.016282
0.019008
0.026664
0.063071
0.028363
0.035693
0.031591
0.074723
0.025331
0.020881
0.016961
0.020212
0.028749
0.035552
0.024369
0.017330
0.032071
0.038252
0.072363
0.025060
0.018402
0.016570
0.025052
0.065894
0.028404
0.016729
0.018757
0.027710
0.068322
0.034652
0.024884
0.038969
0.054658
0.019118
0.015719
0.015515
0.020235
0.021718
0.046075
0.027173
0.023042
0.020667
0.022871
0.032396
0.061988
0.029612
0.025390
0.020982
0.016564
0.015503
0.017644
0.067311
0.035905
0.024817
0.074493
0.019345
0.020464
0.020340
0.014921
0.016683
0.016431
0.029958
0.050871
0.035051
0.027708
0.053646
0.044790
0.031049
0.017087
0.026401
0.069838
0.019256
0.019572
0.021511
0.033057
0.032075
0.055173
0.040587
0.017960
0.015798
0.015645
0.024386
0.061429
0.024073
0.026344
0.020719
0.034111
0.050384
0.051918
0.018992
0.020653
0.033640
0.024612
0.016622
0.021070
0.024067
0.021104
0.042647
0.051689
0.022708
0.066490
0.075407
0.026565
0.024642
0.019682
0.020266
0.029700
0.017429
0.022176
0.029908
0.034356
0.017867
0.015629
0.015944
0.016325
0.018847
0.026290
0.028408
0.020244
0.019708
0.018587
0.017005
0.019903
0.062705
0.047985
0.020019
0.018096
0.021140
0.047652
0.032868
0.024941
0.038285
0.083769
0.025921
0.025007
0.031888
0.019607
0.055022
0.032391
0.029309
0.024400
0.062886
0.031066
0.018471
0.017299
0.022045
0.026251
0.023196
0.062554
0.024544
0.023067
0.032689
0.025813
0.062486
0.017383
0.016263
0.021399
0.016061
0.026171
0.078914
0.043896
0.022138
0.020245
0.033604
0.029650
0.019114
0.018121
0.015555
0.017103
0.023214
0.030893
0.062778
0.027315
0.016488
0.041078
0.054901
0.055961
0.018867
0.018190
0.035060
0.015314
0.038984
0.040250
0.028478
0.036303
0.019589
0.048995
0.079046
0.017874
0.015857
0.022118
0.061007
0.034046
0.025002
0.024751
0.049888
0.053300
0.021036
0.016197
0.016118
0.028206
0.017441
0.068427
0.021690
0.035149
0.032970
0.020377
0.047491
0.049364
0.025471
0.029317
0.019028
0.021786
0.029630
0.038735
0.033257
0.053420
0.021866
0.035656
0.024938
0.019021
0.023652
0.025124
0.071380
0.020571
0.069683
0.021078
0.019354
0.024874
0.070200
0.041657
0.020739
0.031908
0.074827
0.056415
0.018603
0.019900
0.019981
0.015707
0.046558
0.037940
0.019293
0.023172
0.031066
0.051893
0.050457
0.017788
0.024279
0.019561
0.061384
0.032157
0.035464
0.017246
0.037295
0.062346
0.029901
0.020122
0.016729
0.033034
0.020263
0.067157
0.022684
0.017923
0.033265
0.058844
0.064858
0.021044
0.019533
0.017944
0.020333
0.016445
0.020618
0.045147
0.032628
0.021322
0.039366
0.040336
0.018055
0.019868
0.015688
0.015721
0.055897
0.043212
0.027606
0.061201
0.057752
0.023176
0.021474
0.020709
0.018167
0.025385
0.047434
0.024050
0.038047
0.021358
0.045979
0.053105
0.019778
0.018354
0.018830
0.023778
0.070695
0.017943
0.025115
0.028248
0.020792
0.055126
0.020480
0.016924
0.016644
0.016285
0.028711
0.015117
0.042602
0.046176
0.020338
0.046291
0.051005
0.046209
0.018249
0.022043
0.021967
0.018959
0.027902
0.054343
0.023752
0.081092
0.043232
0.019064
0.019381
0.018342
0.017011
0.018329
0.025568
0.033658
0.018142
0.024884
0.032367
0.016591
0.041359
0.056423
0.022124
0.026450
0.023131
0.017530
0.026352
0.022129
0.067017
0.032703
0.018870
0.048558
0.030370
0.061854
0.017672
0.024395
0.018957
0.022252
0.046907
0.023116
0.033487
0.023478
0.045846
0.082865
0.025249
0.019686
0.016193
0.020246
0.025669
0.056428
0.036060
0.023101
0.062870
0.025605
0.047045
0.017352
0.017133
0.017629
0.019829
0.025550
0.020111
0.028682
0.041871
0.020193
0.059851
0.050117
0.043087
0.022569
0.024544
0.018963
0.020945
0.026608
0.076324
