0.036550
0.048370
0.035741
0.022320
0.039176
0.019175
0.017569
0.023343
0.018934
0.037705
0.059988
0.066592
0.024625
0.015891
0.062042
0.020485
0.027302
0.020416
0.023543
0.016964
0.042349
0.049302
0.048219
0.027548
0.021929
0.070765
0.018756
0.017779
0.019798
0.022312
0.020148
0.034779
0.071510
0.019753
0.061401
0.077659
0.032618
0.018262
0.019012
0.016804
0.016668
0.022517
0.023028
0.049739
0.021032
0.031121
0.025355
0.056702
0.062330
0.034415
0.021396
0.021387
0.022198
0.055408
0.025294
0.031871
0.025152
0.034466
0.023587
0.019426
0.018336
0.033267
0.024773
0.023175
0.056085
0.033847
0.031585
0.057192
0.071256
0.020321
0.027352
0.047038
0.032374
0.032481
0.022324
0.034149
0.022044
0.027584
0.036259
0.016028
0.017289
0.018016
0.018082
0.018857
0.027607
0.026472
0.027392
0.016652
0.031951
0.024578
0.016819
0.064078
0.042207
0.023765
0.022015
0.022412
0.017210
0.024329
0.084992
0.030855
0.018137
0.022590
0.029566
0.047040
0.042938
0.021832
0.018992
0.023333
0.022296
0.044598
0.029007
0.058599
0.037633
0.019495
0.018920
0.030629
0.048256
0.029813
0.022365
0.025151
0.030674
0.053060
0.070526
0.027204
0.027784
0.017796
0.019630
0.033941
0.026802
0.032298
0.026867
0.023076
0.089325
0.039950
0.029762
0.021043
0.024016
0.019895
0.049846
0.021976
0.027486
0.019128
0.018832
0.032372
0.093831
0.036815
0.016719
0.016281
0.018216
0.016678
0.027559
0.044486
0.018329
0.031220
0.030904
0.021393
0.076639
0.028201
0.019909
0.017034
0.017638
0.042434
0.024043
0.017780
0.035679
0.032338
0.021273
0.069996
0.026487
0.020070
0.024938
0.070755
0.021002
0.023343
0.019963
0.085730
0.037678
0.032059
0.017961
0.053402
0.037468
0.028495
0.026440
0.017638
0.022826
0.019564
0.061255
0.064528
0.018373
0.020603
0.036469
0.056077
0.021441
0.024968
0.026064
0.032151
0.024951
0.070637
0.046320
0.023157
0.026120
0.046330
0.049347
0.018409
0.027700
0.021521
0.073428
0.083206
0.035000
0.044914
0.022175
0.068786
0.023067
0.021971
0.017814
0.032526
0.032277
0.081806
0.021997
0.019461
0.021309
0.059211
0.020057
0.024818
0.038193
0.018677
0.021512
0.078429
0.038381
0.019977
0.018601
0.019043
0.018013
0.021588
0.019943
0.066203
0.023315
0.068135
0.025676
0.029224
0.046143
0.021178
0.032330
0.060587
0.019843
0.021852
0.027665
0.060986
0.019809
0.022331
0.067001
0.075418
0.018861
0.019534
0.017930
0.019032
0.046404
0.026592
0.035274
0.020785
0.048555
0.067603
0.021263
0.017681
0.018560
0.017311
0.017198
0.020600
0.071639
0.019943
0.021941
0.019425
0.022616
0.036317
0.037511
0.061492
0.018654
0.020151
0.016909
0.017130
