0.001750
0.022656
0.023555
0.018369
0.032697
0.073761
0.034663
0.021085
0.025612
0.049378
0.021439
0.026499
0.032674
0.030978
0.092243
0.069376
0.025842
0.061408
0.030985
0.025986
0.032140
0.022557
0.073368
0.035665
0.019113
0.068379
0.065322
0.020147
0.020691
0.019836
0.020760
0.023342
0.040245
0.036616
0.021556
0.063417
0.066874
0.022970
0.020102
0.018570
0.017615
0.027479
0.050982
0.032043
0.021165
0.052872
0.051668
0.029993
0.018441
0.022175
0.017797
0.044564
0.020105
0.027292
0.018036
0.032884
0.024909
0.054472
0.018576
0.018121
0.017666
0.020779
0.029848
0.026448
0.031842
0.021386
0.019059
0.070572
0.064361
0.042760
0.018068
0.030263
0.058560
0.028459
0.025465
0.035552
0.026321
0.072487
0.069440
0.028857
0.029063
0.034016
0.070334
0.024737
0.020868
0.033114
0.027059
0.059908
0.021482
0.019946
0.022090
0.020299
0.022038
0.062033
0.035689
0.028002
0.051747
0.029047
0.040699
0.019053
0.016737
0.028302
0.050628
0.019477
0.089589
0.026681
0.021953
0.017734
0.019766
0.063426
0.032281
0.023225
0.032129
0.075986
0.021620
0.020427
0.018698
0.020577
0.066722
0.018846
0.021917
0.024597
0.036319
0.072635
0.024501
0.020606
0.015960
0.021459
0.024269
0.070559
0.033731
0.018921
0.020119
0.073117
0.032594
0.017505
0.020399
0.018369
0.017687
0.027433
0.044329
0.027257
0.027522
0.024365
0.032954
0.019875
0.020249
0.070175
0.036078
0.017807
0.021147
0.017289
0.022109
0.024558
0.055350
0.020043
0.044410
0.033984
0.055006
0.030984
0.017616
0.017828
0.030921
0.029291
0.031482
0.025269
0.029087
0.041864
0.040393
0.017677
0.016109
0.018966
0.016442
0.028420
0.074203
0.029354
0.050643
0.055253
0.023961
0.020347
0.016968
0.019682
0.018433
0.083456
0.024148
0.024878
0.033803
0.083677
0.021191
0.021384
0.016145
0.020834
0.017570
0.022089
0.065879
0.019530
0.023606
0.032025
0.022059
0.049965
0.060956
0.018716
0.016591
0.019857
0.018752
0.048991
0.025891
0.021911
0.017139
0.047937
0.032653
0.020712
0.017570
0.066238
0.021270
0.018753
0.027346
0.036091
0.086834
0.026272
0.027830
0.018288
0.018098
0.053084
0.035553
