0.002412
0.020544
0.018798
0.026231
0.057650
0.038230
0.019446
0.063306
0.051584
0.020925
0.019894
0.022078
0.016834
0.025277
0.029926
0.027843
0.044913
0.085604
0.038827
0.038214
0.059396
0.025127
0.019208
0.022228
0.023998
0.074761
0.020859
0.057816
0.023880
0.020538
0.049216
0.025090
0.019299
0.018299
0.030260
0.067869
0.032409
0.022850
0.022238
0.061946
0.062466
0.019151
0.018777
0.019405
0.017429
0.067334
0.034618
0.067052
0.033551
0.067076
0.019370
0.018540
0.019067
0.023411
0.025803
0.062137
0.029224
0.032338
0.017119
0.049836
0.053494
0.019875
0.016621
0.018877
0.019398
0.046791
0.047011
0.030514
0.025784
0.075810
0.042815
0.025112
0.017649
0.016957
0.015612
