0.006831
0.024352
0.028117
0.029498
0.030165
0.039400
0.021145
0.022764
0.066079
0.020628
0.025882
0.022613
0.032076
0.021414
0.064736
0.068295
0.020185
0.025292
0.022644
0.026191
0.016932
0.024961
0.033280
0.020330
0.053977
0.036560
0.018494
0.016135
0.030624
0.049588
0.034063
0.030468
0.032260
0.031535
0.050570
0.019186
0.024789
0.018315
0.041861
0.071854
0.029611
0.098448
0.067681
0.018431
0.017971
0.022218
0.017826
0.040451
0.033252
0.031706
0.033284
0.019411
0.075484
0.040489
0.018756
0.017684
0.017887
0.070138
0.026910
0.034696
0.017494
0.044359
0.043339
0.018499
0.016667
0.018914
0.018295
0.019048
0.025588
0.056424
0.032079
0.021331
0.053827
0.030471
0.050051
0.026439
0.018276
0.022998
0.018248
0.028555
0.042661
0.031671
0.030446
0.065175
0.067762
0.030512
0.018787
0.025131
0.018322
0.030544
0.063319
0.032636
0.019783
0.042086
0.068369
0.020319
0.020070
0.026922
0.049063
0.020275
0.022060
0.023658
0.031778
0.020353
0.019154
0.045141
0.053547
0.019876
0.030066
0.019491
0.031030
0.052441
0.027805
0.057312
0.081740
0.027915
0.022981
0.023024
0.018643
0.044928
0.051318
0.032050
0.022007
0.028824
0.035304
0.033932
0.025163
0.018548
0.023776
0.024161
0.029273
0.021868
0.019150
0.033164
0.022813
0.049664
0.043631
0.042235
0.027453
0.025225
0.016297
0.027067
0.039036
0.034594
0.029653
0.060705
0.056091
0.024409
0.020085
0.022647
0.022475
0.020752
0.070251
0.022504
0.033049
0.016835
0.086663
0.042498
0.017953
0.018353
0.016975
0.016961
0.018308
0.052325
0.019875
0.032270
0.025213
0.028355
0.064939
0.022397
0.015645
0.016702
0.020050
0.059808
0.034069
