0.009206
0.020415
0.022098
0.034729
0.052217
0.034626
0.022788
0.049290
0.066762
0.021377
0.018147
0.027108
0.077497
0.040822
0.030622
0.057845
0.045288
0.048842
0.020161
0.023240
0.019651
0.017495
0.023254
0.059298
0.035837
0.018819
0.048072
0.033449
0.021786
0.068478
0.017653
0.016750
0.025113
0.044569
0.054857
0.021448
0.061652
0.020371
0.053923
0.034520
0.027894
0.027360
0.023458
0.024148
0.060027
0.072836
0.018829
0.018551
0.018981
0.074628
0.029858
0.030778
0.034731
0.022715
0.050995
0.046313
0.021798
0.055010
0.021614
0.019480
0.036876
0.053020
0.027332
0.033319
0.020059
0.070415
0.059472
0.022543
0.022311
0.028178
0.016185
0.025416
0.029865
0.039885
0.032830
0.015997
0.038042
0.051415
0.031222
0.058674
0.022007
0.018985
0.043443
0.042547
0.037369
0.035138
0.018797
0.041527
0.017862
0.019129
0.035297
0.024940
0.022386
0.019263
0.017154
0.035108
0.067597
0.075774
0.024697
0.052943
0.022398
0.018658
0.018159
0.024675
0.024957
0.020211
0.039744
0.056975
0.024419
0.032098
0.053859
0.022023
0.017097
0.016613
0.022003
0.032218
0.033732
0.021816
0.035333
0.047240
0.026273
0.037334
0.023445
0.019572
0.017191
0.037631
0.040817
0.035237
0.019435
0.066421
0.047053
0.028611
0.023182
0.019560
0.026252
0.051444
0.025262
0.033730
0.018052
0.035504
0.045687
0.041774
0.019979
0.017624
0.017050
0.016748
0.059253
0.026643
0.037231
0.030131
0.072330
0.020750
0.018453
0.016176
0.019909
0.052559
0.030934
0.031068
0.020004
0.031408
0.070064
0.073232
0.030665
0.018716
0.021632
0.022195
0.038733
0.031703
0.035110
0.026113
0.045039
0.048589
0.033900
0.021224
0.020198
0.015945
0.016353
0.022288
0.024702
0.069251
0.017987
0.043462
0.032687
0.034908
0.024758
0.016441
0.020355
0.019818
0.018676
0.020161
0.046751
0.066485
0.018762
0.077049
0.061965
0.030921
0.016010
0.018647
0.017287
0.015563
0.068439
0.045872
0.074822
0.035456
0.062953
0.025821
0.032068
0.020210
0.019017
0.027285
0.040304
0.034782
0.032012
0.017614
0.020504
0.041640
0.063149
0.022005
0.025042
0.017613
0.024261
0.049834
0.038460
0.018331
0.039439
0.051554
0.036099
0.041929
0.021389
0.017324
0.020886
0.015295
0.020526
0.038219
0.080154
0.034389
0.017977
0.022655
0.017082
0.070645
0.026290
0.025585
0.032056
0.057949
0.023296
0.029800
0.022663
0.019370
0.019321
0.063595
0.019511
0.026016
0.052160
0.066700
0.020785
0.018847
0.016903
0.034724
0.060808
0.018722
0.028715
0.023118
0.044457
0.062534
0.020699
0.016737
0.016901
0.020156
0.041289
0.030365
0.021076
0.019255
0.020769
0.032713
0.056824
0.044083
0.022482
0.022374
0.017345
0.026611
0.054612
0.037482
0.022922
0.043190
0.070950
0.019489
0.018325
0.016518
0.016580
0.017137
0.014855
0.018594
0.042171
0.030569
0.034996
0.018565
0.053473
0.019405
0.018107
0.019999
0.019432
0.028438
0.024162
0.051904
0.035050
0.024168
0.060281
0.063293
0.024717
0.020007
0.017837
0.025978
0.067386
0.031612
0.021512
0.095857
0.026581
0.022198
0.022727
0.021170
0.021666
0.028821
0.039443
0.020826
0.026962
0.033340
0.020365
0.062248
0.021837
0.017464
0.015927
0.022740
0.022180
