0.008031
0.022117
0.027520
0.064339
0.085041
0.035732
0.069082
0.036782
0.023423
0.019786
0.021541
0.017263
0.062086
0.032568
0.024095
0.029712
0.042094
0.027269
0.016886
0.018614
0.019747
0.017421
0.025126
0.052378
0.042449
0.018828
0.073712
0.018028
0.018731
0.022123
0.078788
0.024085
0.034289
0.067635
0.030608
0.023273
0.020303
0.026281
0.032391
0.073051
0.035478
0.020336
0.021380
0.022065
0.038554
0.028272
0.035849
0.023952
0.027873
0.087403
0.063386
0.033451
0.029599
0.063143
0.024061
0.028772
0.031456
0.022349
0.062912
0.019321
0.018826
0.019564
0.026398
0.020343
0.052237
0.021541
0.079961
0.023026
0.058044
0.019247
0.020887
0.021650
0.089415
0.043911
0.041555
0.018816
0.017188
0.038643
0.038906
0.023301
0.036266
0.030641
0.025838
0.063896
0.043373
0.035750
0.019675
0.020548
0.016525
0.022608
0.045891
0.032399
0.028464
0.051829
0.020081
0.042994
0.023845
0.025681
0.017968
0.026500
0.034044
0.058762
0.018950
0.074518
0.023896
0.028563
0.056844
0.019167
0.020433
0.022766
0.032037
0.063832
0.073481
0.020424
0.020350
0.050931
0.033291
0.021761
0.018147
0.025609
0.024214
0.020013
0.023339
0.077054
0.061071
0.035867
0.023184
0.053945
0.046692
0.023008
0.025180
0.043969
0.071095
0.049079
0.031430
0.020057
0.034639
0.053124
0.024594
0.033199
0.019440
0.069367
0.070551
0.023837
0.023388
0.063789
0.018566
0.017430
0.019805
0.028490
0.023035
0.026347
0.044293
0.030318
0.017265
0.056674
0.051873
0.022523
0.017531
0.016523
0.017149
0.019192
0.020583
0.052626
0.026463
0.033566
0.017185
0.018890
0.055620
0.039428
0.017499
0.029198
0.020541
0.057706
0.021995
0.026884
0.031943
0.091732
0.028707
0.028198
0.015857
0.016361
0.016225
0.018111
0.021356
0.035185
0.017891
0.037323
0.068672
0.033075
0.025747
0.026502
0.026899
0.021129
0.053600
0.029808
0.022141
0.033861
0.026110
0.023904
0.082642
0.020951
0.016382
0.016087
0.021132
0.017450
0.017328
0.021819
0.051720
0.024396
0.022389
0.031863
0.094925
0.019333
0.021061
0.018109
0.020895
0.066731
0.028085
0.020720
0.034461
0.025935
0.049743
0.024184
0.028765
0.016103
0.017316
0.020583
0.044484
0.017713
0.017710
0.024209
0.018904
0.018790
0.032360
0.027427
0.063902
0.019766
0.016317
0.028172
0.016246
0.016688
0.025905
0.049510
0.018452
0.025254
0.032606
0.041171
0.058609
0.019538
0.016756
0.016524
0.016590
0.019303
0.020688
0.051777
0.036171
0.019816
0.059492
0.071590
0.020930
0.020209
0.017987
0.068660
0.028422
0.034285
0.032475
0.059671
0.059274
0.017674
0.022873
0.016847
0.019555
0.024374
0.029160
0.033049
0.021201
0.018350
0.068886
0.073557
0.026728
0.017537
0.020786
0.015594
0.017407
0.047315
0.057666
0.020548
0.031780
0.021533
0.038010
0.067452
0.027948
0.024159
0.019150
0.027519
0.022543
0.055164
0.019557
0.017969
0.032954
0.025869
0.030363
0.019152
0.019278
0.020298
0.040147
0.047052
0.034556
0.018636
0.059766
0.049603
0.031246
0.019823
0.018804
0.060343
0.021900
0.036555
0.017014
0.033079
0.029641
0.045673
0.027833
0.018398
0.031077
0.019598
0.052327
0.042293
0.020483
0.033565
0.021006
0.071811
0.048222
