0.010710
0.025222
0.037204
0.018884
0.025962
0.060758
0.045550
0.021519
0.021086
0.023905
0.039478
0.053337
0.020199
0.060652
0.081673
0.021170
0.018958
0.018669
0.019557
0.056367
0.037711
0.032499
0.071516
0.079768
0.024919
0.019720
0.019936
0.017680
0.016559
0.023261
0.032983
0.073338
0.023612
0.046842
0.074427
0.022137
0.020409
0.018862
0.019778
0.024864
0.062040
0.020899
0.055773
0.046516
0.020373
0.022992
0.019281
0.018080
0.018486
0.028706
0.057990
0.026246
0.065673
0.029299
0.020854
0.043799
0.020194
0.022392
0.023607
0.021033
0.056404
0.068194
0.020987
0.017780
0.022112
0.026572
0.019454
0.050792
0.019090
0.028795
0.032018
0.020847
0.059635
0.026474
0.019294
0.023598
0.022886
0.026683
0.063274
0.023055
0.061923
0.034216
0.030940
0.022799
0.022738
0.022633
0.021391
0.032218
0.030681
0.034062
0.027954
0.042091
0.052356
0.019470
0.019487
0.017476
0.020774
0.022150
0.037699
0.028724
0.057380
0.057689
0.018248
0.028968
0.019979
0.035963
0.027709
0.033806
0.019731
0.046651
0.036291
0.036652
0.041889
0.017323
0.016500
0.023847
0.024419
0.059843
0.032943
0.017959
0.075235
0.028301
0.021120
0.025814
0.018313
0.040455
0.023300
0.022353
0.021884
0.030972
0.062675
0.058451
0.022863
0.016897
0.024103
0.064604
0.023943
0.033034
0.019256
0.034114
0.025422
0.053196
0.026781
0.017472
0.019132
0.017476
0.019540
0.026748
0.061142
0.030073
0.017181
0.047583
0.025201
0.056077
0.019153
0.019228
0.026739
0.039098
0.050854
0.028135
0.025406
0.075517
0.028595
0.021416
0.019258
0.019637
0.045559
0.053355
0.027758
0.024121
0.025411
0.065356
0.044845
0.037500
0.018812
0.017415
0.025468
0.037432
0.018992
0.018317
0.024542
0.057877
0.030890
0.019507
0.067309
0.073246
0.020653
0.020890
0.019937
0.026016
0.041251
0.034694
0.018446
0.052041
0.040382
0.046639
0.019711
0.019191
0.016709
0.020880
0.076683
0.030371
0.045740
0.056772
0.030010
0.020167
0.023820
0.064071
0.030531
0.027853
0.032480
0.023601
0.067287
0.042427
0.025669
0.019201
0.020205
0.020422
0.024245
0.032272
0.036258
0.022216
0.031687
0.021925
0.062571
0.026201
0.017016
0.017398
0.019098
0.020481
0.016681
0.031545
0.029009
0.020551
0.022285
0.034228
0.024272
0.043873
0.018730
0.019962
0.015865
0.027176
0.019554
0.017150
0.020274
0.048763
0.048816
0.036543
0.028187
0.048416
0.044144
0.020375
0.021331
0.022347
0.023666
0.044513
0.028280
0.022961
0.064312
0.019679
0.065768
0.020324
0.029289
0.022108
0.022223
0.024871
0.059222
0.028574
0.062478
0.052542
0.048375
0.017569
0.019296
0.019513
0.017773
0.025074
0.069633
0.032941
0.020009
0.070266
0.052056
0.019923
0.017948
0.020070
0.046076
0.046954
0.037966
0.023624
0.078234
0.039326
0.020139
0.019184
0.018903
0.018886
0.049700
0.026638
0.029560
0.031270
0.084237
