0.002239
0.028030
0.022591
0.019277
0.019565
0.026569
0.050682
0.035276
0.017944
0.066434
0.034940
0.026985
0.016635
0.018956
0.022031
0.029566
0.020358
0.016734
0.035220
0.036787
0.031605
0.021854
0.035676
0.032770
0.030650
0.027637
0.034805
0.034606
0.019347
0.018422
0.022299
0.018249
0.029039
0.067572
0.035079
0.022141
0.055355
0.047618
0.022972
0.019399
0.017294
0.017506
0.017939
0.017005
0.030885
0.034972
0.054355
0.049952
0.057207
0.020468
0.016745
0.028728
0.072305
0.017625
0.018212
0.032959
0.025692
0.070860
0.046227
0.021637
0.017638
0.019210
0.021303
0.051375
0.034855
0.031170
0.016442
0.051517
0.027805
0.019972
0.019027
0.020851
0.024830
0.029385
0.017176
0.022964
0.020069
0.018922
0.034396
0.038672
0.064204
0.025728
0.048756
0.020338
0.022985
0.038398
0.050814
0.033400
0.034912
0.023114
0.037490
0.044099
0.025426
0.073601
0.020714
0.049119
0.046336
0.042511
0.018780
0.026869
0.063951
0.020263
0.031941
0.036069
0.067428
0.021389
0.019557
0.019944
0.020042
0.027653
0.022696
0.020914
0.017738
0.031766
0.029602
0.066221
0.040916
0.016852
0.015745
0.018965
0.055283
0.023837
0.018833
0.021106
0.031321
0.027057
0.051568
0.043120
0.026537
0.018670
0.019113
0.082136
0.024467
0.026717
0.020793
0.033483
0.031676
0.043275
0.028092
0.017643
0.016179
0.016007
0.036647
0.017331
0.019695
0.032885
0.026892
0.081403
0.057182
0.027936
0.018239
0.022176
0.020664
0.058434
0.032973
0.018670
0.039084
0.074056
0.026891
0.027139
0.020115
0.025438
0.045548
0.025900
0.036531
0.022624
0.083633
0.072800
0.018525
0.019928
0.020796
0.022302
0.026547
0.052892
0.058907
0.018572
0.021986
0.023145
0.047838
0.019593
0.032649
0.024011
0.075082
0.021550
0.018145
0.018490
0.023607
0.056727
0.051116
0.036340
0.018288
0.043411
0.045329
0.051832
0.040800
0.017652
0.024757
0.019803
0.033815
0.060349
0.023674
0.024004
0.053410
0.016877
0.015615
0.016451
0.055554
0.019792
0.022804
0.032624
0.026226
0.019466
0.020989
0.018581
0.017521
0.017365
0.030435
0.054190
0.032814
0.028939
0.019564
0.033451
0.071433
0.024037
0.019167
0.020141
0.055896
0.046500
0.017914
0.018141
0.022456
0.032155
0.038379
0.072739
0.020235
0.031661
0.072526
0.019233
0.021350
0.020962
0.026046
0.033306
0.088346
0.023054
0.019693
0.021338
0.017578
0.023714
0.022377
0.033292
0.045870
0.055856
0.034039
0.020728
0.053401
0.020682
0.019329
0.022852
0.024073
0.042984
0.034754
