0.018490
0.024017
0.060368
0.020132
0.023519
0.064196
0.020288
0.035725
0.029806
0.068128
0.023779
0.024909
0.018667
0.025768
0.021341
0.022284
0.051331
0.020980
0.070852
0.029461
0.068093
0.020025
0.026961
0.019689
0.028461
0.044953
0.033190
0.025242
0.077076
0.077365
0.028040
0.019796
0.019854
0.019627
0.029774
0.048877
0.028339
0.033471
0.021887
0.078393
0.022478
0.020820
0.027159
0.028110
0.022327
0.031878
0.024813
0.020916
0.031860
0.026469
0.106416
0.033201
0.019333
0.015565
0.016846
0.023080
0.069491
0.021793
0.019480
0.022194
0.032198
0.058741
0.046302
0.020352
0.020519
0.021754
0.027521
0.018761
0.028951
0.071873
0.018547
0.059736
0.021804
0.067721
0.023350
0.016083
0.016303
0.024537
0.016222
0.024683
0.027712
0.048754
0.016800
0.065835
0.022494
0.049559
0.021496
0.017057
0.019260
