0.001261
0.026369
0.043007
0.077049
0.024896
0.050309
0.035071
0.025648
0.080778
0.058195
0.021266
0.018249
0.018271
0.066494
0.019327
0.033274
0.032572
0.090252
0.031449
0.018480
0.019736
0.018173
0.026947
0.039909
0.023104
0.031724
0.022825
0.067246
0.073471
0.018437
0.020432
0.018364
0.022188
0.068008
0.034895
0.018911
0.055314
0.072518
0.020064
0.018463
0.031623
0.020067
0.031747
0.022418
0.047822
0.032703
0.018294
0.078017
0.058090
0.042541
0.022884
0.027115
0.019299
0.023854
0.067948
0.029046
0.037178
0.084386
0.022011
0.024424
0.016338
0.017122
0.017381
0.024161
0.047309
0.027461
0.021465
0.039306
0.059779
0.044012
0.054562
0.072725
0.049383
0.026433
0.021178
0.045542
0.040517
0.032862
0.020733
0.068625
0.069322
0.024823
0.021215
0.017849
0.018853
0.061224
0.045509
0.032947
0.024916
0.060818
0.035061
0.020200
0.018954
0.051324
0.046175
0.021866
0.020990
0.037106
0.056510
0.040886
0.057685
0.056154
0.020016
0.017567
0.019064
0.032676
0.046047
0.019569
0.035655
0.023573
0.053612
0.038758
0.020216
0.021484
0.018832
0.020417
0.031681
0.033922
0.023789
0.031250
0.059840
0.049145
0.029396
0.049371
0.049102
0.018590
0.018253
0.022289
0.024159
0.022961
0.068703
0.070242
0.024359
0.071432
0.020008
0.018671
0.025853
0.018098
0.018872
0.063701
0.027623
0.076170
0.088828
0.045349
0.070850
0.021829
0.029970
0.037916
0.033314
0.019224
0.086861
0.022636
0.022923
0.016422
0.017475
0.019755
0.048426
0.028199
0.024652
0.030086
0.065835
0.071819
0.031683
0.028038
0.022635
0.023545
0.067383
0.028667
0.040055
0.034831
0.046666
0.040466
0.018773
0.018363
0.023940
0.059013
0.035471
0.018490
0.059690
0.025013
0.017351
0.015790
0.018614
0.018347
0.026307
0.043039
0.031577
0.024208
0.036592
0.028612
0.047747
0.023738
0.019387
0.019545
0.058461
0.023643
0.033087
0.020322
0.051512
0.046471
0.018167
0.018572
0.023515
0.021879
0.042371
0.052005
0.033354
0.039090
0.052537
0.063610
0.020765
0.019568
0.017796
0.025924
0.018936
0.030134
0.045787
0.025054
0.017923
0.049610
0.079424
0.021626
0.032995
0.019903
0.029357
0.035103
0.066439
0.016961
0.025748
0.071820
0.047126
0.021329
0.018012
0.018288
0.015263
0.024077
0.046944
0.027738
0.019351
0.027912
0.018533
0.033926
0.024854
0.076121
0.024396
0.020979
0.019814
0.017636
0.016282
0.025735
0.073434
0.035449
0.019498
0.068176
0.060389
0.031473
0.018747
0.018178
0.019351
0.017582
0.023354
0.016938
0.065931
0.024694
0.046098
0.034634
0.074823
0.018359
0.023507
0.019642
0.032608
0.057092
0.088279
0.024536
0.018826
0.021670
0.045638
0.026188
0.017745
0.025545
0.070175
0.046238
0.029644
0.020440
0.016850
0.034405
0.034211
0.021153
0.020665
0.021303
0.024644
0.068859
0.018284
0.041700
0.023481
0.017549
0.072019
0.035970
0.021917
0.023855
0.033454
0.025814
0.060996
0.065573
0.030516
0.054857
0.040111
0.032280
0.017085
0.033125
0.078038
0.045302
0.026055
0.017571
0.035683
0.062527
0.022367
0.022792
0.019739
0.033376
0.027236
0.054471
0.020506
0.017628
0.017056
0.017507
0.022470
0.047744
0.037234
0.025083
0.032493
0.027439
0.028384
0.026861
0.017390
0.020021
0.021490
0.028078
0.048742
0.039502
0.018822
0.075567
0.020147
0.037354
0.043105
0.017112
0.041674
0.065049
0.030838
0.031925
0.017461
0.062011
0.034604
0.018656
0.027117
0.045785
0.019936
0.021717
0.018174
0.032634
0.066206
0.022845
0.046244
0.036811
0.062103
0.018886
0.017090
0.023685
0.016780
0.017515
0.028626
0.067190
0.031518
0.017671
0.072156
0.057029
0.019430
0.017332
0.017641
0.023986
0.020248
0.023003
0.062468
0.027633
0.018337
0.031750
0.020084
0.066386
0.023737
0.019333
0.021365
0.018988
0.018367
0.046508
0.031874
0.033530
0.022359
0.017809
0.082118
0.047583
0.021590
0.015694
0.017452
0.019522
0.016254
0.024698
0.051237
0.029469
0.029827
0.032738
0.017812
0.065174
0.024964
0.028187
0.016285
0.015367
0.022133
0.046291
0.053214
0.020090
0.030047
0.031874
0.022584
0.059397
0.025082
0.021132
0.017779
0.018374
0.019116
0.040431
0.018021
0.029719
0.022595
0.033777
0.021359
0.034303
0.029057
0.017476
0.025471
0.017950
0.028749
0.078542
0.033906
0.020022
0.056558
0.053245
0.037402
0.018608
0.018608
0.021123
0.019534
0.028920
0.019122
0.021712
0.037446
0.028223
0.029421
0.039611
0.033813
0.027356
0.029520
0.029445
0.018368
0.031126
0.061158
0.029762
0.020386
0.063351
0.065597
0.055575
0.020482
0.021140
0.025994
0.063822
0.023654
0.020741
0.029171
0.033424
0.061937
0.033840
0.024090
0.018076
0.070140
0.038834
0.023141
0.033859
0.019837
0.069710
0.046730
0.019311
0.020917
0.023632
0.046888
0.019689
0.022126
0.021766
0.032508
0.055683
0.065993
0.033225
0.017090
