0.019047
0.029997
0.050066
0.032292
0.046083
0.024466
0.019169
0.058866
0.059118
0.020291
0.035948
0.029386
0.051565
0.033728
0.073959
0.024763
0.020809
0.061907
0.019580
0.020543
0.027768
0.019389
0.024796
0.063723
0.032640
0.020427
0.019856
0.019873
0.050252
0.018502
0.021472
0.017690
0.023277
0.051482
0.033526
0.028255
0.050834
0.031204
0.019811
0.018582
0.018663
0.017418
0.020984
0.046566
0.036951
0.038480
0.022394
0.052574
0.038149
0.021203
0.026636
0.018682
0.018304
0.052896
0.028090
0.026735
0.032430
0.018127
0.063786
0.020409
0.019164
0.021113
0.019702
0.018230
0.024873
0.021684
0.030585
0.035509
0.031241
0.044190
0.054399
0.035743
0.019032
0.018703
0.051958
0.026422
0.019047
0.033519
0.018675
0.060908
0.021638
0.019989
0.022131
0.019331
0.021812
0.065750
0.033575
0.029920
0.061348
0.019985
0.061230
0.022356
0.020278
0.021384
0.019482
0.020708
0.032297
0.056634
0.037040
0.020482
0.021990
0.031744
0.021653
0.019767
0.019895
0.038008
0.044043
0.069456
0.051639
0.023067
0.062072
0.023783
0.021766
0.026805
0.051601
0.064209
0.032281
0.019375
0.037757
0.024379
0.040096
0.038738
0.034127
0.020213
0.045021
0.028046
0.019953
0.020780
0.019555
0.045800
0.044085
0.022470
0.030672
0.036450
0.069914
0.030160
0.026641
0.018913
0.048939
0.054732
0.022373
0.023281
0.050150
0.022131
0.056669
0.024313
0.020612
0.026670
0.076031
0.023125
0.029013
0.052600
0.051859
0.070421
0.023273
0.042091
0.042193
0.024842
0.035655
0.018400
0.021643
0.057789
0.023777
0.017903
0.018479
0.019473
0.018847
0.019712
0.024314
0.039885
0.042754
0.022583
0.062817
0.025940
0.018725
0.018861
0.027553
0.073884
0.033708
0.029025
0.099078
0.022756
0.017691
0.018020
0.051435
0.042445
0.037328
0.025089
0.072452
0.057077
0.032570
0.019274
0.020189
0.023019
0.038167
0.054346
0.033810
0.023023
0.078365
0.023250
0.024355
0.019730
0.065953
0.033509
0.033879
0.019817
0.057773
0.049763
0.023865
0.024835
0.030121
0.040674
0.034977
0.033532
0.039247
0.021080
0.044538
0.024502
0.021189
0.031925
0.046767
0.061531
0.022078
0.050590
0.035955
0.021451
0.035089
0.020288
0.025128
0.023733
