0.014941
0.025209
0.070326
0.022286
0.019569
0.019829
0.016762
0.021153
0.062998
0.035043
0.025301
0.056729
0.045923
0.025066
0.019530
0.027152
0.066577
0.022191
0.036770
0.028570
0.047945
0.032122
0.019640
0.021644
0.022181
0.064122
0.024534
0.034396
0.029166
0.069416
0.042009
0.040965
0.022176
0.018550
0.018363
0.019898
0.066077
0.037321
0.023021
0.055031
0.022124
0.019146
0.020901
0.020511
0.023556
0.032611
0.078702
0.034545
0.023063
0.033712
0.023888
0.040476
0.023600
0.017591
0.023690
0.019254
0.018918
0.035650
0.034894
0.073456
0.019746
0.019049
0.050638
0.044607
0.026839
0.025623
0.019425
0.062979
0.070168
0.022852
0.019184
0.062910
0.026542
0.023392
0.024351
0.019336
0.038809
0.032586
0.056171
0.037502
0.029135
0.020442
0.047211
0.025831
0.020271
0.023429
0.066697
0.075428
0.022273
0.022643
0.019111
0.064008
0.021473
0.018138
0.024506
0.034343
0.032685
0.049841
0.054291
0.019117
0.018068
0.018426
0.020118
0.017899
0.049738
0.047943
0.031406
0.081935
0.047313
0.026242
0.029862
0.055993
0.022302
0.034324
0.022414
0.060916
0.069842
0.018435
0.020955
0.023795
0.047792
0.022322
0.025439
0.033202
0.020720
0.064085
0.019857
0.017684
0.018458
0.023055
0.038212
0.030553
0.018814
0.029337
0.021719
0.032769
0.022458
0.058493
0.019698
0.019780
0.018043
0.018044
0.021681
0.019044
0.022997
0.066589
0.022566
0.029124
0.044834
0.019245
0.028732
0.031614
0.027364
0.026779
0.022393
0.049946
0.034281
0.057691
0.053177
0.031660
0.027222
0.024776
0.024929
0.030433
0.048484
0.030097
0.032110
0.034064
0.022497
0.051617
0.053029
0.021062
0.019931
0.018967
0.024373
0.027576
0.040650
0.033762
0.024989
0.059959
0.022938
0.016480
0.019138
0.018718
0.054964
0.033203
0.032843
0.018697
0.055213
0.088452
0.020469
0.017413
0.018358
0.023164
0.018153
0.018835
0.068884
0.018152
0.036751
0.021986
0.077007
0.018157
0.020840
0.019010
0.025414
0.040977
0.033989
0.035619
0.022999
0.059835
0.025752
0.023417
0.018268
0.019064
0.017102
0.036877
0.044301
0.020700
0.050057
0.025752
0.020034
0.032500
0.018447
0.076117
0.025520
0.033596
0.021678
0.065835
0.053092
0.028314
0.018370
0.018315
0.022642
0.053281
0.024943
0.023006
0.034493
0.029380
0.057130
0.019734
0.028780
0.024116
0.029373
0.067844
0.030025
0.027348
0.034048
0.019902
0.058095
0.040790
0.026044
0.017751
0.018976
0.017791
0.018957
0.078050
0.054736
0.022303
0.074709
0.023427
0.057398
0.020286
0.024046
0.022196
0.078197
0.031559
0.049587
0.027232
0.060393
0.020789
0.023034
0.018710
0.023932
0.028483
0.070034
0.028900
0.072090
0.038666
0.056257
0.021343
0.019226
0.026749
0.019965
0.027871
0.065088
0.054834
0.025626
0.076576
0.023939
0.019480
0.019562
0.023693
0.027939
0.075218
0.018414
0.045168
0.074727
0.034230
0.020672
0.020634
0.019870
0.020121
0.020999
0.026811
0.036761
0.026673
0.027687
0.033072
0.024055
0.066917
0.018706
0.024160
0.027537
0.075542
0.036439
0.021858
0.047608
0.070877
0.026934
0.018953
0.020157
0.025366
0.057506
0.045573
0.018833
0.063682
0.073119
0.019593
0.021347
0.017998
0.018879
0.017889
0.068626
0.021892
0.034600
0.029551
0.085955
0.022096
0.017748
0.018864
0.018433
0.018668
0.025239
0.056363
0.034746
0.022040
0.095723
0.042447
0.024336
0.025583
0.021791
0.019506
0.027739
0.040634
0.060112
0.023752
0.085123
0.037449
0.058935
0.022488
0.022448
0.026307
0.028354
0.062638
0.035921
0.029397
0.078054
0.061972
0.027467
0.019582
0.020382
0.023803
0.027955
0.052480
0.029149
0.020928
0.034205
0.048824
0.022092
0.024015
0.021839
0.028165
0.036646
0.040677
0.021576
0.044865
0.047213
0.057539
0.027317
0.022020
0.021684
0.025751
0.077659
0.032666
0.027710
0.033619
0.019561
0.085377
0.035453
0.025237
0.017992
0.039670
0.051138
0.021218
0.023049
0.025727
0.034892
0.075305
0.028863
0.019917
0.022311
0.070323
0.022147
0.022094
0.034810
0.030744
0.077797
0.034324
