0.016685
0.056694
0.020457
0.020146
0.021007
0.058576
0.022977
0.022715
0.020693
0.036334
0.020893
0.048049
0.027981
0.030499
0.016747
0.066500
0.022177
0.020383
0.019188
0.017571
0.025738
0.061057
0.071417
0.023163
0.017618
0.024936
0.034106
0.019320
0.017954
0.018080
0.027994
0.058759
0.034594
0.019392
0.030900
0.048134
0.047536
0.022973
0.037295
0.019946
0.055404
0.024173
0.024290
0.032850
0.018491
0.038282
0.023869
0.018838
0.020898
0.018948
0.015700
0.023810
0.033572
0.032632
0.028220
0.063179
0.021126
0.028528
0.043629
0.036037
0.017894
0.052047
0.048718
0.032227
0.031559
0.047802
0.050889
0.020144
0.031667
0.018738
0.019211
0.048338
0.022686
0.032507
0.023240
0.039151
0.034829
0.036266
0.019837
0.027175
0.017372
0.022585
0.074640
0.027797
0.073062
0.030082
0.019759
0.061713
0.026382
0.024734
0.018972
0.036542
0.046503
0.057920
0.039123
0.018002
0.070151
0.025871
0.020351
0.078265
0.062811
0.028597
0.020628
0.040294
0.036151
0.021997
0.022365
0.022788
0.060448
0.019953
0.075164
0.023154
0.070593
0.038795
0.023159
0.019311
0.026026
0.059436
0.034260
0.023545
0.046600
0.028702
0.072965
0.020216
0.025301
0.020853
0.034065
0.033869
0.054441
0.024707
0.020535
0.020343
0.043147
0.052999
0.019962
0.034258
0.031059
0.024018
0.084170
0.037465
0.022099
0.034401
0.031526
0.069439
0.026046
0.026265
0.034795
0.038556
0.058039
0.022516
0.023505
0.023418
0.057708
0.027358
0.029318
0.035926
0.078292
0.044261
0.021329
0.022770
0.027110
0.028161
0.022256
0.018502
0.035050
0.022623
0.082476
0.034055
0.017770
0.017994
0.018134
0.018503
0.023380
0.056263
0.017135
0.034684
0.040788
0.057608
0.018963
0.027990
0.044617
0.049909
0.023506
0.028111
0.016917
0.019687
0.032083
0.025821
0.043838
0.034720
0.019606
0.018809
0.017829
0.054928
0.036530
0.032574
0.016440
0.025492
0.034420
0.066710
0.029780
0.019243
0.021139
0.052274
0.029770
0.033087
0.020232
0.083519
0.040136
0.020760
0.024215
0.022784
0.055379
0.029802
0.023240
0.033803
0.018302
0.036071
0.026968
0.042613
0.022073
0.020119
0.024439
0.018014
0.043340
0.037551
0.027596
0.042152
0.021512
0.075218
0.017941
0.017699
0.024761
0.022628
0.023542
0.053077
0.057818
0.020787
0.026152
0.029363
0.022054
0.024030
0.025817
0.021211
0.024706
0.064003
0.020514
0.056440
0.020164
0.018482
0.021309
0.066663
0.018355
0.028156
0.026814
0.032275
0.023957
0.038557
0.038057
0.018913
0.023124
0.020540
0.017462
0.064908
0.019736
0.025797
0.033210
0.046808
0.066630
0.020621
0.017038
0.018740
0.017798
0.023658
0.042134
0.025835
0.032950
0.021769
0.039988
0.065016
0.021430
0.020455
0.018870
0.025828
0.019885
0.071148
0.023950
0.023174
0.037420
0.050207
0.049792
0.018202
0.018910
0.018416
0.061961
0.018512
0.019426
0.023031
0.031660
0.071937
0.050402
0.022634
0.023842
0.019303
0.051819
0.026713
0.020795
0.030896
0.024188
0.097078
0.035122
0.022157
0.021342
0.017358
0.019857
0.038161
0.036521
0.026268
0.063013
0.065265
0.035812
0.018213
0.020367
0.020147
0.017107
0.068348
0.023980
0.033553
0.023471
0.075043
0.041378
0.036437
0.026248
0.022087
0.021838
0.020618
0.044989
0.064637
0.028691
0.078135
0.044006
0.019585
0.029117
0.061812
0.034021
0.052254
0.028404
0.060280
0.024823
0.019169
0.020740
0.065275
0.026969
0.021572
0.021117
0.023747
0.052738
0.081017
0.019132
0.058287
0.044638
0.079885
0.058209
0.040051
0.036539
0.078583
0.057808
0.050352
0.077069
0.040452
0.042947
0.040935
0.056803
0.052314
0.056879
0.097804
0.045091
0.034196
0.057495
0.094722
0.038273
0.036860
0.022537
0.079007
0.027546
0.017510
0.018264
0.023021
0.026199
0.049125
0.029907
0.018627
0.025530
0.033356
0.048915
0.064704
0.021831
0.021573
0.019774
0.021053
0.019086
0.065919
0.027801
0.024290
0.035484
0.019446
0.031548
0.043886
0.018783
0.018650
0.021962
0.016409
0.026747
0.030616
0.064782
0.027834
0.026277
