19,235,21,38
21,233,20,42
22,235,20,42
27,233,20,45
29,232,20,47
34,234,21,47
37,236,21,47
45,238,20,46
46,237,21,46
49,237,21,47
51,237,22,47
53,237,24,48
57,240,22,43
63,245,19,42
66,244,20,41
68,244,21,44
71,242,22,46
73,242,23,45
76,242,23,47
80,243,22,46
83,243,22,44
85,243,21,46
89,244,20,44
89,244,21,43
91,245,21,44
97,247,20,43
99,248,20,41
102,250,19,41
104,249,20,41
105,248,21,42
106,250,20,42
111,247,20,42
114,250,20,43
116,253,20,45
120,252,19,44
122,251,22,47
127,250,22,50
128,250,23,47
131,256,22,42
137,260,21,42
139,258,20,43
143,257,22,47
145,254,23,49
150,251,24,54
148,256,23,47
153,260,23,47
158,260,20,44
164,259,18,41
168,257,19,43
169,256,22,47
172,253,23,46
193,255,23,47
177,260,22,44
180,261,21,42
186,255,20,43
188,256,25,50
187,258,25,59
189,254,23,48
187,252,29,56
187,255,23,49
187,257,31,60
124,250,29,51
124,249,26,47
133,248,25,49
137,249,25,50
143,247,23,51
149,248,23,51
153,251,25,49
156,251,25,48
164,258,23,41
177,260,20,39
180,257,21,43
180,259,23,42
209,257,28,50
183,257,24,45
189,259,22,43
196,259,19,41
200,255,23,47
199,258,21,46
208,256,21,48
204,256,21,46
214,256,21,46
255,250,22,54
291,270,24,49
251,235,33,52
231,255,28,50
223,259,23,52
214,257,19,50
219,257,22,50
203,258,23,48
237,255,25,52
201,260,21,46
238,255,22,49
241,255,21,51
238,255,27,52
234,258,27,49
261,250,25,50
262,247,24,51
247,249,26,55
193,265,23,47
150,252,22,47
151,253,23,50
149,253,25,48
144,254,22,45
108,227,20,41
106,226,20,36
129,253,24,44
125,252,22,44
119,254,21,43
117,253,20,42
116,253,20,43
114,252,20,44
107,249,22,42
105,248,21,43
103,235,24,54
102,250,21,39
101,252,21,39
99,247,23,40
93,254,22,36
94,253,22,36
100,230,20,41
99,229,23,43
98,229,22,45
96,229,23,44
95,228,22,47
95,229,23,49
94,231,23,45
93,231,24,45
92,228,22,45
92,227,21,46
90,227,22,46
88,226,23,47
87,226,23,47
86,226,23,49
86,226,22,46
85,225,21,48
