0.001632
0.042652
0.022444
0.031434
0.073893
0.041237
0.020591
0.020367
0.017910
0.020491
0.052686
0.028430
0.028399
0.023710
0.031678
0.059806
0.056088
0.021632
0.022796
0.051948
0.045256
0.017232
0.020570
0.031134
0.023882
0.074162
0.069073
0.021753
0.018540
0.021109
0.023179
0.027900
0.019151
0.061479
0.057575
0.021464
0.019968
0.017932
0.017116
0.062661
0.048251
0.030390
0.024184
0.030050
0.049470
0.030197
0.030462
0.017548
0.020370
0.020342
0.054435
0.025584
0.019242
0.021662
0.021011
0.033260
0.057918
0.052061
0.018228
0.020059
0.018306
0.020644
0.034072
0.026395
0.021621
0.072218
0.037041
0.022400
0.022758
0.023009
0.018783
0.020550
0.031931
0.043564
0.023069
0.070201
0.021054
0.019344
0.064570
0.025149
0.024432
0.016778
0.042303
0.037452
0.057792
0.017770
0.019857
0.063596
0.017455
0.017164
0.022899
0.022693
0.059574
0.027498
0.049113
0.035728
0.024602
0.079037
0.020402
0.028292
0.027581
0.024222
0.028874
0.036925
0.024336
0.056249
0.018535
0.018651
0.062168
0.022105
0.032642
0.023700
0.093361
0.023989
0.019381
0.029634
0.021528
0.062767
0.040220
0.016943
0.043053
0.057107
0.025479
0.019573
0.019419
0.017735
0.063137
0.024162
0.033377
0.021360
0.055860
0.059795
0.020449
0.022599
0.018772
0.021636
0.026537
0.047127
0.034487
0.016446
0.018486
0.073328
0.017858
0.025257
0.020822
0.018981
0.042645
0.027987
0.015738
0.030542
0.021030
0.072416
0.073883
0.018810
0.020260
0.056230
0.021423
0.024049
0.026851
0.033074
0.057060
0.039239
0.027642
0.022152
0.026662
0.038130
0.024946
0.017847
0.028455
0.018281
0.032494
0.072259
0.051395
0.019093
0.023862
0.021593
0.066963
0.019830
0.020316
0.017144
0.023381
0.021156
0.034033
0.021024
0.098907
0.029421
0.020419
0.025057
0.021034
0.040931
0.031334
0.026835
0.021643
0.032401
0.065726
0.063798
0.020248
0.017043
0.015930
0.025522
0.046459
0.023206
0.032387
0.033514
0.057067
0.034060
0.037530
0.022409
0.053765
0.033507
0.021959
0.021193
0.031589
0.068656
0.063654
0.070344
0.017758
0.021194
0.023783
0.044194
0.019120
0.018936
0.019829
0.051990
0.065045
0.028177
0.022546
0.018215
0.072063
0.026531
0.017608
0.027429
0.019159
0.034179
0.056321
0.019180
0.074312
0.028664
0.050694
0.020991
0.023237
0.024082
0.027710
0.068515
0.066227
0.020534
0.028300
0.053216
0.023320
0.022788
0.019153
0.036422
0.049680
0.043972
0.019212
0.018794
0.022827
0.025111
0.034924
0.033558
0.027244
0.019753
0.061854
0.048292
0.026551
0.015773
0.017295
0.018588
0.017926
0.022952
0.044440
0.032317
0.022973
0.053804
0.099554
0.027489
0.022938
0.020119
0.015707
0.020724
0.022479
0.020709
0.049676
0.024156
0.017549
0.015782
0.018884
0.022472
0.025637
0.050238
0.018552
0.019391
0.023334
0.015151
0.027609
0.045103
0.019662
0.025407
0.018328
0.017771
0.021053
0.101964
0.019476
0.017344
0.017702
0.019416
0.016683
0.061761
0.015939
0.018162
0.015759
0.021723
0.019412
0.058984
0.023228
0.017165
0.015030
0.015318
0.014756
0.015364
0.016617
0.017955
0.049667
0.066116
0.019053
0.019367
0.018780
0.028672
0.048807
0.024707
0.032339
0.027114
0.028556
0.019932
0.022028
0.019553
0.021336
0.045633
0.025703
0.029185
0.021419
0.020716
0.032625
0.071615
0.019293
0.023400
0.022272
0.061122
0.017284
0.016034
0.018789
0.031452
0.027775
0.051247
0.060810
0.021173
0.019456
0.018484
0.019423
0.051127
0.018925
0.024656
0.028123
0.075854
0.031790
0.017165
0.016159
0.018082
0.017873
0.016568
0.018050
0.067971
0.060554
0.044264
0.071070
0.064136
0.035677
0.050408
0.042512
0.058832
0.041332
0.039295
0.042133
0.062839
0.034687
0.060619
0.066484
0.057271
0.063402
0.044471
0.022638
0.017408
0.020767
0.055286
0.030484
0.020565
0.083448
0.048579
0.024517
0.017106
0.031743
0.055380
0.032463
0.019179
0.021372
0.022858
0.017055
0.021719
0.066093
0.055083
0.028420
0.037762
0.067781
0.020597
0.021425
0.059836
0.045244
0.030516
0.019126
0.079408
0.028424
0.018787
0.019072
0.026230
0.017394
0.040882
0.024489
0.038682
0.030122
0.049757
0.058987
0.026010
0.030619
0.044801
0.023767
0.017971
0.029762
0.021464
0.031332
0.021859
0.081810
0.032640
0.019847
0.019036
0.019507
0.026761
0.043957
0.033609
0.019323
0.070609
0.022715
0.069474
0.028359
0.018598
0.025087
0.050552
0.053024
0.019132
0.041972
0.019975
0.021220
0.017115
0.023996
0.052692
0.026080
0.034084
0.084619
0.038525
0.020081
0.018282
0.051631
0.052314
0.029643
0.019412
0.065710
0.054726
0.027631
0.021133
0.018908
0.018272
0.019817
0.023476
0.049379
0.032180
0.029429
0.019214
0.045178
0.046481
0.035129
0.019884
0.016743
0.016789
0.018048
0.036409
0.030417
0.033962
0.032433
0.028681
0.028318
0.062062
0.038789
0.016416
0.017148
0.020060
0.017411
0.018379
0.020766
0.068472
0.032089
0.017943
0.073129
0.047327
0.018221
0.023240
0.016948
0.016498
0.015681
0.027574
0.019810
0.049216
0.035914
0.018214
0.062722
0.051935
0.018691
0.020586
0.016919
0.016088
0.025246
0.040661
0.016795
0.024364
0.017815
0.032497
0.026841
0.069633
0.022317
0.016962
0.016349
0.017115
0.050030
0.024779
0.020304
0.031620
0.028533
0.069196
0.047281
0.017544
0.015030
0.022068
0.054181
0.022275
0.018763
0.041199
0.061225
0.030080
0.020473
0.018286
0.017456
0.058070
0.028413
0.017985
0.079981
0.021271
0.035514
0.027644
0.021148
0.067315
0.016335
0.019049
0.018635
0.017796
0.021389
0.032889
0.061202
0.019809
0.035980
0.046303
0.042646
0.020226
0.018687
0.016818
0.016734
0.025574
0.041080
0.032342
0.024580
0.048475
0.050483
0.060520
0.020186
0.016532
0.017142
0.018390
0.017177
0.058786
0.033581
0.018530
0.030905
0.092680
0.027888
0.018313
0.019935
0.018765
0.061155
0.023988
0.021472
0.031162
0.018455
0.088183
0.043220
0.020265
0.020309
0.020086
0.019316
0.055532
0.019064
0.023532
0.032906
0.017358
0.071096
