0.003597
0.034731
0.020929
0.018281
0.019681
0.016347
0.044199
0.029531
0.018432
0.031331
0.021818
0.052509
0.021725
0.017992
0.017865
0.017518
0.028277
0.069900
0.031700
0.026491
0.042420
0.054161
0.020415
0.020181
0.022159
0.017771
0.022106
0.022148
0.067742
0.069679
0.023444
0.018258
0.020030
0.060043
0.017786
0.016147
0.018490
0.022957
0.049897
0.031511
0.029374
0.029917
0.035329
0.044232
0.027199
0.021779
0.017609
0.021291
0.028834
0.040117
0.038565
0.032870
0.017918
0.081735
0.029016
0.022495
0.026680
0.018153
0.017678
0.059880
0.019427
0.022340
0.016261
0.019074
0.031743
0.054919
0.064934
0.019616
0.020864
0.022652
0.062250
0.030057
0.031682
0.017485
0.070616
0.052356
0.019640
0.016953
0.020426
0.019835
0.017643
0.016276
0.073569
0.026063
0.032882
0.016649
0.055497
0.065086
0.021017
0.018968
0.017182
0.017074
0.020327
0.027108
0.054899
0.031382
0.022492
0.062607
0.062581
0.021930
0.020786
0.019314
0.021821
0.025707
0.050084
0.030927
0.016179
0.053905
0.069304
0.020902
0.018218
0.019991
0.019681
0.029013
0.020593
0.023287
0.030810
0.027200
0.018600
0.074697
0.049765
0.021333
0.016587
0.020649
0.017147
0.049328
0.033936
0.023794
0.021276
0.019268
0.029843
0.046916
0.025517
0.042063
0.050974
0.050648
0.035688
0.024146
0.017587
0.018470
