474,161,15,26
473,158,15,29
473,159,15,28
472,159,15,27
471,159,16,28
471,159,15,27
471,159,14,29
468,159,15,28
469,159,15,29
468,159,15,28
466,160,15,28
466,159,14,28
466,159,14,28
465,159,15,28
464,159,14,27
464,160,15,28
463,160,15,29
463,160,15,29
462,159,15,28
461,160,15,29
460,161,15,29
460,161,16,28
460,161,15,27
459,161,15,27
458,161,15,28
457,161,15,29
455,160,16,29
456,161,16,30
454,160,15,29
453,160,17,30
454,161,16,29
453,160,16,29
452,160,17,30
451,161,16,29
450,161,17,30
451,161,16,29
450,162,16,30
450,162,16,29
450,161,16,28
448,162,17,30
447,162,16,28
447,162,15,29
448,163,15,28
445,162,16,30
445,163,15,29
446,163,15,29
445,163,15,28
445,164,15,28
444,163,16,30
443,163,16,30
443,164,16,30
443,164,17,30
443,164,17,29
442,163,17,29
441,164,16,30
441,163,16,29
440,164,17,31
439,164,17,29
439,164,16,28
439,165,16,30
437,164,16,29
438,164,16,30
437,165,16,29
436,165,16,29
435,164,16,28
435,164,16,31
435,165,16,29
434,164,16,31
433,164,18,30
432,165,16,32
432,165,17,31
431,165,17,31
430,166,17,31
429,166,17,29
429,166,17,30
429,166,17,29
428,166,16,30
428,166,17,29
427,166,17,31
426,167,17,30
423,167,17,31
421,167,17,30
420,167,18,32
420,168,17,31
419,168,17,31
418,168,17,30
417,168,18,31
416,168,18,29
416,169,17,32
416,169,18,30
414,168,18,32
413,168,18,31
413,168,18,31
412,168,19,31
411,168,19,30
412,168,18,33
411,168,19,33
410,168,18,33
410,168,18,33
409,168,18,32
409,168,18,33
408,168,18,35
408,168,18,33
408,168,18,35
407,169,18,35
407,168,18,34
406,169,18,35
406,169,18,35
406,169,18,35
405,169,17,35
405,169,18,35
405,169,18,34
403,170,19,35
403,170,18,34
401,171,18,34
401,171,18,34
401,172,18,33
401,172,18,32
399,172,18,32
399,172,18,34
398,173,17,33
398,172,18,33
397,173,18,34
397,172,18,33
395,172,18,34
395,173,18,34
394,173,18,33
393,173,18,33
391,174,19,34
387,175,18,33
384,174,19,33
383,175,19,35
381,175,20,34
381,174,20,34
380,174,19,35
379,174,20,35
378,175,20,35
378,175,20,34
377,175,19,35
376,175,20,34
377,175,20,36
376,175,20,35
374,176,20,34
374,176,20,36
373,176,19,34
372,175,19,36
372,176,20,35
371,176,20,37
369,177,20,36
369,176,20,36
368,176,20,38
367,176,21,36
366,176,20,37
365,177,20,36
364,177,20,36
364,178,20,36
362,176,21,37
361,177,21,38
360,177,21,36
360,177,21,38
354,179,20,38
351,179,21,37
349,179,20,37
347,179,21,38
346,180,21,36
345,179,21,37
343,181,21,38
342,181,21,37
342,181,21,37
340,181,21,37
339,181,21,37
338,182,20,38
337,182,21,37
336,182,20,37
335,182,21,38
334,182,20,38
332,182,21,38
330,182,21,37
330,182,21,37
329,182,21,37
328,182,21,38
327,183,21,39
325,183,21,39
324,183,21,38
323,183,22,38
323,182,22,39
321,183,22,39
320,184,22,39
319,184,23,39
318,184,22,39
316,184,22,39
317,183,22,39
312,185,22,40
309,185,22,38
306,186,23,40
306,186,22,40
304,186,22,41
304,186,22,40
303,186,23,41
302,187,23,41
302,187,23,41
299,188,23,41
299,187,23,41
298,187,23,41
297,188,23,42
295,188,23,42
294,188,24,42
294,187,23,42
292,188,23,43
291,187,23,42
290,188,23,42
290,189,23,43
289,189,23,43
287,189,23,43
286,189,24,43
285,189,24,43
284,189,23,42
283,188,24,43
282,189,24,44
280,190,24,44
280,190,24,44
279,191,24,44
277,191,24,43
277,191,24,43
275,192,24,42
274,191,24,44
274,191,24,41
273,192,23,41
271,192,24,42
270,192,24,41
270,193,24,40
269,193,24,43
268,193,23,39
265,194,25,37
265,195,24,38
265,194,24,39
262,194,24,36
262,194,24,36
261,195,24,37
259,195,24,40
258,195,24,40
256,196,24,40
250,197,24,40
248,197,23,41
246,198,23,42
245,198,23,41
244,198,23,42
242,199,23,42
241,199,23,43
240,199,24,44
238,198,24,45
236,199,24,46
236,199,23,45
233,199,23,45
233,199,24,46
231,199,24,45
230,200,24,43
226,201,26,43
226,201,24,44
226,201,24,43
224,202,24,42
224,202,23,42
223,202,23,43
222,202,23,41
221,202,22,40
220,203,23,41
217,204,23,41
217,203,24,41
214,204,24,41
213,204,24,40
211,206,26,45
209,206,27,45
208,206,28,43
207,206,29,44
205,208,26,46
203,208,28,49
201,208,26,48
199,208,26,50
200,209,26,48
199,208,24,50
197,209,24,50
194,209,26,51
193,209,26,52
193,209,26,51
191,209,25,52
190,210,25,52
189,211,25,52
189,211,24,52
187,211,25,52
186,211,25,52
186,212,25,52
184,212,26,51
183,213,26,51
181,212,27,53
180,213,27,53
178,214,27,53
177,214,27,53
176,214,27,53
175,214,28,54
174,215,28,54
173,214,29,55
172,215,29,55
171,216,28,55
169,216,28,55
168,216,27,55
167,217,27,55
167,216,27,56
165,217,28,56
164,217,29,56
163,217,31,57
161,217,30,57
161,218,31,57
160,218,30,58
160,218,32,58
159,218,29,59
158,220,26,57
159,220,29,58
158,221,27,58
158,221,26,58
159,221,29,59
156,222,27,59
157,222,28,60
156,223,29,60
156,223,28,59
156,224,29,59
155,224,29,60
155,224,29,59
153,225,30,59
153,227,30,60
152,227,30,59
151,229,30,59
150,228,30,59
150,230,30,58
150,230,30,59
148,231,31,59
148,230,30,61
148,231,31,60
147,231,32,60
145,232,32,61
145,231,32,62
144,233,32,62
144,232,33,62
144,233,32,62
144,234,32,62
144,234,32,62
143,234,32,63
143,236,31,63
143,236,32,63
142,236,31,62
141,237,32,64
141,237,32,65
140,239,33,65
140,238,32,66
141,239,32,65
138,240,33,66
140,239,33,66
138,240,34,67
139,240,34,67
138,240,34,69
138,242,34,68
136,242,35,69
136,244,36,68
136,245,34,68
136,244,35,68
134,246,35,68
133,246,33,69
133,248,34,68
130,250,32,68
131,249,33,70
129,251,33,70
129,250,33,71
125,251,34,71
127,251,35,72
125,253,36,71
124,255,33,71
124,256,34,72
124,255,36,72
122,256,35,73
122,257,36,73
121,258,35,73
120,258,36,75
120,260,34,74
120,264,31,71
120,266,31,70
120,267,31,70
119,267,31,71
120,268,30,70
118,269,31,70
118,270,30,71
118,272,31,71
117,272,31,72
118,271,34,73
116,271,36,75
116,269,38,79
116,269,40,80
114,270,41,82
114,271,41,82
113,272,41,82
113,273,40,82
116,273,39,81
112,275,42,83
113,275,41,85
114,276,41,85
