0.003522
0.021899
0.018032
0.022333
0.041639
0.016446
0.033507
0.022547
0.087122
0.020352
0.018944
0.022102
0.025840
0.021148
0.023721
0.032574
0.025525
0.069508
0.044146
0.023083
0.018520
0.059962
0.043604
0.020213
0.030411
0.070880
0.054770
0.021554
0.018226
0.022054
0.023495
0.059824
0.017184
0.020500
0.023529
0.017369
0.031170
0.020760
0.060282
0.021481
0.018546
0.019067
0.016385
0.077196
0.031453
0.018278
0.027704
0.059884
0.036077
0.021611
0.023268
0.023447
0.025288
0.069712
0.034796
0.033409
0.031632
0.036994
0.026225
0.018965
0.019255
0.018702
0.020051
0.029926
0.046690
0.031298
0.020157
0.057134
0.020555
0.066989
0.025192
0.016043
0.016994
0.052389
0.043813
0.030437
0.038616
0.036404
0.069609
0.018554
0.017537
0.022449
0.024343
0.048146
0.037161
0.020690
0.029238
0.040195
0.044860
0.032331
0.017033
0.021604
0.017147
0.023937
0.051838
0.033769
0.022741
0.043459
0.038368
0.046861
0.018693
0.018164
0.019940
0.023411
0.035616
0.022769
0.023527
0.066525
0.052086
0.020337
0.022937
0.018916
0.018611
0.061321
0.025588
0.034530
0.021847
0.054211
0.048267
0.017631
0.020514
0.018477
0.017316
0.017738
0.066009
0.037705
0.030446
0.037594
0.042835
0.059633
0.018711
0.020445
0.022609
0.018057
0.024638
0.051640
0.035324
0.032807
0.017450
0.059892
0.067622
0.029975
0.019770
0.020808
0.020464
0.023538
0.075475
0.022655
0.047552
0.023335
0.059927
0.019481
0.019431
0.034673
0.018868
0.053200
0.027722
0.036827
0.028573
0.061367
0.053174
0.019646
0.022110
0.018649
0.017059
0.044520
0.025045
0.020095
0.033923
0.031680
0.028929
0.044127
0.020803
0.021744
0.052165
0.026621
0.025347
0.035302
0.025296
0.069995
0.023871
0.018169
0.024615
0.025501
0.050871
0.020689
0.018148
