0.022629
0.021101
0.018220
0.022870
0.021518
0.055034
0.028882
0.042572
0.027936
0.024723
0.027143
0.019517
0.031869
0.029559
0.027723
0.039790
0.048976
0.067094
0.027789
0.057131
0.023525
0.018874
0.020969
0.028093
0.056456
0.015980
0.049113
0.060479
0.034914
0.020280
0.019457
0.018807
0.029488
0.086110
0.033628
0.021026
0.031085
0.020039
0.020168
0.081694
0.024304
0.018206
0.021776
0.017120
0.032570
0.027524
0.035280
0.028327
0.067719
0.055254
0.030651
0.018076
0.025002
0.017981
0.020454
0.027684
0.017084
0.076207
0.020656
0.060761
0.093971
0.023180
0.021399
0.026274
0.019025
0.034529
0.067571
0.021311
0.058241
0.064519
0.019418
0.018301
0.018487
0.016700
0.023048
0.055104
0.029897
0.045679
0.046859
0.036252
0.019404
0.019535
0.016581
0.021895
0.060403
0.024086
0.023446
0.021011
0.017510
0.031117
0.030022
0.064604
0.018835
0.020569
0.019081
0.020618
0.068181
0.020792
0.033734
0.025231
0.067526
0.052545
0.017343
0.017118
0.016630
0.026574
0.043278
0.018983
0.051343
0.070306
0.021120
0.016750
0.016847
0.017446
0.023990
0.056153
0.036356
0.023824
0.058149
0.063411
0.035723
0.037359
0.022228
0.044066
0.052403
0.020853
0.017830
0.030861
0.020797
0.032016
0.069386
0.047283
0.026284
0.019909
0.020080
0.054043
0.046392
0.020149
0.032352
0.019718
0.050209
0.040781
0.022259
0.015695
0.016361
0.015177
0.015358
0.018171
0.037895
0.038515
0.033851
0.030851
0.021754
0.075736
0.025429
0.021886
0.018493
0.020147
0.018205
0.018965
0.021367
0.031496
0.062834
0.026084
0.073092
0.044087
0.032914
0.017870
0.016506
0.016400
0.016305
0.022196
0.037279
0.078090
0.019956
0.055142
0.021556
0.040305
0.017833
0.015749
0.018773
0.018909
0.033887
0.019533
0.073066
0.032862
0.017662
0.057072
0.067443
0.028682
0.018516
0.026988
0.019227
0.042242
0.032703
0.036693
0.022303
0.062541
0.057675
0.047472
0.018951
0.026503
0.017894
0.054855
0.023612
0.022717
0.033787
0.083944
0.034026
0.019737
0.023729
0.019839
0.025335
0.071305
0.019755
0.081408
0.041018
0.016997
0.018135
0.036484
0.028171
0.021385
0.032509
0.021870
0.070979
0.021271
0.017768
0.017314
0.016111
0.024208
0.075511
0.026943
0.055442
0.018070
0.054419
0.034328
0.018116
0.017638
0.020500
0.026362
0.050599
0.029163
0.059750
0.019104
0.026495
0.056712
0.028090
0.027543
0.032951
0.017457
0.064790
0.036671
0.021212
0.019968
0.016691
0.016105
0.048527
0.042443
0.032420
0.026261
0.079682
0.047180
0.024927
0.028673
0.023536
0.026904
0.035359
0.038666
0.024949
0.072330
0.063126
0.021656
0.021430
0.020065
0.037155
0.091731
0.021408
0.078480
0.076171
0.018891
0.020246
0.015768
0.024422
0.020933
0.029481
0.052088
0.017984
0.042780
0.026711
0.058378
0.025593
0.016309
0.022635
0.018360
0.017146
0.064782
0.039574
0.016895
0.032278
0.073363
0.058552
0.020605
0.020077
0.020686
0.073767
0.032430
0.034218
0.034973
0.019070
0.086156
0.031977
0.019885
0.018697
0.019166
0.029358
0.017818
0.025230
0.036115
0.026093
0.025014
0.032853
0.057090
0.071731
0.017731
0.023302
0.048793
0.038766
0.025280
0.033929
0.100624
0.021768
0.020329
0.019814
0.017299
0.018622
0.062317
0.035829
0.021773
0.033912
0.068238
0.040184
0.020115
0.016350
0.017866
0.018681
0.029667
0.032598
0.020492
0.025382
0.031981
0.044100
0.062655
0.025465
0.017229
0.026876
0.060991
0.019765
0.018246
0.025410
0.022401
0.035936
0.068601
0.073543
0.026816
0.031416
0.038042
0.024516
0.019881
0.032824
0.039685
0.033013
0.028509
0.018759
0.020423
0.019519
0.059982
0.017489
0.021595
0.022393
0.017113
0.034288
0.027116
0.036649
0.060567
0.031790
0.075530
0.029062
0.019876
0.024990
0.061726
0.031971
0.022127
0.035146
0.022719
0.057614
0.021319
0.017681
0.021045
0.021591
0.021832
0.020764
0.060686
0.029481
