0.002617
0.024845
0.055529
0.033333
0.017160
0.021408
0.034104
0.029237
0.066966
0.021065
0.021184
0.035326
0.046181
0.038085
0.017981
0.033691
0.039985
0.037940
0.028359
0.016159
0.017403
0.023251
0.058140
0.019727
0.034528
0.025717
0.051176
0.066259
0.033359
0.035203
0.017728
0.037608
0.051200
0.019258
0.039296
0.023551
0.023964
0.050781
0.025939
0.023630
0.027387
0.022081
0.019034
0.067122
0.019739
0.026701
0.019147
0.035810
0.062309
0.021374
0.023281
0.018109
0.022653
0.025064
0.061029
0.024179
0.025359
0.033006
0.021301
0.047389
0.021996
0.018289
0.019518
0.036587
0.044739
0.018170
0.017611
0.018482
0.025805
0.018378
0.093447
0.020862
0.065251
0.069511
0.021645
0.019148
0.020054
0.017278
0.047379
0.029660
0.017277
0.017449
0.031682
0.026463
0.076533
0.024007
0.020437
0.020308
0.017930
0.015893
0.036984
0.050415
0.033512
0.034796
0.066985
0.021632
0.041265
0.041540
0.028280
0.018077
0.027381
0.058423
0.033808
0.018517
0.069915
0.054286
0.038167
0.022114
0.017606
0.017942
0.023530
0.065778
0.020656
0.018222
0.020510
0.023365
0.038790
0.045971
0.018315
0.057950
0.025639
0.019319
0.027024
0.053816
0.024126
0.017170
0.016101
0.018400
0.031899
0.063405
0.057826
0.029193
0.022420
0.060057
0.028905
0.025521
0.037815
0.027488
0.066429
0.020192
0.018914
0.016916
0.022578
0.034258
0.021357
0.017797
0.030950
0.020466
0.073144
0.047274
0.018420
0.018136
0.031431
0.024387
0.060836
0.026432
0.031842
0.019835
0.036500
0.033229
0.050824
0.033075
0.018432
0.024559
0.018002
0.019566
0.023591
0.045398
0.031170
0.075135
0.024132
0.023077
0.056073
0.024781
0.016819
0.022054
0.025194
0.024216
0.059457
0.033703
0.017841
0.021642
0.021292
0.030495
0.071604
0.026244
0.046292
0.061956
0.020907
0.023943
0.056854
0.025771
0.026457
0.032228
0.018085
0.085254
0.049361
0.019019
0.020208
0.022322
0.024384
0.053691
0.021955
0.031257
0.030076
0.020676
0.069711
0.026925
0.020702
0.021034
0.018772
0.020608
0.047113
0.018141
0.024937
0.026614
0.032711
0.042971
0.045923
0.022663
0.018345
0.020491
0.033475
0.038320
0.033994
0.027295
0.092406
0.032675
0.019650
0.017749
0.018171
0.017203
0.017901
0.019388
0.034394
0.028023
0.028573
0.032190
0.018856
0.032488
0.047253
0.016961
0.019130
0.018672
0.045190
0.022208
0.024074
0.022696
0.019714
0.051471
0.078543
0.019454
0.020691
0.018763
0.039076
0.039811
0.028188
0.035194
0.027707
0.050987
0.023628
0.022875
0.022628
0.021381
0.029986
0.049248
0.040101
0.041767
0.063226
0.022145
0.019724
0.022141
0.018115
0.051393
0.017566
0.033367
0.022163
0.086585
0.019337
0.017019
0.025282
0.036918
0.041463
0.020988
0.034615
0.029971
0.018579
0.058352
0.077831
0.035338
0.022146
0.061487
0.024757
0.019604
0.018635
0.026536
0.020476
0.074914
0.027745
0.066711
0.058491
0.019638
0.022941
0.017166
0.023394
0.018223
0.021268
0.062385
0.021137
0.079083
0.046945
0.022259
0.021898
0.021864
0.018412
0.020485
0.062389
0.023712
0.025139
0.032478
0.019226
0.073670
0.029725
0.018430
0.022035
0.070519
0.035183
0.020458
0.061253
0.046777
0.037604
0.029298
0.022066
0.021131
0.026988
0.057266
