0.003215
0.072099
0.019492
0.018930
0.017612
0.029078
0.041893
0.035710
0.020685
0.078430
0.057346
0.019608
0.025401
0.017257
0.020771
0.056191
0.033217
0.015283
0.066888
0.023089
0.020178
0.017658
0.021746
0.018473
0.018851
0.047768
0.040333
0.019045
0.032382
0.071355
0.037551
0.018105
0.017942
0.024502
0.049071
0.028711
0.027221
0.031490
0.043461
0.051350
0.022061
0.017896
0.018331
0.018610
0.029090
0.072335
0.029692
0.065066
0.044632
0.033122
0.020154
0.017541
0.021043
0.025758
0.069686
0.020709
0.030635
0.032336
0.030012
0.040951
0.027328
0.021159
0.017111
0.018793
0.029063
0.048036
0.024281
0.031937
0.024441
0.058087
0.017406
0.017739
0.020788
0.016881
0.016463
0.035658
0.031377
0.036052
0.023116
0.044801
0.062936
0.021324
0.019113
0.018234
0.057570
0.030622
0.026800
0.020659
0.031697
0.063166
0.019977
0.017056
0.017003
0.017887
0.074737
0.019536
0.033705
0.029164
0.059268
0.055978
0.021956
0.021444
0.017903
0.018812
0.017414
0.035454
0.016975
0.017957
0.032336
0.032638
0.051819
0.018485
0.018353
0.018170
0.017381
0.062006
0.030715
0.021232
0.034917
0.016770
0.076408
0.023455
0.018827
0.017581
0.018568
0.019638
0.019556
0.057635
0.037171
0.024386
0.037052
0.025343
0.051435
0.059733
0.026530
0.019622
0.029210
0.037083
0.036553
0.028898
0.056301
0.081990
0.021933
0.019379
0.019419
0.019938
0.044997
0.027206
0.034606
0.016262
0.100897
0.022032
0.018038
0.018025
0.022097
0.025887
0.074794
0.025900
0.029398
0.075125
0.040604
0.023515
0.022125
0.017623
0.023824
0.071800
0.034956
0.062918
0.055177
0.021850
0.018148
0.024668
0.020545
0.027645
0.065852
0.034315
0.017871
0.038177
0.033162
0.051412
0.021134
0.017465
0.016377
0.015882
0.023186
0.046723
0.032858
0.021663
0.068032
0.062979
0.019846
0.015814
0.018456
0.021116
0.015282
0.022462
0.072455
0.036507
0.023234
0.041155
0.069254
0.037599
0.025326
0.018315
0.053894
0.038428
0.021790
0.034824
0.026887
0.031832
0.017511
0.022578
0.057561
0.039157
0.028278
0.035946
0.081474
0.023015
0.017671
0.025878
0.017400
0.017129
0.059340
0.026834
0.032125
0.018113
0.016175
0.074585
0.025942
0.017220
0.015544
0.016882
0.015769
0.015898
0.025142
0.058916
0.034065
0.018144
0.094098
0.044292
0.020122
0.018551
0.029225
0.066066
0.021864
0.021529
0.033196
0.030804
0.030663
0.059722
0.031985
0.020983
0.020249
0.027509
0.025632
0.085099
0.033426
0.021297
0.053858
0.050092
0.021941
0.032421
0.021738
0.023399
0.062538
0.038773
0.027434
0.070523
0.054405
0.022214
0.019077
0.020465
0.017350
0.025678
0.039412
0.021517
0.063686
0.057058
0.022410
0.020134
0.019061
0.051347
0.028389
0.016207
0.034422
0.023230
0.058798
0.064861
0.018986
0.019520
0.023298
0.018154
0.037550
0.063830
0.024201
0.057090
0.018608
0.023192
0.047788
0.027351
0.021328
0.020226
0.025228
0.059484
0.032367
0.021946
0.066447
0.074214
0.021693
0.018361
0.019237
0.015433
0.020904
0.021875
0.030924
0.015543
0.072764
0.024756
0.054968
0.021322
0.017740
0.019467
0.021070
0.016555
0.037985
0.036427
0.052440
0.019347
0.018049
0.025739
0.035324
0.017561
0.018780
0.020984
0.018905
0.072474
0.049643
0.042209
0.028303
0.067659
0.016959
0.021309
0.022592
0.022876
0.064004
0.023518
0.020770
0.022747
0.021602
0.020063
0.023965
0.017854
0.020449
0.019051
0.021125
0.018742
0.035252
0.052387
0.048618
0.018881
0.015850
0.053787
0.023854
0.017827
0.018879
0.023381
0.022147
0.033143
0.060499
0.022427
0.045521
0.019289
0.016921
0.017603
0.059960
0.019737
0.018064
0.018317
0.060198
0.039658
0.018913
0.018230
0.054395
0.070481
0.022623
0.018220
0.017211
0.053986
0.037779
0.033317
0.018048
0.079107
0.049154
0.026722
0.016551
0.018575
0.026191
0.074374
0.023967
0.022187
0.030281
0.030005
0.062147
0.020599
0.017541
0.024467
0.061273
0.037463
0.023109
0.032879
0.023790
0.055816
0.047017
0.028705
0.019640
0.025415
0.017612
0.046281
0.033881
0.024404
0.030397
0.056640
0.057696
0.019240
0.021874
0.023744
0.069005
0.022346
0.057223
0.066898
0.021176
0.028425
0.017841
0.015413
0.024389
0.022640
0.057683
0.029715
0.068204
0.071605
0.017074
0.020808
0.020730
0.023563
0.023714
0.081056
0.024781
0.071841
0.051882
0.020225
0.019264
0.018261
0.016742
0.015375
