0.017739
0.034826
0.021400
0.100800
0.022670
0.034326
0.017373
0.030209
0.038832
0.036519
0.017850
0.071287
0.032478
0.018157
0.029712
0.018039
0.032851
0.035832
0.034753
0.018929
0.064067
0.037094
0.023455
0.025002
0.020769
0.022174
0.034431
0.042108
0.024906
0.071523
0.054018
0.031820
0.022511
0.021981
0.020767
0.031780
0.034237
0.025976
0.027450
0.032380
0.021855
0.088173
0.042262
0.048098
0.020588
0.023388
0.082512
0.038449
0.022888
0.033010
0.020995
0.028568
0.053045
0.041554
0.071000
0.022394
0.025992
0.018456
0.031960
0.023509
0.047270
0.059131
0.020808
0.016340
0.017056
0.020114
0.046848
0.030575
0.021276
0.020325
0.020514
0.032445
0.042135
0.030422
0.025627
0.017198
0.015683
0.017290
0.017274
0.033111
0.021976
0.028169
0.022826
0.033566
0.024692
0.058906
0.018774
0.016513
0.017084
0.019131
0.017949
0.021187
0.021496
0.071362
0.018709
0.043684
0.031940
0.022013
0.021987
0.062268
0.017154
0.017736
0.025444
0.026242
0.034083
0.057911
0.059397
0.023097
0.021744
0.046737
0.028970
0.024386
0.019637
0.033927
0.084677
0.050084
0.019008
0.030331
0.019019
0.017940
0.021092
0.030548
0.066464
0.022666
0.048555
0.022084
0.048346
0.021622
0.018621
0.020288
0.022740
0.030638
0.034762
0.057257
0.054165
0.022014
0.053753
0.025099
0.020328
0.026119
0.021144
0.043529
0.055125
0.026884
0.072803
0.044040
0.019235
0.017761
0.019638
0.018006
0.036221
0.055676
0.018593
0.033335
0.021941
0.037266
0.080703
0.022344
0.024326
0.020088
0.024858
0.062480
0.022029
0.025708
0.033935
0.019380
0.056548
0.022173
0.020318
0.019613
0.022165
0.077424
0.036287
0.027828
0.059147
0.038459
0.034949
0.024338
0.019864
0.024833
0.029646
0.062017
0.025510
0.050439
0.026260
0.061941
0.019879
0.022042
0.029266
0.032215
0.084481
0.081273
0.069144
0.023392
0.023024
0.018057
0.021187
0.017096
0.025875
0.034137
0.030007
0.045823
0.063928
0.061862
0.023399
0.017805
0.029514
0.021212
0.026732
0.062378
0.022086
0.040870
0.054031
0.024382
0.017160
0.019473
0.018645
0.018939
0.027796
0.054046
0.031000
0.025283
0.073052
0.021408
0.018981
0.018430
0.020828
0.017521
0.030872
0.085312
0.023414
0.070009
0.055796
0.039405
0.017463
0.019897
0.018105
0.017078
0.021694
0.053493
0.040784
0.033374
0.023160
0.071582
0.056260
0.019577
0.021107
0.021765
0.018572
0.024942
0.055621
0.027944
0.071843
0.024786
0.079066
0.026458
0.019175
0.018346
0.034280
0.047111
0.033633
0.018102
0.036736
0.038956
0.049066
0.022713
0.015606
0.019743
0.015355
0.062211
0.032658
0.017601
0.041816
0.024877
0.046155
0.022660
0.019089
0.021797
0.018984
0.028767
0.072754
0.057798
0.021040
0.037179
0.028181
0.050782
0.024709
0.033052
0.019284
0.062438
0.022111
0.018444
0.023775
0.019982
0.028654
0.028389
0.020363
0.061091
0.039600
0.042057
0.022802
0.021216
0.074979
0.028720
0.019347
0.030646
0.024011
0.031793
0.032243
0.102244
0.027400
0.024595
0.020032
0.020260
0.093795
0.021396
0.032920
0.021339
0.056739
0.063866
0.018395
0.017327
0.024119
0.071492
0.032986
0.018681
0.024293
0.067767
0.054422
0.016978
0.020842
0.019062
0.020448
0.017112
0.049003
0.038672
0.036204
0.021026
0.074425
0.074821
0.022744
0.023025
0.018274
0.028724
0.072428
0.032438
0.017260
