0.006922
0.021318
0.060965
0.064287
0.017242
0.025423
0.024902
0.035107
0.050163
0.021376
0.025303
0.027015
0.016735
0.025460
0.019756
0.054593
0.021442
0.036718
0.019506
0.028138
0.025444
0.016313
0.021192
0.028810
0.023811
0.056037
0.046927
0.021192
0.024265
0.021317
0.021280
0.079021
0.021362
0.026806
0.021231
0.032293
0.036640
0.047387
0.020550
0.017850
0.019156
0.048968
0.035205
0.028222
0.033350
0.019311
0.063268
0.018332
0.021921
0.024228
0.020875
0.063055
0.027462
0.021346
0.036986
0.019157
0.021330
0.047606
0.028991
0.018912
0.033006
0.046508
0.064236
0.018235
0.027702
0.050190
0.021331
0.024436
0.023145
0.056577
0.037087
0.019098
0.016902
0.019749
0.069849
0.019293
0.018328
0.020837
0.071797
0.072869
0.019822
0.067135
0.020581
0.043742
0.018915
0.016001
0.033223
0.021648
0.044337
0.020204
0.062718
0.019701
0.021423
0.059429
0.044416
0.055173
0.021083
0.026717
0.061480
0.023854
0.017858
0.017976
0.022793
0.022350
0.044652
0.016649
0.021076
0.018335
0.024515
0.018628
0.024384
0.061725
0.026709
0.059393
0.023954
0.031697
0.027662
0.060695
0.017303
0.015652
0.025861
0.070519
0.017975
0.029678
0.019015
0.046431
0.018562
0.019337
0.018250
0.026324
0.019171
0.050645
0.028501
0.017770
0.018142
0.017265
0.027517
0.027378
0.016876
0.068618
0.027358
0.019056
0.017560
0.020088
0.047065
0.032915
0.047606
0.064754
0.019946
0.032729
0.032169
0.041736
0.020265
0.056949
0.032789
0.019441
0.033606
0.056723
0.020681
0.018831
0.061730
0.035936
0.057618
0.064261
0.024290
0.018712
0.019255
0.045126
0.042711
0.020285
0.055781
0.036108
0.020263
0.017590
0.023899
0.060321
0.032496
0.020939
0.044544
0.017580
0.029199
0.018831
0.018203
0.075554
0.021102
0.056753
0.019550
0.030389
0.025696
0.026659
0.040396
0.071212
0.022954
0.021672
0.050088
0.030982
0.076120
0.070987
0.020171
0.022019
0.016415
0.074740
0.051913
0.028902
0.022105
0.053519
0.023836
0.015855
0.031503
0.020940
0.075248
0.026198
0.021310
0.017761
0.019300
0.021938
0.052144
0.031092
0.021737
0.075297
0.034312
0.020972
0.023477
0.018648
0.036861
0.033717
0.020342
0.018070
0.020310
0.018683
0.056916
0.023700
0.026318
0.031387
0.089332
0.038229
0.020201
0.026601
0.065793
0.025429
0.018625
0.024732
0.033660
0.060089
0.047350
0.019315
0.015177
0.016882
0.034355
0.065550
0.021283
0.026019
0.035721
0.082860
0.040399
0.019194
0.019336
0.018491
0.016635
0.022639
0.058761
0.032417
0.021392
0.038708
0.024197
0.022075
0.021630
0.020946
0.019053
0.097520
0.029574
0.023444
0.021443
0.022534
0.052165
0.028586
0.076645
0.056235
0.017442
0.017859
0.018770
0.028979
0.053790
0.033500
0.017140
0.021311
0.063665
0.062948
0.020684
0.024599
0.022264
0.030274
0.044231
0.026413
0.045558
0.056251
0.018770
0.023257
0.058908
0.025091
0.107063
0.040195
0.019329
0.016660
0.020236
0.015924
0.016546
0.068351
0.036402
0.029016
0.028278
0.068061
0.028887
0.019064
0.015034
0.017923
0.019375
0.015120
0.022928
0.021852
0.030514
0.030606
0.076465
0.032006
0.019971
0.019692
0.022942
0.069140
0.030050
0.018057
0.024565
0.030083
0.066084
0.037942
0.020750
0.016661
0.018961
0.015585
0.017363
0.073279
0.022120
0.032542
0.022936
0.069306
0.019874
0.018805
0.019838
0.017165
0.019482
0.049948
0.026053
0.017132
0.030522
0.085838
0.051604
0.019242
0.025354
0.018607
0.020812
0.082344
0.026313
0.048416
0.023826
0.051609
0.019389
0.019725
0.021935
0.017669
0.019189
0.076731
0.026405
0.083963
0.057064
0.016229
0.015942
0.018363
0.017050
0.022206
0.024369
0.055331
0.026485
0.035608
0.021683
0.058710
0.018648
0.014915
0.016083
0.018472
0.015669
0.016926
0.065287
0.032258
0.022498
0.050292
0.036479
0.054572
0.024363
0.018461
0.018016
0.018388
0.014892
0.018304
0.023149
0.034278
0.034963
0.020421
0.077240
0.063027
0.024623
0.027244
0.016547
0.015694
0.016654
0.026099
0.055073
0.017716
0.020309
0.020779
0.032714
0.026009
0.057029
0.030131
0.020538
0.016588
0.023481
0.070584
0.026512
0.036664
0.023360
0.033433
0.020069
0.058076
0.022789
0.034218
0.025794
0.046120
0.041241
0.021299
0.021823
0.020225
0.020698
0.023695
0.050879
0.032630
0.017219
0.060406
0.088021
0.023580
0.020758
0.020764
0.018451
0.018437
0.023780
0.041584
0.037479
0.024817
0.095635
0.043756
0.031401
0.017481
0.024505
0.024694
0.042540
0.033404
0.067031
0.031594
0.054865
0.019372
0.017664
0.018570
0.025401
0.065486
0.034443
0.022090
0.060791
0.083469
0.019539
0.017339
0.018778
0.021270
0.017546
0.020965
0.054295
0.026725
0.020664
0.030824
0.020783
0.070058
0.029039
0.020390
0.022398
0.019175
0.015833
0.019590
0.080032
0.024512
0.018977
0.024418
0.030772
0.053125
0.034372
0.025110
0.021050
0.019292
0.028104
0.022223
0.052536
0.029628
0.032372
0.017735
0.046375
0.076403
0.035700
0.019399
0.020521
0.018874
0.017619
0.020213
0.058067
0.034330
0.033011
0.022815
0.025092
0.036535
0.068019
0.017703
0.027143
0.019584
0.016501
0.023881
0.018683
0.057761
0.060886
0.020823
0.022717
0.018214
0.016922
0.024596
0.028093
0.045258
0.033598
0.020648
0.019276
0.016735
0.033128
0.060784
0.031895
0.021052
0.022335
0.037087
0.075338
0.022004
0.018774
0.018727
0.017414
0.017973
0.058883
0.031656
0.026750
0.088302
0.049045
0.030249
0.025153
0.061350
0.024689
0.021057
0.018713
0.022851
0.018913
0.038923
0.041028
0.021992
0.026289
0.026453
0.044914
0.039018
0.021554
0.022157
0.018322
0.024665
0.045568
0.032845
0.017425
0.055861
0.048647
0.019935
0.019020
0.019125
0.018307
0.047474
0.034047
0.024527
0.081934
0.041081
0.021890
0.017236
0.017651
0.036168
0.035969
0.031450
0.019867
0.031852
0.023646
0.085998
0.016696
0.015397
0.025417
0.023195
0.054598
0.023909
0.033343
0.029356
0.068079
0.039109
0.022898
0.020298
0.017531
0.017786
0.019335
0.019981
0.064731
0.036528
0.016829
0.085030
0.021017
0.046104
0.039546
0.026300
0.024829
0.022792
0.075136
0.047829
0.081400
0.016779
0.025043
0.024775
0.019633
0.061609
0.025488
0.018015
0.031328
0.029565
0.031032
0.055113
0.018679
0.017737
0.016007
0.023813
0.034970
0.032207
0.076546
0.040105
0.028335
0.017256
0.029825
0.054937
0.023507
0.030889
0.021348
0.053019
0.055894
0.025859
0.027076
0.081971
0.026429
0.024942
0.028809
0.035173
0.087288
0.023882
0.019928
0.024023
0.019380
0.024221
0.025640
0.042854
0.031465
0.021676
0.050331
0.081120
0.021434
0.019244
0.019019
0.017856
0.023031
0.043383
0.036440
0.019638
0.035280
0.050022
0.038415
0.018203
0.030093
0.018096
0.019069
0.021142
0.043288
0.026269
0.028268
0.039542
0.019245
0.025372
0.021241
0.017327
0.078286
0.021149
0.031250
0.017323
0.018281
0.058484
0.054560
0.022269
0.022077
0.019555
0.021830
0.041489
0.019063
0.021118
0.019989
0.035214
0.069184
0.064864
0.016453
0.015980
0.017462
0.053409
0.039208
0.019427
0.023395
0.027687
0.022060
0.035531
0.061976
0.055531
0.020269
0.021549
0.034809
0.028789
0.020330
0.016357
0.025820
0.017895
0.025826
0.058800
0.015989
0.053384
0.037318
0.022337
0.063161
0.021681
0.019299
0.032749
0.098454
0.083217
0.020500
0.019969
0.031367
0.024920
0.077444
0.038371
0.020914
0.018061
0.017637
0.024427
0.039011
0.032028
0.024237
0.033928
0.021180
0.066007
0.053722
0.019178
0.020732
0.018723
0.018601
0.021632
0.058973
0.020301
0.032137
0.031410
0.077228
0.044908
0.021897
0.017661
0.017625
0.023480
0.055737
0.018996
0.036563
0.019480
0.055256
0.062553
0.020069
0.018505
0.021643
0.017983
0.068694
0.026824
0.021645
0.021491
0.032851
0.067501
0.042913
0.019681
0.019200
0.025066
0.030438
0.043106
0.018039
0.031580
0.019163
0.061041
0.062939
0.018694
0.022291
0.020166
0.030058
0.028903
0.032153
0.027641
0.064311
0.069725
0.022515
0.025771
0.022315
0.021312
0.028591
0.035221
0.033372
0.028598
0.099851
0.061135
0.020494
0.018384
0.015990
0.025836
0.079090
0.034504
0.058761
0.022324
0.023623
0.038758
0.021281
0.020419
0.019654
0.049567
0.039654
0.043717
0.075215
0.030355
0.029504
0.019506
0.019820
0.020157
0.048194
0.041645
0.027192
0.019123
0.025747
0.034002
0.076157
0.037827
0.035719
0.020752
0.059707
0.028580
0.021898
0.033552
0.022623
0.076025
0.041713
0.021509
0.021041
0.026070
0.039286
0.019288
0.033730
0.041604
0.064519
0.022716
0.091330
0.019106
0.022070
0.019360
0.019734
0.023186
0.028806
0.044239
0.070435
0.048698
0.058584
0.021775
0.019334
0.019264
0.018116
0.020079
0.024905
0.028601
0.031663
0.019957
0.060413
0.036866
0.045888
0.023911
0.021015
0.018636
0.019931
0.021119
0.051772
0.029099
0.035743
0.025569
0.032597
0.054097
0.027495
0.020998
0.016453
0.023444
0.023267
0.061885
0.021821
0.028753
0.050215
0.024888
0.019468
0.017722
0.015979
0.017740
0.044766
0.051313
0.020241
0.016762
0.031074
0.025308
0.065703
0.062762
0.026746
0.020692
0.027835
0.026002
0.064881
0.036968
0.029140
0.074582
0.020406
0.062050
0.020916
0.023596
0.022343
0.024165
0.093234
0.024890
0.024625
0.018588
0.069543
0.075461
0.032136
0.022861
0.018094
0.050846
0.049172
0.033840
0.019649
0.090353
0.019837
0.024486
0.017955
0.019729
0.026051
0.066243
0.029974
0.068861
0.088871
0.057780
0.029971
0.081607
0.039760
0.022063
0.017552
0.024955
0.059305
0.029209
0.096398
