0.004478
0.067296
0.033205
0.052780
0.053870
0.078694
0.043718
0.045596
0.060756
0.026320
0.033272
0.056189
0.066996
0.065976
0.091812
0.050302
0.034610
0.075648
0.056973
0.029123
0.034369
0.026319
0.057459
0.076872
0.036503
0.067831
0.034195
0.035141
0.025315
0.078928
0.033323
0.050881
0.042872
0.037674
0.070353
0.025130
0.045664
0.066393
0.053257
0.027002
0.043446
0.083551
0.038473
0.078223
0.034786
0.033320
0.037624
0.021087
0.072865
0.025918
0.048577
0.020603
0.054201
0.076283
0.040520
0.024049
0.038330
0.038352
0.078438
0.049514
0.071973
0.039973
0.068205
0.032748
0.025280
0.049021
0.045554
0.065338
0.082247
0.028252
0.043456
0.048930
0.022940
0.029600
0.033655
0.037700
0.059783
0.075594
0.041837
0.026552
0.031872
0.026112
0.073549
0.044240
0.041448
0.069821
0.067030
0.046323
0.037221
0.066393
0.039585
0.025779
0.051744
0.042539
0.046312
