0.006295
0.020129
0.080140
0.049718
0.021779
0.018584
0.019916
0.023318
0.065545
0.033275
0.033430
0.045186
0.064713
0.056071
0.036497
0.050764
0.037789
0.032166
0.052253
0.048303
0.032871
0.035416
0.087385
0.038357
0.026718
0.056316
0.063987
0.040534
0.045232
0.035414
0.020768
0.053511
0.075819
0.080867
0.024726
0.031924
0.021276
0.045200
0.072453
0.044533
0.041202
0.084649
0.059961
0.037832
0.022718
0.019361
0.023544
0.064219
0.032797
0.030165
0.035175
0.091022
0.027635
0.046174
0.022250
0.075322
0.041836
0.018475
0.042299
0.033515
0.072314
0.022329
0.062130
0.069113
0.029581
0.029621
0.067455
0.037690
0.018632
0.019564
0.026096
0.024721
0.044555
0.043375
0.085256
0.025174
0.053766
0.020696
0.019123
0.025008
0.020757
0.050266
0.036850
0.022548
0.069478
0.078344
0.027616
0.018232
0.016589
0.032651
0.060642
0.031702
0.021834
0.090030
0.077109
0.052204
0.029934
0.020904
0.024472
0.063072
0.042278
0.041716
0.086329
0.039221
0.019583
0.044244
0.029543
0.049180
0.070056
0.026016
0.101796
0.046713
0.051232
0.066070
0.054014
0.026576
0.025079
0.023992
0.018232
0.027306
0.032804
0.025740
0.057130
0.047434
0.046110
0.076690
0.036304
0.026717
0.021653
0.020484
0.031857
0.098991
0.025043
0.075357
0.071824
0.068676
0.037101
0.057242
0.044625
0.035424
0.064559
0.021194
0.040915
0.039079
0.112045
0.023611
0.040097
0.077393
0.040890
0.020094
0.046255
0.079197
0.040211
0.065206
0.043910
0.066792
0.037625
0.020517
0.047220
0.027069
0.059822
0.023953
0.039785
0.035041
0.059370
0.044973
0.034307
0.021349
0.077465
0.028764
0.031494
0.046310
0.075198
0.056550
0.065372
0.070629
0.045674
0.025028
0.027979
0.060864
0.028194
0.038177
0.045999
0.064829
0.072254
0.054783
0.031623
0.069625
0.034538
0.052069
0.052295
0.052699
0.070645
0.043354
0.072006
0.038478
0.022280
0.045485
0.060710
0.037445
0.035920
0.111310
0.031016
0.037710
0.084102
0.029457
0.024809
0.048685
