0.014160
0.079634
0.087809
0.035631
0.023676
0.017157
0.018055
0.024150
0.032834
0.043233
0.031082
0.023407
0.038080
0.074139
0.021021
0.019205
0.020066
0.023440
0.023413
0.044336
0.022094
0.025487
0.032681
0.021284
0.067532
0.021766
0.032608
0.039446
0.068195
0.024238
0.033223
0.026832
0.060605
0.051710
0.025878
0.025465
0.020370
0.028870
0.058962
0.033795
0.022073
0.035105
0.023185
0.077727
0.023202
0.023041
0.022661
0.022188
0.017064
0.025379
0.067297
0.024752
0.035731
0.030324
0.062888
0.043902
0.028190
0.019209
0.019001
0.018688
0.017533
0.026120
0.079856
0.033178
0.041170
0.073817
0.034519
0.024254
0.017953
0.020783
0.017936
0.019148
0.044173
0.023775
0.022084
0.032629
0.023937
0.022598
0.090765
0.054274
0.024478
0.029652
0.046854
0.034333
0.027098
0.023410
0.034544
0.024099
0.063676
0.033372
0.021697
0.059953
0.058591
0.026636
0.035084
0.021547
0.030982
0.041008
0.062208
0.022432
0.022126
0.021690
0.058072
0.023982
0.020379
0.035769
0.064295
0.049638
0.034104
0.021302
0.023120
0.047565
0.039723
0.031316
0.017806
0.035477
0.077151
0.038074
0.078708
0.037113
0.065086
0.037741
0.024429
0.021543
0.022747
0.022972
0.069814
0.071885
0.037302
0.062209
0.027762
0.018765
0.019424
0.022166
0.097241
0.028103
0.062206
0.056509
0.023414
0.020112
0.019505
0.018046
0.031918
0.061693
0.035391
0.028890
0.038670
0.049487
0.022471
0.017545
0.020798
0.024220
0.036951
0.056989
0.043940
0.031737
0.018976
0.058249
0.039331
0.024493
0.026080
0.027840
0.018072
0.027019
0.060889
0.017634
0.019228
0.035247
0.025407
0.065162
0.074309
0.022946
0.019772
0.020396
0.024380
0.042445
0.064901
0.034111
0.016616
0.101815
0.048908
0.026264
0.030756
0.023773
0.025002
