0.004263
0.056521
0.023267
0.021725
0.019546
0.024228
0.061998
0.033104
0.024756
0.076358
0.036559
0.024730
0.030161
0.068512
0.048023
0.032385
0.030329
0.021274
0.073223
0.035524
0.020523
0.033659
0.061050
0.026810
0.024731
0.020409
0.023693
0.072563
0.053371
0.040604
0.031894
0.074622
0.062484
0.029396
0.054889
0.040546
0.049746
0.061841
0.066653
0.054481
0.049913
0.034464
0.062101
0.021873
0.024765
0.074056
0.044338
0.054811
0.112880
0.029883
0.038704
0.030150
0.088883
0.021563
0.031899
0.023988
0.038082
0.064960
0.063706
0.051994
0.072023
0.042089
0.020650
0.046732
0.022358
0.067296
0.030450
0.027250
0.070426
0.045736
0.037873
0.096275
0.033078
0.042100
0.043958
0.037941
0.111122
0.057608
0.086524
0.042051
0.028003
0.058432
0.025820
0.068908
0.084146
0.035864
0.060490
0.072206
0.046423
0.040748
0.091745
0.037973
0.066120
0.047366
0.045244
0.037344
0.050800
0.038492
0.023132
0.045377
0.046865
0.022492
0.092228
0.046605
0.040169
0.082825
0.018076
0.018651
0.040201
0.063772
0.027623
0.068710
0.048038
0.081600
0.024773
0.042589
0.084666
0.029379
0.043605
0.024379
0.059706
0.039829
0.040387
0.038178
0.021947
0.067404
0.043313
0.053271
0.041799
0.076152
0.051663
0.023932
0.054010
0.064907
0.022827
0.036037
0.036965
0.027207
0.063440
0.024777
0.024200
0.033832
0.043320
0.029798
0.047544
0.091467
0.027418
0.069561
0.049844
0.040846
0.022777
0.024730
0.053601
0.073343
0.044585
0.076704
0.034062
0.036157
0.036082
0.070453
0.064553
0.072049
0.065904
0.055817
0.042450
0.031006
0.028429
0.067404
0.095807
0.065703
0.027123
0.031244
0.029121
0.051877
0.074752
0.072925
0.091249
0.051984
0.032828
0.083405
0.028990
0.047145
0.042564
0.032160
0.098077
0.031888
0.047354
0.032760
0.059360
0.030833
0.033783
0.048141
0.085047
0.055366
0.021083
0.024288
0.044945
0.061477
0.033026
0.034226
0.034911
0.063909
0.054831
0.049459
0.027772
0.075476
0.025029
0.021942
0.024748
0.022524
0.042855
0.038306
0.019471
0.037838
0.081757
0.035801
0.040341
0.023592
0.073519
0.020660
0.016249
0.018141
0.024936
0.019943
0.033984
0.050287
0.056010
0.019683
0.020674
0.022267
0.025796
0.017963
0.017340
0.030401
0.050625
0.032470
0.058370
0.083009
0.052714
0.021579
0.020079
0.024686
0.048095
0.023416
0.025917
0.021968
0.024431
0.031753
0.071511
0.038966
0.026443
0.018809
0.025925
0.053140
0.022137
0.022366
0.065977
0.060836
0.033435
0.046571
0.021882
0.018106
0.019037
0.023994
0.049616
0.035021
0.022176
0.071218
0.074989
0.019215
0.021917
0.021209
0.023661
0.066010
0.042399
0.050452
0.042708
0.021148
0.058041
0.017968
0.017709
0.018191
0.019648
0.052663
0.027241
0.027122
0.031289
0.022193
0.096428
0.045074
0.049738
0.025348
0.019709
0.016757
0.018224
0.049649
0.034041
0.033547
0.021799
0.090835
0.025172
0.017793
0.016894
0.021192
0.017254
0.018259
0.025301
0.054226
0.022964
0.030165
0.033924
0.019389
0.059195
0.042848
0.017026
0.017969
0.018616
0.028059
0.060360
0.030894
0.032826
0.068169
0.056393
0.029376
0.019017
0.020239
0.017340
0.059954
0.018977
0.033405
0.024809
0.052676
0.022335
0.037937
0.026011
0.032459
0.045672
0.020756
0.022858
0.033175
0.056310
0.043576
0.019601
0.020185
0.016918
0.018187
0.020763
0.056848
0.029650
0.032872
0.075032
0.040684
0.019692
0.023400
0.015704
0.037894
0.043639
0.031325
0.018403
0.058577
0.055637
0.034973
0.022036
0.018751
0.030651
0.021710
0.038809
0.034536
0.019913
0.033772
0.078702
0.023855
0.020135
0.017220
0.017014
0.017588
0.022517
0.027735
0.038584
0.032955
0.020056
0.053178
0.080239
0.025955
0.035147
0.025580
0.021172
0.033140
0.064585
0.033315
0.066544
0.054033
0.025262
0.022273
0.025975
0.046105
0.024495
0.027577
0.033674
0.064539
0.032637
0.063453
0.021252
0.017890
0.017021
0.054103
0.022912
0.022259
0.028862
0.066410
0.054589
0.029120
0.022184
0.021085
0.017606
0.017273
0.020200
0.019294
0.048796
0.029863
0.018096
0.028011
0.017714
0.034162
0.030191
0.081806
0.038018
0.029554
0.021276
0.019689
0.067166
0.017466
0.016797
0.020897
0.030750
0.015416
0.066541
0.032751
0.022415
0.058704
0.070315
0.019157
0.058260
0.035914
0.029908
0.031222
0.022810
0.022506
0.059464
0.030524
0.016991
0.022315
0.023054
0.028322
0.039420
0.031047
0.020729
0.051326
0.023345
0.018041
0.019917
0.020315
0.015922
0.031978
0.035096
0.090146
0.020736
0.021448
0.021028
0.017560
0.028725
0.033867
0.020957
0.020679
0.033617
0.031102
0.022928
0.056899
0.022833
0.019243
0.019750
0.021957
0.029976
0.059728
0.036727
0.025143
0.050882
0.056301
0.048633
0.017451
0.021081
0.017443
0.018864
0.065371
0.029074
0.028556
0.026237
0.033170
0.034672
0.035867
0.055441
0.018660
0.021663
0.034207
0.034431
0.032036
0.016501
0.059688
0.051310
0.019513
0.018624
0.026663
0.058051
0.032160
0.022042
0.074599
0.069594
0.024129
0.018581
0.021781
0.023203
0.017710
0.019283
0.043571
0.017737
0.031482
0.028253
0.020705
0.090395
0.018362
0.023318
0.017546
0.022401
0.019723
0.016077
0.018250
0.051691
0.084795
0.037410
0.027615
0.053076
0.019582
0.018655
0.026539
0.022652
0.034630
0.041464
0.031854
0.031625
0.048106
0.036605
0.019106
0.036760
0.070477
0.028712
0.020743
0.026763
0.064569
0.079041
0.052738
0.067752
0.020294
0.039706
0.027363
0.039869
0.029675
0.034787
0.021887
0.060906
0.081334
0.025245
0.046521
0.069308
0.023258
0.028001
0.033538
0.063589
0.061142
0.021966
0.024756
0.020905
0.018135
0.018672
0.041191
0.031482
0.036771
0.106729
0.043227
0.027261
0.042792
0.053488
0.050399
0.030631
0.018440
0.035650
0.042228
0.038084
0.024788
0.041042
0.028673
0.022825
0.028962
0.051969
0.026409
0.025408
0.034106
0.036293
0.073700
0.053354
0.019317
0.018060
0.032802
0.065307
0.020044
0.025704
0.036373
0.030609
0.083995
0.066520
0.078126
0.035771
0.023000
0.020549
0.018569
0.044380
0.059993
0.034250
0.018344
0.092217
0.047059
0.019607
0.025922
0.019552
0.019003
0.052166
0.020536
0.042408
0.032596
0.021013
0.046790
0.019933
0.031414
0.063177
0.021317
0.050553
0.033373
0.067326
0.032167
0.019802
0.023689
0.032511
0.101760
0.109628
0.053284
0.075756
0.026721
0.034104
0.037864
0.047846
0.081446
0.049599
0.036857
0.071138
0.045047
0.029588
0.023465
0.086653
0.081767
0.038020
0.066274
0.021011
0.024027
0.015678
0.022290
0.037517
0.032166
0.037609
0.068466
0.065448
0.041018
0.025429
0.038437
0.020577
0.024470
0.055726
0.018824
0.071723
0.023702
0.072191
0.021782
0.027797
0.019898
0.024796
0.024396
0.048542
0.081419
0.032966
0.040634
0.049621
0.018662
0.018845
0.021640
0.025060
0.026972
0.033233
0.031053
0.074137
0.051924
0.019262
0.026344
0.021569
0.050658
0.058656
0.020812
0.059649
0.057502
0.037363
0.018164
0.025764
0.028516
0.068999
0.045840
0.033809
0.030028
0.068647
0.040125
0.021465
0.046753
0.022054
0.032819
0.032878
0.020317
0.068853
0.043483
0.020356
0.017945
0.063002
0.019167
0.036179
0.060001
0.067708
0.034770
0.055570
0.026811
0.018961
0.036942
0.065501
0.036252
0.018247
0.087940
0.052715
0.025042
0.021680
0.025150
0.034276
0.033967
0.021000
0.022909
0.067241
0.044477
0.079709
0.027147
0.028269
0.068206
0.021928
0.026119
0.032192
0.028781
0.099234
0.052443
0.024912
0.021181
0.020599
0.021234
0.069181
0.018633
0.034900
0.040237
0.089732
0.025273
0.027700
0.020370
0.016437
0.015582
0.028023
0.059806
0.034964
0.018877
0.054868
0.032165
0.050990
0.042728
0.033186
0.029651
0.028632
0.048380
0.021363
0.069653
0.034075
0.039942
0.019091
0.036000
0.071439
0.020798
0.035728
0.028290
0.110281
0.022423
0.018208
0.024372
0.023170
0.021490
0.050056
0.043674
0.022956
0.051182
0.029324
0.035165
0.086852
0.039452
0.059035
0.030563
0.061303
0.023889
0.036435
0.020199
0.026380
0.039590
0.044276
0.027639
0.051740
0.037809
0.070129
0.032438
0.020994
0.044739
0.033894
0.018589
0.032471
0.042573
0.080242
0.021051
0.031347
0.034400
0.041652
0.020577
0.018925
0.016418
0.030941
0.023569
0.027348
0.024741
0.046326
0.031546
0.033798
0.017655
0.018493
0.018188
0.029310
0.050146
0.042604
0.021105
0.065615
0.069015
0.024125
0.023176
0.020171
0.023230
0.023514
0.044937
0.080818
0.045233
0.023311
0.027855
0.048463
0.021047
0.020252
0.038588
0.028310
0.042650
0.047471
0.053334
0.040884
0.047205
0.020197
0.048957
0.055619
0.032921
0.032423
0.065635
0.031586
0.030591
0.018265
0.022492
0.068467
0.028726
0.026886
0.020946
0.039891
0.040299
0.054944
0.022753
0.038933
0.021835
0.046419
0.062911
0.023037
0.034043
0.034136
0.019910
0.068073
0.051557
0.020868
0.019399
0.020060
0.025666
0.017657
0.035259
0.018867
0.022838
0.018990
0.032570
0.051844
0.070603
0.034103
0.018802
0.024944
0.018202
0.028132
0.091158
0.030890
0.053315
0.087545
0.027622
0.022539
0.019760
0.017290
0.017146
0.025801
0.025226
0.065360
0.035138
0.061051
0.055902
0.055276
0.025873
0.029308
0.026159
0.080939
0.027431
0.077065
0.077710
0.045360
0.017842
0.034580
0.092343
0.023744
0.020725
0.033491
0.028424
0.021106
0.075079
0.026123
0.019958
0.020167
0.036529
0.043134
0.033504
0.034248
0.058916
0.056476
0.044414
0.023445
0.030222
0.027435
0.021351
0.048834
0.024488
0.024909
0.033787
0.021257
0.038137
0.021281
0.019521
0.024157
0.023937
0.051011
0.028327
0.020728
0.032472
0.035431
0.075983
0.038637
0.018535
0.030593
0.018250
0.019878
0.064242
0.049541
0.032359
0.077748
0.022998
0.023110
0.019725
0.018705
0.021375
0.020750
0.057300
0.081815
0.019201
0.033114
0.031236
0.063045
0.041787
0.036569
0.087583
0.035390
0.022367
0.025177
0.080642
0.027327
0.033215
0.031665
0.059736
0.021724
0.019060
0.018845
0.047709
0.039840
0.021533
0.028486
0.033120
0.037124
0.053512
0.030078
0.056677
0.022198
0.028478
0.022113
0.065683
0.030926
0.018798
0.026805
0.020711
0.065088
0.033663
0.045345
0.062037
0.039575
0.021273
0.020422
0.060545
0.022234
0.034602
0.041205
0.058169
0.020999
0.022977
0.016669
0.029400
0.046872
0.037714
0.064443
0.050903
0.027287
0.019325
0.021059
0.054201
0.034085
0.032744
0.028520
0.034134
0.020391
0.024781
0.060533
0.024673
0.028059
0.048770
0.034688
0.020379
0.022810
0.020340
0.048085
0.039345
0.019811
0.040831
0.055502
0.020504
0.022107
0.019837
0.022900
0.056390
0.019740
0.041580
0.025758
0.055340
0.019965
0.050455
0.043858
0.057121
0.057821
0.026073
0.061422
0.038372
0.037325
0.023467
0.048106
0.076228
0.073804
0.059710
0.050713
0.021045
0.030864
0.055016
0.081819
0.048399
0.025048
0.035395
0.088235
0.022727
0.034912
0.044374
0.022301
0.086458
0.038143
0.066864
0.061706
0.026781
0.054176
0.048990
0.030735
0.065504
0.052775
0.086398
0.108275
0.017498
0.048921
0.045074
0.019051
0.041727
0.044838
0.039553
0.073396
0.087227
0.047574
0.041160
0.102990
0.018951
0.032923
0.061173
0.076051
0.046425
0.036779
0.055581
0.069284
0.068228
0.050073
0.051643
0.070053
0.046414
0.044616
0.093760
0.076085
0.051707
0.053898
0.055897
0.038977
0.040024
0.095565
0.046674
0.028949
0.034959
0.076429
0.023093
0.041134
0.032516
0.060636
0.040565
0.054046
0.071946
0.049017
0.022138
0.052733
0.050819
0.035739
0.022006
0.082075
0.035462
0.034857
0.027758
0.020486
0.116802
0.044155
0.029902
0.087313
0.057030
0.049575
0.044333
0.100346
0.036254
0.032783
0.089823
0.044847
0.038061
0.041352
0.036746
0.065340
0.053744
0.070679
0.022079
0.024413
0.038697
0.089421
0.028675
0.072859
0.027998
0.034781
0.054004
0.058699
0.058684
0.034337
0.035332
0.061580
0.039077
0.023307
0.066744
0.055882
0.057643
0.092740
0.024282
0.026100
0.032681
0.076091
0.083157
0.100289
0.045616
0.028277
0.045541
0.029800
0.061482
0.044168
0.019814
0.070311
0.063715
0.050919
0.020856
0.051293
0.039526
0.077713
0.023122
0.045537
0.046494
0.074224
0.042022
0.022532
0.024946
0.043494
0.056845
0.041669
0.047526
0.030933
0.067864
0.058041
0.035359
0.053731
0.057947
0.034502
0.053697
0.034132
0.050700
0.044593
0.055758
0.076992
0.067380
0.021599
0.020513
0.031687
0.082412
0.021010
0.048720
0.032153
0.055915
0.106721
0.039455
0.034957
0.036981
0.068131
0.031673
0.021992
0.081181
0.059475
0.062434
0.049200
0.079604
0.068331
0.044206
0.079800
0.092640
0.035976
0.045680
0.053243
0.034493
0.027261
0.031490
0.090883
0.086510
0.027429
0.071865
0.036415
0.042892
0.046783
0.051767
0.057145
0.022015
0.033409
0.030811
0.083130
0.050037
0.046724
0.064051
0.048751
0.046922
0.084937
0.026224
0.025942
0.028466
0.021285
0.020090
0.061633
0.057365
0.093378
0.073242
0.083069
0.039246
0.028911
