0.023449
0.030090
0.023297
0.038792
0.021481
0.024560
0.023026
0.060150
0.023391
0.024935
0.067380
0.088594
0.022587
0.024952
0.034795
0.025972
0.026724
0.022140
0.037498
0.080409
0.039009
0.020340
0.022290
0.030502
0.061231
0.028249
0.033562
0.019258
0.098376
0.044422
0.023137
0.030993
0.018605
0.025785
0.054915
0.032586
0.018838
0.044917
0.068611
0.047402
0.032907
0.021598
0.033339
0.029715
0.058693
0.082377
0.050853
0.064637
0.035069
0.047637
0.018249
0.059123
0.042177
0.045425
0.064998
0.044402
0.035174
0.038342
0.036879
0.065522
0.047833
0.055761
0.111031
0.035232
0.045749
0.027754
0.059631
0.041462
0.033389
0.089844
0.058217
0.058850
0.040362
0.035944
0.019265
0.051732
0.062946
0.052146
0.040950
0.055982
0.033925
0.028740
0.019449
0.063401
0.046028
0.019189
0.035829
0.037133
0.045686
0.049814
0.071231
0.052301
0.024792
0.057247
0.042890
0.022851
0.034684
0.057345
0.068687
0.061809
0.077192
0.056377
0.029662
0.046163
0.048707
0.054610
0.029913
0.038746
0.089997
0.040954
0.052048
0.039439
0.077170
0.044521
0.079079
0.071669
0.030005
0.042607
0.021250
0.078053
0.037287
0.022552
0.047320
0.047388
0.053447
0.065920
0.088442
0.032932
0.062617
0.040917
0.022734
0.072065
0.040267
0.039157
0.071047
0.064624
0.035844
0.029052
0.051337
0.036075
0.037497
0.021810
0.087626
0.037235
0.055218
0.041390
0.060341
0.061230
0.040280
0.034482
0.023944
0.068303
0.037606
0.029087
0.081065
0.042631
0.030816
0.030900
0.039283
0.018754
0.029022
0.070933
0.041190
0.083279
0.073015
0.040470
0.030283
0.019684
0.071837
0.050701
0.027313
0.039829
0.057885
0.026774
0.041322
0.090745
0.029697
0.021369
0.045384
0.069832
0.038712
0.035959
0.038895
0.069954
0.047584
0.038166
0.037822
0.031596
0.051548
0.031233
0.050131
0.023174
0.073484
0.056489
0.031828
0.047257
0.026495
0.073134
0.076980
0.042028
0.023644
0.068840
0.049576
0.035585
0.046596
0.067385
0.035512
0.027240
0.036031
0.056894
0.030654
0.041131
0.040544
0.065831
0.053854
0.028462
0.063849
0.057904
0.024615
0.071982
0.042028
0.066460
0.062023
0.040217
0.020243
0.053616
0.060928
0.034846
0.022569
0.048939
0.059573
0.073051
0.033595
0.024437
0.064214
0.088374
0.035995
0.068694
0.099728
0.027736
0.033995
0.054727
0.092799
0.053797
0.040289
0.040207
0.092745
0.051883
0.070610
0.036512
0.024605
0.034170
0.031180
0.090064
0.043155
0.043960
0.056882
0.071342
0.029674
0.042393
0.069546
0.090997
0.022321
0.072407
0.032782
0.016848
0.016769
0.074843
0.046019
0.063929
0.064026
0.069099
0.049184
0.050124
0.060062
0.034156
0.077673
0.072044
0.032247
0.040790
0.072566
0.021198
0.063407
0.041617
0.029607
0.030632
0.048436
0.040509
0.040672
0.051378
0.064603
0.027079
0.025783
0.079498
0.046043
0.022493
0.073756
0.035621
0.042460
0.039352
0.065521
0.044661
0.042809
0.068775
0.080884
0.048013
0.062580
0.029882
0.040502
0.078867
0.037957
0.045763
0.032933
0.098123
0.038969
0.024419
0.047884
0.022518
0.072668
0.021139
0.031655
0.040871
0.082811
0.060799
0.078445
0.045759
0.022552
0.032571
0.091299
0.037136
0.086569
0.050832
0.069544
0.051609
0.033994
0.078871
0.026235
0.047666
0.042747
0.040499
0.082342
0.071925
0.038014
0.058890
0.039538
0.050042
0.024543
0.037336
0.031795
0.043968
0.036271
0.035147
0.094308
0.039856
0.031027
0.022281
0.024385
0.071520
0.024173
0.032612
0.026208
0.059273
0.048509
0.048166
0.040480
0.067905
0.031457
0.045204
0.086576
0.034253
0.030255
0.089035
0.042413
0.020722
0.038671
0.037333
0.030506
0.031363
0.046813
0.047811
0.075320
0.057496
0.031230
0.022352
0.044146
0.082858
0.032648
0.031730
0.071343
0.090554
0.035777
0.093627
0.023564
0.022130
0.025142
0.029957
0.030365
0.049796
0.073638
0.033371
0.019729
0.021050
0.085240
0.019113
0.021359
0.036821
0.048100
0.066961
0.023175
0.066853
0.029354
0.022681
0.022348
0.028386
0.051526
0.019460
0.067440
0.021710
0.031663
0.052851
0.024190
0.020956
0.043757
0.064658
0.037597
0.046012
0.046918
0.064784
0.030493
0.022429
0.030171
0.021547
0.022533
0.078522
0.033525
0.074341
0.072365
0.019491
0.054115
0.028099
0.019884
0.022936
0.059174
0.030467
0.088362
0.025052
0.019121
0.021389
0.058834
0.020410
0.016698
0.045337
0.028967
