0.006127
0.019832
0.035083
0.021502
0.029678
0.022509
0.021158
0.018220
0.030105
0.031955
0.025867
0.025913
0.033498
0.020617
0.063330
0.058827
0.022545
0.019564
0.021015
0.017477
0.023231
0.070397
0.038012
0.024741
0.066283
0.049314
0.035296
0.044341
0.100435
0.029412
0.044559
0.055974
0.052105
0.025665
0.021966
0.063810
0.035826
0.035820
0.027628
0.076611
0.033515
0.079957
0.086745
0.063495
0.066247
0.055310
0.029427
0.045030
0.024588
0.090646
0.054153
0.058549
0.085982
0.043793
0.032003
0.074894
0.038827
0.038032
0.022696
0.079273
0.022661
0.033962
0.032755
0.072461
0.019568
0.028649
0.036009
0.087197
0.044930
0.062929
0.077179
0.054684
0.053568
0.049874
0.086988
0.031464
0.087256
0.054017
0.024956
0.050590
0.047588
0.023546
0.056118
0.039264
0.075533
0.038558
0.036442
0.079366
0.050011
0.022983
0.037200
0.085202
0.020722
0.031008
0.036705
0.108228
0.058361
0.045519
0.041854
0.029166
0.053785
0.041005
0.032365
0.040173
0.074254
0.042646
0.075333
0.072819
0.033172
0.039324
0.030873
0.073583
0.031164
0.048133
0.055638
0.103465
0.019848
0.030576
0.078319
0.038857
0.041610
0.041150
0.075634
0.082352
0.074380
0.039662
0.034954
0.034329
0.075195
0.042830
0.032935
0.042033
0.105630
0.039653
0.045032
0.024408
0.022925
0.062317
0.022519
0.026456
0.039873
0.080482
0.021246
0.046787
0.081975
0.038557
0.023994
0.027340
0.055308
0.038927
0.034814
0.032944
0.051400
0.060683
0.040822
0.021740
0.072606
0.029204
0.033170
0.039892
0.093904
0.023285
0.033664
0.040566
0.027517
0.069483
0.038108
0.049326
0.028021
0.061215
0.049371
0.054708
0.073978
0.016719
0.053310
0.048131
0.028639
0.064648
0.083108
0.033483
0.022472
0.059730
0.052432
0.048784
0.037232
0.084092
0.042254
0.071728
0.050909
0.048043
0.023096
0.065245
0.054301
0.040545
0.111464
0.054072
0.040452
0.075297
0.041308
0.044525
0.025558
0.034818
0.073492
0.059447
0.066974
0.050332
0.043981
0.032688
0.019660
0.042260
0.066983
0.067647
0.029731
0.036977
0.084992
0.031464
0.039882
0.037894
0.066751
0.068299
0.046542
0.069496
0.056171
0.081070
0.037187
0.022751
0.037359
0.063819
0.036913
0.048487
0.056759
0.037267
0.037547
0.080111
0.047110
0.020442
0.032950
0.083103
0.030565
0.074439
0.052883
0.048755
0.036428
0.033145
0.078245
0.039932
0.027895
0.053974
0.077101
0.061785
0.057115
0.041893
0.032274
0.078638
0.039487
0.031845
0.025332
0.054829
0.053638
0.057694
0.023532
0.022105
0.028949
0.065017
0.034577
0.024227
0.038840
0.052515
0.077682
0.030797
0.035962
0.073140
0.029475
0.059399
0.041359
0.052902
0.060539
0.071353
0.085208
0.047458
0.041934
0.022314
0.040096
0.040324
0.021641
0.043485
0.023537
0.088763
0.075221
0.047411
0.030577
0.016643
0.059209
0.032291
0.045601
0.046103
0.069506
0.041678
0.028497
0.072389
0.052014
0.034322
0.026060
0.021905
0.044791
0.098082
0.062088
0.020351
0.026159
0.020134
0.025939
0.080231
0.038477
0.052924
0.075948
0.055548
0.031285
0.033573
0.072837
0.021238
0.033457
0.029173
0.038330
0.095131
0.065113
0.021604
0.036293
0.053425
0.065584
0.029815
0.038987
0.034133
0.078161
0.040397
0.038113
0.036993
0.082465
0.025636
0.032641
0.022994
0.052685
0.072886
0.022053
0.027191
0.115792
