0.003242
0.047307
0.025573
0.067256
0.039054
0.063575
0.025203
0.054420
0.030679
0.023584
0.033828
0.019369
0.063260
0.036605
0.026365
0.019981
0.016705
0.016801
0.020607
0.097947
0.030838
0.018517
0.083849
0.035798
0.022739
0.015452
0.016698
0.017277
0.022278
0.016753
0.026900
0.065086
0.033867
0.024774
0.046901
0.058440
0.036647
0.023662
0.022728
0.018736
0.021829
0.041355
0.041593
0.017502
0.049460
0.062548
0.018597
0.016683
0.026615
0.027203
0.029702
0.025074
0.079782
0.037285
0.020311
0.051214
0.030431
0.071375
0.032224
0.034020
0.027581
0.039120
0.077560
0.056179
0.019716
0.019520
0.030856
0.083803
0.024078
0.029439
0.025935
0.034036
0.020729
0.056198
0.045860
0.020241
0.015931
0.017581
0.025269
0.079705
0.016423
0.022872
0.023972
0.021114
0.041529
0.052804
0.031924
0.024590
0.027554
0.053551
0.038561
0.026465
0.027288
0.058488
0.034417
0.016601
0.074357
0.056781
0.020766
0.018105
0.031362
0.050011
0.018381
0.025361
0.027111
0.082957
0.070025
0.024241
0.065956
0.020192
0.021208
0.019935
0.027556
0.023648
0.072393
0.063304
0.041157
0.061351
0.017539
0.018187
0.021268
0.019635
0.073250
0.018218
0.069910
0.045485
0.043004
0.077097
0.022135
0.022671
0.047419
0.057683
0.040149
0.031521
0.074700
0.044411
0.021959
0.018258
0.022231
0.018803
0.023723
0.076622
0.021584
0.036247
0.032902
0.066121
0.076813
0.047720
0.021860
0.040950
0.068395
0.024052
0.020665
0.021804
0.065766
0.043146
0.063823
0.050578
0.020411
0.017288
0.017552
0.019827
0.055082
0.020270
0.035856
0.029732
0.049116
0.060561
0.039316
0.031475
0.039662
0.019409
0.023402
0.023805
0.016752
0.083151
0.028683
0.063849
0.029032
0.062234
0.049057
0.020398
0.018789
0.023692
0.027198
0.026639
0.061828
0.081656
0.020583
0.021295
0.050509
0.044479
0.022955
0.026675
0.043742
0.033981
0.021557
0.034014
0.027818
0.057797
0.026788
0.020589
0.036124
0.049675
0.027494
0.026868
0.026554
0.089674
0.043901
0.028722
0.017518
0.017486
0.019782
0.023208
0.051530
0.026130
0.026944
0.031393
0.029529
0.069688
0.028781
0.022782
0.028490
0.017823
0.025788
0.068189
0.034411
0.087738
0.066095
0.020073
0.018473
0.020906
0.017762
0.022537
0.062563
0.023098
0.020302
0.031881
0.027691
0.076089
0.019534
0.022178
0.017929
0.018212
0.062947
0.022316
0.020765
0.035812
0.023132
0.059183
0.038952
0.017787
0.017149
0.021507
0.016937
0.017632
0.062451
0.018492
0.024309
0.030622
0.023621
0.032668
0.067255
0.017977
0.014605
0.017867
0.020636
0.019922
0.033537
0.032659
0.037094
0.026104
0.017170
0.041628
0.042200
0.029261
0.021536
0.017449
0.018689
0.025538
0.059315
0.038532
0.018694
0.053038
0.048240
0.027159
0.016142
0.019646
0.016169
0.015661
0.017094
0.021631
0.067974
0.036533
0.020418
0.071008
0.066901
0.045220
0.020285
0.020697
0.026972
0.070751
0.021279
0.025444
0.019949
0.020484
0.059372
0.054321
0.019113
0.019984
0.019711
0.020118
0.022044
0.074136
0.023988
0.059850
0.074718
0.029334
0.019316
0.038809
0.022338
0.024785
0.070091
0.035415
0.031785
0.063170
0.054760
0.029611
0.022862
0.025542
0.031672
0.076876
0.022142
0.023979
0.019311
0.031858
0.083949
0.082033
0.033071
0.025987
0.027461
0.030055
0.076266
0.021382
0.068990
0.021599
0.023570
0.019620
0.018476
0.034083
0.048939
0.037519
0.033287
0.089925
0.058102
0.020383
0.019747
0.025785
0.064768
0.024246
0.037627
0.018325
0.031824
0.050402
0.019680
0.018517
0.024874
0.018845
0.030272
0.027652
0.024076
0.025889
0.032056
0.064087
0.049151
0.018422
0.017485
0.026636
0.054508
0.056490
0.020518
0.021983
0.055393
0.058323
0.036607
0.022223
0.023457
0.071313
0.027115
0.022216
0.025526
0.031708
0.035024
0.055957
0.034272
0.026995
0.017927
0.018714
0.064625
0.036113
0.032692
0.021121
0.024218
0.079771
0.033324
0.023417
0.024784
0.019496
0.022581
0.083691
0.017437
0.027526
0.019144
0.065954
0.040589
0.020935
0.022059
