173,96,20,25
171,90,20,27
170,91,22,27
169,92,22,26
169,93,21,26
167,95,20,28
166,96,22,29
165,99,20,27
164,102,20,27
163,104,22,27
162,107,20,27
162,108,20,28
158,112,23,29
159,113,22,28
158,115,21,29
157,118,22,27
156,116,22,28
156,119,21,29
155,120,22,28
156,120,22,27
154,122,24,28
155,120,22,29
154,121,22,28
155,121,22,28
155,121,22,28
155,119,22,28
156,118,22,28
154,119,22,25
155,113,21,28
156,112,22,28
155,111,22,27
156,109,21,28
155,110,20,26
156,106,20,28
154,103,20,28
153,104,22,28
153,103,22,27
153,103,20,28
152,104,21,28
153,104,21,29
151,104,21,29
152,106,19,28
150,108,21,28
149,113,21,26
148,114,21,28
149,118,22,26
148,120,22,28
148,123,22,27
149,127,23,26
149,126,22,30
149,133,22,24
150,132,22,27
150,136,23,25
153,135,22,28
153,140,22,25
154,141,22,25
154,145,23,23
155,146,23,21
155,147,23,23
155,146,25,22
157,146,22,25
156,147,23,26
158,148,23,27
159,151,21,24
159,154,22,22
159,153,23,23
160,155,23,25
159,156,23,24
160,156,22,24
161,158,23,24
161,157,22,27
160,156,22,27
159,157,23,26
160,157,22,26
159,158,22,24
159,153,22,25
159,151,21,25
159,148,21,25
158,143,21,26
158,142,22,25
158,141,22,25
158,139,21,28
157,140,23,27
157,140,22,28
157,142,22,27
156,146,22,26
156,146,21,27
157,150,21,27
156,155,21,26
156,156,21,28
155,159,22,28
154,162,22,28
156,164,21,30
154,168,23,32
153,178,24,26
156,178,21,32
157,179,19,32
157,180,21,30
156,179,22,31
159,182,21,27
160,179,21,30
161,181,21,25
161,181,22,25
161,177,22,26
161,176,22,26
160,176,25,25
163,175,23,26
164,175,23,24
163,175,24,26
163,175,24,24
164,174,24,25
164,173,22,27
164,174,24,28
164,176,22,28
164,176,23,29
165,179,22,28
165,178,21,28
163,180,22,28
164,182,21,28
165,181,20,31
163,185,21,28
164,182,21,29
162,179,22,30
164,179,21,29
163,179,23,28
164,175,21,28
162,172,24,28
161,168,25,29
160,162,24,30
162,163,24,30
162,164,22,29
162,164,23,28
160,165,26,27
161,164,25,29
161,163,26,30
161,163,27,31
161,167,27,32
162,167,26,33
164,174,25,29
166,178,25,31
166,180,24,32
166,185,22,30
166,186,27,31
167,191,27,28
167,193,26,28
167,194,28,28
168,195,28,26
171,195,27,30
173,194,26,33
173,193,26,34
175,189,27,37
176,194,27,34
177,191,27,32
176,193,27,32
177,192,29,32
179,190,28,30
184,188,26,36
182,187,26,30
183,181,26,32
185,182,25,35
186,181,25,30
187,178,25,33
189,181,25,32
189,180,26,32
189,175,27,35
190,179,27,33
189,181,29,30
190,183,27,31
192,183,26,32
191,186,28,30
188,188,28,33
190,190,27,34
189,192,29,35
187,190,29,32
188,190,28,36
187,199,31,32
186,198,30,32
188,196,26,35
187,204,26,28
186,205,27,28
185,205,27,26
183,202,29,31
183,198,28,34
182,191,28,43
179,191,33,44
178,187,30,44
180,187,30,41
178,197,31,33
179,191,30,36
179,187,28,36
177,187,30,33
176,190,29,30
177,189,24,27
176,188,22,29
176,184,23,28
175,182,22,30
173,163,30,37
171,175,26,31
170,174,27,30
170,174,25,27
169,173,25,29
168,169,25,30
165,169,28,30
165,168,27,30
163,167,29,29
163,167,28,29
160,166,30,33
161,165,29,33
161,162,28,34
159,171,28,29
159,168,27,34
159,171,27,31
158,177,28,30
158,177,26,31
158,178,25,31
158,179,24,32
158,180,24,31
156,180,26,30
155,177,27,35
151,178,29,32
151,175,29,35
156,178,25,37
158,180,24,31
156,180,25,31
156,180,27,31
157,179,26,31
156,177,26,30
158,177,24,31
156,175,27,30
155,174,27,29
159,174,24,30
158,174,26,28
158,172,28,28
158,174,26,28
158,172,26,29
158,173,27,28
159,174,26,28
160,174,26,27
159,175,25,28
161,176,24,29
159,176,26,27
159,177,25,29
159,178,25,28
159,178,25,28
159,179,24,32
159,181,24,29
158,180,25,31
154,178,29,30
156,178,27,29
157,178,23,34
156,176,27,28
156,176,26,29
157,174,26,31
154,172,29,28
155,169,29,30
155,168,30,30
156,167,30,30
157,166,30,29
161,169,26,29
162,168,27,31
164,167,26,33
161,174,30,28
168,163,30,40
167,172,31,34
183,136,50,43
197,127,73,56
193,26,69,80
196,9,68,58
194,8,70,59
194,6,71,62
200,7,68,59
201,8,68,60
202,8,68,64
205,9,67,62
209,10,64,57
210,7,66,61
214,9,64,66
209,9,69,63
212,9,69,91
215,11,68,66
217,11,68,55
220,8,66,87
218,8,69,64
221,9,69,58
221,9,70,63
219,9,73,60
224,9,70,57
245,9,49,70
224,10,71,58
231,10,68,58
231,9,69,65
228,9,73,66
231,10,72,58
229,9,73,62
234,9,71,62
235,9,70,63
232,9,73,60
250,10,57,65
240,9,68,56
251,9,57,64
240,9,71,60
241,9,69,62
242,10,70,63
249,10,65,61
249,9,66,63
249,9,68,63
251,10,68,92
250,11,70,69
253,11,70,65
255,10,70,60
255,9,71,67
256,10,71,63
258,11,71,70
258,12,73,92
260,12,71,65
258,10,74,64
259,10,73,64
263,11,71,61
262,10,75,64
266,12,71,66
266,13,75,67
266,10,72,61
268,12,70,72
266,12,73,59
271,10,70,70
269,12,73,64
269,10,73,61
269,8,74,65
272,11,72,91
272,11,77,86
270,11,75,68
273,11,78,66
275,9,70,60
276,12,72,62
282,11,66,66
280,11,75,61
279,12,74,66
283,12,70,65
283,10,74,67
286,12,70,65
286,14,71,67
288,14,70,66
287,15,71,91
289,13,70,68
290,12,70,70
292,15,71,65
290,15,75,68
288,15,77,68
295,15,71,60
295,12,73,63
300,14,70,64
309,16,62,66
301,15,69,67
300,15,70,61
309,15,64,63
303,13,70,65
307,16,68,65
300,16,75,59
312,17,63,64
316,15,60,63
319,16,58,70
321,16,57,63
325,17,59,63
318,17,66,64
319,17,67,60
332,17,57,65
320,16,70,58
329,17,66,66
322,16,74,64
326,16,71,65
324,16,75,65
321,17,77,69
330,17,67,60
328,18,71,72
335,18,65,64
336,17,67,65
339,19,69,65
336,17,72,60
337,17,70,64
338,17,72,64
336,17,73,63
337,17,74,65
337,17,72,62
340,15,72,64
338,16,75,64
340,19,74,65
342,18,74,59
350,18,68,65
344,17,75,60
339,21,82,65
344,17,71,61
347,20,75,62
351,19,74,61
348,19,78,61
354,20,71,61
350,18,74,63
355,18,71,63
351,20,75,64
351,19,74,60
357,21,69,63
351,20,74,59
347,20,79,62
358,21,58,62
354,22,71,60
349,21,74,63
355,21,70,58
351,20,74,62
355,18,69,58
351,18,74,65
356,16,69,62
349,17,77,67
351,16,73,64
347,16,75,65
353,14,67,62
349,16,71,63
357,14,60,59
352,18,64,59
357,14,60,62
352,12,66,63
348,12,68,63
344,13,71,65
343,14,70,67
345,13,70,71
342,13,71,65
344,12,68,70
341,13,71,68
341,14,69,69
338,14,73,68
340,13,72,69
336,13,74,63
344,11,65,69
338,13,70,69
338,13,70,66
337,12,67,68
341,13,63,67
334,12,67,67
334,12,66,69
335,12,65,68
335,12,64,70
333,12,64,71
330,12,69,71
330,11,66,62
330,10,65,69
333,12,63,69
333,11,62,73
332,11,61,74
325,12,69,63
321,12,72,69
337,11,57,64
337,14,55,66
327,14,65,68
317,13,74,65
342,13,50,70
340,12,48,71
339,14,49,75
324,23,58,82
340,13,47,67
313,15,73,67
314,12,71,64
317,12,67,71
311,12,73,63
336,13,45,69
333,16,48,67
307,15,69,82
310,14,69,74
302,13,73,62
316,12,58,68
316,13,58,70
305,11,67,81
298,13,72,68
303,12,68,65
308,11,65,65
320,12,51,70
308,12,62,69
302,12,68,68
303,11,67,69
296,11,71,67
295,10,74,70
296,11,71,74
300,12,66,72
296,13,69,69
293,12,71,68
291,12,73,70
291,12,73,71
291,14,73,65
287,13,76,68
291,14,73,70
289,13,73,69
289,13,73,71
289,13,71,65
289,12,72,66
288,12,71,66
283,12,76,65
280,10,76,64
284,12,73,65
278,13,76,65
276,14,74,62
280,16,70,60
275,14,75,57
274,16,70,61
274,17,78,63
271,17,80,57
273,18,69,59
272,18,69,57
270,16,73,53
270,17,71,60
268,19,72,55
270,18,71,55
269,18,70,56
266,19,71,57
264,15,72,56
264,14,74,60
263,15,70,57
263,12,70,63
262,14,70,59
261,13,70,64
260,12,75,55
259,9,66,68
256,11,70,63
256,10,63,63
253,10,66,65
254,11,62,66
253,11,61,65
250,9,61,60
246,10,66,68
247,10,64,65
246,11,66,65
245,11,64,63
245,11,66,67
245,9,63,61
244,9,66,70
243,10,66,63
243,10,68,66
244,9,65,65
246,10,65,65
241,9,66,59
243,8,65,69
242,10,65,64
240,10,68,65
239,9,66,60
236,11,69,63
240,9,65,60
238,9,65,69
237,10,65,64
235,10,66,67
238,9,63,88
235,8,64,81
235,8,62,73
228,9,68,68
231,9,66,65
230,9,67,91
234,7,59,72
224,9,68,91
227,8,64,68
223,10,66,52
223,8,63,64
224,10,60,60
216,9,66,59
216,7,62,59
215,9,62,64
214,8,61,62
215,7,61,66
215,8,63,56
214,8,61,69
213,7,62,68
214,8,60,72
215,8,58,56
216,6,60,82
213,8,63,59
213,7,62,67
211,9,63,91
212,6,62,70
210,8,63,69
209,9,63,87
217,6,54,63
206,8,64,69
206,8,63,64
205,8,65,64
205,8,64,60
203,8,66,63
201,6,65,54
197,8,69,80
201,7,61,60
199,6,64,66
199,8,62,62
197,9,64,64
199,8,60,54
197,6,62,63
199,7,61,56
196,7,61,64
196,8,62,54
200,8,58,59
196,7,61,63
196,6,61,55
195,8,61,80
197,8,58,59
200,8,56,60
197,8,59,83
193,7,62,60
194,8,62,58
192,7,63,56
192,8,63,64
191,8,63,55
191,8,63,59
191,7,64,56
192,7,62,61
189,8,65,54
189,7,65,61
187,8,66,54
187,8,65,66
187,8,64,54
185,7,66,66
186,8,64,60
186,7,64,56
183,6,65,65
182,7,65,55
183,7,64,65
183,8,63,62
182,10,62,60
184,9,61,58
181,8,63,61
183,9,61,58
184,8,59,59
184,9,60,83
183,7,57,84
184,7,55,69
185,9,55,83
185,6,56,63
181,7,61,56
182,7,61,67
181,8,62,59
182,8,62,64
183,9,62,67
182,9,61,69
182,8,60,67
185,7,56,73
184,7,56,72
187,8,53,81
186,7,53,80
188,6,50,74
187,6,49,82
188,6,50,54
188,10,49,50
187,10,47,57
186,12,48,72
187,6,48,63
186,7,49,62
187,7,50,57
187,7,48,64
187,7,45,46
186,17,41,43
187,15,41,45
187,10,45,60
188,7,43,47
188,10,43,48
185,16,41,37
184,17,28,30
182,22,24,22
183,25,23,20
182,27,25,21
183,26,25,21
179,27,32,27
160,37,27,28
158,39,27,24
157,41,25,29
153,31,29,34
133,13,27,27
129,20,30,28
160,36,25,25
156,33,26,31
129,14,30,26
132,14,29,27
130,15,30,29
129,27,33,32
126,25,38,36
160,51,42,44
201,18,35,73
188,8,49,69
188,7,52,67
190,7,51,68
191,6,52,64
191,6,53,68
190,7,57,71
188,8,59,87
190,5,60,70
190,7,62,67
191,7,62,73
192,7,63,75
190,7,67,75
192,7,66,80
192,8,68,73
193,8,68,69
195,9,65,91
196,7,66,67
197,9,67,87
200,8,61,67
202,9,62,92
200,8,66,60
202,7,67,56
199,9,72,80
205,8,64,58
207,9,67,68
206,8,67,61
208,7,71,58
208,5,66,69
208,8,71,67
210,9,68,67
220,9,60,70
212,10,65,65
195,102,34,65
198,129,30,35
201,127,31,33
203,121,29,38
204,125,29,36
207,131,29,30
210,131,28,30
212,130,27,29
214,131,27,30
215,133,26,30
216,134,27,30
217,138,27,29
219,140,27,29
221,140,26,31
222,143,26,30
222,147,26,29
223,147,27,32
224,150,27,32
225,149,28,31
226,151,26,32
225,152,27,33
225,152,27,32
226,153,26,32
226,149,27,32
227,150,25,33
226,145,27,33
226,146,27,32
226,146,26,29
227,141,25,30
226,140,26,32
226,136,26,34
227,124,27,42
226,126,28,41
226,123,29,43
227,127,27,37
229,126,26,38
229,127,26,36
229,131,27,33
230,132,27,32
231,133,26,32
231,136,27,31
233,136,26,32
234,137,26,31
235,138,27,34
237,139,27,34
238,141,26,34
240,147,27,30
241,148,27,31
243,148,26,31
245,150,25,31
247,153,26,31
248,154,26,32
251,154,26,32
253,154,25,32
254,153,25,30
255,152,26,30
257,152,26,30
258,149,25,32
260,148,26,31
261,146,26,31
263,144,25,30
263,144,25,30
265,145,25,30
266,144,25,29
267,143,25,30
268,144,24,30
269,144,24,30
270,143,24,30
270,145,23,30
271,147,24,30
272,148,24,31
273,150,23,30
273,152,23,30
274,153,23,30
274,154,22,31
274,156,23,30
274,157,23,31
274,158,23,31
275,159,23,31
274,159,22,30
274,159,23,31
274,160,22,30
273,161,23,30
273,162,24,29
273,163,23,29
272,161,23,29
272,162,23,29
272,162,23,29
270,163,25,27
272,158,21,29
271,157,23,29
271,156,23,30
271,153,22,30
269,153,24,30
270,151,23,29
270,150,23,29
270,148,23,30
271,147,22,30
270,146,23,30
270,147,22,30
270,147,23,29
270,148,24,28
270,148,23,29
271,148,22,30
272,149,23,30
272,150,23,29
272,151,22,29
272,152,22,30
272,153,24,30
273,156,22,30
274,159,23,29
274,159,22,29
275,157,22,31
274,157,23,30
276,159,22,29
277,158,23,29
277,159,22,29
277,160,23,28
277,159,22,28
278,155,23,29
279,157,22,29
279,156,23,28
281,156,23,29
280,154,23,29
281,153,25,28
281,152,22,29
280,151,23,27
281,151,25,27
280,149,24,28
280,147,25,28
280,141,23,30
280,141,22,28
280,140,21,29
279,135,21,32
277,136,23,27
277,134,24,28
276,131,22,28
275,126,24,29
275,125,22,30
274,125,24,29
273,122,24,29
272,121,24,28
272,118,24,30
271,118,24,29
271,118,23,29
271,119,24,30
271,120,23,31
271,121,22,30
270,122,23,30
271,123,22,31
272,125,22,31
271,126,23,30
273,129,23,30
273,130,22,30
275,132,22,29
275,134,23,28
276,134,24,29
278,135,22,29
281,136,23,29
282,135,21,31
285,137,23,30
286,136,21,32
288,138,22,29
289,139,24,29
288,139,25,29
291,140,25,29
291,139,27,30
295,137,27,32
294,137,28,30
294,136,28,31
296,136,27,30
298,135,28,32
298,133,28,32
300,133,27,33
300,133,28,33
301,134,28,32
304,138,27,32
304,138,27,33
306,140,28,32
307,144,27,32
308,145,28,32
308,146,29,56
309,145,31,39
308,154,32,56
310,149,37,41
313,149,34,34
321,149,28,32
323,150,26,30
325,148,26,30
328,146,25,30
331,146,23,31
332,145,23,31
334,146,23,30
336,147,22,30
337,147,22,30
341,147,23,31
341,149,23,32
343,151,24,32
345,153,23,32
347,155,23,32
348,157,24,31
350,158,24,31
352,159,24,31
352,161,24,31
355,162,24,31
357,164,25,31
360,166,24,30
360,165,24,31
363,164,25,30
364,164,27,32
367,164,25,33
369,162,27,32
368,160,29,34
371,158,28,34
373,157,28,32
375,157,28,32
375,155,30,34
378,156,29,32
380,156,29,32
381,155,28,32
383,154,29,31
382,154,29,31
385,154,28,32
386,156,28,30
386,158,28,31
387,158,28,32
390,161,27,31
390,163,25,32
392,167,24,32
392,170,24,32
395,171,24,32
394,173,25,31
395,174,25,31
397,175,25,30
397,176,24,30
397,179,25,25
399,172,23,30
399,169,25,32
400,168,27,30
402,166,25,31
404,163,23,31
405,159,23,32
405,157,25,33
409,156,25,32
409,155,24,33
409,154,25,34
411,156,24,32
412,157,25,33
413,159,25,33
413,158,26,34
414,163,26,31
415,166,26,31
416,166,28,32
417,166,29,32
417,168,29,31
417,168,30,31
418,168,30,32
418,167,30,32
417,167,32,33
418,166,30,32
418,163,31,32
416,157,31,35
416,158,32,35
414,159,31,33
415,157,31,32
413,157,31,33
411,157,30,32
409,156,30,33
408,155,31,33
407,155,30,35
405,159,29,33
404,161,29,34
403,163,29,33
400,167,26,31
399,168,23,31
396,170,24,31
394,171,25,32
392,172,27,31
389,170,26,30
389,169,25,32
388,168,25,31
385,167,27,30
385,165,25,31
383,162,26,32
382,160,26,31
379,160,28,30
380,158,25,30
377,157,26,32
379,156,25,32
376,156,28,32
376,155,27,33
376,154,27,33
376,154,25,34
376,156,24,33
376,157,24,32
376,157,23,33
376,158,23,32
375,157,26,33
376,162,28,30
375,162,27,32
376,163,23,32
377,164,26,32
376,164,28,32
376,163,29,33
376,164,30,33
376,164,30,33
377,165,30,32
377,165,29,33
377,163,31,32
376,162,32,34
378,165,29,31
378,164,30,33
378,162,31,32
378,161,31,33
378,160,31,34
378,160,31,32
379,158,31,33
378,157,31,34
378,157,31,32
378,156,30,34
378,155,31,32
379,154,30,34
380,150,28,36
379,153,29,33
378,152,29,36
380,154,27,34
379,154,28,33
379,154,27,35
379,155,27,33
380,157,26,33
379,157,25,31
379,160,23,31
380,159,24,31
379,159,23,30
380,160,22,32
379,160,21,32
379,162,22,31
378,161,22,32
378,161,22,31
376,161,24,31
376,161,25,31
377,162,23,30
374,161,25,31
375,161,24,32
374,162,25,31
373,162,25,32
373,162,25,32
373,163,25,31
373,163,26,30
373,161,25,32
373,162,25,32
373,163,26,31
372,161,26,33
372,161,26,32
374,162,25,31
374,160,24,31
373,158,24,33
375,161,23,31
375,161,24,30
375,161,24,30
375,161,25,30
375,161,25,30
375,159,25,31
375,160,27,31
375,160,27,31
376,160,28,31
377,159,27,31
377,160,27,31
377,160,27,32
377,161,27,32
377,161,28,31
