0.004532
0.055416
0.051917
0.034152
0.027396
0.023133
0.063063
0.022042
0.020586
0.021522
0.031449
0.078405
0.055602
0.021587
0.021143
0.031017
0.053905
0.023575
0.023280
0.025414
0.032300
0.053161
0.057703
0.052813
0.025408
0.021108
0.019795
0.016472
0.048277
0.051693
0.031774
0.020643
0.073087
0.054523
0.029948
0.055140
0.043488
0.068728
0.023084
0.091156
0.060784
0.029506
0.021655
0.023897
0.038835
0.034747
0.020675
0.044147
0.040639
0.073414
0.018581
0.024083
0.019408
0.055221
0.021268
0.016289
0.024797
0.032016
0.078197
0.047919
0.022579
0.017730
0.048840
0.047646
0.015938
0.020555
0.032996
0.020959
0.062676
0.022791
0.016571
0.022995
0.051562
0.031248
0.022309
0.021175
0.018366
0.033901
0.052800
0.041566
0.017594
0.016035
0.015449
0.030968
0.067958
0.022594
0.021091
0.018758
0.028535
0.033126
0.024662
0.061658
0.031004
0.017437
0.025088
0.060725
0.025367
0.031007
0.028395
0.058475
0.060615
0.020488
0.036829
0.049774
0.043106
0.016977
0.028998
0.033777
0.021928
0.047154
0.022165
0.020911
0.018354
0.019356
0.043671
0.020692
0.022333
0.017343
0.032310
0.018826
0.069085
0.021197
0.021859
0.014894
0.017008
0.060345
0.059752
0.032967
0.018920
0.034523
0.044719
0.032362
0.021787
0.019351
0.020896
0.017883
0.023324
0.057520
0.020333
0.031540
0.018601
0.058133
0.064889
0.019499
0.017511
0.024752
0.018199
0.053908
0.041861
0.022290
0.025657
0.034941
0.019154
0.066478
0.027007
0.017991
0.021366
0.016941
0.016932
0.023154
0.026709
0.031650
0.037643
0.058364
0.025473
0.017830
0.016652
0.017558
0.057402
0.021191
0.016747
0.024814
0.028820
0.032894
0.022535
0.070512
0.016135
0.020996
0.026840
0.020517
0.085973
0.017578
0.034358
0.028927
0.022428
0.079280
0.042515
0.018313
0.025585
0.017165
0.016580
0.024606
0.051489
0.031668
0.022701
0.017493
0.016757
0.018406
0.060642
0.036591
0.025280
0.018908
0.018464
0.018275
0.022251
0.040664
0.024857
0.057319
0.023905
0.017113
0.020598
0.037066
0.045740
0.018938
0.022048
0.026974
0.032361
0.077275
0.030205
0.017693
0.016577
0.022912
0.059310
0.051628
0.020041
0.033407
0.027539
0.024236
0.062285
0.023423
0.024234
0.033934
0.032338
0.072684
0.031632
0.022743
0.049895
0.024153
0.072559
0.026201
0.018625
0.018502
0.043113
0.053724
0.029650
0.017019
0.066504
0.050645
0.021008
0.033758
0.025011
0.023816
0.057040
0.031927
0.033353
0.026266
0.032111
0.026266
0.081217
0.043163
0.033211
0.022717
0.022542
0.061666
0.025840
0.019387
0.035632
0.016789
0.056066
0.019742
0.018522
0.029584
0.022188
0.077523
0.037592
0.028096
0.066079
0.062107
0.022351
0.020820
0.028392
0.019955
0.044581
0.049712
0.036373
0.029798
0.023540
0.065988
0.052945
0.018169
0.018913
0.018341
0.022453
0.038827
0.062608
0.031933
0.022046
0.067606
0.072805
0.028693
0.023404
0.022521
0.060048
0.018002
0.017977
0.016465
0.024486
0.038580
0.065531
0.021228
0.053729
0.022443
0.019205
0.024099
0.048772
0.024157
0.016732
0.061962
0.023420
0.033671
0.031297
0.076708
0.041251
0.029209
0.019161
0.019599
0.030437
0.081921
0.029868
0.025162
0.033995
0.025319
0.060443
0.032584
0.023217
0.032609
0.025648
0.087445
0.020018
0.024715
0.043366
0.050688
0.019234
0.017957
0.018110
0.025425
0.019887
0.065520
0.022123
0.041290
0.023871
0.018527
0.077600
0.017765
0.019392
0.024469
0.021759
0.019274
0.021079
0.055774
0.026906
0.022317
0.044532
0.027375
0.051779
0.017998
0.015959
0.017393
0.022163
0.017711
0.028766
0.017462
0.036873
0.020406
0.030357
0.022886
0.023776
0.047907
0.030312
0.022086
0.019752
0.024533
0.081819
0.020931
0.018901
0.025124
0.051740
0.020200
0.020010
0.018576
0.020970
0.017826
0.021510
0.068261
0.033862
0.025682
0.059727
0.086220
0.023134
0.023707
0.020170
0.026865
0.022675
0.023905
0.075818
0.027435
0.031687
0.073459
0.054834
0.021888
0.030220
0.019946
0.065884
0.030770
0.036407
0.023837
0.095370
0.022291
0.020159
0.018684
0.019374
0.016630
0.024178
0.016441
0.038910
0.043119
0.023935
0.056475
0.019257
0.018928
0.020107
0.031895
0.022772
0.017030
0.028174
0.024868
0.042652
0.022612
0.038575
0.023767
0.034944
0.052515
0.023656
0.019683
0.018828
0.035500
0.047643
0.079604
0.038444
0.073813
0.051501
0.018562
0.018462
0.062976
0.024789
0.017530
0.034856
0.029540
0.071991
0.036498
0.020879
0.018043
0.065765
0.020378
0.023697
0.020377
0.047117
0.064511
0.021664
0.049254
0.041145
0.078744
0.026621
0.043374
0.088354
0.038548
0.086415
0.042733
0.076619
0.053567
0.032036
0.058313
0.049239
0.025069
0.034805
0.069749
0.045681
0.021608
0.057918
0.068905
0.030226
0.034593
0.053697
0.060071
0.050580
0.029348
0.033973
0.087076
0.050041
0.029721
0.029054
0.082660
0.058721
0.025798
0.034274
0.030979
0.063213
0.040895
0.076317
0.089890
0.065833
0.071405
0.046992
0.028103
0.069779
0.034973
0.073436
0.040359
0.017836
0.070794
0.030314
0.024888
0.084934
0.027903
0.019556
0.075912
0.057778
0.052185
0.066641
0.027777
0.037364
0.051499
0.069194
0.029757
0.056715
0.070143
0.020443
0.021890
0.017693
0.016390
0.022022
0.035867
0.028196
0.023913
0.033668
0.030997
0.033239
0.049480
0.049989
0.021977
0.041770
0.036520
0.020199
0.062938
0.040757
0.041630
0.043721
0.071012
0.051090
0.019900
0.019715
0.031303
0.051171
0.022111
0.053738
0.033536
0.097332
0.040132
0.033746
0.048487
0.047657
0.018102
0.018090
0.026060
0.047094
0.063790
0.048439
0.032623
0.050080
0.043439
0.021021
0.019698
0.022604
0.023761
0.029843
0.071677
0.017486
0.045463
0.023463
0.052946
0.039808
0.020088
0.032828
0.033116
0.062609
0.038033
0.049611
0.035589
0.063592
0.023356
0.020586
0.019058
0.025100
0.037000
0.060204
0.020551
0.040013
0.059905
0.027606
0.019924
0.018354
0.017847
0.016660
0.021022
0.024873
0.039197
0.020014
0.032713
0.026654
0.028103
0.060474
0.022897
0.035018
0.046814
0.057969
0.035133
0.025993
0.052405
0.033517
0.019338
0.032599
0.029243
0.021122
0.029430
0.022095
0.070976
0.033563
0.041498
0.046020
0.077903
0.041076
0.036145
0.022826
0.036960
0.064668
0.028708
0.035417
0.018398
0.070532
0.049938
0.018700
0.022101
0.021961
0.024958
0.054298
0.027957
0.046643
0.030559
0.069734
0.041935
0.042922
0.048484
0.019079
0.047005
0.029724
0.041625
0.040381
0.032129
0.031313
0.041575
0.030129
0.019430
0.023889
0.022715
0.066477
0.024176
0.021674
0.032408
0.029495
0.078830
0.022718
0.023188
0.029217
0.022936
0.054789
0.033506
0.024870
0.049578
0.029438
0.085249
0.019021
0.024545
0.016454
0.035344
0.079788
0.033386
0.071685
0.052234
0.018442
0.019616
0.017937
0.018930
0.016823
0.018586
0.027829
0.029394
0.027190
0.019021
0.033006
0.025693
0.049999
0.040758
0.050154
0.024760
0.015419
0.015392
0.042875
0.042696
0.019570
0.021571
0.022459
0.017185
0.042454
0.051709
0.055464
0.019063
0.036602
0.027488
0.024967
0.018064
0.021591
0.060880
0.080442
0.048367
0.037199
0.046388
0.080115
0.036725
0.033520
0.031638
0.065554
0.029616
0.067144
0.027546
0.043609
0.069639
0.019502
0.031983
0.044069
0.023118
0.040749
0.038862
0.024521
0.099668
0.027553
0.035201
0.057982
0.025760
0.019540
0.017836
0.060061
0.032140
0.042303
0.089321
0.067257
0.020206
0.032767
0.043056
0.080370
0.033340
0.019228
0.042614
0.034189
0.073983
0.028134
0.022464
0.016795
0.022987
0.029255
0.045392
0.040196
0.025959
0.039706
0.053764
0.042537
0.019283
0.018462
0.019110
0.053824
0.042050
0.018719
0.021437
0.023035
0.065054
0.087750
0.035712
0.036289
0.081093
0.027276
0.019395
0.026207
0.021835
0.061831
0.035992
0.044931
0.038113
0.021574
0.049110
0.017914
0.019445
0.019574
0.019290
0.051237
0.038358
0.018800
0.049496
0.022738
0.044153
0.027479
0.021032
0.018019
0.034890
0.036491
0.036996
0.029366
0.078455
0.028078
0.027282
0.035183
0.019125
0.029366
0.035962
0.067795
0.046988
0.023399
0.087636
0.071056
0.025249
0.021832
0.024039
0.051713
0.035883
0.030642
0.018157
0.061467
0.071766
0.051428
0.020426
0.047171
0.056463
0.038867
0.018502
0.021439
0.025760
0.061594
0.026414
0.016533
0.064859
0.064600
0.023122
0.016722
0.016905
0.018461
0.016989
0.027732
0.062888
0.016716
0.019121
0.031176
0.027782
0.074760
0.050386
0.017503
0.023906
0.018180
0.018092
0.019717
0.077682
0.021016
0.047914
0.028827
0.049385
0.067933
0.031277
0.038090
0.018726
0.027256
0.071426
0.039753
0.035032
0.056331
0.073685
0.020169
0.020942
0.017740
0.024331
0.022806
0.018638
0.071883
0.055126
0.020688
0.020787
0.017071
0.064556
0.025246
0.023885
0.016431
0.016200
0.059586
0.030581
0.032856
0.024389
0.048592
0.048404
0.024756
0.016086
0.015336
0.037095
0.049139
0.024221
0.025902
0.034174
0.052669
0.047300
0.019693
0.076544
0.080150
0.042773
0.045199
0.069661
0.027991
0.022411
0.024476
0.024242
0.045545
0.081621
0.036328
0.023542
0.054161
0.051663
0.024761
0.031265
0.051492
0.062206
0.039597
0.052742
0.096492
0.025938
0.028790
0.019069
0.019856
0.018122
0.066189
0.025586
0.018901
0.021185
0.033436
0.026406
0.083009
0.039084
0.029830
0.051578
0.041462
0.041261
0.035636
0.047503
0.074661
0.051163
0.021968
0.022718
0.053792
0.042107
0.041724
0.092494
0.099932
0.095730
0.045040
0.045147
0.041011
0.068195
0.053651
0.039051
0.032037
0.021687
0.074826
0.025523
0.071375
0.050114
0.039232
0.017774
0.017221
0.019107
0.015822
0.024104
0.063840
0.032088
0.019681
0.044576
0.044265
0.050179
0.017781
0.025054
0.024166
0.025583
0.021013
0.042739
0.044399
0.033679
0.017584
0.040539
0.050220
0.035497
0.022589
0.020354
0.017235
0.020298
0.026079
0.080854
0.069263
0.032139
0.020479
0.028388
0.022180
0.023514
0.034727
0.067396
0.044370
0.042661
0.018524
0.041574
0.041737
0.018626
0.027619
0.017021
0.018711
0.038359
0.059134
0.083148
0.048625
0.043472
0.053141
0.063665
0.034517
0.045379
0.022139
0.058798
0.031263
0.017341
0.021118
0.016573
0.052867
0.026019
0.019459
0.037322
0.021091
0.042841
0.024776
0.027426
0.020849
0.020716
0.018504
0.015181
0.020617
0.016669
0.031412
0.016056
0.030910
0.067084
0.050318
0.027056
0.039412
0.027705
0.033092
0.032970
0.045161
0.030092
0.079176
0.039016
0.024974
0.023563
