0.030931
0.035116
0.023565
0.027020
0.075900
0.018945
0.033546
0.024393
0.079398
0.042318
0.026130
0.024496
0.027148
0.030881
0.045893
0.026062
0.020605
0.090946
0.018839
0.020644
0.019724
0.019020
0.016509
0.049065
0.039155
0.020735
0.032361
0.032235
0.061388
0.024336
0.020140
0.023109
0.016832
0.022026
0.035533
0.044242
0.019191
0.023988
0.028161
0.050661
0.029065
0.027609
0.036777
0.017765
0.020521
0.086480
0.023278
0.020461
0.033587
0.049496
0.075906
0.028269
0.072431
0.021862
0.020671
0.022371
0.019216
0.023998
0.033414
0.037406
0.037493
0.077278
0.089797
0.030399
0.019029
0.024038
0.019817
0.035655
0.018697
0.031233
0.033629
0.016792
0.078201
0.041861
0.025592
0.025473
0.019372
0.042582
0.020647
0.033307
0.032189
0.016984
0.076774
0.053504
0.027650
0.073876
0.021903
0.025235
0.029058
0.017267
0.027085
0.057149
0.031895
0.017764
0.024587
0.061434
0.063787
0.020420
0.018157
0.024177
0.019037
0.022685
0.021772
0.057661
0.059689
0.035720
0.037697
0.025337
0.039737
0.044575
0.045624
0.028450
0.034655
0.024622
0.055367
0.065201
0.024952
0.023423
0.022806
0.022364
0.022105
0.056248
0.024950
0.019268
0.018178
0.025630
0.033113
0.070516
0.046741
0.050902
0.051776
0.022272
0.023211
0.046618
0.025372
0.034961
0.027049
0.033425
0.098422
0.050710
0.020254
0.033060
0.065322
0.029135
0.018756
0.024873
0.022339
0.068551
0.029585
0.046894
0.020542
0.046147
0.028451
0.019097
0.022230
0.019787
0.063033
0.031308
0.025242
0.021317
0.035635
0.022528
0.053874
0.031566
0.028012
0.019943
0.071633
0.026651
0.020844
0.024866
0.030893
0.044125
0.052890
0.072992
0.032460
0.087984
0.045813
0.032189
0.074062
0.044417
0.024152
0.024797
0.019135
0.038245
0.065857
0.034333
0.024935
0.047662
0.048252
0.035249
0.037141
0.048239
0.059463
0.078590
0.041237
0.051749
0.096189
0.033789
0.048625
0.045940
0.059545
0.074977
0.051371
0.025785
0.047470
0.072546
0.043556
0.036797
0.080864
0.040367
0.070637
0.085667
0.037235
0.048308
0.042399
0.085264
0.037211
0.088809
0.034727
0.060094
0.028439
0.032213
0.029200
0.026192
0.033027
0.032106
0.027342
0.052445
0.065715
0.020775
0.016420
0.024751
0.016417
0.017705
0.052542
0.031506
0.033561
0.039982
0.082580
0.065998
0.048428
0.041104
0.031645
0.036155
0.056443
0.046589
0.035872
0.028491
0.067433
0.047825
0.033054
0.038978
0.094381
0.022721
0.042749
0.047113
0.111278
0.056335
0.052127
0.033511
0.063793
0.022277
0.037509
0.055060
0.060349
0.017840
0.042696
0.045043
0.081681
0.021519
0.044426
0.044130
0.086037
0.040419
0.048902
0.086419
0.063979
0.030508
0.021318
0.051099
0.044900
0.026263
0.035796
0.037820
0.058147
0.040221
0.044020
0.027400
0.073695
0.037702
0.052573
0.036379
0.068109
0.046913
0.041587
0.047500
0.076181
0.019736
0.042152
0.039711
0.076098
0.032875
0.036309
0.037131
0.073407
0.058527
0.046566
0.048853
0.062831
0.022256
0.030772
0.028359
0.081937
0.029691
0.085859
0.037316
0.039765
0.041434
0.073803
0.036556
0.049552
0.038031
0.095567
0.046097
0.048530
0.022609
0.074533
0.032114
0.029447
0.049142
0.089994
0.062351
0.046973
0.053896
0.081568
0.029264
0.052957
0.060119
0.044949
0.073246
0.065899
0.036692
0.035988
0.030088
0.063896
0.044842
0.040185
0.055700
0.085704
0.023184
0.025758
0.024550
0.039510
0.046164
0.051935
0.035137
0.029489
0.073152
0.039692
0.021913
0.033396
0.030333
0.068471
0.049140
0.036870
0.102255
0.032102
0.020392
0.031337
0.064312
0.066105
0.034350
0.054251
0.058660
0.045140
0.050058
0.023874
0.081207
0.039296
0.026935
0.040550
0.070472
0.038431
0.063525
0.051337
0.053964
0.067915
0.021688
0.043116
0.030834
0.065939
0.025639
0.060361
0.027419
0.058904
0.047654
0.030872
0.064271
0.058141
0.049354
0.050521
0.062161
0.034135
0.056370
0.098621
0.037307
0.026802
0.029663
0.063885
0.032969
0.019903
0.038830
0.025154
0.062787
0.029459
0.079889
0.069885
0.039212
0.035893
0.048735
0.085038
0.049582
0.059967
0.099661
0.066864
0.061154
0.112180
0.052471
0.025180
0.031968
0.043733
0.042227
0.029002
0.033795
0.067858
0.066092
0.022637
0.044284
0.045696
0.070898
0.045381
0.023609
0.029204
0.071175
