589,336,25,23
587,334,26,20
585,331,25,25
581,332,27,23
579,333,25,23
576,331,24,24
575,332,25,22
573,330,22,23
570,330,26,21
567,327,23,24
566,327,22,22
562,326,27,22
560,326,27,23
554,327,26,22
552,327,26,22
548,331,28,23
546,334,28,21
546,335,27,23
542,333,28,23
540,333,25,22
540,333,24,23
541,332,24,23
540,335,24,21
538,335,18,25
536,335,22,20
532,334,21,20
533,332,24,23
533,330,17,26
528,329,21,25
526,326,24,28
523,328,26,22
523,327,26,23
521,326,26,22
519,327,26,21
517,327,24,22
516,327,25,21
511,328,27,20
508,328,29,22
503,324,26,21
502,326,26,18
495,323,24,20
492,321,24,20
486,320,23,24
483,318,25,22
479,316,24,22
477,315,25,22
474,315,23,22
472,316,21,23
471,314,25,24
467,309,20,30
465,312,22,25
464,313,22,25
463,313,24,22
462,313,21,22
461,313,23,23
459,310,25,27
456,305,25,34
450,307,26,29
448,304,25,32
445,307,26,36
440,305,29,31
440,305,26,31
434,303,26,30
434,308,23,21
429,308,21,20
427,308,21,20
423,309,20,19
421,305,21,22
419,304,18,25
415,305,23,21
413,304,26,21
411,299,27,27
411,300,26,26
408,301,23,26
409,299,22,25
415,298,21,28
412,298,24,25
411,298,23,24
412,298,23,24
406,300,22,23
406,299,24,22
404,301,22,19
404,300,20,20
404,301,20,20
397,299,21,19
394,297,25,20
388,294,32,26
379,292,30,29
374,291,29,31
380,292,35,31
375,292,44,33
372,290,40,44
365,290,44,56
325,327,32,77
324,326,29,75
325,320,31,71
326,321,27,73
384,291,31,50
384,293,30,46
377,290,26,49
369,289,28,48
374,290,29,50
369,291,32,49
380,292,27,48
362,289,28,42
364,290,26,45
361,289,33,43
369,290,34,42
349,289,37,46
346,288,38,49
349,288,35,50
337,290,38,50
345,290,37,51
344,290,39,52
327,291,37,55
325,289,42,53
328,295,49,55
321,324,33,80
324,322,30,69
324,324,30,73
326,322,31,72
327,323,29,74
319,322,33,74
316,325,43,80
321,324,33,80
319,324,33,76
323,324,31,75
322,323,32,73
320,324,34,76
321,325,33,75
324,322,29,73
319,322,35,73
297,280,45,54
326,323,29,83
325,326,29,77
323,325,29,76
326,324,28,71
324,323,30,76
324,324,28,70
324,322,29,69
324,323,31,73
324,324,29,78
325,322,28,72
326,323,30,70
327,322,27,73
327,323,26,74
324,324,29,74
323,323,27,66
325,326,28,74
321,324,29,75
321,324,30,72
307,331,48,78
317,326,37,76
323,322,29,71
320,323,33,78
324,322,29,75
326,322,29,72
326,323,25,73
326,323,28,67
321,325,34,75
321,323,30,76
320,324,31,73
316,322,36,76
320,323,32,68
315,324,37,74
316,328,35,71
322,325,29,73
325,323,28,68
320,323,30,72
315,324,37,76
314,336,41,66
320,327,35,74
324,325,28,71
327,324,26,70
322,324,29,69
320,324,32,73
321,324,33,71
323,322,29,71
323,323,31,74
324,323,30,77
323,323,30,73
323,324,30,77
326,324,26,71
323,324,29,74
324,323,29,69
320,324,31,77
321,323,31,77
322,324,30,73
324,323,28,72
324,324,26,67
326,326,27,71
320,324,30,75
321,325,33,77
327,324,26,74
324,323,27,72
324,323,30,73
328,322,27,70
326,323,28,75
325,323,26,72
327,323,28,71
325,323,25,71
326,323,27,71
328,324,27,69
328,323,26,67
327,323,26,68
324,323,26,70
325,328,29,72
321,327,29,69
323,323,30,73
323,325,31,72
326,324,26,70
321,326,31,70
326,325,29,72
326,324,27,74
324,324,28,71
325,324,29,69
330,324,27,67
328,324,24,70
318,324,32,72
325,325,28,66
325,323,27,70
325,323,27,65
325,323,26,63
324,324,27,66
325,323,27,70
322,324,30,75
321,324,31,75
322,322,27,69
311,334,35,69
305,337,39,59
322,322,30,69
323,323,28,71
290,327,48,81
325,323,32,81
318,326,34,76
321,323,29,69
310,338,37,62
325,329,27,68
322,336,30,62
287,347,42,57
322,337,32,66
324,323,28,65
302,298,29,60
308,300,31,38
314,293,31,33
317,291,31,33
321,297,30,31
329,297,25,35
332,296,30,33
336,292,28,37
336,291,32,37
344,290,33,38
344,292,32,39
343,294,38,36
342,296,39,33
345,296,35,39
350,290,38,38
354,295,38,34
355,292,44,35
358,295,40,34
360,293,42,34
357,290,45,37
362,290,41,40
368,293,38,39
367,296,38,37
377,300,37,34
387,303,32,30
398,306,36,26
402,309,33,23
404,303,32,29
406,306,35,30
414,299,36,33
419,298,33,33
419,299,35,33
425,301,39,32
427,300,47,33
419,298,41,38
426,300,36,37
430,303,33,31
438,303,39,30
437,303,40,29
438,302,41,32
437,301,46,34
432,299,56,45
441,305,52,60
392,350,46,63
325,326,27,73
323,325,29,73
323,323,30,74
325,322,31,73
327,324,27,71
326,324,28,71
320,324,30,74
322,323,32,75
324,323,30,74
316,326,36,78
328,325,28,80
324,325,28,77
319,325,33,78
324,322,29,76
322,321,30,77
317,324,32,76
323,324,30,74
323,324,30,76
322,324,29,72
325,322,30,74
328,324,25,74
326,323,27,68
325,323,25,67
325,322,27,72
323,322,29,68
323,322,28,74
323,322,30,77
324,323,28,72
281,347,49,69
317,326,33,79
323,324,30,77
326,323,26,69
325,323,25,67
324,323,26,67
323,329,30,72
322,324,28,73
324,323,29,74
325,323,29,75
323,324,27,76
325,324,28,73
320,324,34,81
319,324,32,76
320,322,33,80
324,322,28,77
327,323,26,67
324,322,29,71
324,322,28,71
326,323,27,69
329,323,25,68
320,323,31,72
325,323,31,71
325,323,27,75
322,324,29,72
327,323,29,77
324,324,25,74
325,325,30,74
323,325,28,76
319,324,30,76
324,323,30,73
326,323,28,72
324,322,27,73
325,322,30,70
325,323,27,75
327,323,27,68
327,322,25,69
322,323,27,68
326,327,29,74
328,326,25,69
322,325,27,67
322,323,30,73
321,324,32,77
322,323,29,78
324,323,30,75
324,323,28,76
321,323,31,77
325,322,27,74
328,323,25,66
321,323,28,73
323,330,34,74
326,324,26,74
325,324,29,73
329,324,26,70
319,323,32,74
316,336,41,75
318,325,33,78
322,323,32,79
324,325,28,75
324,324,27,72
323,322,29,70
323,322,31,72
322,323,31,76
323,323,29,71
324,324,31,69
321,323,28,78
327,325,28,70
330,324,25,70
324,325,28,73
325,325,27,72
327,325,29,74
323,324,27,74
327,324,27,68
326,323,27,72
329,323,26,72
327,323,27,69
328,323,27,75
326,323,26,72
329,324,26,67
324,323,28,72
328,323,25,64
322,322,30,74
321,322,30,77
323,323,33,74
321,324,31,81
324,323,28,75
326,324,26,64
324,322,27,67
320,322,29,70
324,328,30,74
322,325,29,74
323,323,31,75
322,323,31,78
323,322,28,72
326,322,28,72
321,322,33,79
322,323,31,79
322,323,31,76
324,323,30,78
323,323,29,73
325,321,30,73
326,323,29,78
324,325,27,76
323,324,29,76
321,323,29,76
323,323,32,76
325,323,28,78
324,325,27,75
323,323,28,74
323,323,31,78
325,324,27,73
326,324,27,69
323,322,27,74
323,322,29,72
324,324,30,74
322,324,29,78
323,323,30,75
324,322,30,76
321,323,30,81
326,324,26,73
324,324,27,73
323,322,27,73
314,348,44,75
320,325,32,75
322,321,28,76
320,327,37,80
325,324,29,80
322,325,28,72
325,323,30,74
320,323,29,76
320,325,33,76
324,322,29,75
325,321,27,76
328,323,26,68
328,324,26,75
323,323,27,72
321,324,32,73
320,324,31,79
326,322,27,74
329,322,25,70
320,324,31,75
320,324,34,81
327,323,25,69
327,322,23,64
323,321,28,68
324,325,27,69
321,323,31,73
324,325,32,75
326,324,26,74
324,321,27,68
326,323,28,71
327,324,25,72
324,325,27,73
324,323,28,72
328,323,27,68
324,323,26,70
325,325,29,71
322,325,30,78
321,325,30,75
323,323,31,73
325,322,28,71
324,322,26,66
320,338,32,68
324,324,32,78
325,325,27,76
324,324,27,74
321,324,29,75
325,322,29,72
327,323,27,68
324,323,26,65
328,327,26,67
328,325,26,67
326,323,26,63
325,322,26,65
322,321,27,66
326,326,27,74
324,325,27,72
323,325,28,73
321,323,31,75
321,322,34,79
322,324,30,78
324,323,28,73
325,323,30,74
322,322,30,78
323,322,30,77
326,323,28,69
326,322,27,72
323,321,29,75
322,324,30,75
323,323,27,71
324,323,29,70
321,327,31,74
324,323,28,69
325,323,28,73
326,323,26,71
324,322,27,68
324,323,30,72
323,322,29,73
321,322,31,76
325,323,29,72
325,322,26,70
325,323,28,69
324,323,27,75
324,322,27,76
325,323,26,69
324,324,28,74
322,324,30,77
324,323,29,79
325,325,26,72
325,324,27,72
327,323,25,65
322,321,28,65
326,326,28,72
324,323,28,75
324,324,28,72
324,323,28,72
324,323,29,68
323,321,28,72
320,322,28,72
324,332,31,70
321,328,30,73
324,325,28,74
326,325,27,73
322,324,28,73
325,323,29,78
329,325,25,73
322,324,28,70
324,324,30,76
324,324,26,77
321,324,29,72
323,322,30,75
323,322,29,78
323,323,28,74
325,323,30,75
322,324,29,78
322,323,28,76
326,323,28,73
323,322,27,70
325,323,28,70
324,324,29,75
324,323,27,74
325,322,28,73
324,323,28,77
325,324,29,77
324,324,28,75
326,325,27,72
328,324,27,70
325,323,26,73
325,324,26,71
325,324,27,73
326,324,27,73
325,324,28,75
323,325,28,75
324,324,27,71
324,322,27,64
328,324,27,69
326,324,25,71
321,323,29,74
324,323,30,71
327,323,25,73
323,323,28,68
322,337,37,83
323,325,30,79
324,325,27,72
327,324,25,70
325,323,27,69
325,322,26,69
326,322,28,69
321,324,29,75
323,322,31,76
323,324,30,77
322,323,29,74
324,323,32,75
327,324,27,75
322,324,29,76
324,323,29,73
323,324,30,77
325,323,26,70
325,323,27,73
325,323,27,69
326,323,27,68
327,323,26,67
321,322,29,70
322,327,30,72
326,324,26,71
325,323,27,68
326,322,27,65
321,325,29,71
323,322,28,73
324,323,31,75
325,322,28,76
328,323,27,71
327,322,26,73
316,325,33,75
324,324,28,78
326,326,26,72
321,323,29,74
323,322,30,71
323,322,28,72
325,324,29,72
324,324,29,80
324,326,27,75
322,323,28,73
324,322,32,76
326,322,27,77
321,322,30,77
325,323,31,78
323,321,28,78
322,323,30,75
324,323,28,73
326,323,27,72
323,324,29,73
327,323,27,73
320,322,30,76
325,322,30,72
324,323,28,75
325,323,28,76
325,324,26,75
323,324,27,76
322,324,29,74
324,322,29,71
324,320,31,71
326,322,26,73
326,322,26,66
322,321,28,68
325,329,30,72
318,327,32,73
328,328,30,76
328,327,28,78
327,324,25,76
326,325,27,72
324,324,28,75
322,324,29,75
323,323,30,78
324,323,27,73
324,322,31,74
326,323,26,76
326,323,27,75
324,324,29,78
326,324,27,74
327,324,27,71
323,324,27,73
324,324,30,73
324,321,27,76
324,323,30,77
324,323,31,80
322,323,30,78
322,322,30,76
322,323,30,77
321,324,31,79
323,323,29,73
326,323,29,70
325,323,27,74
326,325,27,73
326,325,28,74
324,324,29,75
327,323,27,71
317,323,34,76
323,323,31,76
325,323,28,72
326,323,28,72
323,323,29,77
322,324,28,73
324,322,31,77
324,322,28,71
324,322,29,72
321,322,30,74
324,323,32,77
322,324,30,76
321,324,29,71
318,326,37,79
323,325,29,78
323,325,27,73
326,324,29,74
320,324,32,74
319,323,35,77
324,322,30,79
321,323,30,82
319,324,31,71
326,322,27,69
324,323,27,70
323,324,29,72
324,322,29,76
326,323,27,74
325,323,29,80
325,325,26,71
327,323,27,72
328,324,26,67
328,325,24,70
322,323,30,72
324,322,31,74
323,322,29,80
323,324,29,75
325,324,29,80
323,326,28,73
324,323,28,74
327,323,26,73
324,324,27,70
325,321,28,71
324,322,26,74
323,323,29,75
323,323,28,77
323,324,28,70
326,322,29,72
328,324,26,74
321,324,30,72
323,322,31,75
324,322,27,72
321,322,29,72
323,324,30,73
329,322,27,71
321,325,30,78
325,324,27,70
325,323,27,68
324,322,27,69
324,321,28,69
323,323,28,70
322,323,30,74
322,323,30,74
322,322,30,78
324,322,27,74
325,323,30,72
326,324,25,74
325,323,26,72
324,323,28,70
324,323,27,71
323,324,29,75
325,324,28,70
322,322,28,71
323,324,30,73
323,323,30,74
323,323,31,76
328,323,27,77
326,324,25,72
325,323,27,68
326,323,29,76
323,323,28,75
323,322,30,72
324,324,31,77
323,323,27,73
324,323,28,67
323,324,29,70
320,323,33,80
322,323,29,77
321,323,31,76
324,322,28,73
324,323,29,72
324,324,30,73
329,322,26,73
319,326,32,77
323,324,31,76
325,324,27,69
324,324,28,72
324,323,27,72
325,324,28,69
325,323,26,70
325,323,27,67
324,322,28,70
324,323,28,71
324,323,29,70
323,322,31,73
323,323,31,79
326,323,27,72
326,324,26,69
325,323,25,69
326,325,28,73
323,325,30,77
322,324,29,75
324,324,28,72
324,324,28,73
325,323,30,73
328,324,26,77
323,324,28,73
324,324,31,77
326,325,28,71
319,324,32,78
325,323,30,76
324,324,27,77
326,324,27,71
325,324,27,74
327,324,26,71
325,323,27,71
327,324,29,75
325,324,27,75
325,322,26,64
326,324,28,69
322,323,28,72
324,324,31,77
323,324,29,78
322,325,29,75
324,325,27,70
324,322,29,73
325,323,27,74
325,323,28,73
326,324,28,73
325,325,26,70
327,323,26,65
321,323,28,71
321,328,34,71
323,323,28,75
322,324,32,77
324,325,28,73
324,323,27,72
324,324,27,70
324,323,30,71
323,323,28,75
322,323,31,76
327,323,27,71
326,323,26,69
326,322,26,69
324,322,27,69
321,323,29,73
324,323,32,76
324,323,29,78
325,323,26,73
326,323,25,71
324,324,28,75
323,324,29,75
323,323,28,74
322,323,32,77
326,323,26,72
325,323,27,74
324,323,28,74
325,324,27,76
320,325,31,78
324,324,29,74
326,323,28,76
324,325,27,73
325,323,27,74
329,323,27,71
322,323,28,74
324,323,29,72
327,322,27,74
327,324,27,78
326,325,25,71
324,324,28,71
327,323,27,76
326,324,27,76
327,325,26,74
322,325,29,74
329,323,26,68
320,325,30,75
322,323,31,77
320,323,28,77
321,325,32,77
321,326,28,72
323,324,28,72
321,321,32,77
325,324,27,78
323,323,28,75
322,323,29,76
322,323,29,78
323,321,29,77
323,323,31,76
324,322,28,73
323,323,29,69
325,323,30,74
324,324,27,80
326,322,26,71
325,325,26,71
326,324,27,70
324,323,27,70
324,326,29,73
324,325,28,76
326,325,24,68
323,324,28,66
324,325,30,77
325,324,27,74
324,323,28,75
327,323,27,68
325,323,26,74
325,324,28,76
325,324,29,76
325,326,27,72
324,325,28,72
327,323,27,73
330,324,26,67
319,327,32,76
324,324,29,76
325,324,28,73
325,325,26,73
325,322,27,72
322,323,30,76
326,322,28,74
327,322,26,72
325,323,26,70
326,323,26,70
325,323,26,68
325,324,28,71
328,323,26,72
304,326,42,82
323,324,31,83
325,325,27,75
324,324,28,73
326,323,29,73
327,323,28,79
326,324,26,74
323,324,28,72
326,323,28,73
323,323,28,76
323,324,28,72
324,323,28,74
326,323,27,74
326,323,27,70
326,323,26,69
326,325,28,73
325,324,28,74
324,323,27,72
327,325,31,72
325,323,27,76
326,324,27,70
328,324,27,69
322,325,29,74
325,325,29,70
325,324,26,74
326,325,26,65
324,324,27,70
322,323,30,75
322,323,34,77
321,324,32,80
323,324,28,77
325,324,29,73
324,323,29,75
321,323,30,73
323,323,31,78
328,324,27,73
329,323,26,70
329,323,24,69
323,322,29,72
322,322,32,73
324,323,30,78
326,323,26,70
326,324,27,66
327,323,27,74
323,322,27,71
326,324,28,70
318,324,33,76
322,322,32,77
319,325,32,79
320,324,32,77
323,323,31,79
321,324,31,79
320,323,30,76
322,323,32,68
325,324,29,73
321,325,31,76
324,323,30,73
328,322,27,75
326,323,27,76
326,323,26,71
326,324,27,74
321,324,29,77
323,323,31,77
327,323,28,74
326,324,24,66
326,324,26,64
314,328,36,75
324,324,29,78
323,324,28,76
320,324,30,75
322,325,33,78
327,325,26,71
325,324,29,72
324,323,27,74
325,323,28,72
327,322,27,71
322,322,34,77
394,351,30,57
411,347,32,60
412,341,29,60
401,349,29,54
400,349,26,51
398,346,27,52
400,340,28,58
398,342,30,56
393,346,30,56
392,343,26,56
391,342,29,59
391,345,25,57
391,342,27,58
397,343,30,54
401,337,31,54
398,346,31,54
401,345,32,60
403,348,30,60
412,342,29,55
409,346,29,55
412,346,35,60
419,346,34,64
394,351,39,60
328,332,28,67
325,323,26,75
324,323,28,73
325,323,27,71
327,322,27,70
327,324,26,74
324,323,30,78
325,323,29,76
325,322,28,74
325,322,28,75
326,323,26,74
325,323,27,74
325,323,28,79
324,324,27,72
324,323,29,72
323,323,28,72
326,322,29,73
329,322,27,76
324,324,27,77
321,325,28,75
325,326,28,71
318,325,32,78
325,324,28,73
327,322,27,75
324,324,27,74
324,324,27,72
326,323,27,73
321,323,31,78
324,323,30,76
322,323,28,74
322,324,33,78
322,325,30,73
322,323,30,76
323,322,29,71
324,322,34,78
324,324,29,79
325,325,26,70
327,325,27,69
325,323,28,72
326,323,28,69
329,323,26,70
324,322,27,70
323,324,31,73
325,323,28,75
323,324,28,74
324,323,28,74
323,324,29,75
325,323,28,68
325,325,28,73
323,323,27,73
324,323,29,72
328,322,27,72
327,323,27,66
326,323,25,65
326,323,27,66
321,322,30,72
323,329,34,73
325,326,26,74
324,323,27,69
327,325,28,70
323,323,29,77
324,323,28,74
325,323,28,76
325,323,27,72
327,322,28,71
328,324,24,66
324,322,26,66
326,326,28,74
327,325,27,73
324,324,27,74
327,323,27,72
327,324,26,73
325,323,25,69
326,323,26,69
326,323,24,68
321,325,33,76
323,324,29,76
322,323,28,75
322,324,30,77
322,324,30,74
320,322,31,75
324,325,31,74
323,323,29,78
323,323,28,75
323,323,29,77
322,322,28,75
323,325,31,78
324,325,27,74
323,323,27,73
322,321,31,75
323,324,32,80
327,325,26,71
323,324,27,71
324,323,27,68
320,323,30,68
323,324,29,71
325,323,29,75
324,324,28,76
326,324,26,75
323,323,27,75
326,324,28,74
326,324,27,76
325,324,27,74
325,323,28,72
325,323,28,75
327,324,26,74
326,324,25,73
323,321,27,69
322,331,28,69
324,328,28,68
322,324,28,73
326,324,28,73
321,324,27,75
322,327,29,71
325,324,29,71
327,322,27,76
326,323,26,74
325,325,27,73
324,323,26,71
323,322,29,68
322,324,28,73
313,325,37,78
328,324,27,78
324,324,26,72
323,323,29,76
324,323,29,75
322,324,29,76
320,324,31,73
325,323,30,76
325,324,28,75
327,324,26,72
326,324,27,73
324,325,28,74
326,323,26,72
324,323,27,72
323,324,28,70
324,322,28,71
325,322,27,72
324,323,27,67
325,323,29,73
323,322,28,76
326,323,29,74
324,324,27,77
323,325,27,74
325,323,29,74
324,324,27,75
324,322,30,74
325,323,26,77
327,323,25,74
325,323,26,68
326,323,28,73
320,324,30,77
325,324,28,70
324,322,27,71
323,324,30,76
329,324,26,74
321,327,29,73
321,323,30,77
324,325,29,67
326,323,26,70
324,323,26,64
326,330,28,70
320,324,29,72
324,325,30,75
325,324,27,73
324,323,27,73
322,323,31,74
323,322,30,76
323,323,28,78
321,322,30,76
323,323,29,79
325,324,27,74
326,325,27,70
322,322,29,74
321,322,32,77
325,321,29,78
326,323,26,75
325,325,28,73
327,324,27,73
322,323,27,75
325,324,29,74
323,323,28,77
325,323,28,75
324,323,27,73
324,322,29,71
323,322,29,74
322,323,30,76
323,324,29,76
325,323,27,75
325,323,26,76
326,324,26,69
325,324,29,74
327,324,27,76
325,324,27,74
325,325,27,73
324,323,27,74
326,323,30,73
326,324,27,75
325,323,27,74
328,324,27,70
321,324,30,76
323,323,30,73
324,323,30,74
324,323,27,76
324,324,27,71
327,323,29,71
322,322,29,81
324,322,31,76
325,323,27,76
324,323,27,69
324,323,29,72
323,323,28,77
321,322,29,78
320,323,33,78
320,324,31,79
326,324,28,75
324,325,29,74
325,324,26,74
328,323,28,72
319,322,30,75
320,328,31,75
321,325,30,72
322,322,32,73
325,322,30,75
328,323,25,75
323,323,28,74
325,324,31,76
328,324,26,73
320,323,30,73
306,321,37,74
282,351,34,63
290,347,38,61
283,354,30,61
297,348,32,58
283,351,35,60
286,357,32,58
299,346,35,60
295,351,39,63
283,353,33,59
285,351,32,55
284,353,34,58
289,351,37,53
297,351,38,54
285,353,35,53
284,351,35,58
289,349,37,56
291,354,35,55
290,352,34,60
290,352,36,57
305,354,37,57
284,353,35,56
279,351,39,58
212,326,33,80
212,326,29,75
212,324,31,77
210,325,32,84
216,323,27,71
215,323,27,71
216,323,27,74
207,324,31,78
212,324,32,80
216,324,28,78
209,324,30,77
214,326,29,79
216,325,28,81
209,325,31,80
216,326,28,76
214,326,27,72
215,325,29,77
216,325,27,70
215,324,27,75
214,324,32,79
217,324,26,76
216,324,27,77
214,324,26,75
215,325,30,78
211,324,30,77
213,324,31,76
212,323,29,78
214,325,31,79
213,325,29,76
213,327,31,78
214,326,33,77
209,325,33,77
212,324,31,76
213,324,31,81
213,325,28,74
232,320,35,69
274,314,37,72
334,325,33,72
326,297,43,84
325,318,36,77
329,325,32,71
396,342,31,65
390,342,29,64
392,353,29,52
387,348,28,52
375,348,27,55
334,323,28,68
334,321,32,73
339,323,33,77
332,321,37,75
335,322,32,77
337,323,28,78
330,326,28,75
333,326,28,72
331,327,31,76
328,325,35,72
330,322,29,75
334,323,27,73
332,324,28,68
334,325,27,67
334,326,27,67
332,333,28,57
333,327,26,66
332,328,25,62
333,328,26,64
333,325,27,69
328,325,30,72
306,338,32,64
307,334,31,65
333,326,28,73
331,326,29,71
286,339,29,65
284,333,27,58
278,326,27,45
276,329,27,44
270,327,27,43
264,319,25,42
265,327,24,32
262,318,20,38
263,316,24,39
261,316,23,39
259,324,22,35
261,325,18,36
262,328,29,44
260,322,25,53
254,325,25,54
251,328,26,50
250,330,26,46
247,328,25,46
246,326,26,49
244,326,24,50
241,327,25,47
233,327,28,34
232,326,27,26
226,325,23,24
218,324,22,22
215,325,20,22
212,325,20,19
206,326,25,22
203,323,22,23
178,335,23,26
195,320,23,25
158,325,39,30
196,309,33,46
195,309,34,53
190,310,29,58
187,307,27,61
183,316,27,52
180,318,29,37
182,319,29,26
174,320,29,29
181,331,22,34
177,333,28,42
188,322,31,43
181,329,30,36
157,320,40,50
130,293,47,44
109,267,46,55
109,275,55,61
92,254,62,62
121,288,62,51
138,304,63,71
121,300,57,77
143,311,45,69
146,312,53,67
119,271,65,63
42,256,92,50
50,251,77,54
50,252,72,51
55,255,62,54
61,270,74,52
97,302,34,62
102,305,30,58
103,301,30,55
95,302,27,55
100,304,26,53
93,302,24,54
92,304,26,54
85,299,25,56
84,300,30,59
75,293,31,36
68,298,31,29
68,296,29,33
62,300,29,28
60,300,25,35
55,300,24,38
55,297,29,32
51,290,29,34
50,295,27,34
51,286,32,39
59,306,36,35
70,325,28,40
50,299,29,40
49,297,30,35
47,292,24,56
40,285,28,57
39,289,27,54
37,292,28,46
40,296,25,43
35,297,28,40
35,297,25,48
34,295,26,48
28,294,27,45
24,283,34,38
24,283,32,34
19,286,32,32
14,286,33,29
17,283,44,33
