0.002585
0.020826
0.076807
0.035422
0.022270
0.038992
0.041675
0.029644
0.061795
0.081815
0.024788
0.023143
0.028279
0.066242
0.035487
0.024435
0.050404
0.043379
0.043807
0.026330
0.027527
0.031588
0.080397
0.091506
0.032480
0.070400
0.036799
0.024991
0.022216
0.026548
0.049155
0.036462
0.066507
0.061044
0.076716
0.058713
0.031794
0.086486
0.044630
0.028704
0.025874
0.024043
0.024383
0.067791
0.075807
0.061964
0.022937
0.020412
0.047763
0.029351
0.024871
0.030971
0.048411
0.093856
0.021858
0.019582
0.054602
0.023101
0.020234
0.025440
0.020010
0.032592
0.046332
0.072994
0.079111
0.031531
0.021107
0.032714
0.024938
0.031883
0.064324
0.073223
0.018951
0.059742
0.030749
0.025800
0.038969
0.027351
0.028559
0.032959
0.026458
0.087541
0.036413
0.022971
0.019993
0.064709
0.021863
0.023955
0.025791
0.050108
0.041947
0.043311
0.039386
0.021341
0.051822
0.022361
0.017359
0.021144
0.026268
0.029111
0.050044
0.057810
0.052715
0.025121
0.021594
0.071862
0.019059
0.023272
0.026840
0.021276
0.033195
0.043468
0.048724
0.021656
0.021089
0.021564
0.080789
0.022251
0.023990
0.032649
0.017894
0.081615
0.018753
0.016466
0.041924
0.021720
0.019382
0.052160
0.028230
0.034307
0.023246
0.042914
0.036179
0.019687
0.017274
0.018530
0.026685
0.017842
0.022843
0.027776
0.036184
0.053535
0.076286
0.034372
0.020888
0.066140
0.022860
0.020306
0.030567
0.021984
0.021718
0.060383
0.024596
0.053282
0.023161
0.018999
0.022792
0.053247
0.023808
0.036747
0.053294
0.059575
0.059628
0.039689
0.046273
0.084514
0.036081
0.038072
0.025085
0.037131
0.028485
0.065784
0.040810
0.036861
0.029841
0.020072
0.023534
0.039933
0.023365
0.038695
0.032918
0.054169
0.073595
0.046784
0.069918
0.033433
0.018106
0.041793
0.041109
0.075305
0.064707
0.058586
0.040079
0.065570
0.060689
0.058609
0.043522
0.080418
0.043273
0.029600
0.071732
0.022649
0.017883
0.038498
0.047857
0.070927
0.033853
0.042005
0.107357
0.041707
0.024318
0.034319
0.087368
0.040003
0.018654
0.058153
0.058664
0.039798
0.089225
0.066278
0.046346
0.025885
0.050862
0.051496
0.040160
0.073658
0.045000
0.046066
0.036631
0.091485
0.048917
0.041601
0.041234
0.074556
0.043628
0.034438
0.045512
0.108489
0.046407
0.020046
0.075503
0.043238
0.082822
0.022302
0.043176
0.035650
0.050727
0.052335
0.069534
0.047540
0.068769
0.028086
0.060215
0.024601
0.090336
0.027578
0.046514
0.038850
0.046219
0.045108
0.042635
0.046316
0.023419
0.064923
0.046394
0.066738
0.089975
0.021371
0.027968
0.025005
0.027105
0.062407
0.028608
0.020269
0.038213
0.037094
0.069375
0.066379
0.052012
0.018370
0.021345
0.083912
0.048770
0.039917
0.112264
0.028452
0.020134
0.036363
0.027355
0.018249
0.023472
0.077600
0.035974
0.025853
0.056691
0.060682
0.054960
0.046052
0.049246
0.066203
0.037633
0.042927
0.072262
0.048191
0.086290
0.069299
0.065845
0.020864
0.048019
0.049950
0.050925
0.048258
0.047015
0.045446
0.100514
0.056754
0.023468
0.064720
0.042265
0.039776
0.039704
0.076115
0.037377
0.034892
0.040481
0.064182
0.030517
0.075486
0.095613
0.052315
0.042849
0.036331
0.072762
0.049340
0.038506
0.028214
0.098668
0.067377
0.025253
0.076117
0.041522
0.049980
0.065385
0.039604
0.094975
0.037975
0.030595
0.054607
0.068067
0.023288
0.033404
0.105762
0.101736
0.065265
0.047006
0.086082
0.049455
0.047858
0.061414
0.042460
0.131042
0.054348
0.033844
0.037387
0.084773
0.039980
0.039711
0.036976
0.086446
0.084028
0.077021
0.041713
0.029153
0.051057
0.037778
0.074531
0.045965
0.068702
0.020492
0.066932
0.047437
0.038815
0.076724
0.045738
0.096034
0.053202
0.025876
0.027773
0.022930
0.058020
0.049138
0.043259
0.036714
0.103845
0.040332
0.034983
0.023979
0.049451
0.073426
0.040468
0.057777
0.093371
0.029592
0.057150
0.086712
0.022718
0.057896
0.046180
0.033231
0.030683
0.072119
0.031774
0.036526
0.061662
0.078183
0.019556
0.024419
0.077520
0.042986
0.030990
0.040564
0.101909
0.057392
0.054067
0.052531
0.085166
0.048980
0.033548
0.021446
0.063594
0.100646
0.028555
0.037981
0.101447
0.048723
0.048867
0.086153
0.036189
0.077918
0.066635
0.040374
0.036982
0.052002
0.021112
0.027014
0.028393
0.073254
0.088327
0.042378
0.079230
0.055847
0.022638
0.071142
0.038199
0.042182
0.028357
0.081178
0.035092
0.078057
0.030179
0.071440
0.043582
0.028644
0.045846
0.039273
0.035484
0.031647
0.036617
0.105166
0.036529
0.024397
0.030930
0.050695
0.068717
0.029760
0.039682
0.079725
0.094100
0.083373
0.034240
0.052878
0.099978
0.027524
0.047810
0.065852
0.068332
0.026050
0.044744
0.043386
0.046898
0.041298
0.033413
0.028025
0.075961
0.028800
0.043256
0.064389
0.036963
0.035059
0.046924
0.080611
0.046041
0.075765
0.045264
0.026951
0.041370
0.025740
0.025075
0.019272
0.058854
0.075762
0.018888
0.025866
0.039793
0.027130
0.029327
0.024795
0.039727
0.022482
0.049805
0.066289
0.019996
0.018326
0.019041
0.026320
0.072345
0.035716
0.034073
0.035414
0.087791
0.019674
0.018407
0.017838
0.022447
0.032932
0.046898
0.027162
0.019912
0.033873
0.025154
0.052356
0.020010
0.018353
0.018507
0.054207
0.025729
0.028955
0.029448
0.019937
0.048724
0.028665
0.029751
0.020355
0.019001
0.023633
0.047027
0.058338
0.026514
0.061962
0.022746
0.022681
0.068432
0.019052
0.018394
0.030791
0.060114
0.029423
0.074972
0.020578
0.018609
0.018272
0.042957
0.021107
0.024272
0.020882
0.026666
0.071795
0.050251
0.017168
0.024897
0.048634
0.018935
0.019348
0.018856
0.021244
0.017271
0.058440
0.028240
0.019878
0.064614
0.052726
0.033872
0.022546
0.022802
0.022822
0.021594
0.035678
0.037542
0.036108
0.057345
0.028174
0.056422
0.018774
0.022415
0.019391
0.019054
0.025030
0.066547
0.019681
0.041800
0.021984
0.071018
0.019645
0.023648
0.016848
0.017263
0.028445
0.058917
0.020257
0.056932
0.036592
0.033481
0.024065
0.019629
0.023282
0.017716
0.017507
0.026497
0.043200
0.028751
0.018601
0.031865
0.045494
0.061769
0.023123
0.018953
0.023420
0.043620
0.039207
0.026980
0.033066
0.027755
0.062446
0.048756
0.026345
0.022738
0.017870
0.020043
0.027380
0.057149
0.018912
0.021559
0.025716
0.031647
0.023449
0.057817
0.042247
0.022148
0.020757
0.022625
0.018925
0.018359
0.025656
0.053308
0.017180
0.032352
0.025702
0.072224
0.021935
0.018425
0.018110
0.023875
0.017995
0.018062
0.035279
0.045430
0.034126
0.027731
0.038239
0.041404
0.022481
0.017718
0.016489
0.022078
0.017251
0.017823
0.024109
0.048609
0.017618
0.071483
0.062312
0.030101
0.019257
0.017887
0.017437
0.017926
0.025142
0.078480
0.033988
0.034244
0.098970
0.020298
0.023069
0.018737
0.017856
0.068158
0.026244
0.029007
0.030521
0.087391
0.050407
0.051136
0.020413
0.021782
0.062230
0.024006
0.030193
0.018959
0.024564
0.025696
0.060578
0.026817
0.034770
0.049979
0.025722
0.068036
0.036947
0.029430
0.023025
0.053374
0.036881
0.057786
0.030684
