547,55,22,51
545,54,21,50
545,54,21,51
545,54,20,51
544,55,21,50
543,54,21,51
544,54,21,51
543,54,22,51
543,53,22,52
543,53,21,52
543,54,21,52
543,54,22,52
542,54,22,51
543,54,22,51
544,55,22,51
543,56,22,50
544,54,21,50
542,54,22,51
543,54,21,51
543,55,21,51
543,55,22,51
544,55,22,51
543,56,22,50
544,56,21,51
544,56,21,50
544,55,20,50
544,55,21,51
544,56,21,51
544,56,20,51
544,57,20,50
544,57,20,50
544,56,21,51
542,57,22,51
545,55,21,52
544,55,21,51
543,55,21,51
544,56,22,52
545,56,21,52
544,57,21,51
546,58,21,51
546,58,21,52
545,57,21,51
545,57,21,51
547,57,21,52
547,56,21,53
546,57,22,53
547,58,21,52
547,56,22,54
547,56,21,53
547,57,22,52
547,56,22,54
547,57,22,54
548,58,23,53
547,58,23,53
547,58,22,52
547,59,22,51
548,60,23,52
548,60,22,50
547,59,23,52
548,60,23,52
548,60,23,51
548,60,23,52
549,60,23,54
550,59,21,53
548,60,23,52
549,62,22,51
550,61,21,52
550,59,21,53
550,62,21,51
550,62,22,51
550,59,22,53
551,58,23,55
552,59,22,54
551,60,22,53
551,59,23,55
551,58,22,56
551,60,22,54
551,58,22,56
551,58,22,56
550,58,23,56
550,57,23,57
551,61,22,55
551,61,23,54
550,60,23,55
551,59,23,57
551,60,23,55
551,58,22,56
551,59,22,56
551,59,23,56
550,58,23,56
552,60,22,55
552,61,22,55
552,60,22,56
552,60,22,55
553,62,22,55
553,60,21,55
553,58,22,57
553,64,22,52
554,59,21,55
553,57,22,58
553,61,22,54
554,59,22,56
554,61,22,58
553,61,22,58
554,60,22,58
553,63,22,55
553,63,22,55
554,63,21,57
553,59,22,59
553,62,21,56
554,64,21,54
553,64,21,54
553,60,21,58
553,62,22,56
553,62,23,56
554,58,22,60
554,65,23,55
554,64,23,54
554,64,22,54
554,66,22,54
553,66,22,52
554,65,22,52
554,64,22,54
554,64,22,54
554,64,22,54
554,63,22,56
555,64,21,56
554,66,21,55
554,68,21,52
554,67,22,53
553,68,21,53
553,69,21,52
553,68,21,53
554,69,20,53
554,69,20,53
553,68,21,54
553,68,21,54
553,68,21,54
552,68,22,54
553,67,21,53
552,67,21,53
553,67,21,54
553,68,21,53
553,70,21,52
552,71,21,51
553,69,22,53
552,69,22,52
552,69,23,53
552,70,22,52
553,70,22,52
553,70,21,52
552,69,22,54
552,69,22,54
553,70,22,53
553,70,22,53
552,71,21,53
552,70,21,53
552,72,21,52
551,72,21,53
552,72,20,53
550,72,21,54
549,72,22,54
549,71,21,53
548,71,23,54
549,71,23,53
549,71,22,54
549,72,22,53
550,72,22,52
549,73,22,51
549,73,22,52
549,73,22,53
549,74,22,52
549,75,22,52
548,73,23,53
549,73,22,52
548,74,22,53
548,70,23,56
548,73,22,54
547,71,23,56
546,72,22,56
547,72,22,56
547,73,23,55
547,74,22,54
548,74,23,55
547,75,23,54
546,74,23,55
545,75,23,55
546,74,23,56
545,73,23,55
546,72,24,56
545,73,24,56
546,73,24,57
545,73,24,57
545,73,25,58
545,72,24,56
545,73,25,57
545,73,24,56
545,74,25,56
546,73,24,56
548,72,24,57
547,75,23,56
547,75,23,56
547,75,23,56
548,74,23,57
547,73,22,58
548,74,22,57
547,75,23,57
547,76,23,56
548,76,22,56
547,76,22,57
548,76,22,57
547,75,23,58
547,76,23,56
546,75,22,57
547,75,23,56
547,76,23,56
546,75,24,58
547,75,25,58
546,74,24,59
547,75,25,58
546,76,25,57
546,77,25,57
546,76,25,57
547,77,25,58
546,75,25,60
546,75,26,59
545,74,28,61
542,74,29,61
542,74,30,61
542,73,29,62
546,75,26,59
546,76,26,60
546,78,25,58
541,78,28,57
545,77,26,58
542,79,29,59
542,78,29,58
541,79,29,57
544,81,27,55
543,81,27,56
542,79,28,58
541,75,30,61
541,77,29,60
544,77,26,60
543,79,27,58
542,80,27,58
541,80,29,57
541,80,29,58
541,81,29,57
542,81,30,57
541,81,32,58
542,80,28,59
542,78,30,61
541,78,29,61
544,76,27,63
545,78,24,61
543,80,25,59
543,81,25,59
540,82,28,58
541,84,27,57
542,84,26,56
542,83,26,56
543,83,25,58
543,85,26,56
541,84,27,56
540,83,28,56
541,83,26,57
541,83,27,58
536,81,32,59
539,82,29,59
538,82,30,59
539,84,29,58
542,85,26,57
542,84,25,57
541,85,27,57
541,86,27,58
542,84,26,58
542,83,26,59
542,82,26,60
543,83,26,60
543,82,24,60
543,83,25,60
543,84,26,60
544,85,25,60
543,85,25,59
542,89,24,56
542,88,25,56
543,87,25,58
541,88,26,58
542,88,25,57
542,86,26,60
540,87,27,59
540,87,27,59
540,86,26,59
539,86,27,60
539,87,29,59
539,88,27,58
540,84,27,61
539,87,28,60
539,85,29,62
539,86,28,61
539,86,27,62
539,85,28,62
538,87,27,60
540,87,27,61
540,87,26,61
539,87,28,62
539,87,26,63
539,88,25,62
538,87,25,62
539,88,24,61
539,90,24,61
538,89,24,62
537,90,24,62
537,89,25,64
537,90,24,63
535,89,26,64
536,88,24,64
536,89,24,62
535,88,25,62
534,88,26,63
534,87,26,65
534,89,26,63
534,91,26,60
534,90,26,61
533,90,26,63
532,90,27,64
531,90,27,64
533,90,26,64
533,90,25,64
533,91,25,63
533,90,24,63
532,91,25,63
532,91,24,63
532,92,24,63
532,92,24,64
532,93,24,63
530,93,24,64
531,93,23,63
531,95,23,62
529,94,24,62
529,93,23,63
528,93,23,64
528,93,24,63
527,93,25,63
529,93,25,64
527,93,25,64
528,94,25,64
526,94,26,63
526,94,26,63
526,95,26,63
526,96,26,63
526,97,26,65
527,97,25,64
526,97,25,63
524,95,26,65
524,96,25,65
525,95,24,66
525,94,23,65
525,96,23,65
524,96,23,65
525,98,22,64
524,98,23,64
523,99,23,63
522,97,23,64
521,97,24,65
521,98,23,64
521,98,24,65
520,99,25,64
520,99,25,64
516,71,26,50
518,96,26,64
518,97,27,65
519,97,27,65
518,98,29,65
519,100,29,64
517,99,28,65
517,99,29,65
517,100,29,66
516,99,28,64
516,98,27,65
517,99,26,65
516,97,26,66
516,98,25,66
517,100,25,66
517,99,24,65
516,100,24,65
517,100,24,66
515,99,25,66
515,100,24,65
515,101,25,65
514,101,24,65
515,102,25,65
513,103,25,65
514,101,25,66
511,100,27,67
512,101,26,66
513,100,28,67
511,100,29,67
511,102,30,66
511,102,31,66
511,103,31,66
511,103,30,66
511,103,30,66
511,101,29,66
511,102,29,66
510,102,28,66
511,102,27,68
511,103,26,67
511,103,26,68
511,104,26,67
509,101,27,70
509,103,26,68
509,104,27,67
509,104,27,68
508,105,26,68
508,106,26,67
507,104,26,69
507,105,26,69
506,104,25,70
505,102,27,70
505,102,26,70
504,101,26,70
503,102,28,70
501,103,29,70
502,105,29,69
502,105,28,68
502,105,28,69
500,105,28,69
500,105,28,69
499,105,28,70
499,105,27,70
501,106,27,69
498,106,28,70
499,104,27,71
499,104,27,71
499,105,27,71
497,104,27,71
498,105,27,71
496,107,27,70
496,107,27,71
495,108,26,70
494,108,27,71
494,108,26,71
492,107,28,71
492,107,27,71
490,106,29,72
490,107,28,72
488,106,28,72
488,107,29,71
488,108,29,72
488,108,29,71
486,108,31,72
488,109,30,72
486,109,32,72
487,110,31,71
486,111,31,71
486,110,29,71
487,111,27,71
485,110,28,72
485,108,27,73
485,108,26,73
485,109,26,72
484,109,26,74
483,111,27,74
482,111,27,73
481,112,27,72
480,112,27,72
479,113,26,71
477,112,27,72
477,111,27,73
478,112,26,73
476,112,27,74
477,112,27,74
476,112,27,74
474,112,29,73
473,111,31,73
473,112,32,74
473,113,33,74
472,113,32,72
471,115,34,73
471,115,33,73
471,115,32,74
471,116,30,73
470,115,30,73
470,114,30,74
469,114,28,74
470,114,27,73
468,114,28,74
468,115,27,74
468,115,26,74
466,115,27,74
464,116,28,74
464,116,28,73
464,116,28,74
461,116,29,74
463,118,29,74
461,118,28,75
460,117,29,76
459,116,29,75
456,115,30,75
456,114,31,75
455,115,31,75
454,116,32,76
452,117,34,75
452,120,34,75
452,120,34,75
451,120,35,75
451,119,34,75
448,118,35,75
448,119,34,75
449,118,33,76
449,118,32,76
447,119,31,76
447,119,31,77
445,118,31,77
446,119,30,76
443,118,31,76
443,118,30,75
442,119,32,75
442,122,30,75
442,123,30,75
442,123,29,75
441,122,29,76
440,121,30,76
439,120,29,77
438,119,29,77
435,120,31,76
435,120,31,76
434,122,32,76
432,122,34,77
432,123,34,77
431,122,37,77
430,123,37,77
429,121,36,78
428,123,35,77
428,124,35,78
428,124,34,78
428,124,33,78
428,124,31,77
427,122,30,78
427,122,30,78
426,122,29,78
426,122,29,78
425,123,29,79
423,127,30,78
423,126,31,79
423,127,30,77
422,127,29,78
420,125,31,80
419,127,30,78
418,127,30,79
417,126,29,80
416,126,30,80
415,129,29,77
413,127,31,79
413,129,32,77
410,128,32,78
410,130,32,76
410,135,32,73
408,132,35,78
408,131,33,78
406,135,34,77
406,134,32,78
405,131,31,79
404,130,30,80
403,131,30,79
402,131,29,78
402,132,29,79
401,132,29,81
398,133,32,80
397,132,31,81
394,133,32,80
394,132,31,81
393,133,31,80
392,133,33,81
391,133,31,81
390,135,31,82
388,134,30,82
387,133,31,82
385,132,30,82
382,131,33,83
381,133,35,82
382,133,34,84
378,135,38,82
378,137,38,82
378,137,37,82
377,138,38,82
374,137,38,82
373,137,36,81
374,137,35,81
373,138,33,79
372,139,32,79
372,138,30,81
372,140,29,79
370,138,29,80
370,140,29,79
367,139,31,80
364,141,33,77
362,139,34,80
362,141,34,79
362,142,33,80
361,143,33,81
361,143,33,81
358,143,33,79
356,140,31,82
354,140,32,82
352,139,32,82
353,141,33,81
351,141,35,82
351,142,36,84
348,142,39,84
344,142,42,84
344,143,40,84
343,142,43,84
341,142,39,84
346,145,38,83
343,146,36,82
345,143,34,84
344,144,32,83
344,144,30,82
342,143,31,83
342,143,31,84
340,144,31,85
339,144,32,85
337,145,32,84
337,147,32,84
337,147,32,83
336,148,32,83
335,147,32,83
332,146,32,84
329,147,32,85
327,147,32,84
327,146,33,84
325,147,35,85
323,146,37,86
322,146,38,86
322,147,36,85
322,148,37,84
319,150,38,84
320,151,37,85
318,151,36,85
317,152,36,86
315,150,35,86
317,150,34,86
314,149,33,87
314,148,32,86
313,150,32,86
312,151,32,88
311,151,33,87
310,151,33,87
307,153,35,87
306,152,34,86
306,153,34,86
305,154,33,87
303,154,34,87
303,155,34,86
301,157,33,87
299,155,35,87
298,154,33,88
297,153,34,88
294,153,34,88
294,154,36,87
294,155,36,87
289,156,39,88
291,160,40,86
287,159,40,88
288,157,36,88
287,158,38,88
285,157,37,88
287,158,35,88
284,158,35,89
285,159,34,89
281,159,35,89
281,159,35,89
280,158,34,90
278,156,35,91
277,158,35,89
276,159,37,89
276,161,35,91
275,163,36,91
273,163,35,91
272,163,35,91
269,162,35,90
267,159,36,92
265,158,35,92
262,158,36,93
262,159,38,92
261,164,39,91
258,162,42,95
259,163,40,94
255,163,42,94
257,161,41,95
253,162,39,93
254,163,39,92
255,164,35,93
252,166,37,93
251,166,36,94
251,164,35,95
249,163,34,94
248,162,35,94
246,161,34,95
245,162,34,96
242,165,36,96
239,168,39,95
241,170,40,95
238,169,39,96
237,168,38,96
236,167,38,97
233,166,37,96
230,166,37,96
228,166,38,97
228,169,37,96
225,169,38,96
221,168,41,97
219,169,42,97
216,166,42,99
214,166,43,98
213,170,43,96
211,169,40,96
213,174,41,96
212,176,40,96
210,173,39,97
209,172,37,97
207,171,39,97
204,167,39,98
205,169,37,97
200,170,40,98
200,173,39,98
195,176,44,98
194,176,45,98
193,176,45,98
193,175,45,99
191,175,44,99
190,174,43,99
188,175,44,99
186,176,41,99
185,176,40,100
182,176,40,100
180,175,39,101
175,174,42,101
173,172,41,102
173,173,41,101
172,176,42,100
167,178,42,98
168,183,44,97
