404,233,20,15
388,231,22,18
388,231,18,18
388,233,22,18
389,232,20,19
390,232,21,22
390,231,20,22
390,231,21,20
390,230,21,19
389,232,21,19
390,231,22,19
390,232,21,19
390,233,23,20
390,231,21,21
391,233,22,22
390,232,21,23
390,233,21,20
389,232,22,18
390,233,23,18
390,234,22,19
390,235,24,18
390,234,23,25
392,229,22,31
393,232,20,25
393,233,22,22
393,234,21,18
393,236,20,17
393,234,22,18
394,235,21,19
393,235,21,20
394,235,22,20
393,235,20,20
394,236,20,18
393,236,21,18
393,235,21,20
393,234,21,21
393,234,21,20
394,236,21,20
395,238,21,18
395,236,21,21
396,238,21,20
396,237,21,21
396,237,22,21
396,237,22,20
395,236,23,21
396,236,21,19
395,237,22,19
396,238,22,18
396,241,23,17
396,238,22,20
396,239,23,20
397,239,23,19
396,238,23,21
395,238,23,20
396,239,21,19
397,239,22,20
396,240,22,19
396,242,22,19
398,244,22,17
397,241,21,19
397,240,21,19
396,239,21,21
397,238,20,20
396,241,23,19
397,240,23,22
396,240,21,23
396,240,21,21
396,242,20,20
395,244,22,17
395,241,23,20
395,241,22,20
394,242,22,21
394,240,23,21
394,243,20,19
393,242,22,21
393,242,21,22
392,243,23,21
392,243,22,20
392,245,21,19
392,243,21,19
391,242,22,22
391,242,21,20
390,242,22,21
390,243,21,21
389,243,22,23
389,244,22,22
389,245,21,21
389,244,21,22
387,244,22,21
388,243,21,21
387,246,21,19
387,244,22,21
386,246,20,20
386,248,23,18
386,245,21,20
385,247,24,19
386,248,21,20
387,247,21,20
386,247,19,21
385,247,22,20
385,245,21,21
384,247,22,20
384,247,22,21
384,247,20,22
383,252,23,18
384,248,20,20
382,249,21,21
382,247,19,20
382,251,22,18
381,248,22,20
382,250,24,18
381,247,23,21
381,249,21,21
381,251,23,19
381,248,22,21
381,252,22,19
382,250,22,21
381,249,21,21
382,253,22,19
382,249,23,21
381,247,24,20
381,244,20,20
381,242,21,18
380,241,18,18
381,234,23,21
393,233,17,18
396,230,15,17
381,226,22,21
379,225,21,21
380,228,23,20
380,232,22,18
380,229,21,19
381,231,24,19
380,228,22,20
380,229,23,20
380,228,24,19
390,232,21,27
385,226,23,27
380,224,24,25
380,221,23,24
380,219,24,24
399,216,21,24
396,221,16,40
401,214,22,25
380,207,22,22
380,215,27,25
381,208,25,25
381,213,24,22
381,210,25,22
383,210,24,23
386,220,24,27
386,209,25,24
385,209,25,21
385,212,25,20
385,215,24,19
386,214,22,19
387,216,26,18
386,212,24,20
387,214,27,21
387,211,23,21
387,213,26,21
387,212,25,22
388,214,27,22
388,215,19,21
406,215,17,16
392,205,18,19
391,201,20,20
392,195,22,21
391,193,25,20
392,190,20,19
392,186,23,20
399,188,26,23
393,180,25,21
392,178,19,19
392,178,20,20
392,179,18,19
394,175,20,23
395,181,24,19
395,178,18,20
401,186,25,17
396,182,18,18
396,183,19,18
397,183,23,18
396,179,23,21
397,180,21,20
397,184,27,18
401,184,23,19
398,184,21,19
398,186,22,18
398,187,26,17
411,193,19,41
402,170,28,41
402,168,29,41
399,168,26,30
399,167,24,23
399,169,18,18
400,167,27,22
401,171,26,23
404,174,24,24
400,167,28,21
404,174,27,23
405,168,25,22
403,169,26,24
402,169,25,21
403,170,27,21
404,168,26,25
402,168,27,25
406,181,27,26
404,171,26,25
401,168,22,24
402,170,19,23
402,170,22,22
402,174,24,20
403,171,24,22
403,176,24,22
405,173,24,29
405,172,22,24
404,173,23,19
403,181,26,19
416,184,22,42
444,156,23,59
445,154,26,69
446,154,25,72
445,154,24,71
445,155,23,72
447,156,22,67
446,157,24,70
446,157,24,69
446,157,25,71
447,153,25,70
446,151,26,71
446,149,25,70
448,140,26,73
449,140,25,68
448,142,25,74
448,143,25,71
448,143,27,73
446,144,26,72
450,144,25,71
449,142,25,74
415,144,23,73
420,148,23,72
419,149,23,74
404,150,30,74
404,149,33,78
407,147,33,80
410,153,30,74
411,151,32,76
408,151,32,76
420,152,26,76
422,152,25,74
427,151,21,74
412,151,29,75
445,147,28,80
399,157,28,72
392,152,30,79
386,154,32,80
381,153,35,81
375,153,33,79
370,153,35,81
409,148,27,81
396,149,32,80
397,149,27,80
396,150,30,80
397,150,29,80
395,152,29,79
397,151,29,80
392,152,32,79
361,155,35,80
354,155,41,86
348,156,40,86
343,156,42,85
340,158,40,82
333,158,41,83
328,157,41,84
329,157,38,81
329,157,39,82
330,157,39,84
330,158,38,83
331,157,37,84
332,159,39,83
332,158,39,85
334,158,38,84
339,161,35,81
334,160,36,80
346,160,33,82
340,162,33,80
351,164,30,77
349,163,27,76
352,168,29,71
356,167,25,69
361,173,25,53
354,168,31,63
340,162,36,83
349,167,30,79
330,164,32,82
319,164,37,82
331,165,32,85
328,169,28,83
319,170,29,78
314,169,31,80
312,171,31,79
311,170,30,80
311,171,29,80
312,171,30,79
312,174,30,73
312,176,31,68
316,177,31,63
314,179,30,61
315,180,31,57
315,183,27,51
310,183,32,51
314,182,34,56
319,181,28,63
315,182,37,66
314,174,39,89
309,179,34,79
306,176,37,85
302,177,38,82
304,172,37,87
304,178,38,85
272,176,37,80
305,185,37,68
308,185,34,66
305,189,35,62
308,185,36,62
306,191,36,57
310,188,33,66
316,178,34,88
316,172,31,92
318,185,30,77
319,183,32,77
321,183,31,78
322,179,30,89
323,187,30,78
325,184,30,73
327,176,29,88
328,174,29,92
330,183,32,82
329,187,32,79
327,190,29,75
325,180,28,90
325,192,32,77
328,184,25,86
327,183,26,87
327,183,26,88
330,184,31,88
330,187,27,86
324,183,29,94
325,188,24,88
325,187,24,87
326,184,25,88
319,181,29,96
309,183,30,96
306,187,32,96
299,185,33,97
292,189,32,93
288,191,34,92
282,188,34,96
275,187,32,97
272,193,31,91
269,194,35,92
267,186,35,101
268,189,32,98
267,190,27,98
267,195,26,92
266,194,30,96
257,189,31,101
265,193,28,93
254,195,34,93
263,194,28,94
262,193,28,96
263,192,28,99
261,192,29,102
211,208,35,64
211,197,33,89
211,206,34,80
211,198,33,91
214,206,33,80
214,207,34,84
206,203,35,84
205,202,34,91
204,202,35,92
202,203,35,92
204,209,39,83
201,205,36,93
200,214,36,83
200,215,38,80
198,211,37,87
199,213,37,83
249,201,30,98
247,200,30,102
248,200,32,103
246,200,32,104
247,200,33,104
244,200,34,106
244,202,34,103
243,204,34,103
245,204,32,100
245,206,32,102
240,207,34,101
245,207,32,97
243,207,32,95
234,206,37,102
243,207,33,103
242,206,29,105
242,207,29,102
242,208,30,104
242,210,29,101
241,212,30,103
241,212,29,102
239,213,32,100
239,213,34,99
238,214,33,103
240,214,34,104
238,214,34,104
238,217,34,102
238,216,35,104
237,218,34,100
237,218,35,101
236,219,36,102
235,219,36,102
234,219,34,104
232,217,35,107
181,227,39,96
183,229,41,94
182,228,40,97
180,228,39,99
231,223,35,104
234,226,33,103
234,223,33,105
234,224,36,103
233,224,36,108
232,224,36,110
234,223,37,109
231,225,38,107
234,225,43,110
245,227,38,111
248,230,41,107
257,228,40,111
263,228,37,109
265,227,40,112
275,227,35,110
272,224,34,117
270,225,35,113
271,229,32,113
273,229,33,112
272,234,33,111
270,233,33,110
