0.016588
0.053564
0.063703
0.068430
0.024343
0.034521
0.056433
0.025496
0.069706
0.028330
0.056666
0.018881
0.029058
0.068261
0.021107
0.018288
0.035726
0.018091
0.031619
0.056142
0.020508
0.053774
0.085298
0.019559
0.022154
0.019225
0.023477
0.022104
0.044319
0.019548
0.024195
0.067758
0.041822
0.030390
0.019470
0.035443
0.033310
0.061878
0.055523
0.040732
0.029671
0.027766
0.046294
0.020023
0.031502
0.017064
0.016070
0.027561
0.029580
0.041112
0.020193
0.055635
0.072622
0.020647
0.018588
0.019928
0.023062
0.044574
0.032067
0.029434
0.036956
0.079810
0.036900
0.020105
0.019980
0.023992
0.024292
0.062330
0.026097
0.031617
0.020798
0.029191
0.051357
0.042279
0.021886
0.021749
0.017127
0.017446
0.041700
0.059920
0.037386
0.021584
0.043916
0.049799
0.017390
0.017498
0.016536
0.029913
0.031577
0.065719
0.038231
0.022860
0.053715
0.076083
0.019621
0.029697
0.030155
0.046792
0.063349
0.026439
0.016974
0.044681
0.045209
0.024126
0.015582
0.021884
0.016819
0.021111
0.068399
0.021629
0.044590
0.059901
0.033436
0.017222
0.036033
0.018097
0.023743
0.038740
0.054226
0.026083
0.058573
0.083438
0.037937
0.024609
0.020793
0.045264
0.043449
0.036779
0.045170
0.035426
0.090439
0.024506
0.037826
0.022415
0.019788
0.016540
0.021385
0.033774
0.072088
0.079745
0.027593
0.084650
0.043193
0.018235
0.046801
0.054193
0.036308
0.037440
0.058858
0.059716
0.021310
0.033719
0.044881
0.059202
0.037406
0.052273
0.017998
0.041193
0.089060
0.026349
0.025420
0.026530
0.020190
0.087275
0.056062
0.036444
0.040332
0.022098
0.067658
0.048800
0.032931
0.029674
0.040804
0.036932
0.043174
0.066918
0.053535
0.023081
0.089315
0.041731
0.039224
0.046747
0.027436
0.036993
0.042496
0.061501
0.098075
0.029208
0.073499
0.048703
0.021432
0.034295
0.083379
0.021094
0.071577
0.046121
0.030418
0.071495
0.049085
0.079857
0.030235
0.054797
0.075785
0.027492
0.024243
0.045446
0.082233
0.019869
0.039365
0.025181
0.051793
0.040798
0.048131
0.023753
0.064466
0.035554
0.038925
0.037208
0.035158
0.113375
0.028645
0.050923
0.073031
0.047773
0.020164
0.029410
0.097394
0.025442
0.041162
0.090631
0.044012
0.022030
0.054981
0.084023
0.042469
0.037279
0.033652
0.059718
0.066827
0.031375
0.059267
0.050803
0.029526
0.060513
0.057463
0.041135
0.066522
0.088782
0.051993
0.059353
0.047325
0.042429
0.037609
0.028521
0.088567
0.052177
0.036015
0.035541
0.039556
0.024284
0.052001
0.025582
0.069237
0.026799
0.025316
0.067032
0.040228
0.018814
0.025594
0.080076
0.032770
0.046238
0.051329
0.069653
0.022149
0.036517
0.027308
0.018225
0.073452
0.021530
0.027206
0.024201
0.044254
0.093766
0.026641
0.044654
0.033113
0.079815
0.040036
0.035710
0.076334
0.035006
0.041416
0.037999
0.068927
0.042201
0.026782
0.085953
0.046248
0.026853
0.070412
0.056034
0.044325
0.021611
0.025195
0.074826
0.034122
0.038634
0.034584
0.050579
0.066367
0.058131
0.038527
0.045368
0.019428
0.064504
0.036209
0.025080
0.039037
0.027352
0.067234
0.038878
0.072630
0.024960
0.035561
0.064725
0.023989
0.058693
0.031036
0.054343
0.047390
0.054080
0.020636
0.056487
0.021100
0.057058
0.039437
0.039745
0.040271
0.063567
0.033324
0.032749
0.057221
0.087490
0.057495
0.076967
0.031134
0.046140
0.028236
0.064645
0.084640
0.034809
0.023102
0.087335
0.034192
0.040356
0.034326
0.062565
0.031502
0.044993
0.046885
0.055737
0.046067
0.027785
0.027200
0.022405
0.068715
0.041074
0.038757
0.037215
0.079500
0.051650
0.023470
0.062810
0.043713
0.030591
0.029157
0.077416
0.078932
0.045061
0.094141
0.046131
0.020542
0.081542
0.027564
0.020276
0.046170
0.067409
0.040022
0.066518
0.084021
0.029383
0.049832
0.083412
0.035115
0.030080
0.048061
0.095939
0.036762
0.040200
0.040579
0.059839
0.044430
0.107937
0.031495
0.043253
0.071887
0.037912
0.036502
0.043299
0.073889
0.053489
0.042721
0.067901
0.039913
0.034672
0.052785
0.050591
0.050200
0.099724
0.058084
0.024391
0.059265
0.045097
0.034871
0.057978
0.037395
0.043054
0.067857
0.068223
0.055849
0.036877
0.025731
0.027018
0.058524
0.033042
0.070444
0.040750
0.051997
0.053048
0.062069
0.033573
0.033292
0.032271
0.032575
0.027329
0.054675
0.048891
0.075178
0.016922
0.036080
0.059743
0.051102
0.049368
0.047859
0.062264
0.044803
0.053443
0.095841
0.022916
0.023286
0.047703
0.019825
0.044720
0.061219
0.065073
0.049073
0.061229
0.025028
0.032624
0.060689
0.054049
0.025285
0.020526
0.039898
0.021747
0.024678
0.046483
0.017526
