0.002345
0.015808
0.016573
0.018505
0.026814
0.022835
0.017305
0.016039
0.020465
0.017453
0.017008
0.051448
0.064947
0.036342
0.020243
0.054620
0.029256
0.017723
0.024947
0.024415
0.018222
0.046025
0.039892
0.053861
0.023183
0.015539
0.015453
0.015761
0.067830
0.016552
0.017706
0.016539
0.019317
0.030610
0.035433
0.019460
0.042847
0.035666
0.041266
0.037342
0.019167
0.018813
0.017728
0.015928
0.025221
0.038220
0.032925
0.017538
0.030516
0.022416
0.071490
0.041789
0.019970
0.026610
0.017334
0.019061
0.024063
0.056795
0.032846
0.018296
0.059275
0.048832
0.029765
0.017224
0.018996
0.015921
0.023779
0.047961
0.021476
0.031804
0.022773
0.031065
0.039983
0.048916
0.035940
0.017737
0.025721
0.065358
0.028817
0.019106
0.020767
0.032477
0.057461
0.061819
0.042782
0.018816
0.043482
0.061737
0.026287
0.029771
0.029007
0.024142
0.037561
0.068870
0.020674
0.020533
0.076479
0.019466
0.019741
0.032647
0.029803
0.067651
0.028759
0.047163
0.070280
0.027591
0.025088
0.020610
0.021774
0.078904
0.035856
0.053030
0.074453
0.020581
0.031133
0.020494
0.028055
0.021698
0.039501
0.036543
0.023357
0.051425
0.056606
0.043329
0.041430
0.030838
0.059143
0.059511
0.023004
0.025144
0.021573
0.022997
0.039176
0.037955
0.060187
0.021086
0.022600
0.071704
0.035545
0.027456
0.034564
0.043150
0.063703
0.039310
0.023344
0.031838
0.071761
0.018540
0.019459
0.039769
0.065118
0.032082
0.029870
0.020646
0.065466
0.025405
0.018290
0.018578
0.027733
0.017314
0.026042
0.067559
0.023682
0.033482
0.097615
0.041441
0.032866
0.020076
0.018991
0.033840
0.061347
0.019081
0.041791
0.026533
0.035161
0.062522
0.039296
0.016224
0.049017
0.045587
0.020871
0.021071
0.024272
0.030242
0.048830
0.027145
0.064210
0.075483
0.029936
0.017871
0.018360
0.038709
0.069838
0.027779
0.024739
0.025981
0.032270
0.021073
0.069103
0.034092
0.020703
0.040365
0.058376
0.034188
0.024619
0.025997
0.043669
0.034627
0.029543
0.042933
0.047150
0.028923
0.018548
0.026126
0.063319
0.020802
0.019250
0.023597
0.018556
0.022057
0.077082
0.066279
0.043287
0.024736
0.021071
0.080329
0.021616
0.018025
0.016280
0.020635
0.019378
0.022220
0.028453
0.041980
0.052517
0.055180
0.072000
0.030233
0.025096
0.028508
0.019897
0.091792
0.020973
0.051248
0.043708
0.029360
0.020489
0.023094
0.018934
0.062326
0.038278
0.032663
0.070254
0.068041
0.021454
0.017679
0.017605
0.019881
0.023949
0.016169
0.042745
0.067180
0.017010
0.079888
0.090576
0.024308
0.017355
0.020546
0.016917
0.024041
0.026264
0.047938
0.020800
0.030484
0.015965
0.016771
0.102144
0.043255
0.019563
0.022002
0.025996
0.042856
0.030219
0.025847
0.030319
0.031399
0.049902
0.051439
0.029721
0.017682
0.016479
0.020632
0.047303
0.034989
0.032808
0.028179
0.033278
0.073711
0.040902
0.021099
0.018536
0.031770
0.019026
0.041894
0.045655
0.017668
0.022798
0.020579
0.037045
0.076878
0.039529
0.020026
0.018053
0.015978
0.017238
0.041000
0.021168
0.017884
0.042322
0.057114
0.058194
0.049640
0.020703
0.059895
0.023292
0.029343
0.020844
0.024337
0.031163
0.049936
0.065580
0.033365
0.023183
0.017908
0.062871
0.061635
0.018547
0.020485
0.031658
0.018416
0.032465
0.060917
0.027338
0.054658
0.098435
0.016607
0.020248
0.021259
0.021215
0.022617
0.025941
0.027339
0.045377
0.021991
0.059471
0.017225
0.079290
0.029451
0.024098
0.076231
0.075404
0.043244
0.025842
0.018039
0.042417
0.061576
0.018744
0.020963
0.025136
0.030833
0.045074
0.040446
0.021369
0.019794
0.020913
0.024150
0.068033
0.018151
0.021387
0.021855
0.031145
0.086557
0.027360
0.020944
0.030875
0.037845
0.068216
0.019554
0.020305
0.021441
0.024218
0.017135
0.033256
0.044562
0.070738
0.021256
0.072865
0.040502
0.029778
0.021489
0.029216
0.027218
0.064965
0.049829
0.029836
0.085894
0.023980
0.019629
0.019903
0.027946
0.085104
0.020856
0.044552
0.108578
0.034896
0.024939
0.030690
0.029062
0.047145
0.021124
0.024038
0.028956
0.034115
0.038718
0.038430
0.027390
0.040433
0.019991
0.021558
0.018518
0.016147
0.021540
0.038408
0.048439
0.030238
0.020887
0.022814
0.075595
0.077269
0.024601
0.028208
0.039390
0.035079
0.070292
0.033217
0.019309
0.033836
0.020048
0.085692
