195,153,89,128
188,148,93,132
183,151,98,129
178,154,104,126
175,158,105,121
172,158,109,122
168,160,114,120
164,160,117,119
160,160,119,121
161,160,120,119
160,163,121,116
158,166,123,114
163,170,116,112
164,173,116,116
160,177,120,114
163,184,116,113
163,182,117,122
164,185,117,118
165,187,114,117
168,189,111,113
170,183,113,121
171,181,111,122
175,180,106,123
179,180,102,127
181,180,101,131
179,179,101,136
188,175,95,145
187,178,94,147
184,179,99,149
193,184,91,144
188,183,96,151
202,187,84,156
212,192,74,152
218,189,71,158
226,196,63,155
223,192,65,165
226,197,63,164
226,197,63,166
228,206,62,159
228,209,60,161
228,211,61,163
226,210,61,169
224,212,63,169
222,212,66,171
219,214,68,174
218,214,67,173
218,221,67,169
217,223,65,172
218,226,64,170
211,231,70,172
218,245,63,157
217,240,62,160
213,237,66,163
214,238,64,163
213,241,65,161
212,240,68,164
211,243,67,164
204,247,70,165
204,255,66,158
199,254,70,165
196,259,69,163
194,266,71,157
186,271,72,158
186,269,69,161
183,271,70,158
182,272,70,159
174,272,76,160
169,274,81,160
167,274,81,162
164,273,83,163
156,277,81,159
153,276,77,160
148,274,71,162
140,276,74,162
135,280,73,158
133,286,71,154
133,292,68,146
133,296,66,135
81,186,66,147
78,196,64,124
72,193,66,124
76,192,59,128
80,187,59,129
188,203,68,111
202,197,65,113
197,194,65,117
328,160,57,146
330,162,63,144
328,158,60,146
329,155,64,148
321,154,63,146
320,151,64,149
307,150,74,147
194,194,71,113
78,182,64,127
184,200,75,112
75,185,62,125
87,192,61,123
91,184,61,126
79,187,60,116
79,197,63,122
73,195,66,116
77,191,60,127
77,189,59,126
72,201,58,106
76,192,53,129
78,193,53,125
79,192,61,126
82,180,65,134
78,192,64,110
76,197,60,120
75,198,57,115
87,193,55,130
80,193,58,120
74,192,62,124
80,185,64,139
80,188,63,131
85,182,62,131
81,195,60,116
78,194,60,115
79,192,65,137
73,197,63,114
74,196,57,116
85,194,55,118
75,198,58,103
76,200,54,113
75,199,51,106
81,194,54,117
92,201,68,137
79,189,66,137
74,199,59,119
81,196,55,114
76,193,54,115
82,202,67,122
75,199,60,115
74,203,57,115
104,237,57,125
92,236,70,117
111,238,57,115
112,234,58,115
120,236,62,121
133,229,61,134
130,231,64,127
143,228,61,129
145,216,67,143
155,230,64,134
166,222,66,139
170,224,68,137
182,222,68,134
187,224,67,134
194,220,66,148
199,218,64,153
201,221,59,145
204,216,61,143
204,211,60,152
209,213,63,151
209,213,69,144
215,218,70,148
218,211,72,149
228,210,75,159
240,206,69,168
239,210,60,152
235,205,71,160
235,204,71,163
232,200,76,170
244,201,72,168
240,205,67,157
241,203,74,165
242,201,69,156
248,201,70,160
252,196,62,154
257,198,59,158
255,196,62,157
259,197,63,158
257,197,62,156
259,199,64,153
261,197,65,153
264,192,65,155
264,192,60,156
268,190,62,156
266,190,66,157
268,191,69,155
270,192,74,151
267,184,75,161
271,188,72,157
421,222,80,190
422,219,81,189
423,216,80,188
425,210,80,187
422,206,82,184
430,201,74,181
430,199,72,178
431,195,69,176
434,191,67,170
429,190,68,173
432,186,68,170
427,183,71,169
427,180,70,166
422,176,75,168
407,173,86,165
404,172,86,164
420,171,70,163
420,168,66,158
421,165,65,153
414,164,62,157
415,163,61,155
402,159,67,146
391,157,76,150
386,157,76,148
385,155,68,144
384,151,72,149
358,150,89,145
353,148,86,139
351,147,77,137
346,145,80,141
346,142,70,133
333,142,76,145
324,140,76,147
307,138,80,152
299,138,80,162
282,136,87,163
274,130,89,166
253,131,97,169
234,130,90,166
228,143,99,158
195,128,87,175
149,147,119,156
154,162,111,146
88,184,100,120
212,169,96,137
274,165,67,134
281,162,61,130
284,162,54,132
285,162,53,130
284,161,55,129
282,159,55,131
286,160,53,130
263,158,67,125
276,158,61,136
263,157,70,128
273,155,57,139
269,154,60,139
270,155,56,140
261,153,60,139
264,152,56,138
255,159,63,136
259,162,65,140
248,165,69,140
248,166,71,146
246,171,68,139
241,178,70,143
247,175,63,145
208,212,76,128
241,186,64,148
111,220,64,128
97,224,80,126
93,246,73,107
106,232,67,130
211,203,74,158
215,202,79,145
110,239,68,118
100,243,72,124
212,206,66,148
105,241,72,124
117,240,74,121
108,236,71,123
101,249,61,129
115,241,67,121
118,234,64,117
107,240,65,131
107,253,70,114
116,246,74,119
114,258,67,114
129,249,65,121
122,261,68,109
130,263,65,103
133,263,59,104
138,260,64,104
154,254,76,116
151,254,66,119
162,245,75,124
98,250,79,119
169,257,67,118
177,263,72,105
177,258,72,119
193,259,70,113
198,245,72,122
192,245,67,128
207,254,65,121
223,239,75,127
235,241,74,123
225,232,77,133
238,257,82,126
213,232,94,139
243,236,75,130
254,239,76,119
258,251,86,115
263,249,68,124
267,251,70,124
397,265,66,100
278,246,72,117
288,244,69,124
297,239,72,118
297,235,87,129
423,265,84,99
310,251,72,110
319,244,71,117
328,239,75,108
331,253,74,110
354,231,64,130
339,253,86,109
354,257,65,107
361,254,68,113
361,259,66,104
372,254,70,114
384,254,66,108
394,250,65,123
387,257,70,114
397,244,64,126
404,243,69,121
418,251,69,114
416,248,75,119
426,242,64,136
437,240,65,136
439,257,70,109
442,260,64,102
435,254,65,129
454,251,69,117
464,256,70,105
473,253,60,113
482,247,58,119
485,242,64,121
485,260,63,117
472,248,75,140
481,258,72,106
489,251,56,111
495,245,57,115
493,248,59,134
490,257,58,112
490,251,54,111
497,248,53,118
492,248,59,130
490,255,58,104
501,234,62,120
488,249,67,121
493,246,66,112
485,250,70,124
491,238,67,129
488,253,71,106
494,245,67,134
491,255,63,111
488,253,61,111
498,251,59,110
504,246,64,117
477,258,78,127
508,253,72,110
518,252,61,114
529,254,56,119
532,255,58,122
518,250,85,125
521,254,83,109
477,249,75,131
539,256,85,109
551,259,68,102
548,249,63,122
512,261,77,100
504,232,83,115
484,245,91,96
540,227,81,125
500,230,82,113
526,242,99,108
520,243,99,110
522,229,107,105
517,247,88,121
506,233,123,109
521,245,94,122
528,241,91,120
539,243,81,121
532,243,92,120
503,217,98,111
569,204,55,170
515,220,102,121
561,197,68,160
540,228,81,128
477,274,110,97
549,212,80,151
564,223,65,139
564,257,62,118
568,247,60,121
569,233,60,129
493,291,82,74
573,239,53,134
563,239,63,119
537,234,84,140
486,227,90,100
491,246,98,114
500,225,103,104
490,233,91,94
482,275,94,92
471,255,104,97
499,229,88,100
568,239,61,121
498,258,98,88
