67,133,19,34
68,129,24,40
63,125,28,46
68,125,23,47
67,128,23,44
68,128,23,43
70,125,25,44
65,128,30,46
69,127,27,40
71,126,28,43
77,125,26,44
77,126,26,44
82,123,22,33
77,125,23,42
81,130,27,40
91,131,20,39
88,125,24,40
89,126,21,41
92,126,20,43
93,126,21,33
98,127,22,24
95,127,25,37
100,126,21,42
95,127,23,39
63,129,23,41
100,127,23,45
104,131,25,52
105,131,25,50
76,121,31,49
33,116,46,58
101,131,35,65
107,133,29,65
56,202,25,42
50,208,30,37
52,210,29,34
61,203,23,39
52,207,28,35
52,206,28,37
48,212,30,38
11,216,38,48
12,218,39,52
49,211,32,47
25,213,45,43
36,209,44,53
32,206,46,50
13,214,51,55
20,210,50,53
23,209,46,47
21,212,63,52
105,169,28,62
103,182,26,49
110,187,29,41
104,183,28,42
111,185,26,41
111,185,25,42
103,183,25,41
103,179,33,31
113,183,22,47
104,180,28,48
114,186,24,42
113,189,21,38
110,185,24,41
104,184,24,41
110,183,24,45
99,178,26,33
59,206,21,34
49,183,23,28
14,171,25,27
6,168,32,27
1,160,40,40
18,132,50,44
91,129,33,61
95,128,31,51
99,129,27,53
123,129,27,49
126,133,24,42
118,131,24,44
110,130,20,49
109,130,26,48
131,129,23,47
129,131,22,43
135,132,20,43
119,130,23,45
135,130,22,47
141,131,23,45
148,128,27,41
149,133,30,45
183,138,29,54
188,157,40,47
156,150,40,56
102,181,25,52
102,180,23,53
107,180,25,52
109,183,22,48
104,181,21,50
102,180,24,52
107,179,25,52
102,174,25,54
101,173,23,57
92,164,28,63
103,179,27,53
99,174,26,57
108,178,27,56
99,175,27,59
108,186,31,48
103,184,28,50
101,181,24,48
107,181,32,52
155,133,24,53
171,133,21,39
156,135,25,36
170,137,22,52
156,135,24,44
175,134,22,42
158,135,23,46
178,136,22,44
159,136,23,41
168,134,19,39
163,136,22,41
181,138,21,42
166,128,28,48
162,135,27,44
166,135,22,45
172,127,31,43
230,148,22,53
232,147,27,58
240,147,24,60
237,150,26,57
241,149,25,59
238,151,26,57
237,150,28,58
243,150,26,60
242,150,27,58
244,150,27,58
244,160,31,52
247,154,29,55
250,152,27,56
249,152,30,57
253,153,28,57
253,152,30,57
253,154,30,57
253,154,29,54
257,153,30,56
268,154,25,56
263,154,30,59
260,154,29,58
263,153,31,61
263,152,32,63
262,156,33,59
260,156,35,59
264,156,31,54
269,156,38,58
275,158,32,63
271,162,39,61
284,163,39,60
274,165,41,61
279,179,35,44
284,180,39,43
288,179,34,50
299,183,64,58
359,115,45,81
288,158,32,65
222,144,26,59
223,147,28,65
224,147,29,67
228,147,28,61
232,149,28,67
231,146,28,55
233,150,29,67
243,150,25,50
243,152,24,45
245,153,24,46
241,153,26,47
245,151,25,52
247,153,25,45
291,186,22,37
264,161,27,38
261,155,23,40
274,163,34,42
259,150,43,53
255,147,34,53
263,140,30,50
264,155,25,46
285,179,42,45
351,171,30,61
358,173,29,51
361,173,29,52
354,176,43,63
373,174,29,53
369,179,31,53
375,176,30,59
377,173,29,57
378,174,29,61
377,173,30,53
376,171,34,55
380,175,28,54
382,176,28,56
382,178,39,48
394,180,27,60
389,181,30,57
389,180,33,60
391,178,35,58
395,179,30,62
395,177,31,62
404,181,33,58
408,181,30,62
408,182,30,59
408,181,37,63
411,185,33,61
416,188,38,66
419,180,41,52
425,186,34,54
427,186,34,59
482,154,28,58
462,150,46,71
431,186,37,63
470,153,30,62
468,149,28,56
463,145,31,65
462,149,30,62
457,131,36,74
455,145,33,66
452,150,29,63
450,151,28,60
444,146,30,60
439,149,27,59
434,152,27,59
432,154,26,61
429,154,26,59
426,154,28,60
424,152,28,58
415,153,33,63
411,154,35,68
411,152,30,63
407,156,30,66
399,155,38,68
398,141,33,70
398,152,28,60
388,146,37,74
378,143,39,82
357,169,44,58
357,170,34,51
340,173,28,54
357,185,54,50
330,169,41,55
325,173,36,61
322,173,31,43
318,171,28,46
316,175,28,46
307,174,31,42
310,175,41,37
299,174,45,41
281,181,31,37
268,170,27,52
273,172,23,47
269,168,24,45
261,179,24,53
256,168,29,55
253,171,29,68
246,167,29,70
233,169,34,70
225,170,34,70
222,167,35,73
212,166,29,75
203,167,34,73
