0.039832
0.035122
0.042015
0.018711
0.046587
0.051516
0.036293
0.033165
0.026602
0.042298
0.054633
0.028479
0.033757
0.040402
0.068174
0.042391
0.024482
0.089529
0.078626
0.037747
0.072044
0.048225
0.026841
0.036608
0.084660
0.054539
0.066088
0.106454
0.037509
0.049451
0.064196
0.045466
0.024514
0.032912
0.046100
0.053922
0.034271
0.062322
0.018752
0.042017
0.064250
0.021765
0.017769
0.037037
0.035895
0.040199
0.066084
0.058523
0.049658
0.034676
0.047158
0.053838
0.038734
0.047358
0.078712
0.049687
0.058044
0.076444
0.048489
0.019547
0.030964
0.041694
0.087215
0.041758
0.071434
0.039734
0.055266
0.026421
0.037012
0.027985
0.064622
0.025239
0.059736
0.048032
0.037735
0.040199
0.049191
0.082441
0.035209
0.057756
0.071793
0.048185
0.035812
0.036978
0.052640
0.025750
0.036593
0.042990
0.065856
0.035429
0.034243
0.054865
0.078269
0.016320
0.050692
0.070739
0.038550
0.056488
0.070707
0.031656
0.066756
0.086133
0.045707
0.029414
0.035416
0.070136
0.021775
0.037378
0.037188
0.061706
0.082821
0.043575
0.020313
0.037699
0.061417
0.038715
0.047248
0.064871
0.075601
0.043145
0.069192
0.058909
0.043695
0.077060
0.035147
0.041735
0.073014
0.046062
0.054604
0.086899
0.041612
0.040413
0.030791
0.044610
0.023156
0.066022
0.080434
0.048761
0.039207
0.088419
0.025343
0.036725
0.042660
0.071672
0.035755
0.066915
0.059633
0.021952
0.036801
0.029474
0.082474
0.039973
0.079201
0.066995
0.024362
0.043547
0.039276
0.017032
0.044312
0.067569
0.029076
0.073210
0.083618
0.034561
0.040121
0.059280
0.049876
0.032271
0.042601
0.092376
0.042134
0.037097
0.086184
0.033644
0.053476
0.057458
0.029535
0.032451
0.034219
0.052385
0.064607
0.027413
0.026580
0.028742
0.037115
0.060555
0.036631
0.077083
0.068771
0.047432
0.044837
0.031576
0.088425
0.027165
0.028783
0.026171
0.051965
0.038302
0.071498
0.087685
0.027668
0.020349
0.019941
0.047916
0.040904
0.072162
0.020622
0.049633
0.025262
0.102155
0.058435
0.044081
0.019192
0.031827
0.063812
0.023187
0.022353
0.057495
0.094226
0.041390
0.024687
0.050962
0.063073
0.022788
0.052828
0.092995
0.025782
0.051050
0.062173
0.023489
0.020317
0.038203
0.062495
0.047822
0.042018
0.054809
0.045133
0.067231
0.018327
0.021654
0.036313
0.079755
0.043173
0.038375
0.029825
0.042562
0.056886
0.068680
0.018385
0.050843
0.071563
0.022438
0.032745
0.034341
0.029284
0.035799
0.038537
0.037429
0.059931
0.043056
0.041432
0.034388
0.075360
0.025979
0.025676
