529,73,27,113
523,74,36,113
520,73,36,114
517,72,37,114
515,72,38,116
513,74,39,113
510,76,41,112
509,73,43,113
508,74,44,111
508,74,41,117
506,73,42,116
505,74,41,114
506,74,40,112
502,74,42,114
500,75,41,114
498,76,41,112
496,77,41,113
495,77,42,114
498,77,39,114
494,78,41,112
494,79,41,112
490,78,41,114
488,76,39,116
489,75,37,117
488,76,35,117
485,75,35,118
483,74,37,120
482,75,36,119
480,75,37,116
475,77,39,114
470,77,43,114
464,78,46,114
464,79,45,115
465,77,41,114
464,77,41,114
463,78,40,115
462,80,37,112
460,76,39,117
460,77,37,114
456,78,38,115
455,79,40,112
451,80,43,112
451,80,45,114
447,79,46,117
447,79,45,118
444,79,47,116
445,80,43,114
444,81,45,113
440,82,44,112
439,81,43,115
439,83,43,113
439,83,42,114
437,82,43,116
437,87,41,111
436,82,39,117
437,82,38,116
437,84,37,115
436,84,36,116
436,87,35,113
433,87,34,113
431,86,34,113
428,85,35,116
425,84,39,117
423,83,40,115
420,82,39,115
417,84,43,117
413,84,45,116
411,86,43,116
412,85,41,117
410,83,40,121
409,84,39,120
407,83,37,119
407,84,37,117
406,84,39,117
407,88,44,115
407,86,45,119
404,84,47,122
406,88,44,119
401,86,47,125
403,88,47,123
398,86,47,121
402,91,44,115
398,89,46,117
395,89,44,117
393,90,45,117
391,92,45,115
390,93,43,115
389,91,42,116
388,92,43,113
389,93,39,115
389,98,38,108
388,98,37,111
386,100,37,108
386,95,35,113
382,98,38,111
380,95,39,114
379,94,38,115
373,94,42,114
371,89,43,120
368,90,44,119
369,91,44,118
367,92,44,118
367,93,42,116
370,94,43,118
370,99,39,109
370,97,41,113
366,95,43,117
366,95,41,114
364,96,43,114
363,95,43,119
358,95,42,119
355,96,43,118
353,94,42,119
352,93,44,119
350,94,44,120
347,93,45,122
351,93,43,117
346,91,43,119
347,93,44,119
346,92,41,119
345,94,41,120
344,94,40,117
341,95,40,119
338,94,42,119
343,94,41,118
342,94,36,117
334,94,40,119
340,94,39,118
333,92,37,122
335,92,37,122
326,94,42,121
335,92,39,119
334,96,36,115
331,95,38,121
329,97,39,114
327,97,39,118
328,98,39,116
326,97,39,118
323,97,41,118
320,95,41,120
317,97,44,119
310,97,46,120
310,101,48,118
308,101,45,120
305,107,45,111
301,103,46,118
297,102,46,119
298,102,42,120
293,104,43,119
298,102,39,121
296,106,39,111
294,104,40,112
297,99,38,116
291,110,39,102
293,104,37,111
290,100,41,114
284,104,43,114
281,99,43,119
279,103,44,117
276,103,43,117
272,107,44,113
270,107,41,115
276,103,39,116
268,111,41,109
267,107,39,115
265,106,38,112
264,105,38,116
259,102,39,116
257,105,37,112
259,105,39,113
251,101,43,120
251,102,42,120
248,102,41,119
250,103,42,120
242,113,42,111
244,108,43,117
238,106,45,121
235,102,45,123
232,101,45,123
230,100,46,124
225,104,45,123
222,109,44,117
223,108,43,120
217,104,44,119
221,103,42,113
216,104,43,112
214,104,41,113
213,107,40,111
209,103,42,116
207,103,43,119
203,105,45,121
201,103,44,121
202,103,46,120
193,101,44,123
197,106,43,118
190,102,43,124
191,107,39,115
191,108,38,116
186,104,39,126
187,109,36,115
185,106,33,113
179,108,35,114
182,107,36,118
175,106,39,119
173,106,38,120
173,107,41,118
170,104,44,127
167,106,42,122
161,104,48,126
157,107,47,123
154,104,50,125
155,105,48,125
149,105,45,126
150,111,43,117
147,104,39,121
145,103,41,124
144,104,41,113
143,109,40,120
142,106,41,118
137,103,43,124
134,106,46,122
135,105,46,121
126,102,48,129
131,102,47,124
120,102,48,128
119,102,51,125
114,102,51,128
113,101,46,129
112,100,48,126
108,100,46,124
110,97,44,119
107,99,44,128
108,99,40,107
106,100,38,111
102,100,40,122
100,100,39,126
97,100,39,121
98,100,41,126
97,99,39,120
93,100,40,127
92,99,41,125
91,101,40,126
88,104,42,122
81,101,46,127
82,100,46,127
80,102,42,123
76,101,42,118
76,99,45,121
76,100,43,119
75,100,38,113
72,100,39,122
69,102,40,109
70,103,38,119
66,103,41,120
63,104,41,118
61,102,42,119
58,112,40,110
58,101,44,121
57,109,40,114
57,103,53,120
70,101,51,121
75,100,58,124
77,98,60,130
99,97,49,122
96,97,56,128
117,96,44,126
121,100,47,120
132,97,43,120
143,96,43,120
148,97,46,117
158,95,48,125
135,93,57,124
173,92,50,129
146,92,57,131
188,92,56,131
194,90,59,132
203,89,60,126
219,90,56,130
222,86,62,134
239,91,56,129
242,87,61,127
256,91,58,128
256,90,63,133
273,92,59,128
278,92,57,129
290,90,57,133
303,93,55,130
311,94,56,126
316,91,64,132
316,82,67,141
323,84,66,142
336,76,67,148
343,88,67,139
361,71,69,151
363,87,74,141
380,75,71,147
390,88,66,138
399,72,66,151
414,93,64,130
421,90,67,133
432,83,60,141
438,90,58,135
448,93,59,138
442,88,56,139
448,94,51,130
433,87,54,143
453,89,44,136
456,86,39,119
449,90,46,135
451,89,46,135
449,88,43,129
446,86,43,119
446,91,38,126
427,93,47,132
426,93,49,130
431,90,54,126
434,93,45,128
431,93,45,125
426,91,47,124
426,91,43,128
425,91,41,125
421,94,40,128
419,92,36,124
415,92,42,128
416,93,40,122
412,95,42,128
411,95,41,124
408,95,43,127
406,98,44,124
403,95,46,124
400,97,47,125
398,97,45,123
393,97,45,125
391,96,43,125
392,96,39,124
389,96,36,123
385,96,37,124
381,95,40,127
380,96,40,124
379,95,40,125
379,95,37,124
376,96,41,126
375,97,38,123
371,96,41,125
373,96,37,123
372,97,38,122
366,95,41,120
363,96,41,122
359,98,43,121
356,96,45,122
357,97,41,120
355,96,41,116
353,96,39,118
351,94,37,120
351,94,38,118
345,95,41,122
346,97,40,122
341,97,42,125
339,97,42,124
335,100,42,120
334,97,45,124
332,98,44,118
332,100,44,115
327,99,49,121
327,99,43,120
322,99,46,119
321,102,45,116
321,98,40,121
318,95,41,125
314,97,43,123
311,97,43,123
309,96,44,129
306,98,43,127
304,98,46,125
302,100,45,127
298,99,48,125
298,98,48,125
296,97,48,126
292,97,49,125
293,97,48,125
290,96,51,127
288,99,49,123
285,98,49,125
282,97,49,126
281,97,48,125
278,93,46,127
278,95,44,127
272,92,44,132
272,93,43,130
270,92,45,130
270,93,44,128
270,94,43,126
265,93,46,130
263,95,46,125
263,95,47,124
262,95,46,124
262,95,45,122
256,98,50,125
255,96,50,125
253,97,49,122
252,97,50,123
247,97,52,125
247,95,49,125
248,98,46,121
243,96,43,124
241,94,44,127
240,93,42,127
236,94,43,128
236,92,45,128
231,97,44,126
231,97,43,124
228,97,43,125
225,96,46,126
225,96,46,126
220,97,48,126
219,97,49,124
216,96,50,126
214,96,52,125
215,97,50,124
210,95,51,128
209,96,51,127
206,94,47,129
203,93,46,130
203,91,43,131
202,90,40,131
199,90,42,129
198,93,42,127
196,92,41,129
195,93,42,127
194,95,43,124
191,93,42,128
188,91,46,126
184,90,47,132
185,93,47,129
182,94,48,128
179,92,50,129
175,96,50,126
174,96,50,127
172,96,51,125
170,93,46,128
165,92,48,127
164,90,44,128
162,91,44,129
160,90,43,131
158,88,43,134
156,93,43,127
154,90,42,130
151,92,45,127
149,88,45,132
148,96,45,125
147,90,45,131
144,91,47,131
140,91,49,132
139,93,50,130
146,92,54,130
153,93,49,128
168,94,50,127
170,91,49,130
187,94,46,126
193,93,46,126
205,92,46,127
215,93,46,126
225,91,44,126
240,96,42,121
238,93,43,122
254,93,43,121
260,92,46,122
272,91,46,125
279,90,48,125
289,94,48,122
298,94,50,122
305,91,50,126
305,93,51,124
301,91,48,126
298,93,48,121
298,92,47,123
292,85,45,130
297,85,43,128
295,88,38,125
290,88,40,125
290,86,39,124
284,83,43,126
288,89,44,123
284,83,44,131
259,92,46,124
289,82,80,119
282,79,56,138
273,79,56,132
263,82,49,131
269,86,53,130
265,83,53,127
266,81,45,135
263,84,48,126
264,87,43,126
263,86,43,126
262,87,41,125
262,85,38,124
260,88,43,123
259,85,40,125
254,86,45,127
253,85,44,126
250,87,45,124
246,85,47,127
245,86,48,126
242,88,50,125
239,87,52,127
240,88,52,126
237,87,53,128
237,89,52,125
235,88,53,127
233,87,49,128
233,85,46,126
229,86,46,125
230,86,43,125
229,83,41,128
221,86,42,126
227,84,39,127
216,85,43,127
223,83,41,128
219,82,41,129
216,83,44,128
191,91,44,122
215,85,44,128
212,85,43,126
176,90,52,121
211,88,45,123
210,84,43,127
208,84,43,126
209,84,43,126
209,83,43,127
207,83,42,129
206,82,42,128
204,82,41,127
202,84,41,126
201,83,42,126
197,79,43,130
196,83,43,126
161,87,48,126
161,91,49,120
185,88,43,122
187,85,50,125
183,83,49,126
182,81,49,128
185,82,49,127
181,82,50,126
180,83,50,126
178,81,52,126
177,81,50,127
176,81,47,123
173,81,46,124
171,82,46,122
169,82,43,124
