0.006060
0.022788
0.083876
0.039844
0.032154
0.029657
0.082047
0.025564
0.025832
0.018045
0.017702
0.017676
0.021113
0.053598
0.032084
0.033399
0.038639
0.031263
0.081818
0.023005
0.021153
0.022685
0.021470
0.017032
0.067611
0.032648
0.033409
0.017003
0.083584
0.051273
0.034655
0.066368
0.032344
0.027014
0.022209
0.020068
0.025692
0.065164
0.038105
0.087070
0.031950
0.019568
0.020241
0.018183
0.031781
0.050642
0.043771
0.032467
0.080326
0.032868
0.027752
0.023229
0.023224
0.032535
0.052053
0.024463
0.030714
0.029221
0.043032
0.031706
0.024864
0.019138
0.021555
0.027540
0.044656
0.030488
0.028757
0.033346
0.023020
0.068305
0.020886
0.023172
0.020064
0.023046
0.025021
0.086282
0.021411
0.058363
0.024087
0.019109
0.035993
0.021998
0.020692
0.044068
0.025031
0.021502
0.068130
0.071564
0.019941
0.028222
0.063763
0.030499
0.022484
0.037017
0.023713
0.057884
0.020225
0.021791
0.022924
0.018646
0.028491
0.069131
0.020591
0.065698
0.064178
0.054246
0.020825
0.038147
0.033303
0.018686
0.016257
0.019335
0.020714
0.024651
0.041632
0.067261
0.036903
0.081439
0.052273
0.017773
