469,104,18,42
469,103,18,44
469,103,18,42
469,103,18,45
468,103,17,41
469,103,17,41
468,104,17,41
468,104,17,42
467,104,17,43
467,104,17,44
467,104,17,44
466,104,17,43
466,104,18,44
466,105,17,43
466,105,18,44
466,105,18,42
466,104,18,44
467,105,18,44
467,105,18,44
467,106,18,43
467,107,18,44
466,106,17,43
467,105,18,42
466,106,18,43
466,106,18,44
466,107,19,44
466,107,18,43
466,107,18,41
465,107,18,44
463,107,18,43
462,108,18,44
461,108,18,43
461,108,19,45
461,109,18,42
461,108,18,43
460,108,18,43
460,108,18,43
459,109,18,44
458,110,17,41
456,109,19,43
456,110,19,44
457,110,19,44
457,110,19,43
457,110,19,43
456,109,19,45
456,110,19,46
457,110,19,46
455,110,18,46
454,111,18,44
454,111,18,44
453,111,19,45
452,112,19,45
454,112,19,44
454,112,19,45
453,111,19,46
453,111,19,47
452,111,19,43
449,112,18,45
448,112,18,41
448,113,18,42
447,113,18,43
448,114,18,40
447,114,18,42
446,114,18,41
446,113,20,46
446,114,19,44
445,115,18,41
443,115,19,45
444,114,18,44
444,114,19,44
444,114,18,45
443,115,18,45
445,115,19,45
445,116,18,45
446,116,19,45
445,115,19,47
445,115,19,46
443,115,19,46
442,116,20,45
442,117,19,45
441,117,20,45
441,117,19,43
440,116,19,41
441,117,20,44
442,117,19,43
441,117,20,43
442,118,20,46
441,119,20,45
441,119,19,42
441,118,19,43
441,118,18,43
442,118,19,42
441,118,19,42
441,118,19,42
442,120,20,44
441,120,20,43
441,120,20,43
442,120,19,43
443,120,19,43
443,120,19,42
441,120,20,43
442,121,19,40
441,122,18,39
442,121,19,40
441,120,19,41
441,120,19,40
443,121,20,48
442,121,20,45
442,121,20,48
441,122,22,47
442,122,21,47
442,122,19,44
442,122,19,44
443,122,19,45
443,122,21,49
443,124,21,50
443,124,20,46
443,124,19,46
444,124,18,40
445,124,18,38
445,123,18,41
444,124,20,50
444,125,20,46
444,125,19,42
444,124,18,41
444,124,18,40
444,124,18,42
444,124,18,42
444,126,19,44
444,127,19,42
444,126,20,42
444,125,19,43
444,125,20,42
444,126,20,44
443,126,20,44
443,127,20,41
443,128,20,44
442,128,20,43
442,129,20,42
442,128,20,44
442,127,21,47
441,127,21,50
442,128,21,47
440,129,21,45
440,129,21,46
440,128,20,42
439,128,20,44
440,129,20,44
441,130,20,44
441,130,21,48
440,130,21,47
440,130,21,47
440,130,21,47
440,131,20,43
439,131,20,42
439,130,20,43
439,130,20,41
439,130,20,44
438,131,20,42
439,132,21,43
439,132,21,45
440,133,21,46
439,132,22,48
440,132,21,47
440,132,21,49
439,134,20,44
440,134,20,45
440,134,21,46
440,133,20,45
440,133,21,45
441,133,21,46
440,135,21,45
442,135,21,45
442,135,21,45
443,134,21,46
444,134,21,44
443,134,20,44
443,135,21,47
444,137,21,46
443,136,20,43
443,136,21,45
445,138,22,47
444,138,20,44
446,139,22,46
447,138,22,48
447,137,22,44
448,138,21,49
448,138,22,47
447,139,21,49
449,139,22,45
449,138,21,44
450,138,21,46
451,139,21,47
452,141,22,49
452,141,21,47
453,140,22,51
453,140,22,50
454,140,22,49
454,141,21,46
455,142,22,51
454,142,21,49
454,142,21,48
454,142,22,52
454,142,22,49
455,143,23,51
455,144,23,53
455,144,23,52
456,144,22,50
455,143,22,50
455,143,22,47
456,145,23,54
455,145,22,51
455,145,22,49
455,144,22,48
455,144,22,52
455,144,22,51
456,145,22,48
457,146,22,52
458,146,22,51
459,146,22,50
460,146,21,49
459,146,22,54
459,147,22,53
458,148,22,51
459,148,22,53
459,148,20,46
460,147,21,49
460,148,23,51
460,150,23,51
462,149,23,52
462,150,22,47
462,149,22,49
464,151,22,53
463,152,22,52
463,151,22,53
463,151,21,50
463,152,21,49
464,154,21,51
463,154,22,49
463,154,22,52
462,155,22,50
462,157,23,55
462,157,23,52
463,158,22,54
463,156,23,54
462,156,24,55
462,157,24,53
462,157,24,59
462,158,25,59
463,160,25,62
462,159,25,64
463,162,25,64
463,160,25,62
464,160,24,59
464,160,24,61
464,161,25,63
465,161,25,65
465,163,25,61
465,161,25,61
466,162,25,61
466,162,24,60
467,163,24,63
467,164,24,59
466,164,25,63
467,166,25,62
469,166,24,58
469,163,25,68
469,165,25,65
470,166,25,66
470,166,25,67
470,167,25,64
470,165,25,65
469,166,26,68
471,167,26,67
471,168,26,68
472,169,26,68
473,169,26,68
472,168,26,70
474,168,26,70
474,167,26,70
474,168,27,70
474,169,29,72
475,169,28,71
475,169,27,70
476,170,27,69
474,170,27,70
477,168,25,68
476,170,27,73
478,172,26,71
479,173,27,72
479,171,27,72
480,171,26,70
479,172,28,72
480,173,28,72
480,173,28,71
480,175,28,70
482,174,26,69
483,173,27,70
483,174,27,72
487,173,27,74
486,176,28,73
489,177,28,72
490,177,28,73
492,175,28,74
491,175,30,74
491,178,31,73
493,178,30,74
496,178,28,73
496,178,29,73
496,178,30,74
499,178,28,75
501,178,29,76
502,181,28,73
503,180,29,74
503,181,28,73
505,179,29,72
506,178,30,76
506,180,30,76
508,180,31,77
505,183,32,77
509,182,30,78
511,182,29,71
512,182,28,74
513,182,28,72
515,183,27,68
511,186,32,60
519,184,30,79
520,185,32,79
520,187,32,79
522,188,32,78
523,187,30,77
525,186,31,78
526,187,32,80
526,189,33,79
530,191,32,79
531,191,32,80
534,190,32,81
534,191,33,81
536,193,32,80
538,193,31,80
538,192,32,81
538,191,33,82
540,192,32,83
541,194,33,83
541,195,33,82
544,195,33,83
545,196,33,83
548,195,31,84
548,195,32,84
549,197,32,83
549,199,33,83
551,198,31,82
554,198,31,81
554,200,31,83
555,200,31,83
557,204,32,82
557,203,34,83
559,202,33,82
556,203,35,86
558,204,33,84
556,205,35,84
558,205,34,84
558,205,35,85
560,205,34,84
560,204,34,86
557,206,36,87
561,208,34,86
562,209,33,86
563,209,34,87
561,209,35,88
562,207,34,89
564,208,34,90
560,210,38,88
562,211,36,88
564,212,34,84
564,211,34,84
565,210,35,86
565,210,35,89
567,212,36,90
567,214,37,89
569,215,37,89
572,215,35,88
574,213,34,91
576,215,35,92
573,217,37,90
578,217,33,90
577,218,35,87
580,217,33,88
579,217,34,91
579,217,34,91
581,220,34,91
581,222,34,91
581,222,36,92
