503,206,31,89
500,206,32,90
497,205,32,92
498,206,31,90
494,206,33,92
489,207,36,92
487,208,37,92
486,210,35,93
484,210,36,92
485,210,34,92
482,209,33,92
480,210,32,92
475,209,36,94
474,210,35,94
476,211,34,93
473,212,34,94
473,213,33,93
471,214,33,94
469,214,33,92
469,214,33,92
466,214,34,93
467,214,33,93
464,213,33,94
463,214,34,96
461,214,34,96
457,217,36,94
456,217,36,95
457,218,33,94
453,218,34,94
451,219,34,94
448,218,35,96
447,218,35,95
442,219,39,97
444,219,35,97
443,219,35,99
440,223,36,95
440,223,35,96
439,223,36,97
437,224,35,97
436,223,35,95
434,222,35,97
432,223,35,98
431,223,35,98
429,224,36,98
424,225,38,97
424,226,37,96
423,228,37,95
423,228,35,96
420,228,36,96
419,227,35,97
417,228,35,97
414,226,36,99
412,226,36,101
411,227,36,101
409,229,36,98
408,229,36,99
407,231,36,97
405,231,36,97
403,231,37,98
402,232,36,98
399,231,36,98
397,231,36,100
397,231,36,101
394,231,36,97
393,232,35,97
389,234,35,97
387,235,37,95
386,236,37,93
382,235,37,95
381,236,37,97
378,236,36,94
375,234,35,98
373,236,37,98
372,236,36,94
367,237,38,90
366,238,36,91
364,239,35,89
362,240,36,92
361,241,35,89
360,240,36,87
357,240,36,90
355,240,35,91
354,239,36,90
351,239,35,91
349,241,36,89
345,240,37,88
341,242,38,87
342,243,36,84
339,244,37,85
336,244,36,88
333,244,38,89
328,244,41,91
327,242,40,96
326,243,40,92
326,244,38,91
325,245,37,90
323,247,36,89
322,248,35,91
319,251,36,89
317,252,36,91
315,251,37,87
311,249,38,92
308,250,38,86
308,254,36,85
305,251,39,87
303,251,38,89
302,252,37,88
300,253,38,88
294,254,40,94
292,256,40,88
290,256,39,88
286,256,40,92
284,257,39,93
282,256,39,92
277,256,40,92
276,256,40,92
273,256,40,93
272,258,40,94
269,259,39,92
268,260,39,93
266,261,40,89
263,261,39,97
260,262,40,95
257,262,40,97
254,262,40,93
252,262,40,94
250,262,40,96
246,265,39,99
243,266,40,98
240,267,41,101
238,267,39,99
234,267,40,101
233,267,39,101
230,268,38,102
229,268,38,99
224,267,41,99
222,268,39,104
220,269,41,105
217,270,42,108
213,271,42,111
212,271,41,110
210,272,40,110
207,270,39,111
204,270,40,111
202,270,42,114
200,271,40,115
197,272,41,112
194,271,42,115
185,273,48,117
179,275,53,116
178,275,53,118
178,279,50,116
177,278,48,114
177,279,46,115
173,278,42,117
172,278,41,118
169,278,40,117
166,278,40,121
163,280,44,122
162,280,44,120
158,282,42,119
156,283,44,120
154,284,42,120
150,283,42,120
148,283,42,121
147,283,42,122
143,283,43,123
141,283,42,122
138,283,44,123
133,284,47,124
125,285,51,122
126,287,48,124
124,290,49,123
124,289,47,124
122,289,44,124
120,290,43,122
118,290,42,123
113,291,43,123
109,292,44,127
105,292,46,127
104,295,44,124
103,296,42,124
97,297,43,126
96,297,43,125
92,297,46,125
87,296,48,129
83,296,49,127
80,297,49,127
78,298,49,129
73,298,53,129
70,299,54,128
70,301,52,130
71,306,52,125
70,305,50,127
67,307,47,124
65,307,46,124
64,310,42,122
60,302,43,133
57,310,43,128
54,308,41,130
49,311,43,127
46,313,44,128
44,311,46,131
40,310,44,133
38,315,42,128
36,318,42,128
33,314,41,132
29,315,42,130
22,315,45,132
18,318,47,129
9,319,55,128
7,321,54,128
