57,98,18,28
59,97,20,35
58,96,21,35
63,98,20,35
65,98,19,35
67,98,20,35
70,100,20,35
71,101,20,34
71,102,21,36
74,102,20,36
75,102,21,35
80,99,24,41
79,96,23,42
83,101,26,38
83,98,23,41
86,103,22,36
87,103,21,37
90,102,20,36
91,104,20,35
92,103,21,36
94,102,21,38
96,102,21,38
100,105,21,38
101,103,21,38
105,105,20,36
106,104,21,38
107,103,21,39
111,104,22,39
111,103,24,39
116,107,23,39
119,106,23,40
119,106,23,40
123,107,22,40
123,106,22,39
124,107,22,40
125,106,22,39
127,105,21,40
141,115,22,35
143,110,21,40
147,110,22,40
150,111,23,41
153,111,24,41
156,112,23,41
157,112,24,41
159,111,22,41
160,110,22,42
163,112,22,42
163,112,22,42
167,112,21,43
169,114,22,40
187,116,23,43
186,116,21,43
191,118,22,41
193,118,21,41
195,117,21,42
196,118,22,42
197,116,22,42
199,118,21,42
202,116,22,41
205,119,23,38
209,121,20,36
212,121,23,44
216,119,20,38
218,119,22,42
219,120,23,41
222,122,22,43
226,124,22,41
231,123,21,41
232,124,21,41
234,124,22,42
234,123,23,44
239,125,22,42
243,125,21,45
244,126,20,43
248,127,20,45
249,127,21,43
253,128,21,42
257,127,23,43
256,126,24,44
259,127,23,42
262,128,22,43
263,129,22,44
266,130,22,44
268,130,22,43
270,130,22,44
273,132,22,45
275,131,22,47
277,130,23,49
280,132,22,46
283,132,21,45
285,133,21,44
289,134,21,45
293,132,23,47
293,133,24,47
296,133,23,47
298,132,21,48
301,135,21,47
301,135,22,47
306,137,21,46
307,137,22,46
310,136,22,48
309,136,22,48
311,134,23,49
316,136,22,48
318,136,22,48
321,138,22,49
323,139,22,46
325,140,22,46
328,140,22,46
330,140,22,47
332,139,22,49
335,140,23,49
335,140,23,47
340,143,22,46
339,143,23,47
342,143,23,47
344,143,23,48
345,143,23,47
348,143,23,48
348,142,24,49
351,144,23,47
353,144,22,47
355,147,23,46
357,146,23,46
361,149,23,45
362,149,23,41
364,148,22,45
366,148,22,46
366,148,22,43
370,150,21,41
370,151,21,41
371,152,22,42
376,152,23,45
377,153,23,45
379,152,22,43
381,152,22,44
383,152,22,45
383,152,22,45
386,152,22,46
386,152,22,47
389,153,22,45
390,156,22,43
393,155,22,45
394,158,21,42
396,159,22,41
398,159,21,40
400,157,20,44
401,158,20,42
402,159,21,42
402,160,21,40
404,158,21,41
405,157,21,42
405,157,21,41
406,157,22,42
408,157,22,41
409,157,20,42
411,159,21,41
413,157,22,43
415,159,21,41
415,158,21,41
416,160,22,41
417,157,24,42
420,156,24,44
420,159,24,42
421,162,22,39
420,160,23,39
421,157,23,42
423,159,23,43
422,158,23,42
423,157,24,45
424,159,23,42
425,158,22,42
425,160,23,41
427,159,22,42
430,160,21,42
430,160,21,43
431,159,21,41
433,160,22,43
433,160,22,42
434,160,22,41
435,160,22,42
435,161,22,41
437,161,21,39
438,163,23,40
441,162,22,42
441,162,22,42
442,162,23,42
443,161,22,43
444,161,22,43
444,161,22,42
445,161,21,42
445,161,22,42
445,161,22,42
446,162,22,42
446,162,22,43
446,161,23,43
446,161,23,45
447,159,23,46
446,157,24,49
447,157,24,51
448,157,24,49
449,157,24,49
449,158,25,50
452,158,24,50
451,158,25,51
451,157,25,50
451,157,25,50
454,157,24,50
454,157,25,51
454,157,26,51
454,157,25,52
455,157,25,51
455,158,25,51
455,157,25,51
455,158,25,52
455,156,25,52
454,157,25,52
454,157,25,51
455,159,25,51
455,158,25,51
454,157,25,51
454,157,25,51
453,156,25,51
453,157,24,51
453,158,23,49
452,158,22,49
451,158,22,49
450,158,22,49
448,157,23,50
448,156,23,51
448,156,22,50
447,156,22,50
447,155,22,49
447,156,21,48
446,156,20,48
446,157,20,47
445,157,20,47
445,157,20,47
443,157,22,46
435,158,23,43
437,160,22,42
435,159,21,43
434,159,21,42
431,162,22,39
429,162,21,41
424,159,23,42
426,159,21,41
424,164,22,39
426,164,20,38
423,161,21,41
423,157,22,43
420,158,22,42
418,159,23,42
417,155,23,45
417,155,21,44
415,156,22,44
413,156,21,44
410,156,22,44
407,157,22,44
404,157,21,43
402,156,22,43
399,158,22,43
399,158,20,42
396,153,21,48
382,156,23,42
384,154,22,44
381,155,21,43
379,156,21,43
378,153,21,43
375,152,22,41
373,153,25,43
357,148,27,44
358,149,23,47
357,147,21,45
354,143,20,46
350,144,21,46
348,144,21,48
347,145,22,46
345,146,22,48
344,143,22,48
340,144,22,48
339,144,23,47
336,143,22,48
334,142,20,47
331,140,22,48
328,138,21,50
326,137,20,49
323,137,21,51
322,140,21,47
320,140,22,48
316,140,24,47
313,139,27,47
311,138,27,48
309,139,27,46
305,138,30,46
304,139,30,46
302,137,30,48
299,138,28,47
299,135,28,46
297,137,27,45
298,136,26,45
295,136,26,45
295,137,26,45
291,135,26,46
290,134,25,49
288,133,22,47
286,133,23,46
285,133,21,47
283,133,21,44
281,132,21,45
279,133,22,44
278,132,22,46
275,132,22,47
275,132,22,44
273,131,22,47
272,133,22,44
270,133,20,42
268,131,21,42
265,131,20,42
262,130,23,44
262,131,22,44
260,124,23,47
258,128,24,45
255,126,23,45
255,126,22,44
248,120,23,49
243,120,23,47
240,120,23,47
235,120,24,44
233,119,22,45
230,118,20,45
226,117,22,46
224,118,22,44
222,118,22,42
218,120,24,39
216,120,25,39
213,120,23,35
211,120,25,33
208,120,23,34
205,119,24,34
205,119,22,37
199,116,22,36
200,115,21,40
197,116,22,42
196,115,22,44
192,112,23,46
191,113,23,45
190,111,23,47
187,114,23,44
186,113,22,46
184,112,21,47
182,110,22,47
180,111,22,46
176,111,23,46
176,110,23,47
174,108,22,48
173,109,23,47
172,110,22,45
172,109,21,46
170,110,22,46
169,108,22,46
167,110,22,46
165,110,23,45
163,110,24,47
162,110,22,45
160,109,22,45
157,109,23,46
154,108,22,45
150,106,22,45
148,106,22,45
146,105,22,43
145,104,23,43
143,104,23,46
142,104,22,46
141,105,21,45
140,106,22,44
138,106,22,45
135,105,22,45
132,105,22,44
130,104,22,43
129,102,21,43
128,103,22,44
126,102,23,45
124,101,22,45
124,101,22,43
122,100,23,44
121,100,22,44
118,100,24,45
115,99,25,47
113,100,23,45
111,101,24,45
111,101,23,46
107,101,23,45
105,100,22,44
104,98,23,46
101,99,25,47
101,98,25,46
100,99,25,46
100,98,25,46
98,100,27,46
99,100,25,45
99,98,25,46
98,98,26,47
99,98,26,47
99,99,26,47
99,97,25,45
100,97,26,47
98,96,26,48
98,95,26,48
98,97,26,48
98,96,27,50
97,97,26,47
98,97,26,47
96,97,26,46
96,97,25,48
96,97,25,46
96,96,24,45
97,96,24,46
98,96,24,45
99,96,23,45
101,96,24,45
101,96,23,47
103,97,24,45
105,96,23,45
106,96,22,45
106,96,23,47
106,96,24,48
108,96,23,46
107,96,23,47
110,97,22,45
109,97,23,46
111,98,22,46
112,98,23,45
114,98,24,46
116,99,23,45
119,99,23,44
120,99,24,47
120,98,23,46
121,97,23,45
124,97,23,45
124,97,23,46
125,98,23,45
125,98,23,46
126,98,23,46
128,99,22,47
128,99,22,47
130,100,23,47
131,100,22,46
133,101,22,46
133,100,22,45
136,101,22,46
136,100,22,47
137,100,23,49
139,101,23,47
141,100,22,47
140,101,23,49
143,102,23,47
146,104,23,45
147,103,22,46
148,104,23,46
151,105,23,48
152,105,23,47
152,104,23,48
156,105,22,45
157,105,22,46
158,106,22,46
158,107,23,44
161,107,23,45
162,108,23,46
163,108,22,46
166,108,23,46
168,108,23,46
170,108,23,47
172,108,22,47
173,108,23,48
174,111,22,44
175,110,24,47
178,110,23,46
177,111,23,46
180,109,23,47
183,111,23,46
186,111,22,46
187,116,21,43
188,111,23,47
191,111,23,47
193,111,23,46
197,113,23,45
196,115,21,43
199,111,23,45
200,112,23,47
200,113,22,44
206,113,21,41
206,112,21,39
210,112,20,40
210,112,22,43
214,112,21,41
213,111,23,41
216,111,21,43
217,112,22,40
220,114,22,41
221,114,22,37
223,115,24,46
226,114,23,47
230,115,23,49
230,114,25,50
231,113,25,50
233,113,24,51
235,116,25,51
238,118,25,49
242,119,24,49
242,119,26,51
248,120,24,50
251,120,24,51
255,119,24,52
257,121,25,51
259,124,25,50
264,124,23,51
265,124,24,52
272,124,23,52
272,123,24,53
275,123,25,54
278,121,25,56
281,124,26,53
285,129,27,50
288,130,26,51
294,133,24,49
295,134,24,47
299,134,24,49
302,132,24,51
304,132,24,49
306,133,24,50
309,134,24,49
312,136,24,49
312,137,24,48
313,136,25,49
316,135,25,51
318,135,24,51
320,135,24,52
321,136,23,51
323,137,24,50
326,140,24,49
327,140,24,48
328,139,25,49
329,138,25,51
332,139,25,50
335,142,23,48
333,141,25,50
335,141,24,49
336,141,25,51
338,140,24,50
339,140,24,51
340,142,24,50
345,145,23,50
347,146,24,47
349,146,23,46
351,147,24,46
353,145,24,46
355,146,24,47
355,146,22,46
359,147,22,48
361,149,22,44
363,150,23,48
364,150,21,41
366,149,22,45
368,150,23,46
370,150,23,45
371,151,22,45
375,152,23,45
376,152,22,43
379,153,21,44
380,153,22,44
381,152,22,45
383,154,22,43
384,153,21,45
385,153,21,45
386,154,21,43
387,154,22,43
387,155,21,44
387,156,22,43
387,156,23,43
389,157,23,43
389,155,24,45
390,154,23,47
390,154,24,47
391,154,25,47
390,153,25,47
392,154,25,48
393,155,24,46
393,156,24,44
394,156,24,44
395,154,24,46
397,153,24,48
397,153,25,49
398,154,24,47
400,154,23,46
402,155,23,46
405,156,22,44
406,158,22,41
408,158,22,43
409,157,22,44
412,155,22,44
412,157,21,43
412,157,23,44
413,156,23,44
415,155,22,44
417,156,22,44
416,157,22,42
419,158,22,42
419,157,24,44
422,158,23,42
421,156,24,44
422,157,24,43
423,157,23,43
426,157,22,44
426,158,23,43
430,159,21,42
433,160,20,41
434,161,20,41
436,162,19,40
437,161,22,41
441,161,20,42
441,161,21,42
442,160,21,42
444,160,20,42
447,162,20,41
450,162,20,45
452,162,20,45
454,161,21,46
456,161,21,48
457,161,21,47
457,159,21,50
459,159,22,50
459,158,24,52
459,158,23,53
459,160,23,51
459,159,22,51
458,158,23,52
457,157,24,52
456,157,24,53
454,157,26,52
454,156,25,52
452,157,25,52
451,157,25,51
451,157,25,52
450,157,24,50
448,157,23,49
448,158,23,50
447,159,21,47
446,161,21,44
444,161,22,44
444,161,20,43
443,161,20,43
442,161,20,42
441,163,19,40
440,161,19,41
440,162,21,40
438,161,20,41
436,163,20,39
433,163,21,39
431,162,21,40
431,165,20,38
426,158,23,43
423,159,24,42
426,160,21,41
423,157,22,45
422,160,23,43
420,157,23,43
419,161,22,40
419,157,22,43
417,160,22,41
416,157,21,43
413,158,22,42
411,157,21,39
411,159,22,42
409,158,21,41
410,160,21,41
409,160,22,40
407,162,21,39
406,161,20,39
402,160,20,41
401,163,21,37
391,156,21,44
388,156,21,44
384,156,22,43
383,154,21,44
381,154,21,44
379,153,22,44
377,151,23,45
376,151,23,45
372,150,25,45
369,149,25,48
366,149,26,48
366,149,24,43
364,149,23,45
361,149,25,45
362,149,24,44
359,149,25,47
357,147,24,43
356,148,24,45
355,148,23,45
355,148,22,44
354,146,22,45
354,145,21,47
352,145,21,48
349,144,22,47
348,144,24,48
347,143,24,47
345,143,24,48
345,143,24,48
343,144,24,48
342,144,25,49
339,144,24,48
334,144,26,48
331,144,29,47
328,143,27,46
327,143,29,46
324,146,31,43
324,146,30,42
321,147,34,41
321,148,32,42
320,147,32,41
320,146,31,42
320,145,30,44
319,145,28,43
317,143,28,44
317,142,28,45
318,142,26,45
316,140,27,46
317,139,26,47
314,137,27,49
317,137,25,50
313,135,27,50
312,136,27,51
312,135,26,51
312,134,26,51
312,134,23,50
309,134,24,52
309,131,24,54
307,131,22,53
308,131,23,53
307,130,22,52
305,130,22,54
304,130,23,53
303,130,23,52
302,131,23,53
300,131,22,53
298,132,25,52
296,132,26,51
292,130,28,52
293,130,28,52
292,129,26,51
291,129,26,52
291,128,23,51
290,127,22,52
289,131,21,47
287,127,23,53
285,128,23,51
284,127,24,52
282,126,25,53
280,127,25,51
279,126,26,52
272,126,24,51
269,126,22,49
267,125,21,48
266,124,22,48
266,125,22,47
263,123,23,51
263,123,23,50
262,125,23,47
260,125,23,47
259,126,24,47
256,124,23,47
253,122,22,46
251,124,22,45
249,120,22,48
247,120,22,49
246,120,22,46
245,120,22,49
243,119,23,48
241,119,22,47
239,120,23,48
238,118,23,46
235,117,22,45
232,117,22,47
232,116,22,46
231,116,21,46
229,116,22,47
229,115,22,43
227,115,21,48
225,116,20,42
223,116,22,46
221,116,21,39
220,116,20,36
218,117,21,38
217,115,19,37
214,114,20,38
212,113,19,38
210,113,21,40
209,113,20,38
207,114,22,41
206,115,21,40
203,115,20,41
200,116,21,42
195,114,22,42
192,115,22,44
188,113,23,46
186,113,22,45
183,113,21,46
181,112,21,46
180,113,21,45
178,112,20,43
176,112,21,45
173,112,21,44
171,112,23,44
170,114,21,42
167,112,21,44
165,111,22,44
162,111,21,44
161,111,21,43
159,111,20,42
157,110,21,42
156,110,21,43
156,110,20,43
154,109,21,42
153,111,20,42
150,111,21,41
147,110,21,41
147,110,20,41
143,110,22,40
141,109,23,42
140,110,23,42
138,109,23,41
136,108,24,42
136,108,23,43
136,108,23,42
135,107,22,43
135,107,21,42
135,106,22,43
134,107,22,42
134,106,21,41
134,105,21,42
135,105,21,42
136,106,21,42
135,106,21,42
136,106,21,40
136,105,21,42
136,106,21,42
137,107,22,43
137,107,22,43
138,106,21,42
139,107,22,41
139,106,21,42
141,107,21,41
141,107,21,41
141,107,22,41
143,107,21,41
143,109,23,41
145,109,22,41
145,108,22,41
147,108,22,41
147,109,22,43
149,107,21,41
149,109,22,43
151,109,22,42
151,109,22,43
152,109,22,43
156,110,21,44
156,111,22,43
160,111,20,41
159,110,22,42
160,111,22,43
161,112,22,43
163,110,22,44
165,112,22,44
165,111,22,45
167,111,22,45
167,111,22,44
170,112,23,45
171,111,21,45
173,111,22,45
175,112,23,46
176,112,23,45
177,113,24,46
181,114,22,45
183,113,22,44
184,112,23,45
184,113,24,46
185,114,24,46
186,114,25,46
186,113,25,47
186,113,25,47
188,114,25,47
189,114,25,47
189,115,26,46
190,115,25,45
191,115,25,45
192,116,25,44
192,117,25,44
193,115,25,45
193,116,25,45
195,116,23,43
196,116,23,43
196,116,23,43
196,116,23,44
197,117,23,43
201,116,24,43
203,118,23,41
205,116,23,41
206,118,23,40
207,117,21,39
210,118,21,37
211,118,20,35
212,117,20,34
214,118,20,35
214,118,19,33
217,118,18,33
216,119,20,35
217,120,20,35
219,120,20,35
219,120,21,34
219,121,21,42
221,119,21,36
221,120,22,39
223,120,22,43
226,120,21,41
227,119,22,45
228,121,22,43
230,122,21,43
232,121,22,44
233,122,22,42
234,121,23,42
237,121,25,46
237,122,23,45
240,123,23,44
240,123,23,44
244,124,21,46
244,125,21,44
247,124,21,43
250,124,22,46
251,125,22,44
254,125,21,43
255,125,22,43
258,128,22,40
260,129,22,39
262,128,22,43
265,128,22,44
266,128,22,45
267,129,22,45
268,128,22,45
269,128,22,45
271,129,22,46
272,130,22,46
274,131,22,46
276,131,21,46
278,131,22,47
280,132,23,47
281,130,21,48
282,130,21,48
283,130,22,48
283,130,22,50
285,131,22,48
287,130,22,49
286,131,22,47
289,130,22,48
288,131,22,49
291,131,22,49
293,130,21,49
295,130,22,49
296,130,23,50
297,130,21,50
297,132,21,48
299,133,21,48
298,131,21,50
299,133,20,50
300,133,20,48
301,132,21,49
301,133,22,49
303,132,22,49
303,133,20,48
305,134,21,49
305,132,22,49
305,134,21,49
307,134,22,49
306,135,20,48
306,133,21,51
306,134,21,49
307,135,21,49
307,134,21,50
307,133,21,50
307,133,22,48
306,134,19,49
307,134,21,50
305,133,20,50
305,135,21,49
306,136,20,48
304,132,20,49
305,132,22,50
305,131,20,47
317,147,25,39
314,147,25,39
311,146,25,40
302,131,22,50
300,132,23,50
300,131,23,48
302,132,23,49
299,132,24,49
297,130,22,47
292,130,24,50
290,131,24,50
288,131,24,51
289,131,24,49
287,130,23,49
289,130,23,49
289,131,19,46
289,130,19,44
286,130,20,47
287,129,20,47
284,131,20,47
281,133,21,46
274,129,23,50
275,131,23,46
272,127,23,51
271,130,24,45
270,130,22,45
252,133,21,40
250,133,20,41
245,133,21,40
241,129,20,40
239,131,21,39
271,133,22,41
239,130,20,41
240,133,18,38
234,130,21,38
235,130,20,40
235,131,19,39
233,131,20,39
231,131,18,37
228,130,20,37
239,137,17,32
224,128,20,36
232,134,17,33
233,133,16,33
228,133,16,34
232,134,17,32
222,132,18,34
221,130,19,35
216,133,19,34
207,124,18,37
206,126,18,35
206,124,18,37
203,129,19,35
198,128,18,34
194,125,19,35
232,124,21,38
229,122,20,41
223,120,22,44
217,119,22,43
187,123,20,37
175,122,20,35
170,121,20,36
168,118,19,37
167,120,20,36
160,116,22,39
160,116,20,39
153,117,20,39
150,116,21,37
150,116,20,38
145,115,20,37
141,115,19,38
135,114,21,36
133,114,20,36
142,118,20,33
130,114,20,35
123,110,21,36
121,111,21,38
117,111,20,35
119,113,20,33
109,110,21,32
105,112,20,33
101,113,20,33
100,110,20,34
104,113,19,32
87,109,20,34
85,108,21,34
94,109,20,34
82,110,21,33
72,106,20,34
78,106,21,33
76,104,22,35
71,106,22,30
52,104,19,34
49,102,19,32
50,102,21,34
41,101,27,31
41,101,21,31
37,103,20,33
36,99,18,34
31,96,19,33
30,106,20,29
30,94,22,35
29,96,21,31
22,99,23,33
33,93,19,33
29,95,19,30
27,95,22,35
25,94,24,36
23,94,32,39
28,76,28,33
31,91,23,34
26,90,27,39
31,89,26,40
23,99,27,34
27,93,22,33
27,97,20,30
26,96,22,34
33,91,25,39
35,91,23,37
33,93,23,33
27,95,20,33
27,96,19,33
21,101,22,31
21,100,23,32
31,94,20,33
28,97,20,32
24,96,23,37
38,90,23,37
32,90,22,37
30,94,22,33
28,98,21,31
26,99,21,34
26,96,21,32
33,93,21,33
31,94,18,33
27,94,24,35
35,96,31,33
24,95,26,34
25,99,24,33
26,94,20,34
26,94,20,34
35,90,24,36
31,89,23,41
27,91,25,36
26,95,22,31
40,90,22,36
30,92,23,35
27,94,22,33
29,95,19,32
24,98,24,31
24,94,22,37
28,93,26,37
26,98,23,33
30,93,21,33
26,97,23,29
26,92,22,37
25,98,22,30
29,92,25,37
30,91,24,36
27,93,21,35
26,97,20,31
33,92,28,38
30,90,28,38
28,92,21,36
25,95,21,35
23,95,25,33
23,95,26,37
32,86,24,42
33,92,22,34
28,94,22,34
26,98,20,31
34,93,21,32
28,96,19,30
26,95,21,36
24,92,22,37
27,91,24,38
30,95,22,30
30,94,21,33
30,96,19,30
25,94,24,33
25,97,21,33
32,90,25,39
25,92,22,38
23,100,23,30
24,98,20,30
22,100,20,31
30,93,22,33
29,95,24,33
28,97,22,31
22,101,21,32
28,94,22,33
28,97,18,30
28,95,21,33
26,99,19,29
36,94,20,33
25,98,21,31
26,93,20,33
27,94,20,33
39,90,24,35
30,92,23,36
28,93,23,35
28,93,21,34
28,96,21,32
32,93,25,36
25,99,21,32
26,93,21,35
27,94,22,34
25,101,23,31
28,93,21,34
27,95,19,32
40,93,22,33
26,95,21,33
25,98,20,32
31,93,21,33
32,93,23,33
26,95,20,33
27,93,21,35
21,98,22,30
27,96,21,32
26,94,22,33
26,96,22,33
25,96,21,36
24,100,23,30
27,92,19,35
29,95,20,32
26,103,22,28
31,92,24,36
25,93,20,34
27,93,20,34
27,96,20,33
26,93,23,37
24,98,31,37
30,91,31,40
31,94,24,36
31,93,26,35
25,96,21,31
33,92,22,35
24,95,22,35
28,92,24,36
33,92,24,35
26,96,23,33
25,99,21,32
37,92,22,35
28,94,24,35
25,98,26,32
26,99,23,32
27,94,22,35
23,97,21,34
34,92,20,37
27,97,19,30
27,94,21,35
25,100,21,33
24,97,23,31
26,95,22,33
26,96,21,34
24,93,23,39
25,92,22,36
30,94,24,36
25,95,24,34
26,98,22,30
25,97,20,34
24,99,22,30
37,92,22,36
28,93,21,34
25,97,20,31
25,95,22,33
39,91,22,35
34,91,25,36
33,94,22,32
21,98,25,35
28,91,26,38
29,94,22,33
28,97,19,32
23,97,23,36
20,101,29,35
23,96,21,33
28,95,23,32
24,98,21,29
28,96,22,33
28,96,21,31
25,94,23,36
23,100,24,31
28,94,20,34
25,98,22,34
25,95,21,34
29,92,24,36
32,94,23,33
24,95,22,34
31,92,21,36
33,93,22,34
27,96,18,30
28,95,21,33
24,92,22,36
27,94,22,34
28,93,23,37
27,93,24,36
30,92,23,36
27,95,22,33
25,100,23,34
31,95,24,32
32,92,23,35
29,93,19,33
27,96,20,34
23,98,24,38
21,93,23,36
26,96,25,33
26,99,21,33
33,96,19,39
35,90,20,43
39,89,23,49
41,89,24,47
42,89,29,50
48,90,24,49
43,91,24,51
55,91,24,52
61,90,23,50
66,89,23,50
65,92,23,51
57,90,24,52
58,91,26,53
69,92,24,53
72,90,25,46
67,94,23,51
73,94,23,50
80,97,23,56
80,96,22,53
85,97,23,54
89,96,22,54
93,97,23,51
96,101,22,50
95,102,22,52
97,103,22,52
101,103,22,52
104,103,24,53
93,105,24,48
106,106,22,48
107,108,21,48
103,107,21,48
104,109,23,52
106,109,22,51
119,108,22,43
110,110,21,50
120,110,22,41
123,113,19,48
118,113,21,50
121,112,20,52
128,113,21,50
124,115,21,50
134,115,21,52
125,117,22,51
138,117,23,53
139,119,23,53
132,119,23,51
137,120,22,52
136,119,21,50
147,121,22,50
142,120,20,49
142,122,20,50
150,120,20,48
145,123,23,49
149,123,20,46
149,123,21,48
156,126,23,49
155,125,22,49
154,124,22,51
156,125,22,49
156,128,22,47
160,126,24,51
161,128,24,51
164,127,24,52
170,131,23,48
171,132,23,48
170,135,22,45
173,129,23,49
174,134,22,47
177,133,23,48
180,138,23,46
182,138,22,44
187,142,22,42
190,142,21,42
196,141,22,42
195,142,23,43
192,139,25,46
191,140,28,46
197,140,35,60
194,136,41,64
195,138,44,66
207,136,40,75
181,149,62,84
123,176,124,122
297,135,76,101
329,138,36,62
334,144,23,45
333,144,23,48
332,144,24,47
331,142,21,46
329,141,21,47
327,141,23,48
325,142,23,46
324,143,23,45
323,143,23,46
321,142,22,46
319,142,22,45
317,139,20,48
316,142,22,45
316,141,21,45
315,141,21,46
313,140,21,46
312,140,22,46
310,138,23,48
310,139,22,47
309,138,22,47
308,141,21,45
307,141,20,45
305,138,20,45
304,137,21,45
303,137,21,49
301,136,20,48
300,136,21,51
295,136,24,52
291,137,27,51
293,136,25,47
293,136,25,52
278,152,23,45
287,148,23,43
289,136,28,53
287,135,25,49
286,134,23,44
276,134,22,44
275,134,23,47
275,133,25,48
273,132,24,44
274,133,24,47
272,133,25,46
273,134,24,47
270,134,24,44
271,133,23,43
271,133,22,44
271,131,22,47
269,132,22,45
268,132,22,44
269,134,22,42
267,137,23,40
267,137,21,37
266,137,21,38
266,134,21,41
266,135,22,41
264,135,22,39
263,133,22,41
260,134,23,42
256,132,24,42
254,130,22,40
254,131,21,39
252,130,21,40
250,130,21,40
249,131,21,40
247,129,21,41
247,130,21,41
246,127,22,44
244,128,21,41
243,127,21,43
241,126,22,42
240,126,21,41
237,125,21,41
235,124,21,40
236,125,22,41
234,124,22,41
233,124,21,41
232,123,20,40
231,124,21,40
230,124,21,41
228,125,21,39
226,124,22,40
223,124,22,39
221,123,21,39
217,123,21,41
215,121,20,38
212,120,21,39
212,120,21,35
211,120,21,36
209,120,22,38
206,119,23,39
206,119,22,40
204,120,21,38
199,119,22,40
198,119,21,41
197,118,21,41
194,116,22,43
192,115,22,44
189,116,22,44
187,115,22,45
186,115,21,44
184,116,21,44
182,116,21,44
178,117,21,43
175,115,23,45
173,114,22,44
172,114,21,43
168,112,22,44
166,112,22,43
155,114,22,39
147,110,23,42
149,110,23,45
147,110,23,46
145,109,22,45
143,110,21,43
141,110,21,42
138,112,23,41
135,112,23,40
133,111,21,38
129,110,21,37
125,108,23,40
122,106,23,39
121,105,22,41
119,104,22,41
117,104,22,40
116,104,20,41
114,103,21,41
111,105,20,40
109,105,20,39
106,105,21,40
105,104,21,39
104,104,20,40
101,103,21,38
98,102,21,39
96,101,21,39
95,102,21,39
94,102,20,39
93,102,21,38
92,102,21,38
91,103,20,37
88,103,20,37
88,103,19,36
85,103,20,36
83,101,19,37
82,99,20,37
80,97,20,38
78,97,21,39
78,97,21,38
77,99,21,37
76,98,21,38
75,98,22,37
74,100,22,36
73,98,22,37
71,97,23,35
70,99,23,34
69,97,23,37
69,97,22,37
67,96,24,36
67,97,22,36
67,96,21,36
67,97,22,36
67,96,21,36
66,98,23,37
67,98,23,37
67,98,23,37
69,98,21,38
70,102,21,38
72,99,22,36
73,97,22,40
74,103,22,37
82,101,22,36
80,97,23,43
83,101,23,38
83,101,21,42
84,101,21,38
85,100,22,39
87,103,22,39
90,102,22,39
90,102,21,37
92,102,22,37
93,103,21,37
95,105,21,35
96,105,21,36
99,104,22,37
101,106,22,35
104,106,21,37
105,106,22,37
106,105,22,38
108,105,22,38
122,108,21,37
122,108,23,38
122,107,22,40
126,107,21,40
127,106,21,40
130,108,22,39
131,108,21,39
134,110,22,39
139,110,20,39
142,111,23,40
143,111,23,41
146,111,21,41
147,111,22,40
149,112,22,39
151,112,23,39
153,113,23,39
156,113,22,40
160,111,22,40
163,112,22,40
170,115,24,40
171,113,23,41
174,115,23,40
176,115,23,41
183,116,22,41
189,116,23,42
194,116,23,42
201,118,23,41
207,119,23,37
214,122,20,33
224,119,21,35
228,121,22,40
233,123,22,41
239,126,23,39
250,125,24,43
256,126,24,41
265,131,23,42
273,131,23,42
280,131,24,46
286,132,23,48
297,136,26,47
306,138,26,47
323,140,22,46
328,141,22,46
336,143,24,46
341,143,23,47
350,144,24,47
360,149,24,40
369,153,24,43
375,153,23,40
386,158,22,39
402,160,21,39
409,158,22,40
420,162,22,40
423,160,22,41
436,168,20,35
443,168,20,37
455,171,20,38
466,171,20,38
476,172,21,40
489,172,21,42
496,176,21,37
504,177,21,38
512,180,21,36
519,180,23,40
524,180,21,44
531,180,20,40
539,182,22,43
544,181,24,48
549,181,23,47
553,183,25,43
552,181,23,44
555,183,22,41
557,184,21,39
567,190,21,43
568,189,21,44
571,191,21,40
571,192,21,39
552,184,23,37
551,181,23,42
573,199,26,45
552,166,24,44
554,172,24,47
574,196,23,48
568,194,25,36
569,194,22,36
550,175,22,31
552,183,21,32
554,183,21,34
568,197,35,44
551,168,26,41
553,184,29,43
567,196,25,51
550,176,25,46
552,190,24,43
548,193,24,40
543,195,24,39
541,195,23,40
536,194,24,38
535,195,22,38
525,192,23,40
522,195,22,40
516,194,25,38
515,194,21,39
509,195,24,41
507,194,23,39
500,191,23,46
497,189,24,52
493,191,26,53
490,194,24,49
486,196,25,50
480,195,26,53
479,196,25,49
476,195,25,48
473,190,23,49
471,194,23,44
468,196,23,43
461,195,22,40
457,193,23,39
423,160,26,37
386,176,18,27
370,173,18,31
375,172,19,30
387,174,15,25
387,179,15,25
386,179,15,25
386,182,16,27
368,172,18,30
388,179,14,24
387,180,15,22
387,180,15,24
388,178,15,22
387,180,15,22
387,181,16,21
387,180,14,26
387,180,15,26
407,187,18,34
402,184,20,41
402,185,21,42
401,186,21,43
387,177,19,30
402,189,17,34
389,179,15,21
369,175,16,28
389,184,19,30
386,174,18,28
385,176,16,29
369,173,19,30
388,185,17,31
368,173,19,30
369,174,21,33
388,180,18,38
388,182,23,49
387,179,21,41
385,182,24,54
382,183,28,54
381,175,26,53
382,181,25,52
382,177,22,36
370,171,23,40
381,180,20,34
366,173,22,37
368,174,22,38
379,181,20,37
381,180,20,46
368,172,20,38
381,180,19,36
386,178,17,30
363,174,18,36
363,174,19,40
360,173,21,41
357,173,22,37
355,175,20,35
354,174,19,40
351,173,22,51
351,172,23,39
350,172,21,43
349,169,22,44
345,168,26,56
344,168,28,52
342,168,27,52
340,169,28,55
339,169,27,57
337,165,24,40
337,165,24,41
337,166,26,48
333,163,28,45
333,164,28,53
329,165,30,51
328,166,29,59
328,163,24,45
327,163,25,51
325,162,26,56
324,160,26,47
322,159,27,57
321,157,27,45
320,158,27,58
318,158,27,51
318,157,26,49
317,158,24,44
316,158,25,49
314,158,26,47
310,155,28,51
308,155,30,60
308,153,29,55
307,153,30,58
305,154,29,55
305,155,28,53
305,155,28,53
304,155,28,54
304,154,29,54
304,155,27,53
304,154,28,54
301,154,28,56
301,154,28,57
300,154,29,62
298,155,29,56
298,154,29,61
296,152,28,44
296,152,26,52
294,150,29,57
293,149,29,56
292,149,30,56
292,151,29,59
291,151,29,52
291,151,28,57
291,151,29,55
289,150,30,62
289,150,29,53
289,150,28,53
286,150,30,58
285,150,30,55
285,151,29,53
284,151,29,54
282,152,30,54
281,153,29,57
278,153,30,56
275,152,31,56
275,152,28,53
272,151,28,50
272,152,23,48
271,153,24,44
270,153,25,45
268,153,28,43
268,153,25,44
268,155,25,42
267,153,25,44
266,152,23,45
264,151,23,46
263,149,22,47
262,152,21,43
249,153,21,43
252,153,24,44
249,157,22,41
244,157,22,41
241,156,20,41
245,160,20,39
244,161,26,36
216,142,30,56
213,147,34,56
202,144,61,63
180,202,83,87
199,158,98,110
248,158,151,146
76,139,177,136
27,124,178,95
10,75,71,124
12,64,44,75
24,73,31,57
28,97,26,38
21,94,30,39
29,93,28,38
23,98,24,32
27,94,23,36
24,98,26,31
24,98,24,35
29,92,21,35
26,96,21,33
28,92,23,39
25,99,20,32
23,97,22,33
24,100,23,30
26,95,22,32
25,96,20,34
37,89,25,37
31,93,26,34
25,97,20,32
21,100,21,29
24,96,23,37
26,90,25,39
35,89,24,39
34,91,21,36
28,95,19,32
31,93,28,36
26,95,22,35
20,101,22,39
23,103,23,34
23,97,26,36
29,78,26,28
26,96,21,34
25,94,23,38
31,89,26,38
31,94,24,35
23,98,25,34
31,89,24,38
32,91,23,36
35,92,22,35
27,94,23,33
26,95,23,37
22,97,26,33
22,93,24,37
33,92,23,36
26,96,21,31
25,95,21,33
25,93,21,38
24,94,25,36
24,98,26,35
27,91,20,36
26,96,21,32
24,98,21,35
40,92,20,34
30,94,23,31
29,96,22,31
23,96,22,36
22,102,23,31
33,101,18,36
34,102,18,37
34,94,21,43
36,86,25,56
38,84,29,61
42,83,32,59
50,82,29,61
56,83,28,62
57,82,28,61
59,84,31,66
62,85,32,63
69,86,28,61
71,89,25,60
108,109,27,53
78,92,27,59
83,91,27,62
85,92,27,63
88,91,28,65
90,94,28,63
90,94,28,62
96,97,24,55
100,98,25,55
99,97,26,58
105,97,24,48
104,99,24,51
113,100,22,39
110,105,26,58
108,106,32,61
112,105,31,61
118,106,25,61
124,112,26,59
125,111,26,56
128,112,28,58
130,111,29,61
134,112,27,60
134,114,28,58
140,117,27,62
141,117,30,56
146,118,27,60
147,120,28,58
154,122,27,60
159,125,27,59
159,124,28,54
165,125,25,57
165,126,27,60
168,127,25,55
172,129,27,55
177,133,25,54
178,134,27,58
183,134,27,53
186,136,25,51
191,137,27,51
196,136,25,53
201,138,23,42
207,137,24,42
215,142,24,40
213,146,23,50
215,146,23,45
219,146,25,51
227,141,23,48
228,143,25,49
232,143,28,55
234,144,28,55
243,146,25,51
246,145,26,53
250,145,26,52
258,142,26,51
258,142,28,55
311,144,24,41
309,140,24,46
306,137,23,45
298,142,25,42
297,142,24,42
282,146,25,48
283,144,27,52
285,142,24,53
284,142,23,53
277,138,23,38
273,139,21,37
271,139,23,36
267,138,23,39
265,138,22,39
262,137,22,28
256,136,23,33
252,137,24,39
246,133,23,37
244,135,25,37
238,133,23,39
237,134,22,38
234,133,21,35
231,134,21,36
228,131,21,37
224,131,22,36
223,132,19,34
217,129,22,38
216,129,20,37
213,123,23,38
211,122,21,39
209,123,21,37
199,125,20,38
202,126,19,36
196,127,19,36
191,126,22,36
190,126,20,35
188,125,21,37
183,124,20,35
180,124,20,35
178,124,22,37
175,124,21,37
171,123,21,37
169,123,20,37
164,121,21,36
163,121,21,37
159,120,22,37
156,119,24,39
153,119,23,38
149,119,24,38
148,119,23,37
145,119,23,39
108,104,31,58
110,105,31,60
110,106,30,58
110,106,28,56
111,106,29,58
111,107,28,58
111,105,32,59
110,104,31,61
109,104,31,60
109,104,31,60
110,104,31,60
110,104,30,59
109,104,31,62
110,106,29,57
109,104,29,58
108,102,29,59
111,102,26,56
110,103,26,57
110,104,28,58
110,104,31,60
110,103,31,60
112,102,29,60
113,103,30,61
112,103,30,63
112,102,31,62
111,102,30,64
111,102,30,61
112,101,29,63
110,101,31,66
110,101,30,63
110,103,30,63
111,102,30,61
111,102,30,63
111,102,29,63
113,102,30,62
113,103,30,63
113,102,30,64
113,101,31,64
113,100,30,64
113,101,31,65
112,102,31,62
111,101,32,66
112,101,32,62
111,102,30,63
111,101,31,62
111,99,31,65
110,99,31,65
111,100,31,65
110,99,31,65
111,99,30,64
111,100,30,63
111,102,31,63
111,101,31,63
112,101,32,66
112,99,32,65
114,99,32,65
115,99,32,68
117,99,31,67
117,100,29,63
117,100,29,64
119,100,29,63
121,100,27,64
120,100,28,62
122,99,26,63
123,99,25,57
121,100,25,58
123,98,24,51
125,97,22,41
123,100,23,49
122,98,24,53
123,97,23,48
121,98,26,52
120,97,25,44
118,100,27,59
118,98,29,63
117,98,29,62
116,99,30,66
116,98,30,66
116,99,30,67
116,99,29,65
117,98,30,64
116,99,30,64
116,99,32,66
117,99,31,64
119,99,29,62
118,100,31,66
118,99,31,66
118,99,32,66
119,100,31,65
120,99,30,65
118,100,32,67
119,101,31,65
120,100,30,65
119,100,29,66
118,100,30,66
118,100,31,67
119,100,30,63
118,100,29,65
117,100,31,66
117,100,30,63
117,100,30,63
117,102,30,64
118,101,30,63
118,101,31,65
120,100,29,61
118,100,31,65
118,100,32,65
118,100,31,67
119,102,31,66
158,137,25,47
158,134,22,44
119,102,28,61
148,129,28,46
135,119,28,49
118,103,28,60
127,118,26,48
114,101,27,60
112,103,30,59
111,105,29,55
103,109,28,51
101,109,28,50
97,109,26,49
93,107,26,48
87,105,28,49
82,100,27,51
78,97,26,52
72,95,25,50
65,94,26,49
57,90,26,51
54,87,24,53
47,89,25,52
40,90,24,51
39,90,21,47
38,92,19,43
35,94,19,36
31,99,19,30
32,106,18,30
25,101,22,36
20,99,25,36
30,93,22,35
29,95,23,31
29,94,22,33
30,98,20,30
29,94,24,37
27,90,26,41
31,93,24,33
29,95,25,32
28,92,23,38
30,94,22,35
29,93,26,36
35,87,26,39
35,89,21,39
30,93,23,35
25,95,21,34
22,95,26,36
32,88,25,41
27,90,22,35
24,95,23,33
32,95,23,34
25,98,23,36
30,91,26,40
23,96,22,32
30,94,24,33
39,87,26,40
30,86,24,44
29,89,25,40
25,89,28,42
25,91,24,39
28,95,23,35
28,96,22,33
30,93,22,35
39,87,25,39
27,80,28,28
30,95,21,31
28,97,19,30
26,95,23,37
25,99,21,31
26,93,21,35
25,97,21,32
22,96,23,38
24,95,24,35
23,96,23,35
28,93,25,35
33,92,25,36
28,95,22,33
22,98,22,33
23,101,22,29
29,95,22,30
26,97,21,32
25,94,25,37
21,99,24,31
33,92,22,36
25,96,22,35
35,90,23,37
31,93,20,33
31,95,21,32
27,94,22,34
25,97,22,35
26,94,20,34
36,93,21,33
27,97,22,31
27,92,25,38
27,95,25,35
24,96,24,34
24,93,23,37
26,93,25,36
41,92,22,34
26,95,21,33
23,93,23,36
46,89,25,37
30,87,25,40
30,87,27,41
26,94,22,36
23,96,24,36
27,80,28,30
27,93,24,35
28,97,20,31
28,94,23,34
25,99,23,29
24,94,23,37
23,95,27,35
22,99,24,33
36,92,22,37
27,97,20,31
29,93,23,38
21,99,22,31
24,97,21,33
28,95,25,33
32,90,24,40
26,93,22,35
25,97,22,32
26,95,21,35
26,93,19,36
24,94,22,36
32,92,22,34
31,93,21,33
31,94,20,33
24,97,22,31
31,81,25,27
24,103,23,29
31,95,21,32
23,97,21,33
22,97,22,33
24,99,25,29
22,97,25,36
28,92,25,35
29,95,22,32
28,95,21,33
38,89,22,37
30,91,24,38
25,93,21,36
27,92,24,39
28,95,21,32
27,96,20,32
31,79,25,26
29,91,20,36
33,94,22,32
29,93,22,35
25,100,19,28
31,88,26,36
34,85,24,44
22,99,26,34
35,93,23,35
25,100,22,32
33,93,22,34
31,94,23,34
27,92,24,37
23,98,21,32
36,92,19,33
29,94,20,34
26,95,21,33
25,96,21,34
30,89,24,40
25,92,23,39
24,95,24,35
27,93,24,36
31,95,20,32
30,92,24,40
25,91,29,37
28,92,25,37
29,97,21,32
20,101,23,39
22,97,26,33
31,78,25,28
30,81,26,29
29,96,22,30
25,97,21,32
28,93,24,35
31,93,22,34
33,92,22,35
26,96,20,32
42,91,22,35
23,93,27,38
22,99,25,34
24,92,23,38
32,100,38,42
26,78,28,37
31,92,26,36
24,96,24,32
30,94,33,37
33,86,28,44
28,90,24,40
31,92,23,36
25,90,25,41
28,95,25,36
28,92,26,37
26,96,23,32
25,99,20,29
32,92,23,35
30,93,21,33
31,95,20,30
27,97,20,31
23,94,25,36
39,94,27,30
29,93,22,34
26,98,23,30
26,94,22,35
24,97,21,31
27,94,21,34
25,97,21,35
33,91,21,35
29,94,23,33
32,94,18,31
27,96,24,33
26,97,25,34
26,100,22,29
37,94,19,34
25,99,22,29
26,94,22,33
26,96,21,32
26,96,21,35
22,99,23,33
28,96,24,34
26,96,25,32
31,92,25,37
27,96,22,33
25,99,22,32
36,93,22,35
29,97,22,29
23,94,27,33
32,97,26,33
27,98,26,33
25,99,21,31
39,94,19,32
26,95,25,32
25,94,23,35
24,98,23,31
24,95,22,36
35,92,27,39
22,96,25,34
23,91,27,37
26,91,21,39
29,93,27,39
24,99,27,34
26,95,21,34
22,97,23,34
35,92,21,37
28,93,21,35
26,95,20,34
23,95,23,37
27,90,22,37
30,93,20,33
27,92,21,35
26,94,19,33
26,96,21,32
36,91,23,36
31,95,21,33
31,93,21,34
31,94,21,33
29,93,21,36
26,99,21,30
26,95,22,35
30,93,26,38
24,97,23,33
30,91,26,38
25,94,22,35
41,87,25,39
42,90,21,36
27,97,21,30
25,93,22,33
38,90,23,36
33,90,23,37
34,91,22,34
24,96,23,33
38,91,23,37
28,93,26,36
26,97,25,33
25,99,22,31
35,93,22,35
27,94,21,32
27,96,20,33
26,91,22,38
27,96,20,33
27,93,20,33
25,96,22,35
24,97,23,36
31,92,22,34
31,92,20,33
36,93,21,33
28,94,20,35
33,95,24,33
33,95,24,34
27,99,21,32
27,95,21,33
27,93,22,35
25,96,21,30
26,97,22,32
23,94,26,39
30,93,25,37
32,88,28,38
26,100,22,31
30,93,23,35
32,93,19,32
30,94,22,34
31,94,22,31
30,94,20,33
29,98,19,30
26,97,23,36
29,92,26,39
25,95,25,35
23,95,23,39
28,89,27,40
27,95,24,38
31,97,27,32
29,93,23,35
22,99,23,29
31,95,22,33
35,89,26,37
32,92,23,37
24,96,22,32
31,79,25,28
28,88,26,34
25,99,22,31
21,104,24,31
35,92,22,36
30,94,21,35
25,96,20,30
28,93,23,35
29,94,20,34
25,98,22,32
27,92,25,38
25,96,23,35
26,91,23,38
30,95,20,32
29,97,19,32
31,94,24,32
34,94,21,32
28,95,20,35
27,99,23,33
27,93,21,36
21,100,22,33
26,96,19,33
33,92,21,36
36,90,29,37
27,91,25,39
23,102,23,30
23,94,24,34
32,91,25,37
27,96,23,35
27,93,21,38
24,99,21,32
35,94,20,32
27,95,19,33
24,94,23,37
26,96,26,34
25,93,23,36
35,93,25,36
28,95,24,33
27,93,22,34
26,97,20,33
26,94,23,39
25,93,25,37
26,96,23,34
23,94,23,36
35,91,24,38
33,94,22,33
23,96,22,36
29,82,26,29
33,91,25,35
29,94,23,34
27,96,21,30
27,97,19,33
23,100,22,34
19,100,25,31
31,94,23,34
33,92,23,35
27,94,20,35
26,96,21,35
23,97,26,36
27,88,22,39
33,94,21,33
27,96,19,33
24,93,23,35
48,93,22,32
31,94,22,33
29,95,21,32
22,98,22,37
35,93,20,33
29,95,19,32
24,98,22,35
30,91,23,35
32,94,22,32
26,96,23,31
24,97,21,31
34,93,22,34
26,96,20,33
26,93,22,38
23,102,26,29
28,95,26,36
24,100,23,33
32,94,22,33
26,97,20,31
26,94,23,36
23,96,25,35
24,93,21,33
31,94,22,34
30,79,27,27
28,93,19,33
26,92,23,37
32,95,25,35
23,99,22,31
32,93,23,35
32,93,23,34
29,95,23,33
30,93,22,33
29,95,21,32
29,94,21,33
22,97,22,34
29,95,22,33
26,95,25,35
25,99,23,31
28,93,22,34
27,95,23,33
24,99,22,32
30,92,24,36
29,94,24,35
31,93,24,34
38,89,28,38
25,94,21,36
37,90,23,37
30,93,25,36
23,96,23,35
31,92,25,36
27,94,23,34
25,98,21,32
34,92,22,34
28,95,20,31
26,96,22,35
22,101,22,33
21,101,21,32
28,96,22,31
22,99,22,30
33,94,21,32
27,93,21,33
26,96,21,33
25,95,21,35
25,93,23,36
25,99,23,34
28,93,21,34
27,96,19,32
27,94,22,35
27,96,22,34
32,91,22,38
