0.034593
0.070248
0.036503
0.027569
0.023069
0.042122
0.061538
0.036311
0.032465
0.041095
0.045078
0.055435
0.042635
0.046290
0.018553
0.060918
0.037980
0.020721
0.035343
0.078477
0.040209
0.050928
0.081434
0.061236
0.037640
0.020982
0.044400
0.018780
0.025392
0.044465
0.046110
0.026828
0.059850
0.060547
0.045853
0.043291
0.046829
0.089817
0.021506
0.037131
0.030793
0.024838
0.081619
0.084359
0.025735
0.064275
0.028309
0.031517
0.101617
0.020604
0.049339
0.077369
0.059143
0.045464
0.039188
0.056149
0.025652
0.041631
0.027869
0.088146
0.061154
0.059543
0.060723
0.026294
0.040867
0.088407
0.035284
0.043695
0.068591
0.059141
0.040642
0.041412
0.063653
0.031445
0.042135
0.044351
0.103974
0.037954
0.042339
0.021108
0.037723
0.043304
0.078784
0.042842
0.035120
0.088030
0.040734
0.028864
0.040509
0.019493
0.035578
0.090014
0.025745
0.032552
0.026565
0.075923
0.031277
0.053925
0.087050
0.023733
0.047576
0.045143
0.046530
0.054563
0.043582
0.044843
0.045107
0.095297
0.054918
0.016240
0.026890
0.058736
0.028318
0.036983
0.047217
0.091733
0.050165
0.047169
0.024101
0.062279
0.034135
0.035801
0.040555
0.072050
0.074656
0.051351
0.021428
0.039349
0.046277
0.048314
0.069557
0.019125
0.039375
0.035650
0.030057
0.078745
0.033410
0.066813
0.023916
0.044387
0.065924
0.028213
0.031811
0.024012
0.055815
0.050399
0.046487
0.093970
0.040082
0.043916
0.024726
0.068732
0.038845
0.050992
0.032533
0.032682
0.083460
0.039706
0.022575
0.053436
0.033437
0.040481
0.034211
0.020627
0.073695
0.049746
0.028049
0.091135
0.052210
0.032821
0.046120
0.091627
0.037916
0.028206
0.049811
0.033616
0.054857
0.065734
0.049440
0.051242
0.019791
0.070407
0.054699
0.028520
0.026410
0.024839
0.078516
0.033510
0.067049
0.061578
0.060602
0.041146
0.039309
0.021733
0.038603
0.090045
0.078401
0.019022
0.032674
0.072460
0.041461
0.026941
0.049123
0.069215
0.065445
0.086423
0.020125
0.035187
0.059376
0.040401
0.037102
0.029643
0.036102
0.069063
0.028232
0.026302
0.061445
0.062911
0.017407
0.042113
0.034242
0.076805
0.020481
0.051236
0.032045
0.073607
0.036659
0.042225
0.017729
0.034096
0.078824
0.016957
0.033768
0.034182
0.034790
0.062212
0.061432
0.042921
0.082297
0.036410
0.027499
0.081469
0.049318
0.049168
0.023984
0.060976
0.040660
0.032479
0.040082
0.025553
0.087117
0.034700
0.060620
0.029651
0.063478
0.053869
0.027030
0.029144
0.032975
0.082767
0.027160
0.091674
0.027767
0.044884
0.025593
0.061239
0.049379
0.039401
0.035123
0.096756
0.066719
0.021528
0.053830
0.066915
0.030594
0.040103
0.037589
0.059053
0.027661
0.019382
0.019213
0.024067
0.103287
0.028257
0.029495
0.040057
0.044691
0.023648
0.029879
0.022209
0.017449
0.035523
0.045224
0.018650
0.023965
0.028255
0.020931
0.050618
0.077769
0.050276
0.044311
0.066940
0.025758
0.031867
0.020764
0.021477
0.017560
0.058591
0.018884
0.073513
0.069704
0.037487
0.022525
0.026010
0.049296
0.018609
0.020209
0.027241
0.023371
0.061284
0.016423
0.028088
0.044101
0.067152
0.020664
0.024036
0.027776
0.047381
0.030148
0.021558
0.033193
0.029960
0.065068
0.021010
0.021375
0.017075
0.018606
0.056621
0.023062
0.028402
0.017830
0.029909
0.048723
0.051774
0.037200
0.032666
0.041662
0.028961
0.045534
0.025049
0.024071
0.024406
0.037358
0.071793
0.058850
0.022829
0.072077
0.025094
0.021695
0.021864
0.030289
0.027536
0.042821
0.042604
0.024438
0.060938
0.045512
0.062730
0.047133
0.020590
0.019990
0.018027
0.023318
0.032642
0.018713
0.032002
0.027710
0.014670
0.015483
0.015405
0.015737
0.015815
0.016372
0.015026
0.015413
0.015487
0.015107
0.015979
0.015390
0.015482
0.015518
0.015197
0.015248
0.015104
0.019768
0.015151
0.015720
0.017334
0.016225
0.016047
0.015624
0.015353
0.015733
0.016230
0.016315
0.015124
0.016197
0.015828
0.014454
0.017262
0.015074
0.014772
0.014761
0.016092
0.017114
0.016447
0.019820
0.015462
0.015590
0.017658
0.015782
0.015040
0.018700
0.015253
0.015141
0.015040
0.015541
0.015948
0.015863
0.087513
0.093771
0.027189
0.016346
0.016168
0.019691
0.057447
0.016996
0.028431
0.017204
0.020564
0.025120
0.044623
0.021649
0.039533
0.019098
0.019204
0.022343
0.019685
0.073216
0.022733
0.070631
0.070881
0.037383
0.018469
0.046473
0.031525
0.060571
0.019964
0.017537
0.016823
0.018174
0.037070
0.058036
0.033600
0.069079
0.059679
0.018447
0.018623
0.018369
0.021122
0.068526
0.045808
0.032742
0.015453
0.057346
0.098119
0.032463
0.017760
0.016981
0.022179
0.017706
0.074427
0.028193
0.024037
0.035463
0.056769
0.074407
0.032895
0.029416
0.038944
0.017024
0.018182
