0.001615
0.029177
0.019657
0.034464
0.017988
0.056956
0.023295
0.016357
0.017862
0.017260
0.015984
0.016851
0.022845
0.016303
0.031787
0.031883
0.050743
0.021718
0.020900
0.017290
0.022070
0.018396
0.016296
0.034979
0.026973
0.018312
0.049721
0.020957
0.023024
0.022021
0.017095
0.017400
0.022453
0.017514
0.031234
0.025454
0.032251
0.021819
0.024429
0.037966
0.016842
0.017906
0.020292
0.019665
0.021336
0.016337
0.032484
0.023968
0.017916
0.055840
0.019241
0.017382
0.020132
0.018603
0.016770
0.018792
0.024541
0.016100
0.023852
0.031004
0.020422
0.018165
0.046159
0.022334
0.019026
0.022441
0.018358
0.017521
0.020677
0.022265
0.022039
0.026563
0.021293
0.033719
0.019344
0.048554
0.028463
0.017749
0.022290
0.016996
0.022357
0.023254
0.035375
0.024244
0.017218
0.022118
0.027232
0.016678
0.019043
0.016968
0.018285
0.022634
0.024307
0.033036
0.017931
0.018689
0.049462
0.019921
0.025732
0.017634
0.017424
0.017554
0.016633
0.017104
0.016954
0.022658
0.027585
0.020852
0.032998
0.020911
0.055090
0.019013
0.025188
0.017252
0.019125
0.017539
0.022633
0.017314
0.024900
0.032786
0.018362
0.041693
0.033129
0.020589
0.018528
0.017445
