0.003478
0.026000
0.025994
0.015872
0.059608
0.018641
0.015181
0.016242
0.016419
0.019543
0.016200
0.016237
0.020714
0.030619
0.023070
0.019516
0.018691
0.014866
0.014783
0.017765
0.017438
0.017486
0.024977
0.016651
0.031675
0.025467
0.044769
0.023349
0.016410
0.015898
0.015864
0.014673
0.018916
0.015464
0.016397
0.017409
0.030325
0.030047
0.015806
0.033745
0.036186
0.025578
0.016002
0.016035
0.017859
0.016602
0.015035
0.022576
0.016608
0.019926
0.017281
0.032559
0.014900
0.043585
0.031939
0.020968
0.016366
0.019287
0.015935
0.018889
0.023046
0.023712
0.017279
0.020109
0.031160
0.022702
0.049134
0.019145
0.020685
0.016648
0.021074
0.017865
0.017227
0.017052
0.028239
0.016273
0.020883
0.034106
0.019685
0.020399
0.020718
0.020061
0.017341
0.015077
0.027525
0.017713
0.018286
0.032991
0.029366
0.017778
0.055983
0.019590
0.015178
0.017049
0.019086
0.015522
0.017951
0.019854
0.021544
0.017325
0.033286
0.021250
0.025392
0.020594
0.016737
0.017347
0.015323
0.017333
0.015862
0.014963
0.015992
0.020398
0.016248
0.024102
0.018632
0.030803
0.022433
0.018193
0.050377
0.025898
0.016108
0.017949
0.018739
0.017158
0.017208
0.025030
0.019305
0.017015
0.033443
0.020025
0.035944
0.020230
0.015688
0.015779
0.018784
0.018281
0.015023
0.023043
0.022096
0.032521
0.021154
0.022724
0.061036
0.018273
0.016257
0.015788
0.017245
0.016787
0.023745
0.015693
0.025028
0.024659
0.019706
0.053603
0.021240
0.015690
0.016389
0.019356
