0.019156
0.034163
0.069487
0.045514
0.031408
0.064850
0.047359
0.037296
0.023836
0.074924
0.043929
0.025107
0.026105
0.062310
0.024924
0.045009
0.070604
0.021091
0.033170
0.074901
0.060269
0.046037
0.029323
0.019122
0.035976
0.032649
0.068851
0.046019
0.062588
0.084510
0.025097
0.043787
0.017333
0.064235
0.041788
0.049206
0.074500
0.077873
0.046774
0.046341
0.022338
0.044544
0.082313
0.036446
0.064674
0.056163
0.038928
0.023529
0.040022
0.028524
0.068454
0.031109
0.039896
0.021354
0.088011
0.044740
0.031867
0.075386
0.052014
0.047007
0.027255
0.055300
0.061632
0.023744
0.072999
0.069770
0.056559
0.039085
0.054901
0.044426
0.034248
0.033661
0.093394
0.054132
0.027380
0.066722
0.021501
0.026723
0.062641
0.028525
0.034451
0.031878
0.095193
0.036983
0.019431
0.016174
0.016804
0.016666
0.061090
0.034443
0.033967
0.030384
0.026428
0.060714
0.039939
0.020065
0.022777
0.047394
0.038821
0.017958
0.019982
0.022913
0.033552
0.036882
0.048551
0.073038
0.028701
0.025941
0.018162
0.020768
0.026647
0.041849
0.034529
0.021193
0.056609
0.052127
0.019588
0.021701
0.033608
0.064774
0.027930
0.022201
0.024286
0.033726
0.080767
0.024380
0.041583
0.076764
0.043698
0.021780
0.039383
0.024423
0.065860
0.034531
0.021400
0.040704
0.023617
0.058358
0.019357
0.016468
0.026615
0.026376
0.050483
0.024112
0.018694
0.019592
0.025500
0.030993
0.024275
0.072806
0.037687
0.043750
0.061615
0.032095
0.033808
0.021977
0.024719
0.017612
0.070463
0.030909
0.018122
0.050490
0.022655
0.020288
0.044683
0.046270
0.020711
0.022274
0.030647
0.034082
0.026433
0.048285
0.052461
0.020339
0.019561
0.022125
0.020692
