0.019460
0.022931
0.016726
0.022437
0.022683
0.028992
0.018218
0.033335
0.020765
0.064578
0.016980
0.017831
0.018599
0.020071
0.022199
0.023632
0.024509
0.031824
0.037873
0.046032
0.017415
0.017623
0.015527
0.015777
0.019033
0.017785
0.018549
0.015256
0.031357
0.031888
0.017974
0.057345
0.017387
0.016778
0.015801
0.016234
0.015962
0.015686
0.021448
0.016344
0.025363
0.030013
0.018576
0.047343
0.020418
0.016190
0.017299
0.016853
0.017108
0.022104
0.019346
0.024311
0.025028
0.032442
0.018493
0.024231
0.035625
0.015438
0.020013
0.015210
0.023169
0.017535
0.020824
0.030733
0.030821
0.023924
0.059749
0.026150
0.015269
0.025173
0.022221
0.025405
0.017248
0.024486
0.024455
0.032480
0.014850
0.018788
0.015983
0.021129
0.014897
0.014847
0.015810
0.015012
0.014745
0.016624
0.015346
0.015652
0.015451
0.015571
0.015632
0.015588
0.015583
0.016724
0.039779
0.018409
0.017799
0.017664
0.018420
0.017109
0.022100
0.026233
0.017406
0.032184
0.021672
0.044753
0.019269
0.015889
0.015189
0.016843
0.021453
0.017225
0.016270
0.030775
0.019635
0.039587
0.038884
0.016392
0.017313
0.016586
0.015077
0.028092
0.020973
0.024272
0.031674
0.016268
0.024822
0.039653
0.016940
0.018792
0.020314
0.016944
0.016932
0.023419
0.016946
0.031346
0.018661
0.032378
0.019282
0.035016
0.034368
0.022643
0.024103
0.024139
0.017311
0.016781
0.031496
0.018593
0.050480
0.026254
0.018179
0.020555
0.016681
0.020946
0.024240
0.018068
0.034889
0.016286
0.062308
0.020280
0.018656
0.018077
0.018434
0.023821
0.023009
0.018569
0.032009
0.023231
0.064450
0.035269
0.018185
0.024557
0.020848
0.020015
0.023352
0.019965
0.018431
0.019898
0.032526
0.024270
0.019275
0.042857
0.026260
0.017380
0.015241
0.016364
0.020797
0.015975
0.020407
0.016043
0.019201
0.024640
0.031373
0.018013
0.035827
0.042547
0.016960
0.015076
0.016773
0.015728
0.026070
0.016792
0.018110
0.030586
0.032068
0.015420
0.021611
0.047557
0.016211
0.018316
0.016992
0.015775
0.020525
0.019936
0.020945
0.021604
0.031417
0.031677
0.020209
0.070388
0.018944
0.018576
0.017869
0.015659
0.020705
0.016805
0.017702
0.033627
0.023077
0.034242
0.030753
0.015836
0.017402
0.016605
0.015676
0.016768
0.019025
0.015371
0.018268
0.020723
0.031142
0.026683
0.015795
0.044395
0.034887
0.017177
0.015821
0.014959
0.016212
0.020135
0.023740
0.030750
0.015450
0.031258
0.039945
0.018118
0.016557
0.019010
0.015195
0.015478
0.022987
0.016993
0.023518
0.019578
0.029516
0.019609
0.042614
0.029550
0.018698
0.017988
0.018306
0.018547
0.016712
0.021120
0.024840
0.017378
0.030717
0.026650
0.015784
0.015382
0.015913
0.017742
0.016404
0.015964
0.018546
0.016855
0.016064
0.016069
0.016515
0.016263
0.016007
0.017034
0.015573
0.015433
0.016437
0.017097
0.017016
0.014913
0.015098
0.014879
0.014958
0.014817
0.015043
0.015850
0.022727
0.047443
0.016910
0.018478
0.016491
0.023310
0.021227
0.018208
0.031880
0.023496
0.030629
0.037934
0.023952
0.016981
0.022854
0.015834
0.026815
0.033768
0.031243
0.015257
0.056208
0.018744
0.016063
0.014904
0.015026
0.017962
0.016274
0.016890
0.017542
0.024441
0.026575
0.031959
0.023008
0.019559
0.028012
0.015372
0.016078
0.015315
0.015012
0.015520
0.023849
0.016382
0.019459
0.032221
0.030026
0.016871
0.041226
0.030793
0.018178
0.018840
0.016229
0.020596
0.023163
0.021823
0.018792
0.030794
0.015487
0.047288
0.035501
0.023095
0.015486
0.017780
0.015871
0.015034
0.017713
0.020154
0.021050
0.017750
0.023555
0.030154
0.018984
0.042593
0.031157
0.024976
0.018380
0.018178
0.025597
0.016021
0.016419
0.017775
0.029585
0.021428
0.033706
0.038669
0.026317
0.019730
0.017372
0.019052
0.017570
0.020276
0.021928
0.016323
0.030545
0.028548
0.015203
0.048537
0.020406
0.016655
0.023948
0.017018
0.017228
0.024087
0.018014
0.018416
0.020025
0.030747
0.018544
0.037660
0.034281
0.015141
0.017178
0.018974
0.015299
0.019515
0.021059
