0.001933
0.081392
0.018428
0.019072
0.022115
0.020500
0.019078
0.021218
0.033365
0.045279
0.045813
0.017012
0.023955
0.018016
0.019074
0.020433
0.018930
0.018074
0.020332
0.031792
0.017029
0.042933
0.040956
0.015784
0.016098
0.015727
0.016602
0.024558
0.020669
0.019488
0.018155
0.031439
0.028068
0.041025
0.051726
0.018058
0.015860
0.019045
0.019282
0.022016
0.021694
0.022545
0.032782
0.021168
0.017752
0.051768
0.021787
0.022081
0.015807
0.017229
0.015866
0.018039
0.015679
0.015907
0.015342
0.016653
0.023249
0.016576
0.029411
0.016644
0.021471
0.032967
0.016901
0.043069
0.041025
0.016078
0.018115
0.016733
0.015066
0.015461
0.024634
0.021178
0.017843
0.017457
0.031360
0.029611
0.017285
0.025089
0.020754
0.016727
0.016768
0.024602
0.016302
0.016576
0.022485
0.017635
0.021162
0.017984
0.031280
0.025906
0.019226
0.023141
0.036326
0.022392
0.018430
0.017414
0.020921
0.017373
0.025506
0.021470
0.031347
0.021361
0.020343
0.059608
0.020784
0.015357
0.017190
0.015430
0.016219
0.020661
0.016392
0.019481
0.016056
0.032143
0.026868
0.021497
0.043670
0.021079
0.016956
0.016644
0.016062
0.030082
0.018507
0.023110
0.016209
0.021184
0.032211
0.020446
0.019469
0.034168
0.037664
0.021094
0.018753
0.019367
0.019765
0.015074
0.020124
0.016016
0.023975
0.031925
0.020132
0.020364
0.048018
0.037631
0.018865
0.022338
0.020989
0.017517
0.023075
0.017442
0.020380
0.031263
0.016282
0.023695
0.026524
0.021225
0.017930
0.018742
0.018679
0.017483
0.025118
0.019975
0.028122
0.016471
0.026321
0.037549
0.016324
0.044992
0.019457
0.017221
0.018649
0.017169
0.017337
0.027900
0.017521
0.025020
0.025803
0.031099
0.018804
0.016155
0.047025
0.017824
0.018983
0.017012
0.015536
0.015522
0.019503
0.020794
0.020424
0.022219
0.032391
0.023227
0.019858
0.043710
0.023373
0.017735
0.018195
0.016536
0.015885
0.015295
0.024288
0.017590
0.018780
0.016464
0.032337
0.028841
0.018200
0.058542
0.027809
0.016710
0.016129
0.015581
0.015837
0.020990
0.022193
0.016834
0.017703
0.031924
0.022263
0.019773
0.050379
0.026281
0.018045
0.020771
0.017401
0.018268
0.024491
0.016909
0.018944
0.018034
0.032919
0.017016
0.049311
0.029100
0.021527
0.017155
0.015148
0.016491
0.024204
0.021542
0.021813
0.018095
0.032212
0.016510
0.035380
0.043933
0.018875
0.016180
0.015412
0.021381
0.015697
0.014774
0.016006
0.022973
0.031188
0.015323
0.031326
0.031083
0.042672
0.049584
0.017350
0.019114
0.016405
0.015872
0.019791
0.022020
0.024876
0.016090
0.030649
0.026802
0.018072
0.044662
0.022083
0.017415
0.014922
0.016966
0.016611
0.020934
0.015595
0.021135
0.021420
0.023156
0.031186
0.018744
0.054492
0.037505
0.020179
0.023682
0.016306
0.017808
0.016385
0.016666
0.019880
0.022704
0.019883
0.027725
0.018080
0.033382
0.025592
0.024019
0.051330
0.019205
0.018114
0.018812
0.017047
0.021100
0.016506
0.020141
0.018290
0.031675
0.026566
0.027104
0.039429
0.017895
0.015033
0.023064
0.016445
0.015081
0.015981
0.017692
0.017620
0.031658
0.031794
0.028036
0.034190
0.018801
0.021556
0.016653
0.016973
0.017127
0.014992
0.016625
0.016907
0.020828
0.022608
0.023398
0.017918
0.032530
0.024636
0.024454
0.063008
0.021133
0.017772
0.016200
0.018130
0.016680
0.015716
0.016254
0.020331
0.019091
0.016673
0.021161
0.032236
0.024133
0.015423
0.057635
0.021902
0.015731
0.023650
0.015764
0.023751
0.018451
0.030687
0.018789
0.033439
0.025928
0.047270
0.041058
0.016009
0.022340
0.018017
0.027178
0.018415
0.022564
0.019624
0.031223
0.025682
0.050129
0.036298
0.016948
0.016881
0.015086
0.016470
0.023297
0.016759
0.016551
0.018323
0.031099
0.025072
0.033830
0.042428
0.018257
0.015437
0.015526
0.017318
0.019303
0.020147
0.025267
0.023124
0.023433
0.031641
0.022671
0.026025
0.046273
0.019350
0.018106
0.019050
0.016620
0.016147
0.015309
0.020776
0.025686
0.016622
0.025425
0.030671
0.018724
0.046986
0.018430
0.018156
0.019776
0.016137
0.016949
0.016682
0.023096
0.016958
0.021775
0.020087
0.031600
0.024080
0.015316
0.015018
0.015222
0.015147
0.015592
0.015700
0.014923
0.015295
0.015306
0.016949
0.016664
0.015550
0.015981
0.014863
0.017800
0.015002
0.014837
0.016066
0.017264
0.016582
0.018014
