0.003194
0.022645
0.017138
0.017755
0.031709
0.017942
0.020617
0.017873
0.017751
0.023305
0.025813
0.016212
0.031752
0.026697
0.016459
0.037735
0.018051
0.018704
0.017183
0.017204
0.016859
0.016902
0.019210
0.019376
0.031546
0.023235
0.018156
0.032800
0.034331
0.024940
0.017637
0.016395
0.018350
0.016758
0.023253
0.016776
0.016894
0.039233
0.031787
0.016324
0.032825
0.023410
0.016873
0.017667
0.018155
0.024387
0.023871
0.019418
0.031726
0.027585
0.029051
0.039702
0.017732
0.017176
0.016867
0.018582
0.030803
0.019659
0.031508
0.028502
0.022986
0.058584
0.022955
0.022996
0.019897
0.017594
0.017347
0.020503
0.028498
0.018423
0.022214
0.032343
0.024293
0.043510
0.019144
0.020940
0.017903
0.019276
0.017389
0.021826
0.021300
0.017168
0.030934
0.030546
0.019154
0.040362
0.038000
0.018057
0.015579
0.021221
0.019398
0.019183
0.021834
0.029051
0.016843
0.031765
0.032767
0.021674
0.023300
0.034743
0.017919
0.018790
0.020177
0.017121
0.019704
0.015818
0.031469
0.023172
0.022448
0.031485
0.023715
0.015955
0.016727
0.015567
0.017716
0.021133
0.017342
0.031754
0.031554
0.018109
0.021867
0.022171
0.019377
0.016923
0.018308
0.018440
0.017413
0.018175
0.017293
0.027188
0.017777
0.031279
0.019163
0.023415
0.020457
0.017737
0.019421
0.016176
0.016106
0.024542
0.016605
0.016340
0.019394
0.033388
0.022202
0.021737
0.047047
0.031439
0.015975
0.016038
0.015773
0.018097
0.019999
0.019364
0.026578
0.021185
0.017136
0.033602
0.031616
0.016718
0.016186
0.016611
0.015772
0.015884
0.016610
0.016046
0.016271
0.016209
0.016188
0.017285
0.017624
0.017135
0.019992
0.016143
0.016646
0.016171
0.016818
0.016700
0.016964
0.020361
0.016620
0.016428
0.016311
0.016061
0.019086
0.016618
0.015827
0.016014
0.016084
0.017231
0.017259
0.016076
0.016794
0.017399
0.015379
0.015768
0.016808
0.015631
0.016024
0.015881
0.015272
0.032226
0.039636
0.016521
0.020341
0.017013
0.017330
0.018545
0.019390
0.018666
0.018328
0.021617
0.016357
0.023900
0.019536
0.032613
0.016577
0.043992
0.031632
0.015660
0.017187
0.021689
0.016244
0.022279
0.017598
0.030684
0.027179
0.016265
0.030992
0.035151
0.016862
0.017196
0.023267
0.018971
0.046097
0.022705
0.027885
0.034397
0.018414
0.054635
0.019394
0.017521
0.019358
0.017537
0.025568
0.021909
0.020882
0.033850
0.025021
