0.007115
0.024695
0.033664
0.024541
0.061470
0.020696
0.022540
0.031419
0.019953
0.018393
0.022484
0.018466
0.032944
0.042758
0.029471
0.051102
0.046763
0.036205
0.017497
0.015159
0.024773
0.016950
0.057863
0.046035
0.072488
0.020626
0.019500
0.025318
0.046322
0.020027
0.019126
0.054089
0.059705
0.044960
0.018272
0.018242
0.023408
0.038154
0.028012
0.029837
0.033027
0.022144
0.063701
0.051041
0.028641
0.028404
0.020236
0.018802
0.050921
0.028048
0.025503
0.021717
0.035683
0.027375
0.066446
0.019013
0.017666
0.018660
0.019918
0.027404
0.037462
0.029517
0.018070
0.033835
0.016083
0.053443
0.052446
0.038824
0.016322
0.015739
0.015477
0.015802
0.015797
0.025815
0.055875
0.033347
0.016435
0.034952
0.028556
0.076638
0.017161
0.015800
0.019155
0.025150
0.017283
0.022127
0.052501
0.036462
0.020900
0.068846
0.023343
0.069531
0.018472
0.018672
0.017431
0.017955
0.071885
0.021592
0.026801
0.022358
0.031040
0.030353
0.064135
0.020635
0.019116
0.020164
0.039110
0.043861
0.034301
0.023409
0.076457
0.076926
0.030003
0.021220
0.038136
0.035458
0.020677
0.038243
0.057895
0.024680
0.056833
0.033974
0.062982
0.028375
0.024940
0.030524
0.052643
0.031339
0.020707
0.043170
0.046070
0.052202
0.022390
0.016879
0.019053
0.024411
0.020651
0.044209
0.022507
0.030681
0.032731
0.015893
0.055604
0.058678
0.020159
0.017536
0.023188
0.021764
0.084085
0.037227
0.017336
0.048135
0.032084
0.033773
0.020601
0.018667
0.019463
0.016385
0.016451
0.019112
0.042320
0.020237
0.031977
0.030772
0.035498
0.032057
0.032780
0.015944
0.020168
0.018601
0.025814
0.058229
0.032428
0.017630
0.022419
0.045181
0.064828
0.015884
0.016838
0.020404
0.025647
0.020999
0.045614
0.040750
0.017569
0.017082
0.018984
0.055476
0.021806
0.017065
0.016888
0.017877
0.016704
0.016483
0.019340
0.017075
0.015951
0.015701
0.015150
0.015184
0.016143
0.015726
0.016373
0.016535
0.016847
0.015439
0.016115
0.015448
0.015582
0.015505
0.015514
0.015608
0.015399
0.015986
0.015667
0.015444
0.018120
0.016291
0.017273
0.015521
0.015517
0.017011
0.016115
0.015622
0.015752
0.015518
0.016648
0.015745
0.015528
0.015531
0.017909
0.015693
0.015606
0.017802
0.016150
0.015635
0.019953
0.018681
0.015726
0.015469
0.020261
0.015171
0.015304
0.015154
0.015323
0.017732
0.017420
0.019827
0.015437
0.015029
0.015347
0.015368
0.047815
0.064888
0.015788
0.021382
0.015890
0.018276
0.038864
0.016900
0.014796
0.016808
0.018187
0.023623
0.068011
0.017452
0.032642
0.040515
0.019652
0.050608
0.022276
0.021858
0.022370
0.019382
0.028751
0.064465
0.023196
0.068926
0.048338
0.032948
0.016349
0.019996
0.017896
0.018716
0.015946
0.023682
0.064632
0.038501
0.020499
0.048944
0.018557
0.053397
0.024625
0.021839
0.039755
0.023610
0.021598
0.023368
0.030373
0.050494
0.041716
0.021273
0.018819
0.021919
0.061132
0.025252
0.031939
0.021244
0.032204
0.026767
0.080667
0.020232
0.017483
0.018515
0.019159
0.019258
0.033432
0.025315
0.038801
0.016530
0.054032
0.055467
0.050104
0.017419
0.019538
0.016069
0.030846
0.068790
0.018441
0.057605
0.067367
0.023139
0.025298
0.015765
0.019997
0.018263
0.016015
0.025844
0.039927
0.026209
0.030676
0.019765
0.067456
0.046155
0.020926
0.020276
0.018070
0.023789
0.020712
0.018020
0.059924
0.028882
0.042419
0.021788
0.020741
0.019150
0.019706
0.055367
0.019050
0.024755
0.017151
0.021435
0.039961
0.040087
0.018156
0.022883
0.034764
0.029646
0.051943
0.019460
0.020771
0.029681
0.050866
0.041160
0.047479
0.038072
0.040143
0.050263
0.016475
0.018588
0.019740
0.019781
0.017025
0.030964
0.046703
0.027696
0.031694
0.017307
0.018005
0.059653
0.069764
0.019685
0.027377
0.026915
0.018552
0.023850
0.080289
0.029866
0.027513
0.055296
0.020837
0.046351
0.019670
0.018519
0.021012
0.026635
0.042384
0.030683
0.018643
0.032135
0.032215
0.019994
0.061877
0.018268
0.020491
0.018263
0.048251
0.038890
0.021872
0.031237
0.017149
0.047673
0.042989
0.025974
0.020073
0.016765
0.024099
0.026605
0.023639
0.015450
0.032045
0.024520
0.015092
0.015138
0.018011
0.015567
0.015714
0.014927
0.015180
0.025187
0.017217
0.014961
0.017156
0.017211
0.014942
0.016154
0.015660
0.015484
0.015289
0.017749
0.016295
0.015557
0.016223
0.015565
0.014906
0.014761
0.017598
0.021181
0.015678
0.015869
0.015401
0.017615
0.022063
0.015115
0.015259
0.015475
0.015360
0.015372
0.016213
0.015365
0.017062
0.020740
0.017176
0.019238
0.015433
0.016110
0.014600
0.015802
0.015138
0.015633
0.016367
0.015095
0.018491
0.017752
0.015159
0.015391
0.015484
0.018231
0.015451
0.015483
0.014903
0.015099
0.015041
0.015027
0.016242
0.016235
0.015135
0.014730
0.015589
0.015758
0.014969
0.016078
0.015096
0.014458
0.015234
0.014591
0.018346
0.014745
0.014869
0.014565
0.014442
0.015994
0.014408
0.014706
0.014335
0.014328
0.014551
0.015013
0.016068
0.016882
0.017057
0.016421
0.015031
0.014985
0.015198
0.015519
0.015108
0.014729
0.015018
0.016710
0.015913
0.016712
0.015756
0.019192
0.015399
0.015760
0.015639
0.015163
0.015472
0.015989
0.015509
0.016407
0.017694
0.017672
0.016698
0.015547
0.014707
0.014714
0.015569
0.014928
0.014911
0.014867
0.015234
0.015337
0.016417
0.015040
0.015304
0.015287
0.014872
0.015733
0.017395
0.015321
0.015298
0.015258
0.021818
0.016706
0.015119
0.016193
0.014900
0.015013
0.015476
0.014875
0.015488
0.015403
0.016634
0.014996
0.015188
0.015194
0.015475
0.017001
0.015087
0.015146
0.014992
0.014906
0.015187
0.016873
0.015084
0.015038
0.015414
0.015059
0.017234
0.015504
0.015491
0.015124
0.015235
0.015000
0.015519
0.014909
0.015235
0.014871
0.015035
0.015192
0.015390
0.014996
0.015187
0.014820
0.015005
0.014711
0.014556
0.014401
0.017160
0.014397
0.014480
0.014872
0.015074
0.015188
0.015168
0.016202
0.034211
0.045884
0.018941
0.019940
0.015481
0.018391
0.018843
0.067957
0.018095
0.032784
0.032191
0.015730
0.058260
0.036063
0.019634
0.020927
0.015618
0.015943
0.018153
0.083634
0.022609
0.026063
0.032712
0.018568
0.071585
0.031203
0.036931
0.016813
0.015573
0.017769
0.015910
0.018648
0.065765
0.019326
0.018093
0.031996
0.027079
0.042810
0.020590
0.026612
0.016833
0.015875
0.021336
0.019336
0.027886
0.064290
0.032766
0.019551
0.026059
0.048337
0.030256
0.031023
0.016803
0.021849
0.022942
0.062003
