189,248,13,28
189,245,14,32
189,246,13,32
188,246,14,32
188,246,15,32
188,246,14,32
189,246,15,32
188,245,14,33
189,246,15,32
187,245,15,33
188,246,16,32
187,246,17,32
188,246,16,31
188,246,16,32
187,246,18,32
186,244,18,33
180,237,24,39
181,234,24,43
185,238,21,40
185,244,19,33
184,243,21,35
188,244,18,34
188,243,17,35
186,241,19,38
164,270,21,44
162,267,24,55
123,254,24,55
121,255,23,57
122,257,25,59
121,255,25,62
120,256,25,59
119,257,25,63
120,257,22,61
157,269,24,56
158,268,28,59
189,232,27,46
199,225,21,49
198,226,22,50
200,224,22,52
199,226,23,49
199,228,24,49
202,226,22,49
202,226,22,50
202,225,22,49
187,243,18,36
187,245,15,34
188,245,15,33
187,245,15,34
188,246,15,33
188,245,15,34
188,245,15,34
188,246,15,33
188,245,15,33
188,245,14,34
188,246,15,33
188,245,15,34
187,245,14,34
189,246,15,33
188,246,14,32
188,245,15,34
189,245,14,33
188,245,15,34
188,246,15,34
188,246,14,33
188,245,15,34
188,246,15,34
188,245,14,34
188,245,15,34
188,245,15,34
188,245,15,34
189,245,15,33
188,244,15,35
188,245,15,34
189,245,15,34
188,245,15,34
188,245,15,34
188,245,15,34
188,245,15,33
188,245,15,34
188,245,15,34
188,245,15,34
188,246,15,34
189,245,15,34
188,245,14,34
188,245,15,34
188,244,15,34
187,245,14,34
189,245,15,33
188,246,14,33
188,245,15,34
188,245,15,34
188,245,15,33
187,245,16,35
189,245,15,34
188,244,15,35
187,243,16,37
195,230,24,55
191,230,26,59
197,229,23,55
191,230,25,55
189,231,24,50
192,231,23,50
215,228,22,44
215,226,22,60
210,228,25,61
186,231,25,60
184,230,24,61
213,230,23,44
215,229,21,48
216,229,20,48
214,229,19,50
214,230,20,51
213,229,20,54
213,230,20,53
213,229,20,52
212,230,20,52
210,230,20,51
209,230,21,51
208,229,21,52
206,229,21,49
207,229,20,49
205,229,20,51
205,230,19,48
205,230,19,51
203,232,20,52
203,232,19,48
203,232,19,48
200,231,21,48
201,231,19,47
198,231,20,48
193,232,24,48
185,229,30,56
187,229,26,51
187,224,26,55
189,232,25,50
186,218,25,62
181,218,27,63
187,218,24,54
187,218,24,52
187,218,24,56
184,220,25,54
186,219,26,51
185,219,24,47
195,222,19,48
194,220,19,49
183,222,23,48
193,221,21,49
182,221,22,49
185,222,21,47
183,221,21,46
187,223,20,47
185,221,21,49
187,222,22,50
187,222,21,50
184,228,22,53
194,224,20,49
192,224,22,50
191,223,22,49
198,221,24,50
194,222,27,50
171,235,27,49
172,237,25,50
171,235,23,51
199,222,22,50
196,223,24,52
194,223,28,52
169,235,22,53
171,236,22,48
172,235,23,46
168,235,21,55
168,237,21,52
168,235,20,52
168,236,19,51
169,235,20,51
167,235,20,54
167,236,19,52
167,238,22,43
168,238,19,44
168,237,17,41
169,239,18,38
168,238,16,39
168,239,17,38
169,238,16,38
168,239,16,40
167,239,15,39
167,239,22,41
167,239,18,40
201,225,20,52
200,227,25,51
199,225,22,51
212,226,24,51
200,226,23,51
200,226,24,51
218,228,23,52
218,227,21,51
219,227,21,51
218,226,21,52
215,228,24,52
210,226,24,52
202,226,25,47
200,226,25,49
201,226,21,49
201,226,24,50
201,227,26,50
198,226,23,47
180,243,28,33
201,226,22,48
213,226,25,49
212,231,25,44
219,226,20,49
186,244,19,34
188,246,16,32
187,245,16,33
187,245,15,33
187,245,15,34
188,246,14,33
188,245,15,34
188,245,15,33
187,245,15,34
188,245,15,34
188,244,15,34
188,246,14,33
187,246,15,34
188,245,15,33
187,245,15,34
189,245,14,34
188,244,15,33
187,243,16,35
188,242,17,35
195,231,20,47
196,230,24,49
205,227,24,48
190,230,27,49
188,229,24,54
188,231,22,48
189,231,23,45
187,230,22,48
186,229,22,51
187,230,23,49
204,228,26,51
201,230,26,57
205,230,27,53
204,229,24,50
204,230,24,51
200,231,26,55
199,232,30,55
198,233,31,60
196,232,32,50
210,246,27,58
210,250,27,60
202,233,25,50
201,232,23,51
201,233,22,48
201,235,23,51
198,233,26,50
199,234,25,57
198,232,23,54
198,233,23,56
195,233,25,60
174,232,25,46
195,233,23,47
213,248,25,54
212,246,25,53
210,244,27,57
212,244,26,58
212,244,26,60
207,244,29,61
176,271,30,74
179,271,31,73
180,276,30,68
175,275,32,72
176,281,31,68
176,275,29,73
172,271,32,73
172,271,31,79
170,266,32,79
165,216,28,64
194,237,34,59
218,244,24,58
218,243,23,57
187,237,23,58
187,238,23,55
187,238,24,51
188,238,26,53
219,240,22,55
221,242,22,56
186,236,26,62
181,237,28,60
185,238,29,61
160,281,23,71
154,278,33,77
152,273,31,80
157,277,24,72
188,237,26,59
190,240,25,60
194,241,21,58
187,241,19,40
189,242,19,39
188,242,17,38
189,243,16,37
188,243,16,39
188,244,15,36
187,245,15,35
188,244,16,36
187,244,16,35
188,244,16,36
188,245,15,36
187,245,16,35
187,244,17,36
187,245,16,35
187,244,15,35
188,245,14,35
187,245,14,34
188,246,15,34
188,244,14,35
187,246,15,35
188,245,15,36
188,245,15,36
188,246,15,36
188,244,15,36
188,245,15,35
188,245,15,35
187,245,15,36
187,246,16,37
187,245,16,38
187,244,15,37
187,245,16,36
188,245,15,34
187,245,15,35
187,245,16,36
187,245,15,39
188,244,15,40
187,245,16,40
189,244,15,37
187,244,16,38
188,243,16,38
199,237,20,51
194,237,25,53
195,236,23,53
193,235,25,54
192,234,25,54
190,235,24,54
191,234,25,54
189,236,24,53
192,236,23,55
191,237,23,53
191,236,23,53
194,235,22,54
191,234,24,53
191,234,23,51
191,234,24,54
189,235,25,55
194,234,22,54
191,235,23,53
191,234,23,53
191,234,23,54
190,234,24,54
190,233,24,54
191,232,24,53
190,232,24,54
190,231,23,52
191,232,23,53
191,232,24,52
193,233,22,50
194,233,21,51
194,233,21,50
193,234,21,50
196,233,21,49
194,233,21,50
194,234,22,49
196,233,22,51
194,232,22,51
195,232,21,50
196,231,22,50
195,230,22,51
195,231,22,51
196,232,22,50
196,232,22,50
194,232,23,51
198,232,21,50
196,232,22,51
197,232,22,50
196,231,22,52
199,230,21,51
197,230,23,51
197,230,22,51
198,229,22,51
197,230,23,52
198,229,22,52
198,230,22,51
189,242,20,40
188,241,18,39
199,231,21,50
200,231,21,51
200,231,21,50
200,232,22,50
200,232,23,49
196,235,24,47
187,243,17,36
188,244,15,34
188,244,14,33
188,245,16,33
188,245,14,33
187,244,16,34
189,245,14,34
188,245,15,33
188,245,15,34
188,245,14,34
188,246,16,33
188,245,15,33
187,245,16,34
188,245,15,34
188,246,15,33
187,244,16,35
189,246,15,34
188,245,15,34
187,245,15,34
188,245,16,33
188,246,15,34
187,245,15,33
188,245,16,33
188,244,15,34
187,245,17,34
187,245,17,33
187,244,17,34
191,244,17,34
212,221,20,45
199,226,21,52
198,226,22,53
198,225,23,52
196,226,23,53
197,225,23,53
194,226,25,53
195,226,23,52
194,225,23,53
194,226,23,53
192,226,22,52
192,225,22,52
192,224,21,53
192,225,20,51
190,225,20,51
189,225,21,52
189,225,21,53
189,226,20,52
187,226,21,53
187,226,20,53
186,227,19,52
222,221,21,48
223,222,21,47
222,221,21,49
223,222,22,48
223,220,21,49
224,220,21,48
225,221,20,48
224,220,21,50
182,226,20,52
182,226,21,53
181,226,21,53
180,225,21,51
180,226,22,52
179,224,21,53
179,224,21,52
180,225,21,52
178,223,22,53
178,224,22,52
178,224,22,52
177,224,22,53
177,224,21,53
176,224,21,52
176,225,21,52
177,226,21,51
175,226,21,51
174,226,20,50
184,240,19,39
187,241,18,38
174,228,19,47
174,226,19,49
176,228,20,47
185,242,19,36
187,244,17,35
187,244,16,34
186,245,16,33
189,245,15,33
187,244,16,34
187,245,15,34
186,245,16,34
188,246,15,33
187,245,17,34
188,245,16,34
188,246,15,33
187,245,16,33
187,245,15,34
188,245,15,33
188,244,16,34
188,245,15,34
188,245,15,34
188,245,15,33
188,245,15,34
188,245,15,34
188,245,15,34
189,245,15,33
188,245,15,34
188,245,15,33
188,245,15,33
188,245,14,33
188,245,15,34
188,245,15,34
188,245,15,34
188,245,15,34
188,245,14,34
188,244,15,34
188,245,15,34
188,244,15,34
188,245,14,34
189,245,15,33
188,245,15,34
188,245,15,34
188,245,15,34
188,245,15,34
188,244,14,34
189,245,15,34
188,244,14,34
189,244,15,35
188,245,15,34
188,244,15,34
188,244,14,34
189,244,15,34
188,245,15,35
189,244,15,35
188,245,14,33
189,244,15,34
188,245,14,33
188,243,15,35
188,245,14,33
189,245,15,34
188,245,14,34
188,245,15,34
187,244,15,34
189,244,15,34
188,244,14,34
188,244,15,34
188,244,15,34
189,245,14,33
188,245,15,34
189,245,15,34
188,245,14,33
189,245,14,34
188,244,15,35
188,243,15,35
188,244,14,35
188,245,14,33
188,244,15,35
188,244,15,34
188,245,14,33
189,245,15,34
189,245,14,33
189,245,15,34
188,245,14,33
188,242,16,36
188,243,15,37
188,244,14,34
188,245,15,34
188,245,15,35
188,245,15,33
187,243,15,36
189,244,15,35
188,245,14,34
188,244,15,36
188,244,14,35
188,244,15,35
188,244,15,35
188,243,15,36
188,244,14,35
188,243,15,35
188,244,15,35
188,244,15,35
188,244,15,34
188,243,15,35
188,244,15,35
188,244,15,35
188,244,14,35
187,244,15,35
188,243,16,37
188,243,16,37
188,244,15,36
188,244,15,35
188,243,15,37
189,245,14,34
188,245,15,34
188,243,15,35
188,242,15,38
188,242,16,38
189,243,15,37
188,244,15,34
188,244,15,35
187,244,15,35
188,244,15,35
188,244,15,34
189,245,15,34
187,245,15,34
189,244,16,37
188,244,15,35
187,243,15,37
188,243,15,37
188,242,15,38
188,242,15,39
188,242,15,39
188,243,15,36
188,242,15,37
187,241,14,39
189,243,14,37
187,243,15,36
188,245,15,35
188,244,15,35
194,236,21,48
192,236,24,50
195,235,22,54
189,234,25,54
193,236,23,52
190,236,25,56
192,236,24,56
189,236,26,56
192,235,24,56
192,237,24,57
