0.015383
0.017415
0.028039
0.018558
0.019880
0.015669
0.019449
0.019632
0.015077
0.016834
0.017768
0.015665
0.031761
0.039634
0.031176
0.015102
0.022406
0.045190
0.019891
0.017243
0.017473
0.015524
0.015509
0.021283
0.015479
0.017275
0.026395
0.031006
0.027281
0.022440
0.021864
0.019434
0.015805
0.019530
0.015129
0.024374
0.022399
0.022211
0.018385
0.031345
0.025789
0.035861
0.025624
0.024980
0.018859
0.017520
0.017771
0.022704
0.017962
0.017849
0.031321
0.018183
0.015822
0.015883
0.015900
0.015458
0.015956
0.016971
0.017550
0.015640
0.015628
0.015305
0.015379
0.015886
0.015508
0.015090
0.014531
0.014827
0.014732
0.014727
0.015147
0.014677
0.014866
0.014578
0.014999
0.015549
0.014888
0.014605
0.014553
0.015000
0.016059
0.032402
0.051630
0.032035
0.026216
0.023011
0.017427
0.022815
0.022533
0.022513
0.034150
0.018019
0.056246
0.049342
0.028954
0.028902
0.023968
0.021693
0.018671
0.022504
0.018249
0.026460
0.030300
0.016030
0.047660
0.041458
0.028721
0.020338
0.017285
0.017887
0.014952
0.016278
0.016506
0.016379
0.017947
0.018785
0.020838
0.031179
0.016127
0.053080
0.049404
0.019849
0.017795
0.020598
0.015861
0.026631
0.018255
0.031547
0.031267
0.023087
0.054921
0.017955
0.017545
0.017961
0.023146
0.041732
0.018373
0.020710
0.023903
0.031254
0.020564
0.027106
0.041930
0.017438
0.015856
0.014656
0.019613
0.041101
0.017562
0.031330
0.027974
0.057580
0.028828
0.014635
0.017137
0.016000
0.015203
0.017347
0.018857
0.030650
0.017037
0.025808
0.027456
0.020726
0.015160
0.020957
0.017960
0.020978
0.026426
0.017662
0.021092
0.028157
0.017278
0.036018
0.036758
0.019881
0.017322
0.017333
0.027925
0.028265
0.019373
0.025142
0.022203
0.031168
0.023319
0.047384
0.037684
0.042249
0.038953
0.021442
0.019342
0.043647
0.020912
0.040566
0.026260
0.018573
0.050008
0.035276
0.034709
0.025749
0.018605
0.033133
0.025229
0.048197
0.017766
0.052368
0.043526
0.028097
0.022428
0.018045
0.026315
0.038930
0.018690
0.022134
0.032933
0.033957
0.053685
0.050965
0.032757
0.019351
0.019584
0.022871
0.022210
0.020911
0.033913
0.041619
0.031046
0.020386
0.042918
0.033350
0.026230
0.018456
0.032330
0.019291
