0.017381
0.020620
0.025640
0.032842
0.040026
0.026946
0.026259
0.020290
0.024933
0.030108
0.017561
0.019393
0.042925
0.021613
0.025594
0.020684
0.019208
0.022324
0.038758
0.018286
0.032720
0.016346
0.037116
0.022843
0.020617
0.016455
0.021014
0.029447
0.023278
0.033248
0.022908
0.018408
0.064309
0.017161
0.016593
0.020073
0.019859
0.020736
0.020347
0.035863
0.023417
0.019387
0.020003
0.018434
0.069805
0.016329
0.019727
0.016492
0.016685
0.019860
0.026125
0.021388
0.022012
0.031527
0.021149
0.017004
0.031994
0.019875
0.019789
0.017022
0.016299
0.025002
0.018768
0.016869
0.029848
0.033892
0.017615
0.054973
0.024516
0.018041
0.021029
0.016547
0.018588
0.033246
0.027429
0.033177
0.030528
0.021386
0.063359
0.026877
0.021717
0.029275
0.022874
0.025732
0.024276
0.033478
0.017578
0.018602
0.056324
0.017768
0.018878
0.018221
0.019984
0.019623
0.024812
0.018509
0.020448
0.031807
0.027642
0.078131
0.036670
0.031267
0.021569
0.017128
0.019347
0.018983
0.018886
0.024647
0.018949
0.018756
0.022476
0.030868
0.024982
0.047493
0.031669
0.025248
0.018460
0.016287
0.018464
0.017201
0.015859
0.025012
0.019843
0.021125
0.017617
0.031733
0.027325
0.017160
0.040184
0.036149
0.017002
0.016515
0.019429
0.023229
0.017400
0.016785
0.032294
0.018742
0.015328
0.015216
0.014827
0.016662
0.014923
0.017104
0.015656
0.017797
0.015622
0.014927
0.015224
0.015203
0.015114
0.015099
0.014900
0.018982
0.015712
0.016077
0.015146
0.015857
0.017292
0.016136
0.021853
0.016480
0.015498
0.016477
0.016669
0.014671
0.014596
0.016726
0.015821
0.015874
0.015047
0.015430
0.019140
0.021654
0.016153
0.014647
0.016378
0.024455
0.040595
0.025894
0.021344
0.016826
0.016013
0.015731
0.022475
0.018876
0.020149
0.017766
0.030895
0.035461
0.046636
0.028295
0.019184
0.018186
0.019309
0.016993
0.019895
0.020467
0.019204
0.031973
0.026335
0.024928
0.073052
0.027720
0.017515
0.018574
0.017931
0.016923
0.021888
0.015529
0.016319
0.032410
0.023737
0.022999
0.058064
0.027263
0.019200
0.018672
0.019022
0.019753
0.015877
0.018421
0.027236
0.016006
0.031622
0.028781
0.016522
0.059477
0.023068
0.016646
0.017475
0.018665
0.017666
0.024679
0.016622
0.020310
0.018250
0.031727
0.026105
0.045060
0.028829
0.018364
0.016646
0.017839
0.015910
0.017760
0.028417
0.024238
0.020458
0.032009
0.024297
0.021878
0.048693
0.019846
0.021071
0.017741
0.018119
0.017478
0.016431
0.020642
0.020348
0.018730
0.024325
0.029080
0.079522
0.021834
0.019724
0.017891
0.017273
0.023622
0.019948
0.017809
0.031524
0.020194
0.040545
0.048435
0.027636
0.029373
0.035604
0.023446
0.041215
0.024533
0.045431
0.022527
0.064055
0.020454
0.022296
0.020301
0.018222
0.038859
0.022894
0.022393
0.049122
0.035655
0.057231
0.026273
0.019461
0.038933
0.032831
0.027669
0.033080
0.020535
0.031253
0.032738
0.017049
0.048339
0.033616
0.034032
0.024877
0.020530
0.027336
0.026322
0.022625
0.031320
0.044959
0.020683
0.055557
0.065484
0.055178
0.029249
0.020276
0.027125
0.041675
0.033790
0.022888
0.044451
0.053420
0.049726
0.023686
0.034075
0.039156
0.015577
0.032043
0.040281
0.020545
0.029156
0.038991
0.028702
0.020656
0.060247
0.033303
0.020615
0.021256
0.017467
0.047035
0.015565
0.019485
0.017559
0.038013
0.021115
0.027143
0.036144
0.018942
0.070528
0.019004
0.037049
0.031128
0.029186
0.018512
0.037373
0.021550
0.019689
0.038505
0.024819
0.074505
0.041056
0.019020
0.026642
0.039332
0.019468
0.021538
0.021154
0.038686
0.021278
0.033452
