36,213,41,104
36,211,46,105
40,210,43,104
46,207,40,106
47,208,40,105
50,206,39,107
51,204,39,107
57,205,38,105
60,206,39,105
63,205,39,105
64,205,39,106
68,203,39,106
71,204,38,102
72,202,38,102
74,200,38,104
79,195,38,110
82,200,46,103
83,200,51,105
85,201,49,104
88,199,45,104
90,197,45,103
93,199,42,101
99,194,39,105
102,194,38,105
105,194,37,103
107,193,37,105
110,194,37,103
112,194,38,104
114,195,37,103
116,194,37,102
122,192,35,102
123,190,36,101
124,191,36,101
126,189,36,103
129,187,41,104
132,189,44,102
132,189,46,102
135,191,45,101
137,190,44,101
140,189,41,99
146,186,38,100
149,185,37,100
150,186,37,100
152,186,38,100
157,184,37,101
158,185,38,100
160,183,38,101
162,185,39,99
168,183,36,99
169,182,37,98
171,181,36,99
174,181,34,98
177,179,38,100
179,179,41,100
181,179,44,99
182,180,45,99
184,180,43,100
187,180,41,98
190,179,40,96
193,179,37,96
197,176,35,97
198,176,36,98
200,176,35,99
202,176,35,97
205,176,36,97
204,175,36,97
208,176,35,96
211,174,34,96
212,172,35,98
215,172,33,96
216,172,34,96
220,171,33,96
223,171,34,97
224,171,38,96
223,171,40,96
226,170,38,96
228,170,36,95
229,169,34,95
232,169,32,94
237,168,31,95
239,166,28,96
241,164,28,97
243,165,28,97
243,166,30,95
242,166,33,94
244,165,33,95
242,165,35,95
249,165,31,93
248,164,32,91
249,163,32,93
253,161,31,95
255,162,33,94
256,162,36,92
256,164,37,91
257,165,37,91
259,162,35,93
260,164,33,90
263,160,31,90
265,160,30,91
267,159,30,91
269,160,30,91
269,159,31,91
271,159,31,90
273,159,32,91
274,160,31,89
274,159,33,90
273,157,34,90
274,156,35,89
278,155,33,90
281,156,32,90
285,156,32,89
286,156,36,89
288,156,37,89
287,156,37,89
290,155,35,89
290,154,35,88
295,152,33,89
296,152,33,89
296,151,34,89
298,151,35,89
301,152,35,88
303,152,33,88
304,153,33,87
305,151,35,87
306,150,35,88
309,149,34,88
310,148,34,87
313,147,34,88
315,147,34,88
316,147,36,88
317,149,38,87
319,150,38,85
321,150,36,84
321,148,35,84
325,146,34,84
326,144,33,87
326,145,33,86
328,144,32,86
328,143,33,88
327,142,35,89
330,143,34,88
332,141,33,88
332,141,35,88
334,141,33,86
335,142,34,84
338,140,31,85
340,141,31,83
340,141,32,84
342,142,33,83
343,143,35,83
346,143,33,80
345,141,33,83
348,137,32,84
347,139,31,82
349,136,31,85
350,137,29,84
351,137,32,83
352,137,30,85
353,136,32,84
355,136,30,84
357,137,31,82
357,135,31,83
358,136,31,81
359,134,31,82
359,131,31,84
361,132,30,85
363,133,33,85
363,132,35,85
366,133,32,82
369,134,31,81
369,134,30,79
370,133,31,80
369,132,30,81
371,129,30,82
372,130,30,82
374,129,30,80
374,131,31,82
377,131,30,80
377,130,30,81
378,130,30,80
379,129,29,82
381,128,30,80
381,127,30,80
381,127,29,81
382,126,30,82
385,127,31,81
385,127,31,78
386,127,31,79
387,129,31,77
388,128,30,77
390,126,30,78
391,126,30,78
392,125,29,78
392,125,30,79
394,125,31,79
394,125,29,79
397,124,31,77
397,125,30,74
397,124,29,74
398,122,29,76
399,122,30,75
399,122,29,76
402,121,27,78
403,122,28,77
406,122,28,76
406,124,29,74
406,125,29,73
408,124,28,74
408,123,28,74
408,122,27,75
409,121,28,75
409,120,27,75
409,120,28,76
410,120,28,76
411,121,28,75
411,120,29,75
412,120,28,74
411,120,27,73
412,119,27,71
413,119,28,73
413,118,27,73
413,118,29,75
413,117,29,75
414,119,29,74
415,118,29,73
414,118,30,72
415,118,29,72
416,117,28,73
416,117,28,73
417,117,27,73
416,116,27,73
416,115,29,73
418,114,28,74
417,115,28,73
417,116,28,73
418,115,28,72
417,115,27,72
417,115,27,71
417,113,27,71
418,113,27,72
416,112,28,73
417,112,29,73
418,113,28,72
419,113,27,71
419,114,28,70
420,113,28,71
419,113,28,70
420,112,27,71
421,111,27,71
423,112,26,70
422,111,26,70
423,111,27,71
423,112,28,70
423,111,27,70
422,110,28,70
424,110,27,70
423,108,27,68
423,109,27,67
423,108,27,68
423,109,28,69
424,108,28,70
423,109,30,68
425,110,29,54
428,110,27,65
426,110,29,67
426,108,28,50
428,109,27,66
428,107,27,69
429,107,27,69
431,106,26,69
431,107,28,69
430,107,28,69
430,107,28,69
432,106,27,68
433,106,26,67
434,106,26,66
434,106,26,66
434,105,26,67
436,105,26,67
434,105,28,67
437,104,28,68
436,106,30,66
437,106,29,67
438,106,28,66
440,105,27,66
439,104,26,67
441,103,27,67
441,103,26,68
442,102,27,69
443,103,26,68
442,104,27,66
443,104,27,67
444,104,27,66
444,103,27,65
444,102,26,62
445,100,27,66
445,101,27,66
445,101,28,66
446,102,27,65
444,102,29,66
447,101,29,65
448,101,27,65
448,102,28,65
447,99,29,66
450,100,28,64
449,99,29,65
451,99,28,64
452,99,27,66
452,99,27,66
452,99,27,65
452,99,26,65
453,98,26,64
454,99,27,63
454,97,26,64
454,96,27,65
455,97,27,64
455,96,27,65
456,97,27,64
455,97,27,64
456,97,27,64
458,97,26,62
459,97,27,62
458,96,28,63
459,95,28,63
459,94,28,65
460,95,27,64
461,94,26,64
461,95,26,64
460,96,27,62
461,95,26,63
462,94,26,63
462,94,26,62
462,93,27,63
462,91,27,64
462,91,27,65
461,91,29,65
462,92,28,64
464,93,27,63
464,93,27,62
464,93,26,63
465,91,26,62
465,91,26,63
466,89,26,62
466,90,26,63
466,90,26,63
467,90,26,63
467,90,26,64
467,90,26,63
467,90,25,59
467,90,25,60
466,88,25,61
467,87,25,61
466,87,26,62
467,88,26,63
467,88,26,61
467,88,26,61
467,88,26,61
469,88,25,61
469,87,25,61
469,86,25,61
469,86,26,61
470,85,26,62
471,86,25,61
471,86,25,62
470,87,26,61
472,86,24,60
472,86,25,60
471,85,25,60
472,84,25,60
472,85,25,60
472,84,26,61
472,84,25,61
473,85,25,60
473,85,25,60
475,84,24,59
475,84,24,60
476,83,24,61
476,83,25,61
477,81,25,60
477,81,26,61
477,80,25,61
477,81,26,61
478,82,25,61
479,82,25,60
479,82,26,60
481,81,25,59
480,81,25,58
480,80,25,60
481,80,25,60
482,80,25,60
482,81,24,60
483,80,23,59
484,80,23,59
484,81,23,58
485,81,22,59
486,80,23,59
485,79,23,60
486,79,23,61
486,79,23,61
487,78,22,61
488,78,22,61
487,77,22,62
488,78,22,62
488,78,21,62
489,77,22,62
489,76,23,62
491,75,23,64
491,75,22,61
491,76,21,60
492,76,22,62
492,76,23,61
492,77,25,60
492,77,24,59
493,75,25,60
494,75,26,60
494,74,25,60
495,74,26,61
494,72,26,60
495,70,26,67
495,71,24,63
495,71,25,69
496,71,27,63
497,74,24,61
498,73,24,58
497,72,24,59
497,72,24,59
496,70,24,61
497,72,24,60
498,72,24,59
498,74,22,56
498,66,24,63
497,68,24,62
498,71,24,59
497,68,25,63
498,70,25,60
498,71,25,58
499,70,24,59
499,72,22,56
499,71,22,56
500,70,22,57
499,70,23,59
499,69,23,58
497,69,24,59
497,70,23,57
498,69,23,57
498,69,22,56
498,69,23,56
497,69,23,58
497,72,23,53
497,67,24,55
496,61,25,63
497,64,24,60
498,64,23,60
498,64,23,61
498,65,22,60
498,69,22,55
498,63,22,57
499,62,22,58
498,70,21,53
498,68,23,54
497,62,23,54
498,67,23,55
497,69,21,56
497,68,23,56
498,64,23,58
498,67,22,55
499,69,21,54
500,68,21,56
498,66,22,57
498,67,23,56
500,66,23,55
500,67,22,56
501,66,20,56
501,67,20,55
501,66,20,55
502,67,21,54
502,68,20,51
504,68,19,52
503,67,20,55
503,65,20,55
504,65,20,54
505,65,18,54
506,65,19,54
506,65,20,54
508,65,19,54
508,66,20,53
508,66,20,53
509,65,20,54
509,65,20,56
508,64,20,57
509,64,20,56
509,64,19,55
510,64,20,55
509,64,20,55
510,64,19,54
511,64,20,54
510,63,22,58
510,63,22,55
510,62,21,55
511,63,20,55
512,63,21,54
511,63,21,54
511,63,20,54
512,63,20,54
511,63,21,54
512,63,21,54
511,62,23,57
512,61,21,54
512,62,20,54
513,61,20,54
514,63,19,53
512,62,21,54
511,62,21,54
510,62,21,56
510,61,20,54
510,60,20,54
509,59,21,54
510,59,20,54
509,60,19,54
507,58,20,54
504,56,21,55
507,57,21,54
506,58,21,54
506,58,21,53
506,58,21,52
504,57,23,55
506,58,22,54
503,55,22,55
504,56,23,54
505,55,20,54
505,56,19,54
505,56,19,54
503,56,20,55
503,57,20,56
502,56,20,55
503,56,20,53
502,56,20,56
500,56,21,55
502,55,22,56
499,54,23,57
501,54,24,57
501,53,25,56
501,54,23,54
500,53,25,56
500,54,26,59
499,54,25,57
502,53,24,54
499,53,25,57
502,52,23,57
500,53,24,57
501,52,22,58
501,53,21,43
502,55,19,52
501,54,22,54
499,53,23,54
501,51,21,54
501,51,22,55
499,52,23,54
500,51,24,56
498,51,26,57
499,50,26,56
497,50,26,52
501,49,23,57
499,50,24,51
500,50,24,55
498,50,26,52
498,50,24,56
496,50,25,56
499,49,21,56
497,49,22,54
497,47,22,54
498,49,21,53
497,49,21,53
497,48,23,55
496,47,23,53
496,49,21,55
496,50,23,56
495,48,24,57
495,48,23,56
495,49,23,54
496,50,23,55
495,49,22,55
495,49,23,55
495,49,23,57
495,49,21,52
495,50,19,51
494,49,19,53
494,50,19,51
494,50,19,51
493,50,18,51
493,50,19,49
492,48,19,52
493,49,19,52
493,49,20,51
491,48,20,53
492,50,20,51
491,49,20,52
491,49,19,51
490,49,20,50
490,49,20,52
491,49,20,52
491,49,20,52
491,48,19,50
490,47,19,51
490,47,20,51
491,48,19,50
490,49,18,49
489,49,20,49
489,50,19,49
490,48,19,49
489,48,20,49
488,47,21,50
486,47,20,50
486,48,21,51
486,47,21,50
486,47,20,48
485,47,21,48
485,47,22,49
484,46,22,50
485,47,22,49
484,46,22,49
483,46,22,49
484,46,21,50
483,47,21,49
484,46,20,48
484,47,20,48
483,46,21,48
483,46,20,49
483,46,21,49
483,46,22,49
482,46,22,51
483,46,23,49
483,46,22,46
483,47,22,47
483,47,22,48
484,46,22,48
484,45,23,48
483,45,23,50
484,45,23,50
484,44,23,51
483,44,22,50
484,45,21,47
484,45,20,47
484,45,19,47
485,44,19,47
485,44,21,46
485,43,21,47
484,43,22,48
484,43,22,49
483,43,23,47
484,47,22,46
484,45,22,46
484,44,22,47
484,43,22,48
484,42,22,47
485,44,21,47
484,42,21,47
483,44,21,46
483,44,20,47
484,44,20,46
484,43,19,48
483,42,20,48
482,42,21,48
483,40,21,49
482,41,21,48
481,41,23,47
480,41,24,48
481,42,23,44
480,31,25,47
479,43,24,48
481,41,23,48
481,41,21,47
483,40,20,46
482,41,20,48
481,42,20,47
482,42,19,45
481,42,19,46
482,43,19,44
481,42,18,45
481,42,18,46
480,42,18,44
481,42,19,45
480,41,20,45
479,42,20,45
479,42,22,45
478,42,21,44
478,42,22,45
479,42,21,44
478,42,22,42
478,41,21,46
479,41,20,45
480,40,19,47
480,40,18,46
479,41,19,44
479,41,19,44
478,41,19,45
478,40,17,45
477,40,19,45
478,40,18,46
477,39,19,43
476,40,20,45
474,40,21,46
475,40,21,43
476,41,21,44
475,39,21,44
475,40,21,45
474,40,21,43
473,39,21,45
477,38,20,46
476,39,18,44
476,40,18,43
476,40,17,43
475,41,18,43
476,39,18,43
475,40,18,44
475,39,18,43
474,39,18,44
476,38,18,44
475,39,18,43
475,39,18,43
474,38,19,44
474,39,21,42
474,39,20,43
474,38,20,44
476,37,20,44
476,38,17,44
475,38,18,43
475,38,18,43
475,38,19,42
476,38,18,42
476,39,19,42
475,40,19,40
475,38,19,41
476,38,17,41
476,39,17,41
477,37,17,42
476,38,18,43
475,37,19,42
477,36,19,31
474,40,19,40
477,38,18,37
475,38,20,40
474,37,20,41
474,37,20,43
474,35,18,43
474,36,19,44
475,36,18,44
475,37,18,40
475,36,17,42
474,37,18,42
474,37,18,43
473,37,18,41
473,37,18,42
473,37,18,42
474,36,17,42
474,36,17,43
473,36,18,43
475,35,17,35
476,39,17,39
477,37,16,35
475,36,18,39
474,36,19,42
474,34,20,40
474,34,19,43
473,34,18,46
472,35,18,40
473,36,18,42
473,35,16,35
472,35,17,39
473,36,17,40
472,36,16,40
471,36,17,41
470,35,17,41
473,36,18,41
472,35,18,33
473,34,17,40
473,36,16,38
472,37,17,37
472,37,17,39
471,35,18,41
469,36,19,43
471,34,19,40
470,36,19,42
472,34,18,42
472,37,17,39
470,35,18,39
471,37,17,38
471,36,16,39
472,35,16,38
470,35,17,38
470,34,17,39
471,37,17,36
471,35,17,39
470,37,17,36
469,33,17,41
469,38,15,34
471,38,16,35
470,35,17,37
468,37,17,38
468,34,19,39
467,36,19,40
467,32,20,41
468,34,18,39
468,33,17,39
468,34,18,40
468,32,17,40
468,37,17,35
468,36,17,35
466,27,18,46
465,31,18,42
466,33,18,39
467,32,16,40
466,34,17,38
467,32,18,40
465,34,18,39
465,26,19,44
465,30,18,42
465,33,17,39
465,31,18,40
465,33,18,41
465,31,18,40
465,29,16,42
465,32,17,38
465,35,16,36
467,33,16,39
466,32,15,36
465,31,16,39
464,32,17,40
464,32,16,39
465,31,16,41
464,31,16,40
465,30,16,41
464,33,16,39
464,31,15,37
465,33,17,37
463,32,18,39
463,32,18,39
463,32,18,39
464,30,17,40
464,32,16,39
463,33,16,38
463,33,16,36
465,32,15,37
464,32,16,37
464,31,17,38
464,31,16,37
464,33,16,36
464,31,16,38
465,33,15,37
465,32,16,37
464,31,16,37
463,30,18,39
464,32,16,37
463,33,16,36
462,30,17,40
463,28,18,41
463,33,17,37
464,31,16,37
464,32,16,37
465,31,16,37
464,31,16,37
463,30,16,37
463,31,17,34
463,32,16,35
463,31,16,34
463,29,16,39
463,31,16,37
463,31,15,37
463,32,16,36
463,31,16,37
462,32,17,36
462,27,17,40
462,31,17,37
462,29,17,38
462,31,16,36
463,31,16,36
463,29,16,37
463,32,15,34
462,29,17,36
461,30,17,36
461,28,18,37
462,31,17,36
461,28,17,37
463,31,16,35
463,29,15,36
462,28,16,38
461,27,16,39
462,30,17,35
461,30,17,35
462,31,16,35
460,25,17,39
461,30,16,36
461,28,16,36
461,29,16,36
460,28,17,36
455,22,23,42
415,40,27,66
354,88,22,59
352,90,23,59
351,88,24,62
350,88,25,63
351,88,24,62
351,88,24,61
351,88,24,62
350,91,24,63
351,90,24,58
351,90,23,60
351,89,24,62
352,89,24,62
351,88,25,63
351,86,24,63
349,90,25,63
351,87,24,61
352,88,24,62
351,89,24,62
352,89,24,61
351,89,24,62
351,87,24,65
350,87,24,64
352,88,24,61
351,88,25,61
351,88,24,62
352,90,23,60
351,90,24,60
351,90,24,61
350,89,25,64
