0.014425
0.037185
0.022729
0.069710
0.021819
0.021640
0.020416
0.018651
0.019427
0.020790
0.035353
0.015963
0.020103
0.052523
0.024571
0.023253
0.018149
0.016238
0.017398
0.031704
0.020819
0.020680
0.045631
0.049706
0.044097
0.032384
0.025279
0.017200
0.028505
0.024813
0.018418
0.038911
0.029319
0.021582
0.054978
0.024444
0.019215
0.044605
0.033408
0.025939
0.028179
0.027543
0.032962
0.024325
0.040154
0.039474
0.032701
0.022732
0.034302
0.032904
0.037408
0.021481
0.056750
0.035329
0.022779
0.026171
0.029233
0.024363
0.041103
0.024294
0.035766
0.035625
0.044146
0.034376
0.023980
0.039165
0.024221
0.028200
0.029911
0.023763
0.037524
0.031790
0.032820
0.043012
0.035322
0.021480
0.018930
0.032906
0.020672
0.027946
0.021338
0.021296
0.045106
0.030616
0.036193
0.052759
0.025974
0.018658
0.030190
0.040764
0.019737
0.022420
0.015480
0.022891
0.024334
0.021260
0.017005
0.030415
0.029897
0.015928
0.026680
0.032484
0.018826
0.015295
0.016915
0.015540
0.015564
0.015338
0.020697
0.021047
0.021410
0.021389
0.031796
0.026609
0.014395
0.038841
0.050405
0.016188
0.016533
0.014511
0.018019
0.028617
0.017092
0.030186
0.017496
0.022851
0.031075
0.014764
0.045881
0.047347
0.036422
0.020484
0.024175
0.017059
0.016799
0.024420
0.018577
0.017969
0.018286
0.032438
0.031657
0.033686
0.049931
0.018792
0.016079
0.019078
0.016562
0.022053
0.021196
0.021108
0.017639
0.033384
0.025992
0.048952
0.034202
0.036601
0.015259
0.023306
0.015575
0.015098
0.014554
0.019110
0.021544
0.024764
0.032204
0.021590
0.045735
0.024502
0.022336
0.018803
0.019368
0.018242
0.016797
0.022139
0.016457
0.031528
0.015716
0.031711
0.029728
0.015861
0.048112
0.046998
0.025616
0.035840
0.017528
0.015983
0.016923
0.024379
0.017066
0.016859
0.032859
0.028106
0.017395
0.055501
0.021979
0.022262
0.020013
0.022420
0.017523
0.024770
0.017134
0.020798
0.036544
0.022566
0.017085
0.063966
0.017838
0.032256
0.021173
0.017722
0.019760
0.020050
0.019890
0.017308
0.020224
0.017731
0.031585
0.017012
0.016179
0.065103
0.036403
0.017704
0.026115
0.022269
0.025785
0.016922
0.016339
0.023580
0.031485
0.020748
0.017299
0.058129
0.022080
0.016736
0.016982
0.018522
0.019196
0.017688
0.022762
0.017042
0.023949
0.017644
0.032593
0.028553
0.015298
0.037661
0.046674
0.022323
0.017082
0.016519
0.015902
0.015283
0.017387
0.023463
0.015525
0.024329
0.017224
0.032317
0.016348
0.021941
0.038044
0.041067
0.022104
0.022544
0.022461
0.019937
0.016194
0.017372
0.020818
0.016101
0.024042
0.015515
0.032382
0.029310
0.033740
0.045455
0.019999
0.026541
0.020364
0.020660
0.017157
0.024730
0.016501
0.020541
0.033257
0.026328
0.015674
0.051936
0.030769
0.021083
0.024505
0.017635
0.017275
0.021316
0.020513
0.021411
0.020424
0.033565
0.028200
0.018730
0.057203
0.022782
0.020000
0.017587
0.019165
0.019444
0.022369
0.021545
0.016076
0.021024
0.030858
0.016314
0.022983
0.054915
0.032945
0.027818
0.018327
0.019591
0.015882
0.016788
0.016318
0.027228
0.017875
0.022915
0.017916
0.032842
0.017990
0.017377
0.065132
0.020649
0.018019
0.015654
0.021664
0.021266
0.015933
0.016409
0.025022
0.027383
0.019348
0.033185
0.035273
0.061168
0.038460
0.020179
0.017855
0.020617
0.021701
0.025554
0.020187
0.019797
0.032558
0.016922
0.027302
0.060115
0.018647
0.017499
0.017044
0.015892
0.016221
0.015259
0.021339
0.015652
0.040592
0.031078
0.031786
0.014975
0.028642
0.040353
0.019044
0.015069
0.015210
0.016467
0.015625
0.016253
0.020104
0.021219
0.016509
0.025933
0.032560
0.024880
0.068555
0.039015
0.017338
0.017773
0.020979
0.017961
0.016931
0.025278
0.025032
0.017824
0.030249
0.024378
0.015984
0.060317
0.019667
0.017120
0.016677
0.015833
0.014826
0.014347
0.015692
0.023215
0.016702
0.022930
0.015774
0.032444
0.030282
0.024866
0.020344
0.030240
0.020987
0.015825
0.017763
0.020996
0.022231
0.019794
0.020313
0.019821
0.025190
0.017158
0.031560
0.024338
0.026298
0.036278
0.028263
0.023958
0.027800
0.018383
0.031188
0.034270
0.033017
0.018871
0.047386
0.043451
0.023601
0.020128
0.017927
0.016839
0.014864
0.024469
0.017478
0.016209
0.023497
0.030465
0.024833
0.015987
0.030465
0.039737
0.026776
0.016694
0.015953
0.014757
0.014647
0.014501
0.024487
0.021155
0.022604
0.023878
0.018526
0.030283
0.026412
0.015791
0.043292
0.039768
0.021512
0.015004
0.015591
0.019802
0.026796
0.017195
0.024823
0.016967
0.017916
0.023598
0.031555
0.022422
0.045074
0.018855
0.027097
0.022892
0.020003
0.018617
0.015918
0.030576
0.030354
0.014904
0.017881
0.030196
0.036422
0.026647
0.016272
0.018326
0.035369
0.015726
0.024532
0.015838
0.032670
0.024774
0.031196
0.018440
0.017864
0.057775
0.029420
0.031084
0.016289
0.026348
0.020474
0.018525
0.021256
0.017349
0.026484
0.020563
0.033064
0.021648
0.018112
0.045070
0.031311
0.024482
0.025051
0.034126
0.015757
0.016759
0.020786
0.018339
0.019426
0.015359
0.017254
0.034420
0.020823
0.036196
0.054286
0.019907
0.020192
0.015526
0.017768
0.023946
0.016265
0.032136
0.021778
0.016006
0.017652
0.032367
0.025951
0.015656
0.049742
0.020507
0.015169
0.024796
0.028963
0.023626
0.031870
0.024377
0.020549
0.025689
0.015759
0.031189
0.030199
0.017608
0.063005
0.023118
0.017477
0.017716
0.019813
0.018540
0.020823
0.016901
0.020952
0.037371
0.028373
0.015980
0.040043
0.034539
0.018065
0.016238
0.015890
0.015186
0.017142
0.022948
0.027464
0.032418
0.016277
0.030984
0.019813
0.057542
0.022845
0.022050
0.021368
0.018733
0.015280
0.024383
0.015268
0.021549
0.017045
0.030768
0.024517
0.015641
0.026890
0.038855
0.027568
0.016638
0.016506
0.018335
0.015795
0.020201
0.020568
0.031873
0.028150
0.033484
0.017656
0.043383
0.029337
0.018084
0.017356
0.018029
0.018420
0.017180
0.020925
0.020384
0.021861
0.020654
0.030566
0.021508
0.017755
0.065803
0.017974
0.018742
0.018823
0.028308
0.030778
0.025259
0.028902
0.022735
0.017283
0.031455
0.027150
0.020557
0.068856
0.017926
0.017085
0.024460
0.020826
0.022240
0.021304
0.016246
0.020830
0.015906
0.023544
0.031492
0.020825
0.017744
0.057787
0.021162
0.028468
0.025614
0.017231
0.019634
0.023967
0.019006
0.022526
0.019120
0.041829
0.016036
0.056309
0.050794
0.015817
0.016475
0.017231
0.018036
0.028597
0.023277
0.022990
0.033617
0.022437
0.020576
0.064499
0.020609
0.018720
0.017095
0.031537
0.023464
0.020070
0.023386
0.022955
0.017227
0.022811
0.032460
0.017076
0.017922
0.038557
0.027121
0.025648
0.017121
0.025486
0.017691
0.020355
0.015720
0.023552
0.033753
0.019559
0.017319
0.052162
0.021077
0.017797
0.015503
0.018979
0.016152
0.015997
0.020329
0.016930
0.032038
0.034251
0.032098
0.019387
0.029312
0.021972
0.015887
0.021920
0.015951
0.016517
0.016984
0.027054
0.033868
0.033540
0.016884
0.049648
0.037488
0.017626
0.038178
0.016632
0.024685
0.029903
0.032417
0.030605
0.017399
0.016434
0.018020
0.019638
0.018477
0.035737
0.026162
0.021109
0.048980
0.026648
0.019995
0.016444
0.016685
0.015946
0.023546
0.016295
0.024309
0.018210
0.033249
0.025441
0.046398
0.031117
0.019847
0.019073
0.018767
0.020712
0.019678
0.019571
0.019035
0.032275
0.023857
0.019479
0.041551
0.020204
0.018407
0.016576
0.015625
0.019984
0.019911
0.016537
0.021493
0.016979
0.018569
0.016134
0.033586
0.019633
0.018183
0.031437
0.036233
0.020656
0.016875
0.027997
0.017622
0.016460
0.023769
0.018686
0.022642
0.017383
0.032284
0.028945
0.017885
0.075572
0.019144
0.021016
0.019555
0.018759
0.016419
0.016070
0.018156
0.022447
0.019478
0.025019
0.032013
0.021865
0.017864
0.026114
0.020399
0.017882
0.016883
0.015177
0.016767
0.036325
0.017473
0.021929
0.016974
0.024396
0.019341
0.022588
0.024729
0.030317
0.020985
0.018074
0.040206
0.021388
0.047084
0.021378
0.023431
0.020184
0.024155
0.023752
0.018779
0.017093
0.038610
0.025919
0.018244
0.074623
0.037511
0.025523
0.034206
0.032075
0.017043
0.022212
0.018071
0.022663
0.028683
0.033185
0.016736
0.054862
0.032570
0.015998
0.016707
0.017820
0.017647
0.023292
0.034907
0.031105
0.026796
0.031100
0.022309
0.023137
0.046445
0.019671
0.016594
0.031309
0.022124
0.021910
0.021868
0.021512
0.017174
0.029290
0.032200
0.017857
0.018657
0.070374
0.023829
0.026622
0.021965
0.023721
0.020313
0.044762
0.030569
0.045428
0.033297
0.016832
0.017856
0.016001
0.017474
0.022390
0.034189
0.034728
0.022442
0.048837
0.028011
0.038018
0.033852
0.042035
0.021786
0.021237
0.037572
0.045122
0.030911
0.026650
0.021046
0.067199
0.018765
0.041285
0.026724
0.021055
0.019843
0.032984
0.033125
0.031989
0.026770
0.026799
0.053393
0.027857
0.020411
0.038442
0.020667
0.020770
0.034256
0.019271
0.037376
0.036068
0.022791
0.037791
0.033286
0.083278
0.028976
0.020844
0.018585
0.035675
0.016321
0.029567
0.039790
0.022016
0.037331
0.034450
0.064880
0.035800
0.051682
0.032936
0.037643
0.017883
0.036933
0.017722
0.026828
0.020941
0.038280
0.032307
0.074996
0.032412
0.031426
0.030567
0.022936
0.019621
0.016359
0.030631
0.030459
0.031502
0.037047
0.036809
0.037529
0.043815
0.025013
0.018038
0.033937
0.019143
0.023119
0.027822
0.028978
0.025744
0.024158
0.026484
0.043068
0.016155
0.070703
0.027310
0.031754
0.017998
0.018187
0.019422
0.020241
0.033717
0.021791
0.037835
0.022139
0.044600
0.017735
0.057776
0.058517
0.023005
0.055526
0.019056
0.019464
0.026720
0.035222
0.037809
0.031095
0.024782
0.068210
0.032405
0.044127
0.028753
0.034374
0.024949
0.026711
0.047072
0.022356
0.053730
0.046946
0.040284
0.020731
0.029599
0.036955
0.023914
0.037895
0.020047
0.055765
0.051569
0.041424
0.033560
0.045257
0.020885
0.041185
0.033847
0.031257
0.039189
0.050092
0.048688
0.034395
0.022256
0.027638
0.020065
0.019395
0.025888
0.027993
0.033567
0.021480
0.057414
0.041759
0.025475
0.031681
0.026251
0.017045
0.027308
0.035515
0.033116
0.032007
0.040856
0.035409
0.021304
0.054979
0.020227
0.033627
0.026872
0.025327
0.025080
0.046091
0.032741
0.056988
0.020067
0.035198
0.042655
0.018402
0.027320
0.029222
0.038424
0.035695
0.028154
0.062605
0.049823
0.033399
0.028546
0.029364
0.021487
0.042396
0.025458
0.021440
0.024939
0.039181
0.043559
0.055069
0.037898
0.015384
0.037255
0.029413
0.026173
0.025092
0.024937
0.045439
0.015891
0.067346
0.041809
0.034833
0.018245
0.030573
0.026416
0.036619
0.020112
0.034775
0.021168
0.073678
0.042103
0.027163
0.019619
0.024530
0.023774
0.044256
0.034915
0.020885
0.055296
0.026191
0.034640
0.039317
0.019441
0.034092
0.032176
0.025155
0.023829
0.023695
0.024312
0.035197
0.020232
0.023039
0.060669
0.045631
0.017736
0.019626
0.042457
0.018177
0.041767
0.025409
0.018697
0.035969
0.028400
0.018984
0.068052
0.028586
0.018893
0.017721
0.017759
0.032378
0.019339
0.020162
0.027861
0.023593
0.018710
0.030419
0.033665
0.030030
0.022089
0.065225
0.047569
0.032919
0.020708
0.017475
0.033111
0.032957
0.032543
0.038200
0.043421
0.040295
0.032961
0.018615
0.027692
0.019370
0.037251
0.025561
0.047303
0.023777
0.029714
0.026018
0.040333
0.038588
0.061538
0.019104
0.034499
0.021481
0.037490
0.032752
0.025870
0.032651
0.021988
0.039556
0.048240
0.038831
0.022020
0.018506
0.028893
0.029559
0.019531
0.030576
0.030425
0.038680
0.019123
0.062020
0.021855
0.018173
0.018045
0.025810
0.018491
0.053670
0.022776
0.041928
0.021475
0.016827
0.022973
0.053696
0.041733
0.032058
0.039973
0.019706
0.029887
0.032084
0.025855
0.039784
0.053818
0.049747
0.025145
0.032128
0.041241
0.026930
0.027557
0.033304
0.024746
0.017720
0.045615
0.060867
0.032089
0.028810
0.018485
0.023200
0.024962
0.025006
0.036356
0.019307
0.045894
0.023323
0.018971
0.075124
0.022803
0.033042
0.023519
0.036847
0.022466
0.024732
0.036915
0.018614
0.025489
0.018368
0.033083
0.030214
0.021748
0.064593
0.020684
0.015913
0.025220
0.018713
0.016816
0.022413
0.022961
0.025468
0.031307
0.027811
0.043914
0.029019
0.024421
0.017275
0.018929
0.017926
0.019658
0.022551
0.018309
0.021907
0.030473
0.032221
0.023292
0.062762
0.020069
0.020485
0.021377
0.017956
0.015125
0.018405
0.016273
0.023824
0.019556
0.021565
0.029302
0.032485
0.018460
0.022574
0.073093
0.023681
0.016089
0.018944
0.034066
0.020947
0.027959
0.023937
0.016920
0.029982
0.033242
0.019109
0.061929
0.020664
0.021950
0.019494
0.016802
0.020780
0.023456
0.017900
0.021207
0.020545
0.032446
0.027657
0.017412
0.060194
0.031364
0.033463
0.020566
0.018548
0.021566
0.023467
0.027776
0.017381
0.027760
0.027297
0.020753
0.048913
0.036600
0.019372
0.019405
0.035082
0.018195
0.016021
0.019178
0.017402
0.019831
0.026274
0.031632
0.023856
0.022103
0.056466
0.021171
0.021368
0.019670
0.024406
0.021352
0.021044
0.039339
0.038650
0.050647
0.049727
0.029826
0.027961
0.020785
0.019356
0.025220
0.018514
0.022075
0.022391
0.055471
0.033524
0.016962
0.015509
0.017380
0.019861
0.015826
0.016702
0.022090
0.017478
0.027511
0.018979
0.035340
0.020134
0.044212
0.058981
0.019463
0.019891
0.019097
0.018597
0.017303
0.023991
0.028495
0.024544
0.033469
0.018842
0.019426
0.061865
0.021730
0.021808
0.022583
0.015937
0.026471
0.022776
0.017118
0.025861
0.032316
0.018429
0.016576
0.044040
0.017700
0.022499
0.017980
0.036107
0.028627
0.029670
0.020038
0.021955
0.016819
0.024838
0.032243
0.020185
0.050484
0.032974
0.029127
0.018759
0.017156
0.019981
0.016530
0.017894
0.016842
0.022711
0.022322
0.027839
0.019706
0.032554
0.024132
0.019247
0.057903
0.017767
0.018198
0.015978
0.028042
0.025103
0.020252
0.025670
0.022095
0.031570
0.025506
0.025508
0.054850
0.034307
0.021896
0.017648
0.017687
0.018952
0.017910
0.022551
0.024286
0.030595
0.032973
0.028813
0.030720
0.026300
0.025529
0.030818
0.017596
0.015257
0.017018
0.016052
0.029983
0.023517
0.024650
0.033008
0.018631
0.016374
0.078219
0.023498
0.017334
0.016592
0.016399
0.025060
0.016253
0.015070
0.015850
0.020942
0.016635
0.030504
0.019435
0.033455
0.018670
0.033775
0.049659
0.020253
0.021598
0.016147
0.023762
0.017577
0.016276
0.015698
0.015831
0.025231
0.017544
0.018872
0.019353
0.032751
0.026099
0.071571
0.030289
0.040043
0.022619
0.032761
0.018885
0.017838
0.025853
0.017986
0.024374
0.021446
0.017568
0.081388
0.020879
0.018243
0.025527
0.023033
0.019555
0.025421
0.032775
0.017805
0.017367
0.060319
0.027109
0.023294
0.034809
