249,184,55,79
249,185,53,76
248,189,54,74
248,194,54,69
249,194,54,68
249,197,52,66
248,199,53,65
248,199,54,64
250,200,52,64
251,197,51,66
252,198,50,66
254,196,48,68
255,194,48,69
255,190,47,74
255,182,48,81
255,179,48,84
258,175,46,87
257,172,47,92
257,167,50,98
259,165,52,100
258,163,56,101
258,161,62,104
258,160,61,105
257,159,63,106
263,159,61,106
267,159,59,106
269,157,57,107
269,158,57,107
275,158,52,106
277,159,47,107
278,159,46,107
274,160,46,107
267,161,53,107
259,162,60,108
259,162,59,107
262,163,58,107
257,164,59,107
258,164,58,107
256,165,54,107
256,163,48,109
253,163,43,110
252,164,42,108
242,164,51,109
237,163,56,110
236,164,57,109
236,167,54,107
235,166,48,107
233,165,47,108
227,164,45,109
226,164,48,108
221,163,49,108
217,166,52,107
213,171,56,102
211,173,54,100
210,180,59,92
208,184,63,88
207,189,63,86
209,195,62,78
208,197,62,75
207,198,62,73
203,198,67,72
202,198,68,70
202,197,70,70
202,196,69,71
203,196,69,71
203,195,69,72
203,195,68,72
205,196,67,71
206,196,68,71
207,196,68,71
209,195,67,71
209,195,66,70
209,195,66,71
210,194,66,72
209,193,65,73
210,192,65,73
209,192,66,75
210,190,66,76
210,188,65,79
210,185,61,80
210,182,59,84
210,177,59,89
210,175,55,90
208,172,55,92
206,169,53,94
202,165,51,97
201,163,49,102
200,163,51,102
201,162,51,103
200,162,49,102
201,161,49,102
200,161,42,104
198,160,38,105
198,159,36,105
194,157,35,107
190,158,38,106
187,159,39,106
178,159,44,106
177,160,48,107
175,160,47,107
176,160,45,106
175,160,47,107
174,159,44,107
172,160,43,106
169,159,41,107
170,159,40,107
167,159,41,107
169,157,40,110
167,157,41,110
169,158,42,108
169,159,41,108
169,158,41,109
168,158,43,109
169,159,41,108
169,159,43,109
170,158,41,110
170,158,41,109
170,158,40,109
171,158,40,110
171,159,39,109
171,153,40,114
171,158,41,108
171,157,40,109
171,159,40,108
172,160,39,106
172,160,39,106
172,159,39,107
173,159,42,106
174,158,44,107
174,159,45,107
174,161,48,107
175,160,48,108
174,160,49,107
175,159,49,109
175,159,49,109
177,159,48,109
179,159,48,110
185,159,44,109
190,160,44,108
193,160,39,107
198,158,41,108
197,157,41,110
197,156,42,110
197,156,40,110
197,151,38,115
198,148,40,119
195,152,39,114
197,153,41,113
195,153,41,113
197,153,40,113
195,153,39,114
197,150,44,116
195,150,42,117
196,149,46,117
195,148,43,119
197,149,40,119
196,146,40,121
196,152,40,115
198,148,44,119
195,150,43,116
196,152,40,114
197,154,44,112
195,152,40,116
197,151,42,117
196,153,41,113
196,151,41,116
197,147,42,119
196,151,40,115
198,152,42,115
193,153,41,114
198,153,46,114
193,155,46,112
195,154,43,112
197,153,41,113
193,156,41,111
197,155,43,112
195,155,40,111
197,155,41,111
195,155,42,112
197,155,44,111
195,155,39,111
197,156,41,110
197,157,40,109
195,159,39,107
193,159,39,107
192,159,40,107
189,160,42,106
192,159,40,107
190,159,40,106
190,159,39,107
191,160,39,106
191,159,38,106
192,159,38,106
194,158,37,106
192,160,37,105
195,159,37,106
192,160,38,105
194,160,37,105
193,160,38,105
195,160,37,106
194,160,37,105
195,160,36,105
196,160,38,106
194,160,37,106
193,159,38,106
192,160,37,106
196,160,37,106
192,159,38,107
194,159,37,106
193,159,37,106
195,159,36,105
193,160,38,105
192,158,38,105
196,159,36,107
193,159,36,106
196,159,38,106
192,161,36,105
195,159,38,106
192,160,38,106
195,160,36,106
192,160,38,105
195,160,36,106
194,160,37,106
192,159,38,106
195,159,36,106
193,159,38,105
193,160,36,105
195,160,37,105
193,160,37,106
194,160,36,106
195,159,38,106
193,161,36,104
195,159,38,106
194,160,36,105
196,160,37,106
192,159,39,106
193,159,38,106
194,159,36,106
195,159,38,105
192,160,37,105
196,159,37,107
193,160,38,106
195,160,36,106
193,159,37,106
196,160,37,106
193,159,37,107
195,159,37,106
193,160,37,105
196,159,38,107
193,160,38,105
196,159,37,106
194,159,38,105
197,159,37,106
196,160,38,106
197,159,38,106
196,159,38,106
198,159,38,106
197,158,38,107
199,159,37,105
197,159,39,106
200,160,40,105
199,160,41,106
198,161,42,105
201,162,45,104
201,163,49,104
203,165,51,102
204,169,59,99
203,175,63,91
203,178,66,89
203,181,69,85
204,187,72,79
204,190,72,77
205,192,70,74
206,194,71,71
207,195,71,71
206,195,71,71
208,193,69,72
207,189,68,77
210,186,64,79
211,182,68,82
209,174,69,90
208,171,68,92
208,163,66,101
206,164,62,101
205,163,63,102
206,162,57,102
206,160,56,104
206,161,49,103
206,160,44,104
204,160,42,106
201,160,38,106
196,161,39,103
191,160,42,105
189,159,43,105
187,159,45,106
188,160,44,104
191,158,42,105
190,158,38,106
190,159,43,105
188,157,45,107
186,157,44,106
183,155,43,106
181,132,42,131
177,156,46,107
177,157,47,106
177,159,48,105
177,158,46,106
177,158,47,106
178,159,48,105
178,158,46,105
178,156,47,106
180,158,48,106
179,156,48,107
180,155,49,106
179,156,52,106
179,156,53,107
178,156,55,106
181,155,56,108
180,154,55,109
185,151,57,112
187,154,52,108
190,153,49,108
193,154,46,106
197,154,42,108
197,155,40,106
200,155,49,106
201,154,48,106
203,155,54,105
205,156,55,105
205,157,56,104
209,159,56,101
211,158,55,102
212,160,55,101
213,161,57,99
214,163,59,97
215,165,61,96
215,168,62,91
216,170,61,89
216,172,62,87
216,175,61,84
218,180,61,79
218,183,62,77
219,185,61,74
220,187,62,73
220,188,63,72
218,189,64,71
220,191,62,69
220,192,61,69
220,194,60,66
219,195,61,65
220,196,60,63
219,197,61,64
219,196,60,63
219,195,60,64
218,195,60,65
216,192,61,67
217,191,61,69
214,188,62,71
212,184,64,77
211,181,66,79
209,177,66,83
207,171,51,88
205,168,47,90
203,164,47,95
197,159,46,101
189,156,51,104
187,155,49,104
182,155,47,105
181,156,46,104
180,157,43,104
175,155,44,106
175,155,45,105
173,155,46,106
172,154,46,106
172,155,46,105
170,156,46,106
170,155,46,106
170,155,45,106
170,155,46,106
169,156,42,106
170,156,41,105
169,157,43,105
168,157,42,106
168,156,42,106
168,156,43,106
167,156,42,106
167,157,41,106
169,157,41,106
168,156,41,106
170,156,41,105
172,157,39,106
172,157,39,105
177,158,37,104
178,156,39,105
178,156,39,106
182,158,40,103
179,157,41,105
182,159,41,104
186,160,41,104
188,158,41,106
191,158,40,107
197,158,40,105
198,158,44,106
198,160,51,105
201,158,52,105
202,159,57,105
202,160,50,105
208,159,47,100
209,159,48,102
210,159,50,101
211,159,58,102
211,161,67,101
213,161,64,99
214,160,68,99
217,160,66,98
216,162,63,98
219,161,63,98
220,162,47,98
220,161,42,100
218,160,39,101
220,158,41,101
219,156,41,103
220,153,42,106
219,153,42,107
219,156,46,106
217,158,46,105
219,161,44,102
221,163,44,100
221,164,43,98
222,166,44,97
223,170,45,93
225,171,46,92
226,171,51,92
226,172,54,90
229,170,54,88
235,168,53,85
246,165,60,87
253,165,65,89
256,162,61,89
258,160,59,88
273,158,46,89
278,156,46,89
277,155,49,92
282,151,58,91
290,149,57,89
297,147,49,89
309,144,42,93
312,138,44,97
318,135,44,99
324,135,44,95
314,133,59,95
332,132,46,94
336,130,49,95
342,126,47,98
346,129,46,91
347,127,45,91
348,126,41,89
350,125,40,91
348,121,39,95
348,119,40,94
349,121,41,88
348,121,39,89
349,119,40,88
347,119,39,90
346,119,37,86
346,120,38,83
345,119,37,84
345,119,35,84
343,118,36,84
337,114,41,87
330,113,44,84
333,115,42,83
331,116,42,81
331,115,41,81
330,114,40,82
328,113,41,83
325,112,43,81
323,110,46,84
322,113,48,82
330,110,38,83
331,105,32,89
332,105,32,88
327,104,36,87
322,104,44,88
319,103,47,89
317,111,44,80
315,113,48,80
308,104,49,87
305,106,48,83
291,109,50,78
298,103,38,84
280,104,48,84
274,103,48,85
269,100,53,87
265,100,54,87
258,104,61,81
255,105,63,79
252,108,64,76
246,110,62,74
244,107,58,77
243,106,55,76
246,103,48,80
245,104,46,78
247,103,45,79
244,104,51,78
244,105,52,77
242,106,53,74
241,104,48,75
240,102,48,77
240,100,46,78
251,98,38,79
252,99,36,76
255,98,35,76
258,96,35,76
259,95,34,78
259,93,37,79
258,92,37,80
262,90,37,78
263,91,36,78
263,92,36,76
268,89,33,77
269,90,34,75
268,87,34,79
271,87,34,77
271,88,34,74
273,88,33,74
274,87,34,74
275,80,35,81
276,79,37,82
275,80,38,80
276,78,37,80
280,82,36,76
282,81,34,76
283,81,33,75
283,80,33,77
284,77,34,79
285,77,35,79
288,78,35,76
290,79,35,74
290,79,35,75
290,77,34,77
288,77,34,77
289,80,34,72
290,78,33,72
289,82,33,69
289,78,32,74
288,76,32,75
287,74,32,76
286,74,33,76
284,74,34,74
280,73,35,75
277,71,36,76
277,73,36,75
276,70,36,76
276,70,34,76
276,73,34,72
276,73,33,72
275,71,33,73
268,70,37,75
266,69,39,74
264,68,39,74
259,70,42,73
265,71,37,70
262,70,36,71
259,68,37,73
260,66,37,74
257,68,37,71
256,66,35,70
253,69,36,72
255,69,34,69
249,67,35,72
251,67,32,73
243,65,36,72
245,68,35,71
244,65,35,72
244,67,34,70
240,67,33,70
242,66,32,71
241,65,32,72
237,65,33,68
235,66,33,69
234,66,32,68
231,65,33,70
225,64,35,72
229,63,34,71
226,65,32,69
225,64,33,69
222,65,32,67
219,65,32,69
215,64,33,68
217,62,32,69
213,64,30,69
211,64,30,67
207,65,31,65
204,65,30,65
200,63,32,67
198,61,33,68
193,61,33,68
191,61,35,68
188,62,34,67
183,64,34,66
184,64,31,63
180,64,33,67
176,63,34,67
174,63,36,70
173,62,36,69
173,63,35,72
171,63,33,73
170,65,32,69
168,64,32,68
164,62,32,73
164,61,31,72
161,62,33,72
159,63,34,70
158,64,34,71
157,64,33,70
155,64,32,65
154,63,32,65
152,63,32,67
151,63,32,67
152,64,33,67
150,65,32,67
150,65,32,66
149,65,33,67
148,65,33,66
148,65,34,66
148,65,34,67
150,65,35,68
151,65,32,69
151,65,32,71
151,66,32,71
151,66,33,71
151,66,32,70
151,67,34,70
150,67,33,69
151,67,33,70
151,66,34,70
153,65,33,70
152,65,33,69
153,66,33,70
154,66,33,70
153,66,33,69
153,66,33,70
153,66,33,70
154,67,32,69
154,67,33,69
155,68,33,68
156,68,32,67
157,69,32,67
157,69,31,66
156,68,31,65
156,67,31,70
156,66,31,72
156,66,32,71
156,67,32,69
156,69,31,67
156,71,31,68
155,72,32,68
155,74,31,66
153,72,32,67
152,72,32,70
151,72,32,70
149,73,31,69
147,73,32,69
148,73,32,71
144,70,32,73
143,71,33,74
138,72,35,74
138,72,34,70
136,72,34,73
135,73,34,73
135,74,33,72
132,76,33,71
131,75,34,72
132,75,33,73
131,75,34,73
131,77,33,73
129,77,34,74
129,76,34,74
129,74,34,76
129,74,35,76
128,76,32,76
127,78,34,75
129,79,34,73
127,80,33,73
128,80,34,74
128,80,34,72
128,81,33,74
129,81,34,73
128,80,33,75
127,82,34,74
127,82,34,76
127,81,35,75
126,80,36,77
127,81,38,77
126,82,38,77
128,84,39,74
127,84,40,74
128,85,41,74
130,84,41,74
131,83,40,76
133,80,41,79
134,81,40,79
134,82,40,79
133,83,41,79
134,86,43,76
134,86,44,75
138,86,40,76
140,87,36,76
140,86,37,77
141,86,37,78
141,86,36,78
139,87,36,77
138,88,37,77
138,89,37,77
139,89,35,78
138,88,35,78
138,89,36,78
137,91,36,76
137,91,36,76
137,91,36,77
136,92,37,77
135,90,39,79
136,89,39,80
135,89,39,80
137,89,41,81
138,89,40,80
141,90,40,81
141,90,39,81
141,90,39,81
142,91,39,80
142,92,38,80
142,94,38,79
143,93,37,79
143,94,37,79
143,92,37,81
142,92,37,82
143,92,37,82
140,93,38,82
142,94,37,81
139,94,38,81
140,94,38,81
138,93,39,79
137,94,39,79
137,93,38,81
136,94,38,81
136,95,39,81
134,96,40,82
133,96,39,81
133,97,39,80
131,97,39,80
131,99,39,78
132,100,39,78
130,102,38,76
132,102,39,78
132,102,38,79
132,101,37,81
135,101,38,84
133,101,38,80
134,102,39,83
132,103,40,84
134,103,39,83
134,104,39,82
133,104,39,83
135,103,40,85
135,103,40,85
137,104,45,84
136,106,43,85
138,107,47,83
138,107,52,85
138,107,54,85
138,106,53,86
138,106,50,86
141,106,40,84
143,107,41,85
144,107,41,85
144,107,41,86
146,107,40,86
145,108,41,85
145,109,41,85
143,110,41,85
144,113,41,83
143,114,40,82
143,115,40,81
145,113,38,83
143,113,37,85
144,112,39,86
143,113,37,87
143,115,38,86
139,116,40,86
138,116,42,87
136,114,42,88
136,114,41,92
135,116,42,91
136,120,40,88
137,120,40,88
137,120,39,90
136,120,38,91
136,120,39,92
134,123,39,90
133,123,40,90
133,124,40,91
135,123,39,93
134,124,40,92
133,126,39,92
136,127,39,91
136,128,39,93
136,127,39,94
137,129,39,95
135,129,40,95
138,131,40,93
141,131,39,93
145,132,37,94
146,132,38,95
148,136,39,94
148,136,38,94
148,135,38,95
151,134,38,95
152,133,39,97
153,134,40,96
155,135,43,96
156,136,41,96
156,137,40,96
158,139,49,94
159,137,49,94
161,138,49,95
163,138,48,94
164,137,47,94
165,136,50,96
163,136,50,95
164,136,50,96
160,138,47,95
164,138,41,94
165,138,42,95
166,136,45,96
164,136,45,97
165,136,47,96
164,136,46,97
167,136,46,96
167,137,45,96
168,138,42,95
172,137,45,94
169,136,42,96
171,135,48,97
172,134,45,96
172,131,43,98
174,130,43,97
173,130,41,97
175,131,40,96
178,131,40,93
179,131,52,92
176,131,56,92
177,131,54,91
176,131,57,91
175,132,58,91
177,132,58,90
178,131,58,91
178,131,47,92
176,130,46,92
176,130,42,91
176,130,41,89
173,132,41,87
172,132,43,86
172,129,43,88
169,125,41,91
167,123,41,91
166,124,39,88
165,124,39,88
159,121,38,90
157,119,38,92
154,118,37,89
151,118,39,88
151,119,39,87
148,117,41,89
143,113,41,92
139,112,42,89
138,112,43,89
135,114,40,85
135,109,37,89
136,108,36,90
134,109,37,84
136,108,38,85
136,104,38,89
135,103,40,88
136,105,39,85
137,104,37,84
137,101,35,85
137,103,36,82
138,103,34,80
138,98,37,86
137,97,38,86
138,97,37,83
138,99,36,82
139,100,35,80
138,97,33,82
138,96,35,83
137,95,34,82
137,97,35,79
137,98,34,78
137,98,34,76
138,98,35,78
137,94,36,81
137,94,36,76
138,94,36,78
138,93,38,78
138,93,37,74
138,93,39,74
142,93,39,72
147,92,37,74
150,90,38,74
151,88,39,76
156,89,38,74
172,89,37,77
174,88,36,77
176,86,38,79
179,86,38,79
185,88,38,77
188,89,41,75
189,90,45,74
191,88,42,71
189,90,42,71
191,88,42,72
194,87,39,71
196,87,36,73
196,85,33,74
194,83,33,76
190,83,37,75
177,85,48,77
174,86,51,75
171,88,53,71
173,89,49,70
174,89,47,72
181,86,41,74
184,85,41,76
189,83,39,78
193,84,37,76
194,84,37,76
197,84,35,75
198,82,37,77
196,80,40,78
199,80,39,78
204,81,38,75
209,80,36,77
212,81,35,75
213,82,37,73
216,82,32,73
218,82,31,71
216,82,33,70
218,80,33,72
220,77,32,73
219,77,32,73
219,78,32,71
221,77,33,71
222,75,34,72
222,76,32,70
222,76,33,70
222,73,33,72
216,71,37,73
221,72,35,72
220,71,35,70
218,73,37,70
218,74,36,69
213,72,35,69
217,72,34,68
211,73,37,69
217,73,34,68
212,73,33,68
210,70,32,69
205,69,34,69
201,71,34,67
197,72,38,69
197,71,37,69
193,68,38,72
192,69,38,73
192,70,37,69
191,70,37,69
191,69,36,71
190,69,37,72
189,68,36,72
186,69,36,71
186,69,36,71
185,70,35,70
183,70,34,69
181,70,35,69
178,70,34,71
177,69,34,70
176,70,35,71
176,70,35,70
175,69,36,70
174,71,36,69
175,71,37,69
175,72,38,69
175,72,36,67
176,70,36,69
172,69,34,69
173,70,33,68
171,71,32,67
174,75,32,64
173,78,31,61
176,80,31,59
175,79,32,61
175,78,35,63
177,76,35,65
182,75,36,65
186,75,34,65
191,75,32,67
195,73,33,71
202,75,32,73
205,74,32,73
207,73,33,75
208,74,33,76
210,76,35,74
210,77,34,74
210,75,34,75
212,77,34,75
212,78,35,74
212,78,35,75
215,77,34,75
215,77,35,76
215,78,35,77
216,78,36,76
217,79,37,76
217,78,36,78
216,80,36,77
218,82,37,76
217,81,36,77
218,82,36,78
219,83,37,77
219,83,36,77
218,83,37,77
220,83,37,78
219,84,35,77
219,85,36,77
220,86,36,76
218,87,37,75
218,86,36,77
217,84,36,80
216,85,37,80
215,86,37,79
215,87,39,79
214,89,36,79
214,89,38,78
213,90,37,79
212,90,38,79
212,89,38,81
211,90,39,81
211,90,38,80
209,91,39,80
209,91,38,82
209,90,38,82
209,89,37,85
208,89,38,86
207,89,38,86
202,96,41,78
204,97,42,79
202,99,41,79
197,100,40,82
194,101,41,80
191,100,39,82
187,100,36,74
184,99,35,74
180,100,35,76
175,101,36,75
171,100,37,76
168,98,36,79
165,98,37,82
162,100,37,82
160,101,38,81
154,103,37,79
149,102,38,83
146,103,38,85
145,104,38,83
142,107,38,80
138,105,39,83
133,106,42,85
132,106,41,86
130,110,40,84
130,112,39,83
128,110,38,85
128,112,37,87
125,113,40,88
123,116,41,86
125,117,41,88
125,117,41,88
127,118,42,90
128,119,41,89
128,120,45,91
131,125,53,89
129,125,61,90
129,125,63,90
129,125,60,90
128,123,46,87
132,124,43,90
132,128,42,87
131,136,45,81
136,137,43,82
138,137,42,88
142,136,42,88
144,134,41,88
147,134,40,91
148,135,43,94
152,139,42,94
156,142,42,92
159,142,40,92
167,143,40,94
175,145,43,93
186,143,40,96
191,141,67,98
196,144,69,97
199,146,70,94
201,146,66,94
211,146,52,95
218,147,47,97
221,149,45,95
221,152,42,95
222,155,41,92
219,154,43,92
218,155,43,91
215,154,40,93
217,155,40,93
216,153,39,94
214,151,40,96
213,148,41,99
211,149,41,97
212,148,42,96
212,145,44,99
214,142,45,101
212,142,45,100
214,143,44,96
213,141,42,98
217,139,43,100
212,137,47,99
216,136,45,97
215,137,47,95
210,136,46,95
205,132,48,99
199,133,50,95
198,130,49,96
192,129,51,97
191,128,51,95
186,129,55,93
183,132,57,89
182,132,58,90
183,130,56,90
187,127,49,95
188,126,48,95
193,125,43,92
191,126,42,91
195,125,44,91
195,123,48,92
195,122,48,90
199,124,47,88
206,122,43,88
218,119,37,91
227,117,36,86
228,115,36,86
235,114,39,88
234,112,39,90
237,110,41,89
237,109,42,89
241,111,40,86
245,111,39,86
248,109,38,88
257,105,36,90
261,105,37,85
262,104,36,85
266,104,36,83
268,105,38,84
269,100,38,87
273,101,38,83
275,101,37,82
275,100,38,82
282,94,36,86
280,94,37,83
281,95,38,80
284,96,38,78
286,91,36,83
286,91,37,84
286,89,37,83
288,91,37,79
287,91,37,77
289,88,34,80
290,86,35,81
289,86,34,78
290,88,33,76
288,88,34,75
288,86,33,77
287,84,33,79
285,83,34,78
285,84,32,74
284,84,32,74
281,77,33,81
280,76,34,80
277,82,36,73
272,81,36,73
272,77,34,77
267,74,35,79
260,75,36,78
255,78,39,74
256,80,35,71
256,76,33,74
251,74,33,76
246,74,34,74
243,76,36,72
239,77,35,70
235,74,31,73
230,73,32,74
228,72,34,73
225,75,34,70
218,76,35,69
211,71,34,72
205,71,36,72
201,73,35,69
196,75,34,67
193,74,32,68
189,73,34,69
183,74,40,68
182,74,40,68
180,75,33,68
176,75,31,67
171,77,33,66
167,80,36,62
163,79,35,68
160,77,33,72
157,76,33,76
153,79,33,80
148,78,34,70
145,77,36,76
142,78,37,76
138,78,39,78
136,79,39,78
134,81,37,74
133,82,38,75
133,80,37,75
134,80,36,76
134,83,35,73
134,82,35,74
134,83,36,74
131,83,38,73
132,84,37,72
132,86,36,69
132,87,37,70
133,88,35,68
135,86,34,70
135,85,33,70
136,85,33,71
134,83,35,72
135,82,35,73
134,82,38,73
136,82,38,74
136,82,39,73
137,81,39,72
137,82,39,72
142,81,38,74
142,79,37,74
147,75,34,74
148,76,36,77
151,78,38,74
151,79,38,74
154,79,39,73
154,78,36,73
156,78,36,73
156,76,37,75
161,74,34,74
163,73,34,74
165,75,34,74
166,75,36,74
167,77,37,73
169,77,37,75
168,76,38,75
170,75,38,76
173,74,36,74
174,74,36,76
176,74,36,75
177,74,36,75
178,74,37,75
179,74,37,75
179,74,37,74
181,75,37,75
182,75,37,74
184,76,36,73
185,76,35,73
187,74,34,74
189,75,34,75
191,75,34,74
192,76,33,73
193,79,34,70
190,79,36,69
189,80,37,68
189,80,37,69
190,78,36,70
192,77,36,72
195,76,34,72
197,77,35,71
198,78,34,70
199,77,34,70
198,74,33,73
194,74,34,72
193,72,34,74
192,72,35,73
191,70,35,74
191,71,36,74
192,73,36,72
191,74,36,71
192,75,35,70
191,73,34,71
190,73,34,70
190,73,34,71
188,73,34,70
189,74,34,70
189,75,33,70
187,77,33,68
187,77,33,69
187,77,33,69
186,78,35,70
185,77,35,70
184,78,38,70
180,76,37,69
182,74,37,68
182,75,35,70
183,74,34,69
182,78,36,67
182,80,37,65
183,82,38,64
187,80,39,66
195,81,35,65
200,81,33,65
205,78,32,68
206,79,35,72
211,79,35,77
213,79,34,75
219,81,34,75
218,80,34,75
222,78,35,78
224,79,36,78
223,79,35,78
227,82,35,76
229,82,35,77
232,81,36,78
234,83,37,77
233,82,37,79
234,81,37,80
235,82,37,80
236,86,37,76
238,88,35,75
238,89,36,76
239,88,36,78
239,87,36,78
237,88,36,78
237,88,36,78
235,86,36,81
235,86,36,81
236,87,36,82
232,88,38,81
232,88,37,81
226,87,40,82
225,87,39,85
221,87,38,83
221,90,40,82
222,92,38,80
218,91,38,79
215,93,39,81
215,94,41,81
216,93,39,79
218,93,42,84
217,94,40,82
218,95,41,83
217,96,39,79
218,95,38,82
216,95,38,82
215,95,38,84
213,97,37,81
212,98,39,84
210,100,37,81
210,99,39,82
206,99,37,82
203,99,38,82
202,101,38,82
201,101,37,83
198,102,38,82
198,103,37,83
196,102,38,82
195,102,39,82
193,103,37,85
190,106,36,83
185,107,38,83
184,105,40,84
181,105,40,86
181,105,40,87
180,108,39,85
179,110,40,85
179,110,40,84
176,110,40,85
175,108,41,87
173,109,42,89
172,111,41,88
171,112,41,88
167,113,42,87
166,113,41,87
167,113,40,88
167,112,41,89
165,113,38,91
165,116,39,89
163,116,41,89
162,118,43,89
161,117,43,90
159,116,43,89
157,117,44,91
156,118,43,90
153,122,43,89
151,125,43,87
150,125,43,85
150,124,42,88
152,124,41,93
152,127,41,90
150,128,42,89
150,129,44,92
150,128,42,94
151,129,44,94
154,132,43,92
155,132,43,95
157,132,42,96
157,135,43,96
163,138,40,95
165,138,41,94
168,140,41,95
172,141,43,95
175,140,44,95
178,138,48,98
182,139,67,101
181,141,68,99
181,144,70,96
183,144,69,96
182,143,70,98
181,141,69,100
182,139,69,101
182,139,67,102
183,138,57,102
184,140,65,101
187,142,63,100
189,142,63,101
189,141,64,101
191,143,63,101
191,144,65,98
192,146,65,97
193,145,64,97
191,144,66,100
193,141,64,100
191,141,65,101
192,142,64,101
193,141,65,101
193,140,63,102
195,141,62,102
191,142,42,100
184,143,41,99
186,143,44,99
