0.005245
0.029894
0.047555
0.031446
0.016294
0.017909
0.016756
0.020337
0.018569
0.020098
0.033319
0.020624
0.055096
0.027778
0.017737
0.014866
0.029917
0.017781
0.016315
0.019055
0.028708
0.020627
0.031991
0.025064
0.040308
0.027256
0.025697
0.027305
0.025539
0.022418
0.020056
0.030933
0.017647
0.022517
0.055681
0.021392
0.017302
0.016971
0.020317
0.019295
0.016098
0.020206
0.021664
0.016294
0.019794
0.032401
0.017780
0.016774
0.059024
0.030843
0.020117
0.025572
0.018512
0.016024
0.016345
0.017228
0.021572
0.029619
0.016116
0.031398
0.029778
0.016505
0.032582
0.037449
0.020874
0.018636
0.026648
0.016643
0.016412
0.020531
0.023854
0.015821
0.020338
0.029986
0.016997
0.018598
0.052875
0.019508
0.020966
0.024209
0.017342
0.015418
0.022682
0.024854
0.017099
0.025469
0.031778
0.019948
0.016843
0.056873
0.019222
0.017908
0.018077
0.020621
0.018392
0.024884
0.017488
0.016889
0.025764
0.031379
0.017332
0.057977
0.025191
0.032408
0.021283
0.017750
0.025389
0.017932
0.017464
0.018319
0.018866
0.019702
0.032093
0.025770
0.027668
0.017337
0.015178
0.015051
0.015164
0.015208
0.015530
0.015875
0.015167
0.017471
0.015090
0.015185
0.017251
0.021007
0.066657
0.016357
0.015587
0.015048
0.017276
0.015418
0.014424
0.014441
0.021880
0.017891
0.021323
0.024296
0.031849
0.025933
0.020127
0.049403
0.022444
0.018344
0.023570
0.019390
0.016307
0.018745
0.032119
0.026372
0.016119
0.021300
0.042376
0.019532
0.022402
0.016414
0.018420
0.026539
0.021501
0.030306
0.031650
0.015974
0.059100
0.021598
0.017352
0.027708
0.023049
0.015395
0.015724
0.023515
0.018041
0.016951
0.017353
0.030342
0.023898
0.016659
0.042306
0.024293
0.016777
0.021593
0.017669
0.016525
0.027337
0.021800
0.020046
0.016562
0.032041
0.028202
0.020021
0.026778
0.029109
0.018043
0.016866
0.019575
0.025048
0.023914
0.024610
0.021876
0.031289
0.029125
0.016382
0.074175
0.020658
0.023919
0.030052
0.019029
0.015863
0.016581
0.019813
0.016145
0.024910
0.026417
0.039035
0.017364
0.024657
0.034636
0.018290
0.016976
0.018688
0.018557
0.022556
0.018854
0.021886
0.022083
0.016550
0.021307
0.032159
0.024676
0.017956
0.062806
0.021429
0.017991
0.016547
0.022656
0.017305
0.022696
0.019930
0.023670
0.017306
0.031071
0.026986
0.055290
0.037210
0.019515
0.018012
0.020083
0.015666
0.015245
0.015997
0.023705
0.017115
0.021420
0.019513
0.030563
0.026372
0.065187
0.043990
0.028522
0.017783
0.018465
0.023334
0.014996
0.023162
0.016040
0.024474
0.017343
0.034135
0.024918
0.051848
0.043479
0.021287
0.020749
0.017736
0.017655
0.020361
0.015803
0.024525
0.031402
0.031470
0.017001
0.021493
0.028134
0.021782
0.022460
0.017684
0.016834
0.017536
0.017651
0.017636
0.021395
0.020220
0.019774
0.033388
0.023950
0.022309
0.063056
0.033263
0.018243
0.017108
0.016913
0.022495
0.016370
0.026119
0.017897
0.032922
0.025188
0.020726
0.031712
0.038864
0.025038
0.018157
0.017997
0.020537
0.018770
0.019832
0.020428
0.022149
0.020997
0.023036
0.031192
0.022575
0.018568
0.065917
0.021324
0.016690
0.015527
0.015363
0.022407
0.024083
0.023131
0.016981
0.032992
0.025323
0.039398
0.039062
0.018879
0.025557
0.021041
0.019804
0.018306
0.024166
0.017151
0.020246
0.036327
0.015209
0.018187
0.060591
0.017722
0.015578
0.019991
0.019660
0.017156
0.022557
0.025781
0.028360
0.032421
0.015928
0.040622
0.047209
0.019690
0.021314
0.016603
0.017694
0.030717
0.021664
0.028486
0.015437
0.025131
0.021447
0.032080
0.024736
0.039436
0.050325
0.021522
0.019506
0.016436
0.016036
0.016778
0.016827
0.015762
0.029538
0.020594
0.043989
0.016505
0.022174
0.032111
0.023477
0.040437
0.055695
0.016653
0.021643
0.018971
0.022797
0.027373
0.020582
0.023994
0.031172
0.020401
0.021474
0.057116
0.015645
0.017066
0.022078
0.019637
0.022609
0.017426
0.015013
0.014913
0.016737
0.021498
0.015759
0.034199
0.024316
0.022314
0.053451
0.023626
0.020936
0.018896
0.018085
0.029233
0.016788
0.028742
0.020455
0.032079
0.026754
0.020432
0.024803
0.027827
0.035658
0.021172
0.019557
0.024007
0.021114
0.023172
0.040412
0.019681
0.050592
0.044923
0.017906
0.020219
0.017222
0.018639
0.017648
0.024236
0.042087
0.032192
0.020156
0.056940
0.024144
0.019560
0.016182
0.018632
0.016433
0.016836
0.015154
0.021656
0.015116
0.029016
0.020648
0.035549
0.021877
0.017397
0.061830
0.025089
0.016070
0.016233
0.016091
0.022814
0.023800
0.030838
0.035986
0.023647
0.064210
0.027832
0.018899
0.019415
0.023095
0.015586
0.016130
0.019026
0.026624
0.021437
0.021953
0.032091
0.023566
0.036676
0.057283
0.023152
0.017395
0.021115
0.020182
0.018511
0.019717
0.025495
0.015363
0.029538
0.018230
0.030010
0.029418
0.016575
0.057550
0.035534
0.024051
0.019663
0.019022
0.015029
0.016659
0.024243
0.017864
0.021585
0.015951
0.033256
0.027018
0.016940
0.076117
0.021633
0.015843
0.016802
0.017169
0.018127
0.016728
0.020491
0.017964
0.019215
0.032230
0.028168
0.035223
0.035546
0.029314
0.041307
0.019268
0.042324
0.022236
0.023657
0.039202
0.018821
0.038866
0.023823
0.035308
0.022368
0.024906
0.022892
0.015986
0.030517
0.022327
0.021593
0.019397
0.018869
0.020611
0.023638
0.021121
0.030152
0.017936
0.022098
0.022750
0.015820
0.033046
0.015551
0.020315
0.018512
0.018843
0.016832
0.018430
0.020415
0.018572
0.020963
0.020910
0.020482
0.019667
0.017833
0.016487
0.021894
0.019913
0.019262
0.016782
0.023780
0.017223
0.030135
0.020740
0.024102
0.033717
0.016596
0.020145
0.018713
0.019225
0.023287
0.019060
0.029110
0.015697
0.018655
0.021147
0.027075
0.018381
0.022157
0.015878
0.051922
0.053088
0.039399
0.022023
0.016278
0.035210
0.034853
0.018424
0.030488
0.030996
0.020458
0.032155
0.031395
0.022367
0.015593
0.024885
0.084734
0.024445
0.036924
0.019743
0.032188
0.019753
0.017808
0.025883
0.031959
0.031876
0.019769
0.038407
0.019617
0.044462
0.046023
0.042522
0.022688
0.025641
0.046062
0.017292
0.021242
0.019387
0.032580
0.024981
0.034716
0.041459
0.021448
0.063004
0.035416
0.034204
0.018117
0.017631
0.018368
0.029840
0.022484
0.026420
0.044110
0.026635
0.059757
0.035465
0.038488
0.018963
0.021941
0.040054
0.020685
0.035574
0.045838
0.028840
0.031824
0.028818
0.066007
0.029886
0.027426
0.041221
0.033991
0.032756
0.023687
0.027943
0.031384
0.020135
0.065182
0.029291
0.030056
0.024805
0.032443
0.019037
0.037877
0.021359
0.037473
0.025842
0.072176
0.043390
0.019288
0.045321
0.018181
0.039189
0.028613
0.042186
0.022666
0.026416
0.051686
0.035766
0.082651
0.020818
0.018467
0.030051
0.043096
0.015873
0.031631
0.016728
0.034143
0.034958
0.027548
0.041053
0.060008
0.019506
0.048788
0.023177
0.030093
0.024210
0.024613
0.034492
0.032402
0.019969
0.054309
0.028382
0.031596
0.023794
0.042331
0.045542
0.035297
0.055969
0.035615
0.026307
0.055388
0.044379
0.038052
0.033046
0.028301
0.021884
0.029564
0.037494
0.020913
0.072364
0.039422
0.022890
0.017444
0.024872
0.020251
0.034577
0.020180
0.038876
0.025916
0.038309
0.057600
0.019579
0.026538
0.033766
0.032577
0.021986
0.037489
0.023310
0.036903
0.046175
0.030280
0.057575
0.034888
0.027601
0.054275
0.038875
0.025074
0.021117
0.039462
0.032652
0.030660
0.058670
0.026652
0.021676
0.032101
0.042826
0.018534
0.035485
0.029527
0.025751
0.039340
0.035283
0.020981
0.058443
0.027523
0.031759
0.041093
0.034289
0.020336
0.034698
0.021194
0.035232
0.034771
0.020283
0.066686
0.024681
0.016364
0.048018
0.018265
0.032799
0.024822
0.030438
0.016503
0.028247
0.033535
0.032129
0.019661
0.064203
0.027249
0.022584
0.018914
0.036422
0.022178
0.034513
0.041843
0.046371
0.028040
0.020006
0.060160
0.025893
0.023186
0.029195
0.021432
0.031187
0.039162
0.024657
0.021741
0.039041
0.024076
0.050432
0.052092
0.034762
0.021062
0.028907
0.018059
0.029739
0.016962
0.024115
0.024374
0.027695
0.034149
0.023841
0.043789
0.052470
0.050410
0.033259
0.020082
0.037566
0.043179
0.032704
0.033619
0.049621
0.023751
0.056924
0.042124
0.048597
0.028364
0.034238
0.045498
0.024180
0.042672
0.038743
0.069602
0.039394
0.044697
0.034228
0.041824
0.046298
0.029869
0.035558
0.019393
0.041823
0.060005
0.034434
0.026951
0.021173
0.017292
0.015932
0.023894
0.016475
0.021489
0.017900
0.030871
0.027709
0.019525
0.055214
0.037328
0.031168
0.043329
0.017015
0.019675
0.016968
0.021648
0.016633
0.026528
0.020111
0.036159
0.021801
0.018318
0.059416
0.020418
0.022292
0.027980
0.019526
0.019356
0.020628
0.018766
0.018270
0.018369
0.032819
0.025801
0.058335
0.027221
0.025946
0.018582
0.018649
0.019147
0.016989
0.022256
0.018284
0.020613
0.020257
0.032702
0.016579
0.058500
0.052626
0.025900
0.018045
0.016624
0.016902
0.016771
0.022016
0.017060
0.019583
0.022069
0.030947
0.019678
0.040507
0.049403
0.039518
0.018231
0.026614
0.025349
0.017722
0.021633
0.022880
0.016591
0.023823
0.031931
0.019217
0.018715
0.063776
0.032235
0.029511
0.018856
0.015784
0.020498
0.016107
0.020877
0.020698
0.023178
0.017272
0.032827
0.034807
0.020311
0.019278
0.019544
0.018584
0.015703
0.020032
0.017533
0.021276
0.029475
0.032789
0.017668
0.064738
0.029435
0.027501
0.020916
0.023939
0.018266
0.020842
0.031670
0.018291
0.034134
0.025707
0.021217
0.061487
0.021669
0.016396
0.018642
0.016203
0.021516
0.017741
0.026963
0.024340
0.033087
0.025157
0.023024
0.068033
0.022132
0.018763
0.018543
0.020081
0.018049
0.018937
0.024581
0.025587
0.031591
0.033494
0.032703
0.019136
0.049980
0.019255
