0.003217
0.019107
0.034280
0.033973
0.037598
0.019700
0.034228
0.027417
0.049308
0.047770
0.053440
0.018224
0.039997
0.025054
0.046263
0.022722
0.022235
0.045325
0.027525
0.019264
0.052384
0.027027
0.032087
0.028127
0.032640
0.021301
0.028018
0.038294
0.033694
0.030041
0.055294
0.035157
0.028520
0.032489
0.029507
0.037831
0.033570
0.023128
0.043063
0.082543
0.017898
0.017844
0.038692
0.018842
0.015076
0.021924
0.023011
0.017861
0.035702
0.025440
0.057471
0.032431
0.019223
0.029366
0.021694
0.031924
0.028736
0.024361
0.027735
0.032695
0.020001
0.066892
0.041157
0.030639
0.018861
0.022990
0.028724
0.023167
0.027035
0.024366
0.019645
0.043154
0.034679
0.022799
0.053560
0.036827
0.025141
0.021820
0.024912
0.021673
0.021053
0.028191
0.041286
0.027961
0.033258
0.043762
0.055344
0.019470
0.023054
0.024393
0.024019
0.036554
0.023206
0.035561
0.022448
0.062209
0.021728
0.040752
0.017342
0.030085
0.037901
0.017687
0.026928
0.018212
0.026603
0.020543
0.034112
0.022523
0.075022
0.021279
0.042731
0.030381
0.036185
0.018003
0.015767
0.040528
0.041070
0.027133
0.058805
0.020763
0.026057
0.033526
0.018454
0.025893
0.026082
0.042281
0.031927
0.054158
0.050552
0.021698
0.022064
0.035975
0.021645
0.025210
0.029181
0.028889
0.030940
0.025074
0.046708
0.023558
0.017737
0.017900
0.023299
0.038973
0.017948
0.019940
0.040294
0.033693
0.023194
0.040586
0.066799
0.019050
0.020380
0.024652
0.020957
0.023513
0.022734
0.047060
0.027797
0.029078
0.058399
0.037668
0.026701
0.035223
0.033566
0.019026
0.027301
0.021075
0.024872
0.025679
0.028261
0.043198
0.019464
0.056583
0.022179
0.017608
0.021775
0.016755
0.017038
0.020495
0.017924
0.017091
0.017623
0.035390
0.026469
0.019913
0.050884
0.017080
0.020881
0.015713
0.016104
0.023919
0.016333
0.021592
0.020527
0.032074
0.020962
0.016635
0.041433
0.029043
0.020223
0.019438
0.017295
0.015115
0.017249
0.018759
0.019837
0.021002
0.021788
0.036186
0.015276
0.045698
0.019347
0.015964
0.016127
0.015727
0.019562
0.036205
