0.002858
0.031708
0.025064
0.020020
0.029372
0.028253
0.058811
0.024533
0.018502
0.020823
0.018206
0.024833
0.019257
0.025972
0.035697
0.017174
0.054603
0.042071
0.018824
0.017977
0.020490
0.018773
0.021983
0.022030
0.027115
0.018424
0.025074
0.033793
0.021839
0.045191
0.048908
0.028316
0.027523
0.020321
0.022513
0.022321
0.026935
0.034398
0.018229
0.055486
0.022765
0.018223
0.020616
0.020323
0.025623
0.025982
0.020276
0.033896
0.024272
0.024174
0.068359
0.025679
0.034879
0.025335
0.019604
0.022094
0.018081
0.034750
0.027148
0.021973
0.058994
0.021574
0.023787
0.018398
0.024158
0.018415
0.021652
0.033263
0.020836
0.020025
0.061516
0.025441
0.020976
0.020885
0.017809
0.019740
0.018083
0.022068
0.017307
0.024265
0.018369
0.028318
0.017187
0.033861
0.028818
0.017767
0.022897
0.034548
0.020622
0.018270
0.021849
0.028773
0.022765
0.022614
0.018564
0.021319
0.034194
0.023542
0.024267
0.056905
0.027911
0.016406
0.016831
0.017590
0.017214
0.016432
0.024925
0.032107
0.024679
0.031371
0.016476
0.020453
0.057187
0.017735
0.016375
0.016743
0.018114
0.020997
0.018899
0.026966
0.019034
0.024009
0.020308
0.031499
0.019971
0.019638
0.050551
0.022335
0.020732
0.019110
0.022859
0.018707
0.022598
0.019766
0.022449
0.043740
0.016743
0.045270
0.034337
0.019162
0.017923
0.015893
0.031050
0.031308
0.020386
0.032654
0.023749
0.024191
0.038167
0.019141
0.016687
0.017555
0.019338
0.024600
0.017862
0.022185
0.032994
0.030929
0.021631
0.064669
0.018973
0.016596
0.018326
0.017261
0.018130
0.022559
0.016387
0.020815
0.036338
0.030936
0.016674
0.063497
0.034708
0.020258
0.026060
0.021893
0.017694
0.021501
0.018286
0.017272
0.032025
0.027182
0.018293
0.064903
0.020098
0.017178
0.020514
0.019801
0.016679
0.027540
0.017004
0.026475
0.019803
0.031005
0.023221
0.051376
0.033240
0.022210
0.025246
0.017992
0.017842
0.019969
0.020504
0.019043
0.021523
0.018148
0.032036
0.021737
0.023210
0.019649
0.019750
0.027146
0.017838
0.015328
0.016599
0.021438
0.017476
0.021263
0.018008
0.032809
0.015891
0.046038
0.034327
0.017558
0.020967
0.017019
0.015717
0.017249
0.021328
0.023161
0.022115
0.018089
0.031590
0.028017
0.062715
0.026860
0.015821
0.015767
0.017167
0.017026
0.018346
0.023192
0.017153
