157,175,13,12
159,175,11,23
157,174,14,28
158,171,16,30
157,173,15,28
156,174,15,26
157,174,16,27
156,175,14,27
158,175,15,26
158,175,14,31
161,173,14,28
162,174,14,29
160,174,15,31
163,176,15,32
141,176,18,30
120,177,18,38
139,176,20,39
121,180,18,36
127,178,20,36
142,171,19,35
142,166,23,37
167,175,20,40
170,175,17,38
143,164,18,33
145,174,17,30
144,169,18,29
143,162,17,30
145,171,15,25
146,170,14,25
147,175,15,25
147,172,16,28
148,171,20,32
149,173,18,28
152,177,18,35
150,175,21,42
154,178,24,31
137,168,24,31
182,171,18,27
182,176,16,19
182,172,15,19
182,171,15,22
183,168,15,24
182,174,15,20
183,173,15,22
184,171,15,22
183,177,14,19
185,170,14,25
185,175,14,20
185,175,14,20
186,175,14,20
187,172,13,23
185,177,14,20
163,179,13,25
187,179,14,18
188,179,13,20
188,177,15,23
189,176,14,21
189,179,14,17
190,179,14,16
190,179,14,17
191,179,14,16
185,176,17,23
186,172,18,27
188,173,17,25
189,176,15,22
191,180,15,18
185,178,16,21
168,182,18,37
173,175,23,30
182,170,19,28
182,169,16,27
182,170,21,29
191,182,19,45
174,175,22,25
184,173,25,26
171,174,21,26
184,174,22,28
157,148,28,27
179,176,25,29
184,176,21,26
192,180,25,54
193,185,32,84
206,200,32,70
196,185,28,60
174,180,25,32
194,183,25,51
174,177,33,33
180,179,26,30
181,179,19,27
175,163,26,23
181,182,17,21
180,185,17,22
180,184,15,16
180,187,14,16
179,179,14,22
160,155,22,18
144,148,31,28
166,184,19,37
163,185,21,39
163,184,21,46
166,186,21,44
181,178,23,28
181,190,20,25
181,166,18,19
182,187,13,18
184,188,13,15
202,203,12,20
185,188,12,15
186,186,12,19
186,187,12,17
186,183,12,22
184,184,14,19
185,186,13,18
184,185,13,20
184,188,14,17
182,183,16,26
183,189,16,24
182,188,16,21
180,167,18,19
183,186,15,22
179,191,16,19
184,188,14,19
187,190,13,17
187,190,13,17
186,186,15,21
182,166,17,21
185,185,16,23
178,188,19,28
183,188,17,21
180,184,18,27
185,186,18,21
185,189,15,18
182,190,16,18
183,190,14,18
184,192,14,17
184,190,14,17
184,190,14,16
184,190,13,16
185,191,12,16
185,191,13,16
185,192,12,17
185,192,14,17
185,192,14,16
185,191,14,17
185,192,15,17
184,193,14,17
186,191,13,18
186,193,13,15
186,193,13,16
184,171,15,16
184,193,15,17
182,170,16,21
185,191,16,21
181,168,16,19
185,193,15,19
185,192,17,19
184,194,16,18
184,190,16,22
183,191,17,21
184,192,16,19
180,167,16,20
183,192,17,21
184,195,18,19
182,191,16,20
183,194,15,19
182,190,17,21
183,193,17,20
182,191,19,18
199,198,17,18
182,192,17,22
184,192,15,23
183,190,17,26
186,187,16,31
184,189,18,27
169,161,22,27
185,189,18,30
152,200,20,29
183,191,18,26
179,167,17,22
173,160,21,21
154,149,29,24
153,145,29,26
156,147,32,31
181,189,22,36
221,171,24,51
220,171,25,51
220,172,24,52
219,171,25,52
219,172,24,52
217,174,25,52
216,173,24,52
216,174,25,52
215,173,24,52
214,173,24,53
216,174,25,53
213,176,25,52
214,175,24,53
213,175,25,52
212,177,25,52
212,176,25,51
211,177,25,50
211,177,24,51
210,177,24,46
210,178,25,50
209,178,24,50
209,179,24,50
209,179,24,51
208,179,25,54
208,180,24,51
209,181,24,50
208,181,24,49
208,181,25,52
207,181,24,51
208,183,24,50
207,182,24,50
207,182,25,53
206,182,27,55
207,182,26,53
207,184,26,52
206,184,26,52
207,183,26,54
205,184,27,55
207,186,26,52
206,185,27,52
206,186,26,54
206,185,26,60
206,186,26,50
206,186,25,52
205,188,27,53
206,190,25,53
206,189,26,52
205,190,26,53
204,190,27,54
206,189,26,55
206,189,26,55
204,191,27,60
202,191,28,58
204,191,27,56
203,193,26,56
201,191,28,57
202,193,27,57
201,193,28,58
201,194,28,58
200,194,28,58
201,194,27,58
200,194,28,57
199,195,27,55
198,196,28,54
199,196,29,59
197,198,29,57
196,196,29,60
196,196,30,57
196,198,28,55
194,197,30,60
195,198,29,56
193,200,30,55
193,199,29,54
192,200,31,56
192,201,30,51
190,201,30,56
190,202,30,54
187,202,31,61
188,202,28,59
185,202,30,59
185,203,30,49
184,204,30,51
182,205,30,57
183,205,30,47
146,207,30,37
147,210,30,36
178,207,28,54
180,206,26,55
138,201,30,40
177,207,29,54
175,208,27,53
175,208,25,52
174,208,25,47
176,209,23,52
139,203,30,36
141,203,28,34
169,210,26,63
166,209,28,49
138,202,30,34
139,203,32,35
162,211,22,26
163,212,19,19
151,214,18,19
157,213,17,18
144,213,24,21
149,214,21,29
148,214,26,29
145,211,26,26
149,212,22,28
146,214,25,25
141,206,25,28
143,212,22,25
144,213,25,27
139,201,23,32
148,209,21,36
148,213,22,31
148,212,22,32
149,212,21,36
148,213,22,34
143,206,25,36
147,212,24,28
148,212,21,31
143,211,21,30
144,212,23,28
145,212,22,28
142,210,25,31
145,211,24,28
145,213,22,38
141,214,25,35
142,208,28,38
145,211,23,28
146,213,21,24
147,214,19,22
147,214,19,28
140,205,21,27
148,214,19,37
147,211,21,27
148,212,21,24
159,234,26,22
148,212,20,18
143,208,20,19
143,216,23,30
148,212,20,39
146,211,21,41
144,210,27,34
147,210,24,27
142,208,23,30
147,214,21,25
148,213,19,40
144,210,24,37
145,212,23,39
148,213,21,43
147,210,21,39
145,209,22,29
145,211,23,31
148,213,21,38
144,211,24,46
146,211,23,44
146,210,23,42
147,214,26,39
173,240,21,25
175,241,19,23
178,241,18,22
177,242,19,22
178,242,19,22
177,241,19,22
178,241,20,23
178,242,19,22
189,262,16,27
212,287,16,24
214,289,17,24
210,260,18,28
210,244,18,21
187,247,17,18
187,250,17,21
185,248,18,18
180,245,19,21
199,271,17,22
204,273,13,20
201,275,18,25
194,270,19,30
189,293,33,34
182,245,24,30
183,243,23,26
184,245,21,21
185,246,19,22
186,247,18,22
185,248,15,19
186,252,16,20
185,249,14,19
184,263,14,19
208,278,14,19
201,287,16,20
192,290,27,26
203,274,22,36
185,248,18,22
187,250,15,20
188,252,15,18
181,266,17,19
190,251,14,19
191,252,14,18
192,253,15,18
178,265,16,20
191,252,16,19
189,270,13,20
192,253,15,18
193,254,14,20
193,254,14,19
192,255,15,21
191,270,15,23
174,284,21,25
186,274,19,39
189,281,27,57
135,310,31,50
101,306,38,45
58,327,33,62
58,324,33,54
59,329,31,60
62,324,35,51
60,326,31,63
59,327,27,62
58,328,28,62
60,325,35,48
60,330,28,57
58,330,31,57
58,329,26,60
62,319,28,57
96,304,34,41
89,252,37,60
101,255,29,59
90,252,36,46
87,251,36,37
87,251,37,36
91,251,32,36
89,251,37,38
87,250,37,37
91,250,34,36
89,250,36,38
91,250,39,41
92,253,38,38
96,253,38,61
88,251,40,43
91,252,38,37
93,250,39,41
90,245,40,66
103,253,39,80
110,254,32,77
110,252,30,66
89,245,45,43
94,252,47,44
91,250,45,78
86,248,49,55
89,256,44,47
95,257,38,65
104,263,33,78
87,225,47,60
114,257,30,61
101,205,43,39
105,207,54,58
92,205,72,63
90,254,38,65
87,253,37,67
86,251,39,38
88,247,32,35
91,248,35,37
95,254,30,32
102,251,32,30
90,247,33,36
94,253,36,31
89,253,36,34
97,252,32,33
96,253,29,31
95,253,29,31
98,252,30,31
93,254,32,31
96,253,29,35
94,252,36,36
89,252,40,33
96,253,32,34
100,204,30,36
110,206,33,31
144,212,23,49
138,208,31,37
109,200,45,41
126,203,42,45
94,253,33,56
84,242,41,43
88,252,37,38
92,251,33,37
95,252,39,39
89,250,40,49
92,252,43,71
87,251,45,93
95,256,39,89
93,254,40,90
99,258,37,86
98,255,39,74
98,256,41,88
99,258,41,81
99,258,42,75
99,254,45,87
103,259,43,86
100,257,48,89
100,258,48,90
115,265,39,81
112,264,38,72
119,268,39,66
89,257,32,73
122,265,39,78
86,256,34,72
87,258,34,79
86,256,32,71
84,255,34,84
87,258,31,63
85,258,30,63
85,260,29,60
85,260,29,60
83,262,29,59
80,241,31,41
81,250,25,26
88,211,22,29
104,205,28,31
103,205,32,30
145,212,22,48
144,209,25,36
146,208,23,34
146,211,21,43
148,209,20,28
149,211,19,19
147,212,20,21
149,212,21,19
148,212,20,15
146,212,22,16
151,213,18,14
153,214,16,13
150,213,19,14
152,214,17,18
143,211,21,17
150,212,19,20
152,213,17,19
149,214,19,15
149,213,19,15
152,214,17,14
152,214,16,13
143,208,13,20
150,214,18,16
150,213,18,13
151,212,18,14
151,214,17,18
142,212,21,22
142,209,21,30
135,201,30,34
145,208,24,35
146,210,21,37
146,208,21,29
128,206,31,33
142,208,26,48
143,210,24,42
143,206,23,34
146,210,22,36
147,211,21,25
148,210,22,18
148,214,20,15
146,212,21,18
145,207,19,27
147,212,22,20
152,212,18,15
151,213,17,20
149,214,20,14
152,212,17,15
151,214,18,12
152,213,16,13
150,213,19,14
146,211,20,21
143,207,22,25
148,212,20,16
151,213,17,15
151,214,18,15
142,208,20,19
146,210,21,21
148,213,20,17
151,212,19,14
150,213,20,14
150,213,18,14
152,212,17,13
144,207,16,24
144,213,24,19
159,237,20,17
149,211,20,17
138,204,18,25
149,213,18,18
150,213,19,15
148,213,20,17
145,210,22,16
148,214,20,19
151,213,18,14
152,213,16,13
150,213,19,13
149,213,19,19
151,213,18,14
151,213,18,15
151,213,17,15
149,213,19,14
150,213,18,14
151,214,17,15
150,214,19,14
152,213,17,13
148,213,18,21
150,214,18,14
151,213,18,14
152,213,17,15
151,213,18,13
149,212,20,14
150,214,19,19
151,213,18,15
153,213,16,13
152,213,16,12
147,213,20,20
148,212,22,16
149,212,20,19
151,213,18,17
152,213,17,14
151,213,17,12
150,213,19,16
152,213,17,15
152,212,17,13
148,214,20,18
145,212,21,18
145,210,21,20
149,214,19,18
149,214,20,15
151,213,17,15
151,213,17,14
148,214,20,16
149,213,20,17
149,213,19,18
151,213,19,14
151,213,18,14
149,214,19,18
147,210,22,16
150,213,19,18
147,213,20,18
148,212,22,17
146,212,22,16
149,215,18,19
147,212,21,19
150,212,19,17
150,212,18,18
149,213,19,16
150,213,19,15
148,214,20,20
151,213,17,13
151,213,17,13
149,214,18,19
149,213,20,20
146,212,21,32
142,207,24,27
147,213,20,26
148,212,19,18
147,211,21,18
148,213,19,21
146,212,21,21
148,212,21,16
150,213,18,16
151,213,19,15
151,214,18,14
152,214,17,15
149,211,20,15
149,214,20,13
140,206,18,24
144,211,23,19
139,203,21,26
133,203,33,43
