0.001894
0.030386
0.020567
0.035928
0.038747
0.021368
0.019124
0.029579
0.039535
0.032841
0.050373
0.018194
0.035846
0.024555
0.037020
0.036584
0.037101
0.023057
0.053960
0.031368
0.024191
0.022137
0.029901
0.017629
0.035603
0.034653
0.033001
0.021044
0.051377
0.020365
0.030518
0.037836
0.019283
0.024778
0.028454
0.038378
0.033227
0.018025
0.067551
0.024740
0.029580
0.018359
0.032229
0.024337
0.027019
0.020709
0.042804
0.034981
0.052417
0.049928
0.031864
0.018072
0.041458
0.021322
0.019267
0.037396
0.038379
0.021150
0.047350
0.025472
0.018872
0.027269
0.025295
0.032263
0.031339
0.030244
0.029851
0.043093
0.031864
0.036089
0.026150
0.032196
0.034136
0.029862
0.026855
0.044816
0.029028
0.056847
0.030055
0.020772
0.024899
0.039246
0.028437
0.045640
0.043725
0.039598
0.084655
0.042226
0.019739
0.028055
0.020524
0.023465
0.022642
0.038365
0.032815
0.018917
0.044938
0.056255
0.016755
0.021109
0.015771
0.019275
0.017241
0.023028
0.025829
0.037739
0.021554
0.037895
0.020746
0.059891
0.018379
0.019767
0.017442
0.019453
0.020773
0.037368
0.021089
0.035218
0.032164
0.057184
0.041497
0.053017
0.018667
0.021075
0.032673
0.023239
0.026394
0.037403
0.046142
0.024782
0.034618
0.037081
0.048657
0.020499
0.022370
0.024275
0.017038
0.016992
0.024536
0.029059
0.027987
0.035301
0.019234
0.045664
0.040699
0.025248
0.018724
0.017295
0.030030
0.015806
0.020126
0.041089
0.019461
0.023228
0.031944
0.028099
0.015975
0.041384
0.043308
0.020682
0.020276
0.019640
0.021014
0.022648
0.021075
0.035944
0.036852
0.017713
0.047256
0.017856
0.019745
0.018938
0.020639
0.016295
0.020825
0.038723
0.019637
0.036945
0.018917
0.034270
0.021147
0.069210
0.046675
0.041126
0.022203
0.015798
0.037347
0.038465
0.018292
0.044718
0.029325
0.060380
0.049467
0.021899
0.019444
0.024435
0.020825
0.027076
0.026899
0.026797
0.045268
0.017509
0.036010
0.027540
0.019798
0.049037
0.018827
0.018700
0.017209
0.024329
0.021673
0.016744
0.019846
0.015239
0.024879
0.033027
0.019983
0.017267
0.058572
0.018381
0.016150
0.017250
0.016831
0.015921
0.025558
0.016210
0.017461
0.019011
0.026265
0.020813
0.015092
0.015897
0.016033
0.015361
0.015138
0.015252
0.018034
0.015520
0.018822
0.015412
0.015397
0.015733
0.020802
0.019537
0.028764
0.015674
0.015579
0.015617
0.015756
0.015585
0.016230
0.017597
0.015616
0.015437
0.017081
0.015397
0.018702
0.015517
0.015395
0.018795
0.017829
0.015215
0.015446
0.018462
0.019109
0.020571
0.016232
0.015780
0.015326
0.014849
0.019285
0.032579
0.017926
0.051480
0.048162
0.020736
0.020492
0.030529
0.018420
0.024821
0.017987
0.027798
0.028427
0.031982
0.019819
0.018385
0.069841
0.032319
0.015996
0.018124
0.019547
0.016759
0.020788
0.034606
0.023561
0.032635
0.018753
0.056066
0.041965
0.019701
0.019888
0.015906
0.017671
0.019047
0.022941
0.023738
0.018033
0.035316
0.025639
0.019110
0.057368
0.017948
0.015424
0.019610
0.017876
0.017206
0.025382
0.017406
0.018822
0.018139
0.032006
0.025921
0.016901
0.023078
0.030254
0.022984
0.020220
0.017509
0.016693
0.016283
0.019755
0.022743
0.024059
0.032541
0.024511
0.017789
0.058991
0.039307
0.025479
0.017462
0.021615
0.018632
0.018670
0.020017
0.016846
0.018192
0.032337
0.033179
0.020588
0.044953
0.028403
0.025608
0.019862
0.015988
0.015461
0.015847
0.023863
0.020557
0.015655
0.031977
0.029048
0.018321
0.044537
0.037922
0.049558
0.019895
0.031356
0.019645
0.017707
0.020531
0.023007
0.022779
0.017252
0.022741
0.030786
0.018001
0.017657
0.061445
0.018690
0.019205
0.020875
0.015595
0.017007
0.020102
0.016640
0.024258
0.018269
0.024573
0.024221
0.031054
0.021920
0.018336
0.022246
0.020674
0.022198
0.019134
0.020107
0.017645
0.015885
0.026811
0.016666
0.022933
0.016110
0.031116
0.026818
0.017493
0.031263
0.023178
0.018193
0.028689
0.016667
0.020257
0.021368
0.023839
0.032191
0.026860
0.071882
0.018127
0.019151
0.020218
0.021432
0.018560
0.016028
0.019876
0.029214
0.034139
0.017384
0.052765
0.044515
0.018821
0.017208
0.015661
0.015860
0.015141
0.015024
0.021612
0.015123
0.035453
0.018422
0.031812
0.019284
0.031948
0.055341
0.027527
0.017601
0.016870
0.016029
0.015488
0.024503
0.016841
0.018135
0.017488
0.031477
0.024488
0.018291
0.049298
0.018749
0.019143
0.024819
0.017475
0.018565
0.015930
0.025043
0.018721
0.042359
0.027374
0.032046
0.019913
0.017981
0.034512
0.024718
0.020264
0.017173
0.016431
0.017728
0.015611
0.026999
0.018605
0.020944
0.019910
0.031219
0.021615
0.018428
0.062772
0.018083
0.018364
0.018259
0.016428
0.016919
0.019153
0.018966
0.018802
0.023905
0.030305
0.028147
0.033545
0.026324
0.024997
0.036101
0.016245
0.018119
0.016557
0.026964
0.020805
0.022304
0.015094
0.018049
0.031453
0.020161
0.062684
0.036539
0.032337
0.015834
0.033354
0.018758
0.014969
0.016338
0.022260
0.016326
0.022123
0.024891
0.031167
0.024228
0.033464
0.048465
0.018846
0.016075
0.017591
0.019793
0.024286
0.016359
0.024207
0.030126
0.037117
0.021993
0.021656
0.046281
0.016792
0.018535
0.015173
0.017946
0.017671
0.017007
0.020584
0.022738
0.016809
0.021520
0.017156
0.032157
0.023502
0.052902
0.035908
0.025388
0.020602
0.020814
0.017766
0.015380
0.025651
0.017263
0.031228
0.015374
0.017807
0.067109
0.032860
0.025161
0.019548
0.018343
0.024456
0.017705
0.019006
0.022909
0.032234
0.015181
0.017328
0.037860
0.039799
0.020496
0.018079
0.024543
0.016308
0.016545
0.019763
0.019381
0.021019
0.017324
0.031832
0.027054
0.018710
0.064105
0.030154
0.018878
0.025307
0.021374
0.024705
0.028299
0.020320
0.032140
0.027124
0.018406
0.062177
0.025240
0.018820
0.031194
0.019101
0.023351
0.018080
0.024472
0.021079
0.023420
0.032556
0.019500
0.028007
0.051452
0.020386
0.017598
0.020135
0.016329
0.019124
0.020819
0.018456
0.020099
0.018904
0.036213
0.022890
0.018842
0.037279
0.052573
0.020467
0.019154
0.016986
0.018170
0.017437
0.019898
0.024085
0.016790
0.019825
0.015253
0.030525
0.022906
0.042251
0.030436
0.020188
0.021713
0.018944
0.015658
0.018871
0.024586
0.020714
0.026364
0.016514
0.033550
0.024023
0.027411
0.038106
0.018985
0.015764
0.019821
0.015078
0.020693
0.015358
0.017179
0.024734
0.034328
0.019007
0.032171
0.016369
0.027087
0.018748
0.021930
0.017558
0.015837
0.017052
0.024157
0.023384
0.036720
0.025739
0.027378
0.030996
0.021828
0.016267
0.083545
0.019429
0.032002
0.016244
0.017285
0.017128
0.025738
0.025417
0.021095
0.024282
0.031712
0.022546
0.026237
0.068900
0.041472
0.020524
0.021791
0.026287
0.018878
0.018157
0.022736
0.017597
0.023677
0.015671
0.030166
0.060539
0.022924
0.019011
0.037911
0.020713
0.023788
0.019493
0.024787
0.019323
0.034081
0.024525
0.047375
0.042092
0.023081
0.020684
0.036237
0.021813
0.025112
0.022190
0.017956
0.022818
0.032583
0.018350
0.058137
0.034839
0.023790
0.020761
0.020852
0.017548
0.018916
0.022640
0.021632
0.019681
0.023226
0.032588
0.020309
0.016039
0.064138
0.024556
0.019365
0.029035
0.020201
0.018869
0.018300
0.024894
0.019031
0.019881
0.025671
0.030839
0.021270
0.018211
0.043384
0.025409
0.018168
0.017351
0.017210
0.018008
0.026176
0.019457
0.022309
0.016180
0.033256
0.027518
0.021687
0.050693
0.025952
0.015990
0.016333
0.015000
0.024780
0.019155
0.018916
0.019038
0.031947
0.024904
0.027066
0.044729
0.016136
0.018634
0.019250
0.016203
0.027098
0.023410
0.017902
0.020909
0.031276
0.024341
0.041169
0.024808
0.016315
0.016535
0.017745
0.018687
0.016184
0.016186
0.025716
0.016167
0.024378
0.015904
0.017727
0.031416
0.018230
0.056499
0.020672
0.016680
0.019122
0.017955
0.015930
0.021368
0.015771
0.024752
0.014754
0.032578
0.031573
0.016842
0.054633
0.027717
0.016305
0.015657
0.016933
0.017122
0.015291
0.015311
0.020633
0.015231
0.019500
0.030833
0.024990
0.019115
0.058249
0.026603
0.019872
0.017564
0.016187
0.015131
0.023930
0.021864
0.017755
0.025097
0.033108
0.019900
0.019415
0.064649
0.020200
0.019636
0.018001
0.016993
0.015855
0.020912
0.017348
0.016373
0.031394
0.029415
0.035939
0.017515
0.020822
0.015634
0.015429
0.016371
0.024491
0.017286
0.023085
0.017529
0.031586
0.027010
0.028726
0.038871
0.044300
0.017627
0.023092
0.036306
0.018843
0.020731
0.017416
0.019171
0.018040
0.031522
0.027200
0.018649
0.040462
0.028150
0.019311
0.015565
0.014956
0.018305
0.018370
0.016864
0.026846
0.017183
0.019117
0.040902
0.030202
0.014970
0.034836
0.024653
0.016999
0.017384
0.023066
0.020900
0.023128
0.024889
0.015917
0.021430
0.031570
0.021872
0.019619
0.071349
0.017887
0.016738
0.015587
0.016946
0.020584
0.020558
0.027897
0.018969
0.023024
0.037415
0.020395
0.036253
0.030108
0.015974
0.015130
0.014921
0.014493
0.015228
0.020803
0.015596
0.021609
0.019659
0.030954
0.019608
0.051800
0.038556
0.020617
0.018023
0.015580
0.019368
0.024845
0.018441
0.024232
0.020221
0.018430
0.026739
0.032913
0.024846
0.059866
0.032348
0.025584
0.027508
0.017591
0.025386
0.017287
0.029251
0.033967
0.032464
0.081657
0.038908
0.020706
0.024867
0.028343
0.016216
0.023397
0.021466
0.021277
0.022741
0.032973
0.018362
0.021830
0.055557
0.018564
0.020278
0.019670
0.016989
0.018284
0.016288
0.024011
0.018426
0.021976
0.017099
0.021942
0.031146
0.018555
0.046433
0.046386
0.017960
0.016621
0.016619
0.019068
0.018193
0.015629
0.021942
0.019192
0.023798
0.016134
0.024880
0.030945
0.018919
0.018657
0.038681
0.017133
0.016312
0.016743
0.018425
0.016741
0.030897
0.017557
0.021359
0.016082
0.022042
0.022928
0.017398
0.037344
0.017687
0.019871
0.058220
0.018297
0.029668
0.017448
0.029196
0.016591
0.031452
0.042049
0.033779
0.031705
0.053391
0.042943
0.016404
0.015340
0.034456
0.017868
0.021704
0.025236
0.022044
0.045560
0.036230
0.051411
0.058036
0.039941
0.047537
0.037911
0.045925
0.042457
0.057848
0.080027
0.094763
0.044113
0.053897
0.072977
0.050685
0.088873
0.074919
0.044143
0.037580
0.037539
0.056521
0.020432
0.066548
0.029090
0.020410
0.019170
0.018682
0.022412
0.029088
0.027704
0.032840
0.020274
0.017415
0.031137
0.048249
0.018013
0.019040
0.016804
0.016448
0.019873
0.018142
0.018875
0.014924
0.030917
0.030620
0.014543
0.014537
0.015641
0.014333
0.014372
0.014754
0.014131
0.017615
0.016418
0.015435
0.014161
0.014204
0.014999
0.014251
0.014665
0.014224
0.014380
0.014439
0.014282
0.014485
0.014584
0.017339
0.015591
0.014552
0.014704
0.016561
0.015594
0.014512
0.014363
0.014301
0.017395
0.050773
0.044008
0.040496
0.036664
0.020077
0.017687
0.023618
0.025717
0.021693
0.021756
0.032581
0.026366
0.017466
0.060290
0.020943
0.040536
0.021334
0.022661
0.026224
0.019524
0.037122
0.041286
0.069647
0.039521
0.035254
0.063852
0.035321
0.025569
0.053648
0.081560
0.052399
0.071111
0.041652
0.037421
0.026613
0.094400
0.048027
0.053379
0.044992
0.042736
0.094656
0.072875
0.037037
0.056882
0.043316
0.036481
0.025620
0.069522
0.048050
0.055593
0.076037
0.049629
0.049955
