534,22,44,49
527,15,42,44
510,8,45,45
502,9,45,46
485,16,45,43
477,24,47,47
468,35,48,50
452,61,44,52
446,80,44,49
438,100,42,52
421,149,44,55
412,173,46,56
405,202,46,53
391,271,51,55
383,298,45,49
380,275,44,52
371,236,43,49
364,217,45,49
361,204,42,44
351,181,44,42
348,174,43,43
342,170,43,42
332,166,41,44
326,167,41,45
321,174,41,45
315,181,43,45
303,203,45,48
301,211,44,53
300,181,45,55
306,134,42,54
306,117,45,47
305,100,44,47
306,83,46,50
309,61,44,45
311,56,43,45
312,51,43,42
315,49,40,44
319,52,41,42
318,58,43,42
320,66,43,46
321,90,43,46
322,104,43,48
322,122,43,49
326,141,40,52
326,189,42,50
327,214,47,52
325,224,41,44
323,219,42,42
317,218,43,41
314,221,42,42
312,226,43,39
307,242,43,42
306,253,41,46
300,266,46,50
294,245,45,49
282,188,44,54
275,167,48,49
270,145,46,53
265,127,44,50
251,95,45,46
245,83,45,46
240,74,43,44
228,66,42,41
222,64,44,42
215,65,42,41
206,72,44,39
201,80,41,44
195,89,43,44
183,117,44,46
179,133,44,47
175,150,40,43
172,132,40,43
161,96,44,46
161,86,41,39
157,74,41,40
150,61,44,41
144,48,45,46
144,46,41,43
142,50,41,40
135,58,41,39
132,67,41,37
129,77,42,43
126,102,39,46
122,119,42,48
118,139,42,47
120,132,46,53
145,81,45,49
156,63,46,46
168,42,46,47
181,27,46,47
204,2,44,45
216,0,46,38
228,0,43,32
241,0,44,27
267,0,43,26
279,0,43,31
291,0,43,37
302,4,44,44
325,27,44,49
336,45,47,49
347,64,48,51
371,110,48,46
383,135,46,52
395,161,46,54
403,193,48,56
424,197,46,45
433,186,45,42
442,179,44,42
451,173,43,41
467,169,43,40
473,171,43,40
480,176,44,42
489,183,41,38
501,199,40,45
508,212,42,44
515,226,40,44
519,233,41,47
518,198,43,40
521,183,41,44
521,163,40,40
522,156,39,38
523,149,38,38
523,146,37,39
521,147,39,39
523,150,39,35
522,156,38,39
521,164,38,36
522,177,38,44
524,164,39,37
525,151,38,41
526,142,37,40
526,131,39,37
527,128,38,35
529,127,38,37
530,132,38,33
534,136,34,39
510,126,51,44
517,124,55,66
521,118,68,71
552,136,71,64
563,128,63,65
531,112,62,65
537,106,66,67
527,100,70,52
506,108,43,43
499,107,37,38
488,104,36,38
481,105,38,36
475,103,37,36
465,101,38,34
461,98,35,39
455,94,35,37
451,95,35,37
439,91,35,35
428,90,34,35
411,85,33,33
391,75,34,36
380,72,33,34
376,73,39,37
381,77,31,34
380,79,32,33
382,78,32,33
382,79,32,34
383,79,32,34
383,80,32,33
385,80,32,33
386,80,32,32
386,80,32,33
387,81,32,32
389,82,33,33
392,83,33,33
398,83,32,34
405,85,33,34
408,86,32,33
412,87,33,34
415,88,33,35
423,90,33,35
426,91,33,35
434,91,34,35
437,92,35,35
446,94,34,35
449,95,33,35
454,96,33,36
458,98,33,36
465,98,34,36
468,99,34,35
471,100,35,35
476,101,35,36
479,102,37,36
488,104,37,36
492,104,36,38
496,103,36,37
506,106,36,36
511,107,35,37
514,108,37,37
518,108,40,37
523,107,38,37
524,108,36,37
525,112,38,36
525,113,36,37
525,114,36,36
527,116,36,35
528,117,36,36
528,117,36,37
528,117,36,36
531,120,35,35
531,120,36,36
532,121,36,35
533,121,36,36
535,123,36,37
537,125,35,35
538,126,35,36
539,128,36,36
540,128,36,36
541,129,36,37
542,129,36,36
544,132,37,36
546,132,37,37
548,134,36,36
550,134,36,36
552,136,36,36
553,136,36,34
556,138,37,35
558,139,36,36
560,140,36,36
561,140,37,37
564,142,37,36
566,142,37,37
568,142,36,36
570,143,36,37
572,144,36,36
573,145,35,36
576,146,37,36
577,146,37,36
578,147,36,36
578,149,39,36
579,149,39,36
579,150,39,36
580,151,39,35
582,152,38,36
582,153,38,35
584,153,38,36
585,155,39,36
587,155,38,37
588,155,38,37
589,156,38,37
592,157,36,37
594,157,35,37
594,158,34,36
595,160,33,37
596,161,32,36
596,161,32,37
598,160,30,37
600,162,28,36
599,162,29,36
601,163,27,37
602,162,26,40
603,165,25,37
605,165,23,37
608,164,21,38
607,165,22,38
608,168,21,36
609,169,20,36
608,170,21,36
606,168,23,38
603,171,26,35
598,169,30,38
596,169,32,38
594,169,34,39
589,150,38,56
592,155,35,55
591,150,37,57
593,158,35,50
595,155,33,53
596,160,31,50
599,167,29,44
599,167,29,43
599,167,29,43
597,165,30,44
593,169,34,39
590,169,36,38
585,167,38,40
582,167,37,36
582,167,37,36
580,165,35,36
577,162,36,37
575,162,36,37
574,161,35,35
573,159,34,37
572,157,34,38
571,158,36,37
570,158,35,36
571,158,35,36
571,157,34,36
572,158,35,36
571,158,35,36
570,158,36,36
570,158,36,36
571,158,34,35
571,158,34,35
571,158,36,36
571,158,34,36
572,159,34,36
571,158,35,35
572,158,35,36
572,159,34,36
572,159,34,36
572,160,33,35
573,162,34,35
574,163,35,36
575,164,35,36
576,165,35,35
576,167,36,34
577,167,37,35
577,167,38,35
578,168,37,36
579,168,37,37
579,168,36,37
581,168,36,37
581,169,35,36
582,169,35,36
579,170,36,36
578,172,36,36
578,171,37,36
575,170,38,37
573,171,40,39
571,170,42,40
570,172,42,39
571,171,40,39
572,173,40,38
572,171,37,36
571,172,39,37
571,173,39,36
570,174,38,36
569,175,37,36
569,173,37,36
569,171,37,37
570,173,38,36
569,173,38,36
570,173,37,37
571,173,37,36
571,173,38,37
572,172,37,36
573,172,37,37
573,172,37,37
573,172,37,37
574,171,38,37
575,170,37,37
575,171,37,36
576,169,37,36
576,169,37,36
577,171,37,37
577,171,37,37
579,171,37,37
579,172,38,37
579,172,39,38
579,173,38,37
580,173,38,37
580,174,38,37
581,174,37,37
583,175,36,36
583,175,35,36
584,176,35,36
585,176,35,36
586,177,35,36
587,177,35,37
580,178,38,37
564,181,42,37
548,180,46,39
516,187,45,38
498,194,45,36
462,212,47,43
440,227,49,48
398,261,50,56
379,290,45,52
358,314,50,53
335,344,49,58
277,367,73,53
245,337,106,74
