0.005602
0.031198
0.036375
0.023214
0.017575
0.043624
0.017610
0.048605
0.035592
0.019058
0.018350
0.034929
0.023807
0.026016
0.020888
0.023352
0.017207
0.043169
0.037041
0.062577
0.025778
0.025092
0.017836
0.022084
0.022444
0.031754
0.035352
0.030769
0.018501
0.052145
0.037204
0.039986
0.034312
0.024019
0.027352
0.035190
0.021342
0.066363
0.034080
0.023732
0.032295
0.020805
0.032719
0.024459
0.026589
0.026199
0.033450
0.015418
0.036389
0.036492
0.020944
0.017928
0.015599
0.038498
0.022097
0.019181
0.021085
0.021186
0.023622
0.035426
0.015030
0.020059
0.046812
0.019641
0.015130
0.015979
0.015602
0.020995
0.016764
0.018239
0.016611
0.024125
0.019517
0.033122
0.051033
0.037959
0.014891
0.014545
0.017258
0.014875
0.014857
0.020360
0.017340
0.017900
0.022154
0.031806
0.024797
0.018050
0.044020
0.040138
0.019783
0.020504
0.028468
0.025412
0.019556
0.022944
0.031990
0.022282
0.037252
0.031317
0.026891
0.016437
0.016258
0.014933
0.018635
0.027750
0.023547
0.030680
0.018946
0.029725
0.040271
0.015987
0.016516
0.016727
0.014672
0.015067
0.018973
0.016958
0.020583
0.031521
0.031235
0.016113
0.021814
0.017434
0.019444
0.017481
0.016891
0.024939
0.031483
0.028128
0.016067
0.036284
0.044497
0.023565
0.033026
0.034670
0.022891
0.019229
0.024184
0.016901
0.023927
0.033004
0.030415
0.055020
0.019814
0.033918
0.025359
0.026184
0.028067
0.023060
0.026928
0.039965
0.067645
0.034534
0.025699
0.029796
0.031819
0.023077
0.023856
0.028591
0.032750
0.018797
0.021713
0.066954
0.021924
0.037548
0.021903
0.033728
0.030728
0.032517
0.023496
0.051864
0.037616
0.020359
0.039913
0.049219
0.019844
0.025369
0.037339
0.023922
0.032935
0.031228
0.057179
0.041002
0.033163
0.020561
0.031105
0.029256
0.044037
0.022001
0.037550
0.027854
0.051469
0.040241
0.049946
0.017617
0.038007
0.017242
0.040241
0.043788
0.097561
0.048615
0.037264
0.020186
0.016715
0.029049
0.036704
0.027555
0.047659
0.057857
0.027649
0.017044
0.032199
0.046598
0.020970
0.028774
0.037902
0.041376
0.051326
0.027019
0.063371
0.030199
0.033003
0.036385
0.023989
0.024916
0.028963
0.026824
0.043860
0.067978
0.044615
0.034498
0.039524
0.018580
0.026734
0.026869
0.033432
0.017645
0.066971
0.020609
0.022848
0.022484
0.017898
0.015134
0.014708
0.015837
0.020270
0.018685
0.019950
0.030856
0.026648
0.031469
0.040553
0.028458
0.037362
0.017468
0.018233
0.018604
0.021330
0.022925
0.016188
0.025906
0.031676
0.019534
0.017514
0.049636
0.024997
0.024853
0.016834
0.018626
0.019323
0.016142
0.015259
0.021753
0.027571
0.016029
0.031008
0.028893
0.026801
0.049200
0.016611
0.017715
0.016438
0.022415
0.019329
0.015043
0.015950
0.023241
0.025742
0.017430
0.031614
0.025263
0.015307
0.058003
0.023083
0.017511
0.016116
0.019107
0.016027
0.016463
0.019344
0.022175
0.034650
0.020650
0.043977
0.068316
0.026927
0.016102
0.016797
0.017797
0.021165
0.016455
0.023652
0.014872
0.024098
0.029279
0.016492
0.070461
0.017675
0.017300
0.017170
0.017379
0.015429
0.014960
0.023069
0.018452
0.024375
0.016691
0.016971
0.031691
0.018015
0.025406
0.042120
0.018572
0.015385
0.015739
0.017346
0.017426
0.015768
0.016451
0.019851
0.026126
0.026807
0.031146
0.023061
0.023743
