259,119,47,90
259,121,51,86
260,119,50,90
260,120,52,89
260,123,50,87
262,122,51,89
263,123,51,88
263,123,51,89
264,124,51,88
265,123,51,92
267,125,51,90
266,123,52,94
268,124,52,94
267,124,51,92
271,125,49,92
270,125,52,95
271,127,51,91
273,128,50,93
274,127,52,93
274,130,51,90
277,129,51,93
276,129,52,94
278,131,52,90
278,129,52,93
280,132,52,91
280,132,52,91
279,133,52,93
281,130,52,94
282,131,53,95
282,132,52,97
283,129,53,99
283,134,53,95
284,132,52,99
284,135,52,94
285,132,53,98
284,136,53,95
285,137,55,95
283,136,56,96
285,141,55,91
287,140,55,93
285,138,56,96
286,141,57,93
290,143,56,94
289,144,57,94
291,143,56,93
291,144,56,93
294,144,54,94
293,140,55,99
296,148,56,94
296,145,56,97
296,147,56,94
298,146,55,97
298,150,57,95
300,150,55,96
301,152,56,94
301,150,55,96
304,151,54,97
302,149,56,101
304,152,56,98
305,150,57,102
307,153,57,98
307,152,56,100
306,155,56,100
309,152,51,100
312,156,51,99
313,156,52,99
312,161,54,95
312,158,55,98
311,160,55,97
311,158,54,98
313,160,54,101
312,159,57,102
312,161,56,101
315,161,55,101
317,169,56,95
316,162,56,102
318,168,56,96
318,164,57,105
318,168,58,99
319,168,58,101
321,170,55,99
324,172,56,100
323,169,55,104
325,170,54,102
325,170,56,103
327,174,57,100
327,171,59,104
327,175,58,102
330,175,59,105
330,172,60,109
331,176,57,103
334,178,55,106
334,176,58,108
336,177,58,110
335,178,59,111
336,178,62,111
337,179,63,109
337,180,63,108
341,182,62,109
343,182,62,111
344,183,64,110
344,182,64,111
349,186,65,109
348,185,67,109
350,187,69,109
349,187,70,108
354,189,69,109
355,190,72,109
356,190,72,111
361,192,70,110
363,195,72,108
363,195,73,109
364,195,74,109
366,194,76,113
368,194,77,112
370,194,77,113
372,195,78,113
375,197,77,111
377,197,78,112
378,198,79,114
368,198,81,111
368,197,81,114
357,200,82,112
352,198,80,113
347,199,80,114
341,201,80,113
332,205,81,110
327,202,84,115
325,204,81,114
315,204,84,115
310,203,83,116
305,204,82,115
299,203,87,114
289,201,93,118
283,205,94,117
279,204,92,116
282,206,87,116
277,209,84,114
275,210,86,115
273,214,80,108
263,215,82,108
263,221,81,104
255,216,80,111
251,218,84,109
242,217,87,113
238,216,88,113
231,214,88,116
229,217,83,114
226,219,82,114
221,218,86,114
216,218,84,114
213,224,85,108
209,223,87,108
203,217,88,116
201,222,89,113
196,218,90,117
190,217,93,118
188,216,91,120
184,219,94,119
183,221,95,114
176,223,94,116
172,224,96,115
172,224,93,112
170,225,94,112
164,228,93,110
162,229,95,109
163,230,92,109
158,228,90,112
157,232,91,106
155,231,91,109
149,229,95,112
146,230,91,110
144,231,94,108
142,231,93,110
136,231,96,109
132,232,100,108
130,232,99,111
130,233,97,111
130,232,93,112
132,233,90,111
126,231,91,116
124,234,90,114
120,234,91,117
119,235,90,110
106,234,101,116
106,238,90,105
107,239,88,108
106,240,85,106
109,242,91,105
111,238,94,106
114,237,95,107
115,232,95,109
131,238,86,106
128,235,95,110
142,235,89,110
141,238,96,106
142,234,97,109
162,240,86,104
165,236,92,107
168,239,94,105
173,235,95,107
183,235,89,108
189,234,91,108
198,238,89,102
210,240,85,100
216,242,81,98
222,244,82,98
225,238,83,99
229,240,88,105
233,236,85,101
238,236,88,102
241,236,87,101
246,234,88,101
245,233,90,102
239,232,92,106
238,232,89,103
235,234,92,103
232,234,91,102
226,233,95,103
226,233,91,102
225,232,90,102
222,232,91,105
217,231,91,100
215,229,88,104
212,230,89,104
210,230,88,104
206,230,90,103
201,231,90,101
199,231,86,100
198,230,87,100
188,223,95,103
188,227,92,104
183,225,94,102
181,225,92,103
174,223,96,105
169,223,100,105
164,222,100,105
163,224,93,101
159,224,99,102
158,220,96,103
156,222,94,100
156,222,87,101
153,223,84,97
152,222,86,101
140,219,90,100
146,226,86,97
147,225,89,92
139,221,98,99
143,216,98,101
152,220,92,95
157,216,93,96
159,218,97,98
165,214,94,99
170,216,89,98
171,212,96,98
176,210,95,102
181,214,95,97
184,210,94,99
192,209,94,104
200,213,88,98
203,211,91,95
208,210,90,97
214,208,91,97
217,211,86,95
225,210,82,93
229,211,84,97
232,211,87,92
231,207,90,98
244,206,85,97
242,208,88,96
245,207,89,94
247,204,91,95
257,205,85,96
259,201,87,96
268,204,83,97
277,204,80,96
277,206,82,94
279,202,87,99
283,199,87,101
285,198,86,101
299,199,80,99
300,197,84,103
306,188,82,109
313,191,82,109
313,181,86,114
322,203,82,99
334,198,80,99
334,188,86,107
349,192,80,104
357,188,79,108
371,184,98,117
388,188,77,107
393,183,79,112
405,179,80,122
402,185,90,114
401,175,93,125
387,175,97,126
391,169,85,129
380,178,96,121
393,169,89,126
386,178,88,122
392,186,85,108
393,185,90,109
407,182,79,113
417,200,75,94
414,194,83,105
416,191,87,104
419,195,87,102
434,198,76,95
437,196,82,103
446,196,77,99
447,188,81,111
459,205,73,90
461,202,71,91
458,203,73,91
460,206,73,93
457,206,72,90
456,206,74,88
454,204,72,90
453,204,73,93
452,205,71,90
449,204,74,90
444,204,77,89
450,203,80,89
453,203,80,89
453,201,83,92
459,201,82,92
459,203,82,89
466,203,80,89
473,205,79,87
471,199,80,92
470,202,73,95
465,202,82,90
462,202,78,90
457,200,84,94
452,199,83,92
448,198,84,93
446,198,81,93
440,199,77,91
434,198,77,91
423,198,87,90
413,199,87,91
412,199,81,89
401,197,91,90
384,197,104,93
388,194,85,92
381,197,89,91
379,197,83,90
383,197,86,90
382,197,82,89
383,198,82,88
380,197,86,89
384,198,87,88
380,197,84,89
383,198,86,88
379,197,94,89
371,194,98,91
375,196,95,91
372,194,104,93
378,195,98,93
373,192,103,95
376,194,101,94
380,194,96,94
378,194,102,94
374,192,102,95
380,194,99,95
386,195,93,93
384,193,98,93
381,196,99,91
387,194,97,94
382,193,100,96
385,193,99,96
387,193,96,98
386,191,93,97
388,195,95,93
386,191,103,98
392,192,95,98
389,185,99,105
396,193,92,95
399,189,93,99
398,193,98,94
398,188,102,101
400,190,95,97
393,186,105,102
407,187,90,102
398,190,98,94
403,189,95,96
400,184,97,102
399,175,99,109
402,178,97,108
397,174,104,112
390,177,112,110
384,171,119,116
378,165,123,124
391,171,111,116
396,168,106,119
390,168,114,118
365,164,129,119
371,167,118,119
359,168,118,118
369,173,103,113
355,170,110,118
357,172,102,113
354,173,101,113
341,164,102,121
336,163,107,118
325,159,114,126
324,152,107,129
317,148,111,133
310,156,113,123
306,158,106,120
306,148,99,123
303,160,99,124
287,148,105,130
285,155,109,124
281,151,111,116
273,154,105,128
272,158,99,130
260,157,105,111
260,156,111,106
248,149,105,131
244,157,107,114
239,159,113,109
234,141,106,139
226,160,114,107
227,154,107,115
219,152,113,115
213,153,115,115
210,155,130,112
199,154,118,117
201,149,117,117
191,141,118,134
188,145,122,127
184,132,117,138
174,120,122,153
174,142,118,132
169,147,122,124
170,151,116,121
164,155,118,117
157,141,126,132
154,139,121,138
144,132,120,149
147,138,119,146
140,144,138,127
142,141,119,132
148,154,115,124
155,160,110,114
153,168,109,111
153,165,113,113
154,163,121,113
155,159,120,118
156,159,116,120
156,156,128,118
155,148,127,133
159,129,131,152
160,134,130,145
162,127,135,149
163,137,139,142
169,135,137,146
170,151,138,133
190,122,124,158
198,145,126,136
202,119,127,165
209,132,122,155
211,136,127,151
209,136,139,153
219,121,134,166
228,144,131,149
226,134,137,154
226,137,135,154
223,125,114,170
229,132,144,160
241,138,126,154
236,138,136,153
248,144,138,149
249,145,140,145
246,152,136,148
250,136,127,157
252,158,121,139
260,142,145,147
258,148,94,157
261,185,89,116
264,183,91,117
268,183,92,115
271,183,91,117
275,187,91,114
280,188,89,114
286,191,88,113
292,190,87,116
294,189,87,116
286,188,92,112
277,194,98,109
287,195,86,111
280,182,99,124
276,185,93,118
267,191,99,116
269,188,93,120
269,180,107,128
261,190,103,111
260,191,94,114
254,194,105,117
250,186,102,119
261,185,128,124
246,197,92,117
252,193,89,121
243,198,87,107
239,197,89,118
245,196,91,119
232,197,92,115
245,190,98,124
234,206,86,113
230,202,97,118
265,182,112,119
251,186,121,126
256,175,118,127
225,197,100,125
245,179,119,133
236,171,137,146
203,143,154,171
217,157,148,163
203,142,150,173
212,165,150,156
205,168,165,153
196,161,158,166
199,150,154,177
196,160,146,169
205,167,158,163
186,187,148,147
184,160,161,170
179,157,158,174
169,158,168,173
177,158,161,173
173,158,148,176
180,167,148,168
175,185,142,151
174,158,150,177
165,163,155,171
168,164,149,172
159,168,160,168
157,181,143,159
154,153,151,183
157,172,148,172
154,160,150,180
153,165,145,175
159,180,146,161
149,167,148,171
156,186,141,163
150,175,154,164
138,189,129,161
139,171,146,177
138,163,146,184
142,178,134,171
133,164,147,182
128,175,164,174
131,174,136,178
123,166,150,183
127,172,149,181
125,190,144,161
121,168,146,181
124,202,142,153
118,192,145,165
118,168,146,189
117,179,148,174
131,205,146,147
133,175,144,182
143,200,140,158
139,182,144,171
145,212,144,147
152,201,140,158
158,199,136,159
163,230,130,132
172,226,131,136
169,224,139,137
174,219,141,147
181,204,139,159
186,223,129,142
194,237,125,130
194,244,122,123
203,239,123,131
205,233,116,131
212,243,123,119
220,234,126,123
213,234,124,137
225,234,125,124
231,230,127,145
237,225,125,148
246,228,120,144
247,228,124,145
253,226,126,146
252,230,128,143
264,231,119,144
270,229,119,148
276,239,117,139
285,242,112,138
289,240,111,140
279,239,130,140
288,234,149,144
287,235,118,147
291,243,109,139
294,257,111,127
288,248,106,137
294,259,96,125
289,266,99,118
294,262,95,125
289,258,95,132
290,259,94,131
291,265,93,125
290,272,92,120
283,269,99,124
287,272,96,120
277,265,108,129
280,263,105,131
274,262,109,134
274,262,109,133
275,266,103,132
267,265,110,133
253,261,118,137
264,266,108,133
253,266,115,134
260,266,108,134
266,277,101,125
270,276,96,126
255,274,111,128
258,275,107,129
268,277,96,128
269,276,91,128
269,280,91,126
273,283,89,125
268,288,89,119
270,290,88,117
266,286,92,123
270,292,89,119
269,292,89,119
261,288,93,123
269,289,87,120
262,288,93,125
276,290,88,123
283,296,84,119
281,286,96,127
288,293,91,120
300,292,88,123
296,287,93,128
307,285,91,131
309,288,94,129
308,285,94,132
306,282,94,136
305,288,92,132
311,292,91,127
306,293,93,129
304,295,93,126
302,293,92,128
301,292,90,130
302,294,93,128
300,292,93,133
297,289,93,134
297,289,96,135
296,290,94,136
294,292,93,134
294,296,95,131
295,295,94,132
291,295,110,131
299,286,105,143
306,293,103,137
315,295,99,134
316,294,102,136
323,297,103,135
343,310,97,126
339,297,99,138
356,310,93,126
359,304,97,130
361,304,100,130
366,292,105,143
379,300,97,137
383,305,104,132
386,305,104,135
383,300,110,140
389,308,96,131
