0.002884
0.019732
0.021170
0.017081
0.020435
0.022336
0.033369
0.025532
0.015879
0.024274
0.035291
0.020233
0.018543
0.018958
0.020400
0.018419
0.019451
0.018491
0.024180
0.027773
0.018344
0.032202
0.031610
0.017349
0.024448
0.030121
0.017905
0.017477
0.024973
0.020623
0.028651
0.026752
0.019198
0.035121
0.026366
0.018173
0.067032
0.018715
0.015938
0.017519
0.020088
0.017502
0.022041
0.017633
0.018102
0.023872
0.044546
0.016628
0.051636
0.029697
0.018726
0.016631
0.022139
0.018313
0.021645
0.019902
0.033453
0.023000
0.019139
0.056370
0.018308
0.016323
0.017145
0.016120
0.018151
0.019571
0.024083
0.017457
0.025182
0.031192
0.032084
0.021084
0.043028
0.022461
0.020857
0.016119
0.017002
0.028560
0.020379
0.032555
0.018584
0.032511
0.025512
0.032992
0.031305
0.019540
0.017728
0.017746
0.016322
0.025316
0.016599
0.027054
0.042248
0.034405
0.017509
0.046685
0.023478
0.019713
0.019937
0.018175
0.018897
0.022945
0.018475
0.019205
0.031674
0.028333
0.042953
0.029211
0.017118
0.018371
0.017396
0.026500
0.018051
0.018559
0.020702
0.032499
0.023721
0.024100
0.024718
0.040504
0.018878
0.018093
0.017787
0.016960
0.017492
0.021731
0.031126
0.026584
0.032512
0.016445
0.046413
0.039306
0.018420
0.024493
0.021548
0.020448
0.029087
0.020524
0.033922
0.019652
0.070449
0.020086
0.016549
0.018271
0.017803
0.016834
0.021059
0.026309
0.027198
0.031877
0.021965
0.042283
0.047140
0.022701
0.017058
0.017217
0.017312
0.022060
0.019587
0.017200
0.019529
0.023901
0.019371
0.021051
0.023129
0.032239
0.028111
0.018457
0.033954
0.031094
0.022888
0.018851
0.021975
0.017142
0.017891
0.017496
0.022270
0.018453
0.022197
0.022564
0.034333
0.022638
0.050046
0.032702
0.022285
0.017426
0.020473
0.022026
0.018367
0.024527
0.017633
0.023321
0.021987
0.035264
0.021844
0.060984
0.040408
0.018429
0.021995
0.019453
0.019963
0.022483
0.025473
0.017901
0.026945
0.034358
0.021001
0.033952
0.036929
0.018759
0.020582
0.019359
0.018979
0.022658
0.025237
0.022073
0.034296
0.024358
0.019614
0.054309
0.031476
0.020953
0.020125
0.021182
0.019884
0.026318
0.027494
0.021490
0.036051
0.027512
