0.002569
0.022107
0.019503
0.030565
0.026315
0.026072
0.023630
0.041857
0.038381
0.069623
0.026963
0.046231
0.019837
0.024362
0.026121
0.020437
0.030166
0.029060
0.033452
0.024293
0.053880
0.038053
0.039007
0.017685
0.033572
0.039622
0.019780
0.017758
0.019408
0.033021
0.023257
0.035578
0.024742
0.031748
0.059321
0.043658
0.031548
0.018622
0.040285
0.035845
0.031377
0.026987
0.029319
0.078546
0.036050
0.029873
0.024213
0.021159
0.021892
0.042864
0.018073
0.020256
0.026302
0.042155
0.015983
0.058985
0.032948
0.045012
0.019187
0.025997
0.020572
0.034037
0.023144
0.024189
0.045220
0.028453
0.050698
0.043830
0.033994
0.020381
0.041526
0.031788
0.026007
0.031163
0.032710
0.037227
0.032610
0.068586
0.023548
0.040367
0.031060
0.025506
0.026058
0.046326
0.031661
0.033317
0.041126
0.029494
0.020065
0.042780
0.029027
0.019988
0.037730
0.034674
0.033145
0.027256
0.069813
0.021091
0.024770
0.038399
0.024194
0.020096
0.039888
0.031074
0.024393
0.034475
0.022198
0.020306
0.070305
0.046806
0.033925
0.036293
0.039121
0.038547
0.042040
0.052491
0.044969
0.033772
0.020294
0.025798
0.023475
0.024030
0.047455
0.031234
0.045571
0.071011
0.052538
0.019438
0.021471
0.018644
0.029118
0.022170
0.031034
0.032560
0.022184
0.019710
0.044751
0.025417
0.055713
0.044862
0.019321
0.038267
0.024380
0.029271
0.031153
0.018657
0.022471
0.042397
0.038125
0.043731
0.057388
0.019672
0.029913
0.022157
0.042016
0.025080
0.033980
0.041427
0.027449
0.041094
0.022333
0.069764
0.035940
0.030195
0.023010
0.025422
0.038155
0.043723
0.021013
0.066082
0.030539
0.021577
0.021967
0.033883
0.026476
0.037594
0.018530
0.044210
0.019386
0.037783
0.023037
0.056533
0.038746
0.051172
0.024754
0.041633
0.033513
0.040437
0.025954
0.073375
0.018221
0.049419
0.020272
0.042196
0.020148
0.028065
0.030230
0.045590
0.026222
0.021426
0.059453
0.040122
0.020012
0.023085
0.023468
0.026410
0.040174
0.025254
0.036384
0.042685
0.064219
0.024725
0.033596
0.027943
0.036939
0.024874
0.026330
0.042333
0.029228
0.027072
0.052876
0.029520
0.039999
0.020370
0.018933
0.035261
0.027409
0.024554
0.037456
0.020031
0.075031
0.035510
0.029039
0.019737
0.034759
0.040571
0.025103
0.022255
0.029226
0.043781
0.019166
0.022344
0.066335
0.037529
0.030248
0.019507
0.031264
0.020447
0.018272
0.024702
0.036851
0.019274
0.035001
0.026048
