540,328,41,123
536,324,39,126
531,323,40,129
523,324,42,126
520,324,42,125
514,325,43,127
509,324,44,130
503,324,47,130
503,323,43,128
501,322,41,133
497,321,41,138
494,319,42,133
491,322,40,135
490,321,41,137
590,323,37,117
586,318,37,116
585,318,41,120
555,323,44,118
456,320,41,131
450,319,42,127
445,320,45,122
444,319,43,122
443,319,42,126
437,320,44,127
434,320,45,130
430,320,45,127
426,317,44,128
424,317,43,126
419,316,42,128
416,318,44,126
410,319,43,123
404,320,43,122
399,320,40,115
392,319,39,115
385,319,40,117
380,318,41,121
376,319,40,119
374,319,39,120
371,318,39,118
367,317,42,117
360,318,43,119
356,318,44,121
350,318,44,124
346,317,42,124
340,316,40,127
333,315,40,123
330,314,40,124
325,315,40,120
321,317,41,116
315,318,40,111
313,320,38,103
308,318,39,112
302,317,41,105
300,316,38,104
297,317,39,110
293,315,40,114
289,311,41,123
281,311,42,122
273,312,48,120
266,312,52,123
266,311,50,122
264,311,47,123
262,310,41,122
261,310,39,118
256,309,38,124
251,306,36,122
242,308,41,119
238,309,44,119
236,309,45,120
234,309,43,118
233,307,41,122
232,306,39,119
228,303,37,123
225,304,36,124
222,303,35,121
219,305,36,118
216,304,36,120
213,303,36,119
213,304,37,118
209,305,39,118
207,306,40,117
202,306,42,117
200,307,42,115
197,307,39,112
196,313,37,104
194,307,35,106
196,310,33,99
193,310,34,98
195,314,32,90
193,310,33,94
197,308,30,97
192,314,34,89
195,309,31,97
192,311,32,92
198,304,29,99
192,311,33,96
193,303,33,102
193,307,32,101
192,304,34,105
192,312,34,96
190,304,35,105
191,308,33,96
191,306,33,96
189,305,34,99
189,313,33,88
188,308,34,91
188,310,32,88
188,304,33,96
189,308,31,91
194,312,29,88
190,310,31,90
192,307,31,94
191,299,32,105
189,313,34,90
188,308,32,92
186,302,34,98
187,308,33,93
186,306,34,97
182,304,35,98
181,308,37,93
177,303,37,100
171,297,39,112
168,305,39,104
168,311,35,90
165,298,37,106
164,310,37,88
165,308,35,92
165,309,35,96
166,307,33,94
168,301,32,97
166,298,34,104
167,287,35,111
165,295,37,107
166,290,35,108
166,296,35,106
168,300,33,98
169,311,32,90
170,299,33,101
167,298,35,101
170,300,33,98
169,303,34,95
166,311,35,87
169,300,32,99
163,295,37,111
163,298,36,102
159,297,38,102
158,301,38,99
155,295,38,105
153,298,38,100
150,293,40,103
155,292,41,103
145,287,43,113
143,289,44,110
143,290,43,109
144,289,43,109
144,296,41,103
144,289,41,112
144,290,38,110
144,293,38,108
142,294,37,106
142,287,38,112
138,287,41,115
135,288,41,113
134,289,42,111
135,296,39,104
133,295,40,108
132,292,39,111
131,288,40,113
127,288,41,116
127,288,40,112
126,288,39,113
126,288,40,112
126,288,40,114
126,288,40,113
128,290,39,111
128,287,40,113
128,287,41,113
129,285,41,113
125,279,45,119
124,286,46,111
122,281,48,114
119,282,50,112
119,283,49,110
121,283,49,111
119,283,49,110
121,282,49,111
120,282,49,110
122,281,47,112
122,279,43,113
123,280,43,112
124,278,41,111
126,277,43,113
124,278,40,111
126,280,41,109
125,279,40,112
129,276,41,112
127,282,38,102
129,280,39,102
125,275,43,107
125,270,46,110
124,273,47,108
126,270,46,110
126,269,48,110
128,267,42,110
133,262,36,109
135,262,37,108
136,262,39,106
136,262,38,104
137,260,38,106
137,259,39,107
137,259,39,106
138,260,37,102
138,258,38,100
138,251,37,106
137,254,35,101
215,267,38,116
211,262,42,120
136,250,41,105
210,273,39,109
209,280,36,103
207,276,37,107
208,280,36,102
207,275,38,111
205,273,38,115
205,268,40,120
204,261,37,126
202,264,39,120
205,265,35,115
203,262,35,123
200,250,37,119
200,261,37,107
199,256,38,103
195,260,38,99
194,261,36,107
192,251,38,116
189,237,38,145
188,242,40,140
175,238,52,149
178,242,46,132
175,216,50,155
170,222,52,150
174,216,50,158
167,221,53,150
168,241,54,159
164,254,62,133
181,242,69,145
175,368,56,91
147,368,62,90
132,267,91,141
154,365,71,94
169,368,55,90
149,373,71,85
147,372,65,84
190,372,37,86
165,303,50,92
146,213,40,84
130,207,40,90
174,208,38,93
125,205,38,94
120,207,36,94
121,204,38,98
122,206,36,96
124,204,36,95
123,203,38,94
122,204,38,95
121,204,39,95
127,205,41,89
122,204,37,94
120,204,37,94
118,197,43,96
116,197,44,94
113,197,46,94
112,197,43,91
111,198,43,92
110,199,41,90
107,196,36,85
106,194,34,87
105,196,33,83
103,195,35,87
101,193,36,87
101,193,37,87
98,188,40,93
97,189,39,92
97,187,37,92
96,186,37,94
95,185,41,97
93,185,39,98
91,184,38,97
89,183,39,96
87,183,38,99
87,182,38,100
84,180,40,102
79,179,41,101
76,179,37,101
70,179,36,95
68,181,38,94
72,181,36,99
63,182,41,95
62,180,35,87
56,178,41,97
54,178,39,96
53,177,39,98
52,176,41,98
51,175,41,98
50,174,38,99
51,174,40,99
51,175,39,98
52,174,40,99
54,175,37,98
56,176,37,96
59,177,36,96
59,176,37,95
61,177,39,96
61,176,40,93
67,175,36,92
69,174,36,95
71,174,35,95
73,174,36,94
75,174,38,95
80,173,38,95
80,172,40,90
78,171,38,95
82,171,39,94
86,169,33,90
88,169,31,88
89,169,32,85
90,169,32,84
91,169,32,85
99,167,28,86
97,164,30,87
95,163,33,89
96,163,37,88
95,161,40,91
93,159,41,91
93,156,42,94
93,155,39,92
93,155,40,91
92,155,42,86
93,152,39,89
95,150,37,87
94,153,36,83
95,153,33,82
96,155,31,74
99,152,33,79
97,149,31,82
95,145,34,76
94,145,34,82
99,143,38,85
94,142,34,88
99,138,34,90
95,134,35,89
97,135,34,83
95,133,32,83
97,135,31,80
95,135,32,80
98,136,32,80
101,133,32,82
96,134,32,79
98,133,33,80
102,131,33,84
107,128,30,81
104,127,31,83
105,126,31,87
104,122,34,90
99,123,37,90
108,124,31,88
105,128,31,88
107,123,32,84
106,119,31,89
109,118,29,87
107,117,30,87
110,116,31,88
111,115,33,87
111,117,31,86
113,118,32,84
115,119,33,81
114,123,38,79
162,125,34,89
161,123,33,89
161,121,32,87
160,124,33,85
158,117,32,88
159,115,31,90
158,112,33,95
119,114,32,85
158,122,29,80
158,120,28,82
159,130,27,71
159,127,26,73
124,125,27,67
159,122,29,79
158,115,28,85
159,115,30,90
127,126,32,73
159,119,31,90
126,100,34,84
156,104,31,87
156,108,31,86
154,108,32,90
153,101,35,80
150,105,33,82
158,103,36,77
156,117,29,80
154,114,27,79
155,121,28,71
127,91,32,75
153,118,29,75
154,121,27,72
154,122,28,74
154,125,27,66
154,125,28,67
153,118,30,76
154,121,28,69
153,95,32,84
153,96,33,82
152,92,33,84
139,88,34,75
153,94,32,79
152,97,36,74
157,99,34,74
154,94,35,82
154,99,35,77
160,95,38,82
155,94,36,82
209,98,32,72
208,92,33,75
204,92,35,70
158,94,35,77
159,95,38,79
