175,96,20,46
175,93,21,53
174,94,22,54
174,94,22,54
178,93,21,51
176,94,22,53
178,93,22,59
177,91,23,58
177,92,24,61
176,90,25,61
178,92,24,59
178,92,24,58
180,93,24,58
180,92,24,60
180,94,24,58
182,91,24,62
182,92,24,62
183,91,24,62
185,93,23,58
185,93,23,60
186,93,24,58
187,94,23,57
186,94,23,58
188,95,23,53
189,96,22,56
188,95,23,59
187,95,24,58
187,95,24,58
188,93,25,58
189,93,25,59
189,94,24,57
190,94,25,65
189,93,26,63
191,94,26,59
191,95,24,63
191,96,26,61
194,94,24,56
193,92,24,60
194,96,24,57
195,96,23,56
197,95,24,57
197,96,25,70
198,98,26,59
197,100,24,53
198,98,27,66
199,99,24,57
205,97,22,50
199,98,26,57
203,97,23,58
202,97,24,57
204,98,24,62
204,95,24,63
203,96,25,63
205,97,24,60
206,97,25,62
204,96,26,69
206,95,27,70
206,96,27,72
206,95,27,67
207,95,26,71
207,94,27,71
207,96,25,70
208,95,25,65
210,96,26,69
209,96,25,70
211,97,24,64
210,98,23,64
211,99,23,63
210,99,23,63
212,96,25,68
211,97,25,75
211,97,25,71
212,98,24,71
215,97,25,75
213,98,26,75
213,97,25,75
217,99,25,69
216,98,25,71
216,99,25,70
219,98,25,68
220,98,25,67
220,98,24,67
220,98,23,67
220,100,23,58
222,100,24,64
221,101,24,59
223,100,25,60
223,100,25,66
226,99,23,67
225,101,24,59
225,101,23,57
225,100,25,65
225,99,24,66
227,101,25,67
227,101,25,72
233,100,28,70
232,101,27,68
230,101,26,71
228,100,28,71
236,100,28,68
233,100,29,72
234,100,28,70
234,101,25,70
238,100,25,67
235,103,26,70
237,103,24,65
236,102,24,69
238,102,23,65
236,102,26,69
238,102,25,68
237,103,25,68
237,103,24,66
237,102,23,66
240,104,24,68
237,103,25,67
240,103,23,68
240,105,24,68
240,102,24,68
241,105,25,74
240,103,27,69
241,104,25,67
242,104,24,72
241,104,26,70
242,104,25,70
242,105,26,67
243,106,24,69
245,106,24,67
244,106,24,68
245,105,25,68
248,103,28,70
245,106,28,71
246,106,25,70
248,105,25,68
248,106,26,70
250,105,26,70
249,107,25,70
252,107,25,69
254,107,26,69
252,107,25,68
256,107,26,69
256,107,24,67
259,107,24,66
259,107,23,67
261,108,23,65
263,108,25,66
261,107,26,70
261,108,25,69
262,108,24,70
263,109,25,70
264,108,25,70
265,108,25,69
263,109,25,69
265,108,27,72
265,109,26,69
265,109,26,70
267,109,27,70
269,109,29,71
267,110,27,69
269,111,26,69
269,111,27,69
271,110,27,68
271,110,27,69
271,110,26,70
272,110,26,67
272,111,26,70
273,112,26,68
272,112,27,68
275,114,26,67
277,112,25,67
275,112,26,68
275,111,26,70
278,109,27,70
276,112,27,69
278,112,29,71
277,112,28,71
279,114,28,65
282,114,27,68
281,114,26,65
282,113,30,66
283,114,27,67
284,113,28,65
286,112,28,69
285,113,27,69
287,113,27,68
288,120,28,65
288,118,27,64
288,117,30,68
288,116,31,68
290,118,31,70
291,114,29,70
292,115,29,71
291,115,29,69
293,114,28,73
293,115,28,70
294,115,28,67
295,115,30,74
295,116,29,75
299,117,28,68
299,116,27,74
299,118,28,72
301,115,27,74
302,116,27,72
303,116,27,70
302,117,27,71
304,117,25,70
303,118,26,66
306,119,28,66
306,123,27,62
306,121,25,66
306,121,26,65
306,121,26,67
308,119,27,68
306,119,28,70
306,117,28,72
310,117,28,72
308,118,28,71
312,119,29,71
310,120,27,68
310,119,28,71
315,118,32,69
313,119,28,74
319,116,31,73
320,122,30,69
316,121,30,70
318,118,29,74
319,117,32,61
318,119,30,64
318,117,29,73
318,117,29,75
320,118,28,76
320,119,28,75
320,119,28,75
320,120,29,72
321,121,29,71
323,120,27,70
323,120,30,72
323,121,30,72
323,121,30,74
326,122,30,73
323,123,30,68
331,124,27,70
327,125,28,71
330,122,30,71
327,122,29,75
331,122,30,75
330,121,30,75
331,124,29,70
334,124,28,68
334,126,27,68
338,126,26,72
336,126,27,72
337,124,28,76
337,124,29,79
339,125,27,76
338,124,27,74
339,125,28,73
341,123,30,78
341,124,28,75
344,126,28,76
343,127,29,72
347,126,29,74
347,127,28,74
346,128,29,74
348,128,28,73
350,127,27,74
350,126,29,77
352,126,28,75
353,126,29,77
353,128,27,74
355,129,29,71
355,129,26,71
358,128,29,74
357,129,27,73
359,129,28,71
361,128,29,75
360,129,28,73
362,128,28,71
361,129,27,72
365,130,29,68
365,131,27,69
370,132,25,68
368,130,26,73
374,131,29,71
371,132,29,73
377,130,28,76
374,130,28,75
378,129,28,75
375,131,30,75
378,130,26,72
379,130,27,72
378,133,28,73
379,133,29,73
379,131,29,78
379,133,29,79
379,132,28,76
381,131,30,78
380,130,30,80
381,133,28,76
382,135,29,75
382,135,28,75
384,137,28,72
384,137,25,73
386,137,26,74
387,136,26,74
388,135,27,75
387,135,28,76
389,136,29,74
389,136,28,77
391,136,30,78
390,137,30,77
391,136,31,79
390,136,31,79
391,136,29,77
393,135,30,81
392,137,29,80
391,136,29,79
392,135,32,80
392,137,28,79
393,138,31,78
394,142,29,75
395,146,28,71
397,145,27,65
396,146,28,67
396,144,31,72
396,145,30,66
397,143,29,74
398,141,29,77
398,140,30,81
400,143,30,75
398,144,30,71
402,146,30,71
401,148,28,67
401,146,27,69
402,144,29,76
404,145,30,79
403,144,29,75
403,143,29,77
402,145,31,77
402,141,33,80
405,146,31,80
404,147,30,64
408,145,30,73
408,141,33,82
409,144,30,79
411,147,32,74
413,146,31,76
414,153,29,73
416,146,35,78
431,137,33,72
435,138,31,71
416,154,30,67
414,149,33,74
439,144,28,74
437,143,32,75
432,145,35,76
435,145,34,86
439,142,30,81
428,146,28,81
430,148,27,73
438,141,29,76
431,149,27,78
432,149,28,79
432,150,29,82
432,152,27,79
433,153,28,82
433,154,27,75
433,153,28,78
433,152,29,85
433,152,29,83
432,150,31,87
434,153,31,81
436,154,29,76
436,156,30,78
437,153,29,79
436,154,31,80
436,153,31,83
439,152,30,80
439,151,35,88
439,153,31,85
440,156,32,86
441,157,29,78
443,157,30,80
442,159,30,79
445,158,27,64
447,158,27,59
450,158,26,59
450,160,26,59
453,159,26,61
473,151,28,79
456,157,29,78
457,159,29,78
477,151,29,55
464,157,29,62
461,160,28,60
480,154,29,58
477,160,30,64
463,161,27,70
465,162,27,64
466,165,30,62
465,164,28,61
468,163,27,62
466,162,31,68
467,163,30,62
468,163,29,65
470,165,27,61
475,162,30,63
472,164,30,79
473,162,30,78
474,164,30,79
475,163,29,75
476,165,29,66
471,165,33,57
478,169,29,71
479,170,29,60
474,170,35,57
483,168,27,74
484,167,26,74
484,166,28,70
483,168,29,73
484,163,30,80
485,167,29,70
483,164,32,77
490,164,33,67
488,165,30,67
490,167,29,62
488,169,28,66
490,167,33,76
489,166,33,72
495,166,29,71
492,168,32,76
497,167,29,72
499,171,27,63
501,172,28,67
499,173,27,58
500,171,29,65
497,172,31,63
503,172,28,66
500,169,31,63
504,174,29,65
521,163,32,65
507,172,30,65
507,174,30,61
508,177,30,65
531,167,28,65
513,174,31,65
516,172,30,65
515,174,30,64
518,172,30,65
543,168,26,63
544,167,26,65
541,168,27,66
548,168,24,66
550,169,23,61
546,171,30,65
528,177,30,73
529,175,31,69
549,172,28,61
545,172,31,56
551,170,27,63
535,176,30,62
554,171,25,64
550,173,26,59
551,174,29,62
541,179,28,61
543,179,29,62
543,179,29,57
551,177,29,57
547,181,27,62
566,176,29,62
562,175,31,63
570,175,28,62
549,184,30,64
547,183,35,69
568,181,31,57
575,179,31,63
572,179,34,79
576,180,32,64
576,180,30,66
571,184,30,60
562,185,38,71
569,183,33,73
566,183,37,77
575,182,31,63
584,182,30,59
575,188,30,63
578,186,33,65
560,185,50,87
577,181,39,94
581,180,40,73
587,179,36,73
584,181,37,66
589,178,35,53
592,183,33,53
589,186,33,53
594,184,34,66
591,188,32,84
560,192,56,93
593,184,34,100
590,189,35,89
