0.002448
0.032323
0.060584
0.025185
0.017855
0.020217
0.016197
0.018841
0.036122
0.024788
0.035562
0.030756
0.045592
0.017418
0.022999
0.017183
0.018122
0.017834
0.022663
0.024879
0.032688
0.026353
0.080721
0.037254
0.018740
0.024668
0.017532
0.018395
0.017826
0.021099
0.024212
0.018019
0.031712
0.025981
0.067129
0.057964
0.022869
0.019061
0.021442
0.040531
0.017275
0.022591
0.033689
0.026489
0.069076
0.020281
0.016775
0.022106
0.017485
0.024160
0.022542
0.030716
0.032896
0.017979
0.060177
0.037235
0.018988
0.018149
0.019488
0.017978
0.029214
0.021755
0.023946
0.026822
0.027333
0.074250
0.042969
0.017453
0.015911
0.018163
0.022256
0.026336
0.036977
0.047654
0.031151
0.021312
0.072776
0.027582
0.019420
0.021289
0.019021
0.025486
0.030189
0.037110
0.028760
0.026608
0.077970
0.038594
0.018823
0.016865
0.021263
0.020542
0.016596
0.036854
0.040560
0.071802
0.019578
0.016457
0.017876
0.028350
0.032257
0.016588
0.036578
0.082017
0.035107
0.018383
0.016867
0.016486
0.015637
0.026680
0.028444
0.022080
0.034236
0.061257
0.036691
0.036749
0.022896
0.073149
0.017377
0.024412
0.034224
0.018552
0.031955
0.020756
0.078190
0.094255
0.024164
0.018631
0.017402
0.026242
0.024019
0.022519
0.032851
0.021842
0.077718
0.020956
0.020653
0.018517
0.016965
0.017086
0.022387
0.024466
0.032284
0.058701
0.031982
0.064317
0.055262
0.075980
0.025946
0.021044
0.023960
0.062822
0.036763
0.020432
0.023438
0.049970
0.033998
0.023619
0.017541
0.017713
0.049676
0.044429
0.028834
0.030122
0.020276
0.061047
0.031101
0.022212
0.020411
0.024820
0.021878
0.023062
0.042762
0.021162
0.028247
0.023471
0.022637
0.044590
0.032706
0.018873
0.017844
0.017840
0.023666
0.027752
0.022213
0.032780
0.017762
0.040643
0.085875
0.036067
0.020743
0.025456
0.023497
0.049250
0.021559
0.024051
0.035156
0.016487
0.020850
0.061796
0.020562
0.015747
0.019660
0.020033
0.021154
0.060120
0.025467
0.070560
0.030448
0.019259
0.044752
0.023010
0.018836
0.019101
0.018249
0.019771
0.044231
0.056171
0.028654
0.059302
0.041322
0.024177
0.059787
0.028368
0.022779
0.031343
0.020356
0.081981
0.059369
0.053354
0.083943
0.046481
0.027185
0.041831
0.078701
0.037721
0.024678
0.024605
0.030603
0.019386
0.016837
0.017108
0.015997
0.031776
0.059036
0.075853
0.060538
0.029862
0.025988
0.059966
0.024621
0.019169
0.020436
0.020621
0.018828
0.031816
0.025061
0.058693
0.028869
0.087050
0.048180
0.028622
0.029745
0.064455
0.054645
0.023060
0.052367
0.040388
0.086605
0.027667
0.018257
0.017336
0.034158
0.040605
0.035094
0.018542
0.049450
0.049086
0.091582
0.039011
0.020742
0.035027
0.052123
0.027889
0.074137
0.035543
0.044884
0.018936
0.015606
0.021025
0.062476
0.026024
0.055336
0.039127
0.042216
0.071433
0.078421
0.027640
0.016707
0.018130
0.018516
0.016807
0.016732
0.053751
0.058361
0.018935
0.044080
0.051396
0.022703
0.020864
0.023874
0.026423
0.074337
0.029171
0.064590
0.075486
0.027534
0.027716
0.021902
0.025604
0.022239
0.017558
0.034068
0.067148
0.017894
0.025522
0.026385
0.020177
0.042709
0.027033
0.057130
0.055103
0.032075
0.031264
0.019591
0.076863
0.024623
0.064145
0.018665
0.022574
0.021119
0.020871
0.017156
0.041625
0.020906
0.023309
0.026881
0.034045
0.051256
0.034283
0.046313
0.020692
0.019645
0.023379
0.026443
0.035933
0.020076
0.076884
0.043175
0.021795
0.027692
0.025147
0.065305
0.038696
0.045607
0.048779
0.070101
0.018503
0.017543
0.019926
0.018625
0.021681
0.024970
0.024800
0.036386
0.069175
0.074314
0.042428
0.025979
0.022873
0.018975
0.069695
0.042073
0.020225
0.017988
0.023200
0.026548
0.018059
0.024965
0.031089
0.061837
0.084598
0.059984
0.039545
0.028480
0.072609
0.030900
0.022193
0.032142
0.033274
0.021240
0.062248
0.020153
0.021503
0.085177
0.049639
0.071015
0.023292
0.020930
0.022053
0.023451
0.020675
0.022528
0.063802
0.017381
0.016898
0.019142
0.025476
0.044192
0.055432
0.101035
0.033357
0.045887
0.031242
0.083756
0.021828
0.020430
0.019699
0.022438
0.020148
0.025108
0.103641
0.042798
0.035588
0.023205
0.077859
0.048744
0.029171
0.020678
0.035895
0.022386
0.078235
0.077357
0.021704
0.017422
0.018210
0.022178
0.050141
0.090577
0.106436
0.070688
0.033990
0.090841
0.028082
0.021518
0.028896
0.018956
0.026610
0.024928
0.033162
0.019245
0.078145
0.026552
0.071433
0.046560
0.050732
0.065154
0.061941
0.066427
0.043356
0.034610
0.019398
0.075240
0.021650
0.020669
0.036402
0.032521
0.093307
0.047591
0.039782
0.023309
0.037652
0.028816
0.053366
0.021086
0.020273
0.018969
0.016307
0.022389
0.035251
0.024454
0.019980
0.075909
0.066431
0.060728
0.025297
0.016303
0.088242
0.023523
0.022960
0.021702
0.021901
0.032865
0.022017
0.023065
0.065492
0.098800
0.046513
0.021904
0.065257
0.071419
0.032982
0.038801
0.020963
0.067065
0.021608
0.020777
0.070812
0.035878
0.028524
0.021770
0.060069
0.088453
0.093173
0.039802
0.077897
0.025509
0.020260
0.022683
0.018319
0.032576
0.057179
0.040595
0.029715
0.045295
0.064993
0.019603
0.019462
0.074563
0.032233
0.019247
0.025575
0.018880
0.022257
0.063382
0.061884
0.031965
0.018643
0.079360
0.069460
0.020625
0.019515
0.021623
0.028875
0.032308
0.030479
0.021633
0.060632
0.068993
0.097639
0.051735
0.055262
0.068577
0.048367
0.022004
0.024264
0.041211
0.067932
0.032668
0.088103
0.057427
0.041201
0.031910
0.063164
0.065369
0.040647
0.041574
0.072142
0.048032
0.095903
0.028093
0.060253
0.047700
0.038142
0.091775
0.093937
0.062167
0.043371
0.069113
0.042367
0.046560
0.038978
0.086668
0.088684
0.064882
0.071418
0.053577
0.029881
0.029469
0.068677
0.045797
0.038033
0.092706
0.033516
0.030318
0.069419
0.095531
0.032646
0.029707
0.053123
0.105221
0.060056
0.023186
0.024854
0.103760
0.038813
0.022768
0.036251
0.067516
0.092157
0.085794
0.115161
0.051096
0.047845
0.072567
0.024971
0.028219
0.041842
0.036553
0.073057
0.040899
0.059982
0.077260
0.027597
0.052992
0.055560
0.066396
0.039106
0.035915
0.061344
0.138947
0.099735
0.047761
0.035141
0.075821
0.065957
0.067911
0.037199
0.021917
0.026752
0.083488
0.072031
0.041840
0.022608
0.098904
0.073259
0.046831
0.037879
0.029526
0.035889
0.034480
0.107602
0.118467
0.059312
0.022536
0.053694
0.075590
0.051191
0.027307
0.047891
0.028310
0.121861
0.051264
0.091385
0.071025
0.032464
0.027394
0.065002
0.037931
0.056390
0.063211
0.063682
0.061063
0.064268
0.040117
0.055529
0.051298
0.026575
0.036811
0.070189
0.067867
0.052415
0.068435
0.076320
0.044608
0.025357
0.049849
0.036247
0.042216
0.089971
0.050691
0.020769
0.020133
0.035443
0.086495
0.085953
0.076535
0.040556
0.025464
0.024757
0.053647
0.059467
0.028467
0.087711
0.081467
0.054625
0.065793
0.025150
0.044440
0.066509
0.032239
0.038945
0.042884
0.064159
0.074574
0.074915
0.093305
0.071730
0.047534
0.057833
0.076512
0.045505
0.100616
0.070374
0.019048
0.047885
0.084543
0.055016
0.045761
0.084319
0.040865
0.059307
0.104379
0.053833
0.058698
0.082657
0.048999
0.101195
0.072354
0.020496
0.098311
0.105198
0.048454
0.095759
0.065043
0.078203
0.067770
0.030616
0.027687
0.019327
0.075677
0.050470
0.031696
0.025048
0.085387
0.071751
0.051172
0.061382
0.109089
0.034566
0.038908
0.080182
0.031847
0.050667
0.077647
0.044861
0.040753
0.052140
0.029213
0.037361
0.033720
0.024443
0.068541
0.072192
0.041622
0.043836
0.096202
0.022298
0.057452
0.036321
0.049455
0.042457
0.034394
0.028733
0.069497
0.078432
0.094513
0.090167
0.037435
0.019573
0.078157
0.065891
0.055934
0.024433
0.026409
0.046053
0.083093
0.071964
0.092368
0.045242
0.025251
0.022839
0.041330
0.071341
0.039272
0.027403
0.057289
0.140348
0.052366
0.048355
0.076440
0.047620
0.040180
0.026905
0.082711
0.038018
0.065248
0.089753
0.055209
0.052439
0.104255
0.053378
0.038035
0.028078
0.024194
0.070702
0.035496
0.078990
0.063438
0.061708
0.051618
0.028617
0.088317
0.048152
0.052821
0.037737
0.079764
0.085546
0.081552
0.081394
0.046772
0.071925
0.041721
0.033227
0.045030
0.083072
0.073714
0.037417
0.021284
0.088352
0.103403
0.038257
0.051563
0.089299
0.082778
0.043734
0.026115
0.115879
0.032797
0.036778
0.100628
0.045424
0.023802
0.030089
0.035957
0.023920
0.069158
0.115198
0.112542
0.046363
0.031562
0.100526
0.048029
0.052344
0.020931
0.114158
0.059763
0.067854
0.067620
0.032384
0.043364
0.089841
0.028531
0.048676
0.042763
0.036724
0.045045
0.065041
0.032295
0.095248
0.021120
0.019688
0.027263
0.024882
0.077707
0.023898
0.097139
0.042756
0.098971
0.050234
0.052607
0.064947
0.056960
0.024557
0.039593
0.022560
0.071876
0.084057
0.056454
0.105445
0.023540
0.050119
0.050311
0.067173
0.037540
0.026146
0.032914
0.031962
0.101650
0.057812
0.046745
0.068949
0.051816
0.028092
0.065516
0.065541
0.039064
0.033079
0.038106
0.040504
0.064977
0.039270
0.052272
0.028501
0.071118
0.050098
0.023386
0.042093
0.096535
0.035825
0.037235
0.026411
0.087883
0.099507
0.048394
0.078482
0.049557
0.041469
0.068154
0.061619
0.080226
0.054897
0.044499
0.023395
0.045715
0.076826
0.054581
0.096276
0.059279
0.023035
0.023986
0.066561
0.050359
0.036868
0.032139
0.077701
0.078907
0.047568
0.065593
0.115507
0.033430
0.050527
0.069867
0.030159
0.054955
0.033498
0.088699
0.037234
0.026816
0.051343
0.078839
0.065651
0.030472
0.045122
0.037260
0.074160
0.046234
0.019952
0.079032
0.059235
0.060329
0.047391
0.067429
0.064180
0.039745
0.032543
0.027477
0.024010
0.067664
0.079673
0.055114
0.088483
0.029726
0.021094
0.025966
0.067094
0.039232
0.027506
0.069443
0.096577
0.036684
0.104470
0.039581
0.079236
0.056507
0.091071
0.067923
0.028586
0.066525
0.074408
0.043488
0.028428
0.031171
0.049023
0.088391
0.054645
0.067902
0.078156
0.098505
0.070617
0.044008
0.076312
0.040699
0.040869
0.078614
0.038524
0.049285
0.039171
0.021863
0.108643
0.089710
0.055751
0.098176
0.047212
0.050305
0.028366
0.083406
0.040558
0.025995
0.029946
0.040848
0.022763
0.017883
0.020554
0.023539
0.092441
0.051730
0.045926
0.050850
0.025362
0.028159
0.072652
0.022178
0.017703
0.020810
0.037696
0.023134
0.056051
0.083626
0.073891
0.037815
0.039681
0.065186
0.082952
0.032865
0.018620
0.022600
0.026315
0.026232
0.031884
0.022849
0.072325
0.061599
0.061909
0.052091
0.083717
0.044538
0.024992
0.034783
0.037609
0.084725
0.045642
0.018701
0.021418
0.028924
0.038583
0.087495
0.089405
0.052442
0.050227
0.022468
0.023494
0.021234
0.018679
0.053671
0.027018
0.034974
0.029804
0.025763
0.083709
0.066146
0.072811
0.043060
0.030143
0.029612
0.060175
0.038569
0.034310
0.071228
0.073314
0.036002
0.086709
0.064600
0.024189
0.035491
0.030138
0.069352
0.076382
0.025894
0.032868
0.046453
0.038418
0.046438
0.074750
0.040868
0.021600
0.074969
0.049197
0.021647
0.021662
0.017866
0.047661
0.033258
0.034443
0.037449
0.070988
0.040379
0.022318
0.024791
0.018945
0.018535
0.051472
0.052781
0.033854
0.028267
0.058571
0.069716
0.065241
0.090917
0.045118
0.021265
0.051940
0.074363
0.047462
0.062832
0.080830
0.053274
0.018414
0.019807
0.023782
0.044663
0.057541
0.073581
0.023635
0.028492
0.057676
0.027354
0.017124
0.017628
0.016529
0.016801
0.016963
0.019645
0.038345
0.025577
0.025209
0.043202
0.060524
0.092219
0.043505
0.060823
0.041772
0.069072
0.026397
0.033091
0.050921
0.022220
0.056891
0.023471
0.021702
0.025849
0.035263
0.071576
0.058357
0.099520
0.047554
0.059599
0.096028
0.056371
0.032624
0.041313
0.046679
0.055940
0.020222
0.022702
0.020089
0.028744
0.059614
0.048126
0.074293
0.024621
0.046689
0.109720
0.023802
0.019705
0.020147
0.024066
0.018839
0.024232
0.018614
0.033091
0.072662
0.102034
0.052531
0.042473
0.058869
0.039871
0.019938
0.016873
0.026352
0.050124
0.039159
0.018832
0.067920
0.028352
0.096143
0.037459
0.020544
0.019077
0.019704
0.019030
0.026237
0.039225
0.031014
0.090849
0.055261
0.065826
0.021068
0.021986
0.028503
0.021044
0.019175
0.041380
0.061548
0.019400
0.109027
0.024058
0.026348
0.026901
0.039591
0.023233
0.028263
0.063637
0.029763
0.065389
0.028246
0.020506
0.021093
0.061163
0.090224
0.064301
0.041697
0.051536
0.081908
0.019745
0.030289
0.021841
0.019453
0.024720
0.017732
0.021484
0.024176
0.078419
0.085057
0.042594
0.059118
0.028363
0.069541
0.021320
0.029271
0.030540
0.077644
0.022260
0.091946
0.096112
0.050516
0.046045
0.042250
0.071553
0.024232
0.022394
0.037249
0.019337
0.034594
0.027638
0.025796
0.025051
0.070776
0.025801
0.060953
0.021877
0.032307
0.022407
0.027388
0.018842
0.017438
0.017542
0.027101
0.024035
0.034078
0.025633
0.091213
0.051177
0.034894
0.064140
0.083274
0.038631
0.020400
0.018759
0.024919
0.023630
0.018386
0.029867
0.048511
0.031581
0.022274
0.091833
0.069431
0.101004
0.031009
0.022502
0.023059
0.019385
0.083372
0.051781
0.041418
0.094430
0.078361
0.054436
0.111169
0.040938
0.040500
0.019426
0.022377
0.018227
0.025841
0.056714
0.034236
0.032709
0.017528
0.057566
0.060721
0.082965
0.071578
0.035358
0.046449
0.044462
0.029289
0.037301
0.027173
0.068949
0.073934
0.024547
0.016311
0.015862
0.025382
0.076432
0.040930
0.076659
0.078557
0.029982
0.020260
0.024481
0.058974
0.024123
0.058049
0.024937
0.018937
0.067439
0.086707
0.052839
0.039152
0.042207
0.104344
0.022968
0.024721
0.019585
0.019667
0.023287
0.043419
0.076360
0.070346
0.036282
0.019621
0.018927
0.015976
0.030253
0.019235
0.068250
0.036523
0.049011
0.076221
0.026782
0.021299
0.028096
0.042881
0.041839
0.026616
0.042458
0.029103
0.064915
0.023473
0.061331
0.020990
0.015434
0.022939
0.018341
0.026263
0.037805
0.037160
0.098250
0.025728
0.037692
0.043545
0.019432
0.034189
0.036448
0.018283
0.032458
0.028868
0.072175
0.020103
0.020138
0.017937
0.022571
0.028084
0.051162
0.033281
0.020033
0.083096
0.051942
0.038575
0.020212
0.048263
0.052267
0.068130
0.048129
0.024883
0.026684
0.041093
0.052624
0.018499
0.029335
0.080026
0.018609
0.020875
0.017490
0.021836
0.022823
0.077179
0.080769
0.067497
0.047225
0.028643
0.021240
0.019396
0.064006
0.036710
0.032027
0.021158
0.071482
0.035300
0.048462
0.075275
0.063542
0.025881
0.027738
0.027758
0.033674
0.064895
0.101404
0.040047
0.057432
0.026188
0.036468
0.072868
0.043267
0.037301
0.027964
0.040269
0.027657
0.070266
0.064827
0.036371
0.022997
0.071509
0.029332
0.022743
0.022462
0.033269
0.068828
0.066290
0.046501
0.026869
0.027573
0.027217
0.084818
0.055433
0.028047
0.022100
0.022069
0.032927
0.056379
0.057437
0.019979
0.022570
0.018027
0.019508
0.028122
0.023782
0.021675
0.062901
0.042064
0.071144
0.022834
0.018250
0.039580
0.039501
0.024320
0.030199
0.024420
0.031951
0.022790
0.105058
0.058668
0.043373
0.023886
0.024319
0.036528
0.025551
0.054123
0.065863
0.027082
0.025844
0.038174
0.022653
0.021167
0.067393
0.048951
0.040852
0.039142
0.022406
0.069201
0.066587
0.023758
0.018560
0.024375
0.016508
0.016184
0.017283
0.022780
0.049427
0.045245
0.080638
0.034745
0.023252
0.034360
0.071020
0.024304
0.021269
0.018487
0.018992
0.083797
0.024150
0.031381
0.019554
0.020702
0.050241
0.022718
0.031965
0.026765
0.064276
0.069405
0.029142
0.064776
0.018808
0.034951
0.031481
0.016787
0.022330
0.021570
0.090231
0.023737
0.047545
0.039871
0.021143
0.021990
0.019315
0.019466
0.025067
0.032219
0.046362
0.019200
0.095715
0.025310
0.073316
0.074698
0.022386
0.021717
0.022023
0.024356
0.034814
0.030736
0.036533
0.019373
0.044078
0.066693
0.053577
0.039879
0.021964
0.016720
0.019350
0.035964
0.026144
0.040909
0.023723
0.060960
0.066988
0.079382
0.085909
0.081981
0.023967
0.017728
0.064936
0.018340
0.023057
0.031955
0.027927
0.100703
0.031567
0.034877
0.019767
0.019471
0.083751
0.028166
0.017004
0.020701
0.025470
0.024379
0.028930
0.034370
0.027694
0.041045
0.065962
0.089780
0.020650
0.020635
0.021241
0.022973
0.016089
0.024786
0.032494
0.027966
