195,123,20,14
195,122,18,16
193,122,21,15
192,121,20,16
190,120,20,15
189,118,20,16
189,117,19,16
190,118,18,14
191,117,17,14
190,116,17,14
190,117,16,15
189,118,17,14
188,117,18,15
188,116,19,15
188,116,19,15
188,117,20,15
188,116,20,16
188,116,20,16
189,119,20,16
189,120,19,16
189,121,19,15
189,122,20,17
190,124,19,17
190,127,19,17
189,129,19,17
188,131,19,17
187,132,20,16
187,135,20,17
187,136,20,18
187,136,20,18
185,137,21,17
187,138,19,16
188,136,20,16
187,136,20,15
190,135,19,17
190,133,20,17
190,132,20,16
190,131,19,15
191,130,20,16
190,130,19,17
190,130,19,16
188,130,19,15
187,129,20,15
185,129,19,16
185,129,19,16
183,129,20,15
181,130,19,14
179,128,18,15
177,127,19,14
175,126,19,14
174,127,19,15
171,124,20,16
170,125,20,16
165,119,19,15
166,117,19,15
166,117,19,14
168,116,19,15
168,115,18,15
171,115,19,16
171,116,19,15
171,117,19,14
173,118,17,14
174,118,17,14
175,116,17,15
175,116,17,15
176,117,16,15
176,119,17,15
175,121,16,14
174,121,16,16
174,121,16,15
171,120,17,15
170,121,17,15
168,123,18,14
167,120,17,15
162,122,19,14
162,120,19,15
160,121,18,14
157,118,20,16
156,118,19,16
154,118,19,15
152,116,19,16
151,117,20,16
149,117,20,16
148,116,19,16
147,115,19,16
146,115,20,16
146,114,19,16
147,114,19,16
147,115,19,17
148,117,19,17
149,119,19,17
149,121,19,18
151,122,19,17
152,122,20,17
155,123,19,17
156,124,19,16
159,125,19,16
162,124,18,15
161,124,19,16
162,122,19,16
163,122,19,16
163,121,20,16
163,121,20,16
163,121,19,16
161,120,20,16
162,120,20,16
160,121,20,16
159,121,20,16
158,122,20,16
156,122,21,15
156,122,20,15
155,120,20,16
154,120,19,16
153,120,18,17
153,119,18,16
152,116,18,17
152,116,18,16
152,116,17,17
152,114,17,17
152,113,16,17
153,113,17,17
155,112,16,18
157,112,17,18
156,112,17,17
160,113,16,18
161,113,16,18
165,114,16,17
164,115,18,18
167,116,17,18
170,117,17,17
173,118,18,17
175,119,17,15
175,119,16,15
178,120,19,14
179,120,19,14
183,118,18,15
184,118,19,15
186,117,20,15
188,117,19,15
191,116,20,16
192,117,20,15
193,116,19,15
195,117,20,15
196,117,20,14
199,116,18,16
201,117,19,16
202,116,19,16
202,116,19,15
204,115,19,16
204,114,20,15
206,111,18,16
207,109,19,17
207,108,20,18
211,106,19,17
210,106,21,18
210,108,21,17
211,110,19,18
209,113,20,17
210,118,20,18
208,124,21,15
209,125,20,16
209,130,19,17
207,133,19,16
210,138,17,16
210,140,17,15
212,144,16,14
212,147,16,14
213,148,16,14
215,150,16,15
215,151,18,15
216,150,18,15
217,148,20,15
217,146,20,15
220,140,18,15
221,138,18,15
222,132,19,16
224,130,18,16
226,126,19,16
226,120,19,17
229,116,18,16
229,111,20,16
230,108,20,17
231,107,20,17
230,108,20,17
232,111,20,17
233,117,20,18
233,121,20,18
234,129,20,18
234,133,21,18
235,138,20,18
235,140,19,18
236,145,20,16
235,148,20,16
237,149,20,17
236,152,21,16
237,155,19,16
240,156,18,17
242,156,19,16
241,156,19,15
245,155,18,15
245,153,18,15
248,151,17,17
250,150,17,17
252,150,16,17
254,148,16,15
255,148,16,15
256,147,16,16
257,145,16,17
259,146,16,17
261,145,16,18
262,145,16,17
264,146,17,17
268,146,16,17
267,145,16,16
268,144,16,16
271,144,17,16
272,144,17,17
272,143,18,17
274,142,18,17
274,142,19,18
274,140,19,17
276,139,19,16
276,141,20,15
275,140,20,16
277,139,19,16
277,140,20,16
278,151,20,15
277,154,20,16
276,157,19,16
276,157,20,16
276,159,20,16
276,157,20,15
276,156,19,16
276,155,20,15
275,150,18,17
275,149,20,17
275,144,19,17
274,143,19,17
273,140,18,16
272,139,19,16
271,136,20,16
270,134,20,17
269,133,19,17
268,129,18,17
267,129,18,17
265,128,18,17
263,128,18,17
261,129,19,16
261,132,18,15
260,134,18,15
257,138,19,15
256,140,19,16
255,142,18,17
255,144,18,17
254,145,19,17
252,147,18,16
252,148,19,15
251,150,18,15
252,150,18,17
252,151,18,17
252,151,17,17
253,151,17,18
252,152,18,18
252,152,17,17
254,152,17,17
255,151,17,17
255,149,16,17
257,146,16,18
256,144,17,18
258,141,16,18
257,140,17,19
258,139,16,18
256,134,18,17
255,131,18,18
255,130,17,17
254,128,16,17
253,127,16,17
251,125,17,16
249,123,17,16
247,123,18,17
245,124,18,16
245,124,19,16
242,125,19,17
239,129,20,16
239,132,19,16
236,136,20,16
236,137,19,17
234,139,20,16
233,141,20,16
231,143,20,16
231,143,21,16
229,144,21,17
230,144,21,16
230,144,21,17
230,143,21,17
230,143,22,17
230,144,21,17
231,143,22,17
231,142,21,18
231,140,21,19
231,140,21,19
230,139,22,19
230,140,21,18
230,138,21,19
230,139,20,18
230,137,21,19
230,137,20,18
230,137,20,17
231,136,21,17
231,137,20,17
232,137,20,18
233,138,20,17
235,138,19,18
236,138,20,17
237,136,20,17
239,134,19,16
240,133,20,17
242,132,20,15
244,129,20,17
245,129,20,17
246,128,20,17
248,126,20,18
247,127,20,17
249,128,19,17
249,130,20,17
249,131,20,17
249,132,20,17
248,132,20,19
248,134,20,18
247,136,20,17
246,135,20,17
244,137,20,17
243,137,20,16
241,136,20,17
239,136,20,17
237,136,19,17
236,135,20,17
233,134,20,17
231,131,19,17
230,129,20,17
229,128,20,16
226,126,19,17
225,124,20,17
222,122,19,17
222,121,20,17
221,119,19,18
219,119,19,16
219,119,19,16
217,119,20,17
217,119,21,17
216,123,20,17
215,127,20,17
215,129,20,16
217,130,19,17
217,130,20,17
218,130,20,16
219,131,20,17
221,130,20,17
222,131,20,16
223,130,20,16
224,130,20,17
225,128,20,17
225,127,20,17
226,127,21,16
226,125,21,17
228,124,20,17
227,123,20,16
227,124,20,18
227,125,21,17
227,128,20,17
226,130,20,16
225,129,20,17
225,131,19,16
224,131,20,17
224,132,20,17
221,132,19,17
221,132,19,16
220,132,18,16
217,131,19,16
217,130,20,16
216,127,19,17
214,127,18,16
212,125,19,17
211,123,19,17
210,120,20,18
209,120,19,17
207,120,20,17
206,119,19,17
206,119,19,17
205,120,19,17
205,120,19,15
205,120,19,18
204,123,19,17
204,123,19,17
203,123,20,17
205,126,19,18
204,126,19,17
205,128,20,18
204,129,20,17
205,131,20,16
205,131,20,16
205,131,20,16
205,131,21,18
205,130,20,17
206,127,20,18
207,124,21,18
206,121,21,19
206,121,21,18
206,118,21,18
206,119,21,18
206,119,21,18
206,118,20,18
206,118,21,19
206,119,21,19
207,119,20,18
206,121,20,18
206,123,19,17
206,123,19,17
205,125,20,18
204,127,19,17
204,128,19,15
204,129,19,16
202,130,19,16
201,130,20,16
201,131,20,16
199,119,20,18
197,119,22,18
197,118,21,18
198,119,19,18
199,122,19,17
199,122,19,16
199,124,18,15
199,125,17,14
199,125,17,15
198,124,19,15
198,124,19,15
198,123,19,16
198,124,20,16
198,124,20,16
198,123,21,16
198,123,20,15
198,123,21,16
198,123,21,17
198,123,21,17
199,123,21,16
200,123,20,17
200,123,20,17
199,123,20,16
200,124,21,17
202,124,20,17
200,124,20,16
200,123,21,17
200,124,21,17
200,124,21,18
202,126,21,17
201,126,20,17
200,125,21,18
200,127,19,17
199,128,19,17
199,125,19,18
198,124,18,18
200,124,16,18
200,124,15,17
199,124,17,16
202,123,16,17
202,122,17,17
203,121,17,16
202,121,18,17
205,120,18,17
207,119,20,17
209,119,20,17
211,119,21,16
214,119,20,16
218,120,20,18
220,122,20,17
224,126,21,17
227,130,19,16
229,131,19,17
232,132,20,17
234,133,19,17
235,133,20,17
238,131,21,17
241,129,19,16
243,128,19,16
244,125,19,18
245,123,21,17
246,123,20,16
246,119,20,17
246,118,21,17
249,122,20,16
248,123,20,15
251,126,19,16
251,127,18,16
252,129,18,15
253,132,18,15
254,135,18,15
254,136,18,15
255,136,17,16
259,137,17,16
258,138,17,15
259,137,17,16
261,136,16,14
264,135,16,14
266,132,16,14
268,129,16,14
269,128,18,15
271,126,18,15
273,124,18,15
276,124,19,16
278,124,19,15
278,126,19,15
280,128,19,14
284,132,19,15
286,134,19,15
286,135,19,16
289,137,20,16
291,138,19,15
293,139,18,15
293,141,20,15
295,141,20,15
297,141,20,15
298,142,19,15
299,142,20,15
301,141,19,16
301,139,20,16
302,137,20,16
303,135,20,15
303,133,20,16
305,132,20,17
305,132,19,15
309,132,19,15
309,130,19,16
309,130,19,15
311,132,18,16
313,135,19,16
314,136,19,15
317,135,18,18
317,138,19,15
321,141,18,15
323,143,17,14
326,146,16,15
328,147,16,15
329,149,17,15
332,150,16,15
334,151,16,16
335,152,16,16
337,154,18,15
338,154,18,16
338,153,19,15
341,153,19,15
341,151,19,16
342,150,19,16
342,149,20,16
344,145,19,16
345,144,18,16
346,140,19,17
345,138,20,18
347,137,19,17
345,136,20,16
345,134,21,17
345,134,21,17
346,135,20,17
346,135,20,17
347,136,20,17
346,140,21,17
346,142,20,17
346,148,20,17
346,152,21,17
346,154,21,17
348,156,21,18
348,157,20,18
348,158,20,17
349,161,20,17
352,162,20,17
353,162,20,17
354,161,20,17
357,159,21,17
360,159,20,17
362,155,20,18
364,155,20,17
366,151,21,18
367,150,20,17
371,149,20,18
371,148,20,18
374,148,20,17
374,147,21,17
375,146,21,17
377,146,19,17
377,149,19,16
378,152,18,16
379,153,18,17
378,154,18,17
378,155,18,17
376,157,17,16
374,157,16,17
372,158,16,15
369,157,17,15
364,153,16,18
362,151,17,17
356,150,17,18
351,148,18,17
349,147,18,17
347,146,19,16
344,142,18,17
339,142,19,17
335,140,20,18
332,139,19,19
330,140,19,17
328,141,20,17
327,141,20,17
326,141,20,17
325,140,20,18
324,139,21,17
323,141,21,17
323,141,21,17
323,142,20,16
323,144,20,17
323,145,21,17
323,147,20,16
323,146,21,17
324,145,20,17
326,142,19,16
327,137,19,15
327,134,20,16
326,131,20,16
327,131,20,17
326,131,19,16
325,130,20,17
325,129,21,17
324,130,20,16
323,131,20,16
322,134,21,16
320,134,21,18
318,138,21,16
316,139,21,16
314,139,21,15
313,139,20,15
305,137,20,16
303,136,20,16
301,136,19,15
297,133,19,16
295,132,18,15
292,127,18,16
288,124,18,15
286,123,18,15
284,124,17,14
281,121,18,15
279,120,18,15
276,119,17,15
276,120,18,16
275,121,17,14
273,123,17,15
271,125,17,14
270,129,16,15
269,135,16,15
268,137,17,14
268,137,17,13
269,135,17,15
268,134,18,15
270,129,17,16
270,128,17,15
270,121,19,17
270,122,19,16
270,117,18,17
269,117,19,17
268,116,19,17
267,118,19,16
266,119,20,16
267,120,19,16
265,125,19,16
264,132,18,15
264,137,19,14
262,139,20,16
259,143,19,16
258,142,20,16
256,142,20,16
255,141,21,16
254,140,21,16
253,135,20,15
252,133,19,15
253,130,19,15
251,124,20,16
251,123,20,15
249,119,19,15
251,117,19,16
249,116,20,15
247,114,21,16
246,114,20,16
245,117,20,16
244,118,21,17
243,122,20,16
241,126,20,16
240,128,20,16
239,128,19,16
237,132,20,16
234,133,19,16
233,134,19,15
230,134,18,15
228,131,18,16
227,130,18,16
222,124,19,17
221,123,19,16
220,121,19,15
212,116,19,16
210,119,19,16
207,123,19,17
206,126,20,16
205,127,19,16
205,128,19,15
205,129,19,16
203,129,19,16
203,130,19,15
202,126,19,16
202,125,19,15
201,119,19,17
201,114,18,16
201,112,19,16
199,108,19,16
198,106,19,16
197,105,20,16
196,105,19,16
195,105,19,15
194,106,19,16
193,111,17,15
192,115,18,15
191,120,17,16
190,123,18,16
188,125,18,16
187,127,18,17
186,129,19,16
184,128,19,14
184,127,18,16
184,122,18,18
184,119,17,17
182,119,18,18
181,117,17,15
182,116,16,16
181,115,16,16
183,112,15,16
182,110,16,17
182,107,15,17
181,106,16,17
182,106,15,17
180,106,15,17
181,110,15,17
180,115,16,15
180,119,17,16
182,122,16,15
181,121,16,16
182,121,16,18
182,122,16,18
182,123,16,15
181,123,17,14
182,118,17,16
181,116,17,17
181,112,17,18
181,112,15,17
180,110,17,17
179,108,16,17
176,105,17,16
174,103,16,16
171,103,17,15
169,102,18,15
168,103,17,15
165,106,18,16
162,109,18,15
160,112,16,16
156,116,18,16
156,117,17,16
154,118,16,15
152,118,16,16
151,119,16,16
150,119,16,16
150,117,16,17
149,116,16,16
150,113,16,17
150,112,15,15
151,111,15,15
149,110,17,17
151,109,17,16
152,107,16,17
151,108,16,17
151,107,17,18
152,111,16,17
152,114,17,18
152,116,17,17
152,116,17,17
152,117,17,17
151,118,17,18
153,118,15,17
150,119,16,17
149,117,17,17
148,118,16,16
146,117,16,16
145,116,16,15
144,117,15,15
139,114,16,16
138,114,16,15
136,114,17,16
133,114,17,15
131,115,16,15
129,116,15,15
128,117,16,16
125,117,16,18
123,118,16,20
120,118,17,18
118,116,17,19
118,117,18,19
116,119,18,18
116,119,17,17
116,119,16,17
117,119,17,18
118,118,16,19
117,119,17,19
118,120,17,20
121,119,16,19
122,119,16,20
124,120,16,20
124,120,16,22
126,123,16,19
127,127,17,17
130,128,17,17
130,129,18,17
131,131,21,19
133,131,19,19
133,133,20,18
134,134,20,18
138,134,18,18
143,133,16,17
143,131,15,17
144,131,15,17
145,128,15,17
143,129,18,17
146,126,17,16
145,124,17,17
146,120,16,16
146,117,17,17
148,113,16,18
148,113,16,17
148,108,18,17
149,107,18,17
151,106,18,17
150,104,19,16
150,104,20,15
153,107,20,15
154,109,19,15
157,112,18,14
157,114,19,15
160,119,18,15
161,122,19,15
163,122,19,15
169,129,19,16
171,124,19,15
172,120,19,16
173,114,19,16
173,109,19,17
173,104,19,18
173,101,19,19
172,100,20,19
172,101,19,18
172,104,20,17
171,108,20,16
173,113,19,17
172,115,18,16
173,121,19,16
173,124,19,16
175,127,18,16
174,126,19,16
177,128,19,16
176,128,19,16
180,127,18,16
179,125,20,16
181,122,19,17
182,121,20,17
186,119,19,16
186,118,19,16
189,117,18,16
190,116,19,15
193,113,19,15
193,112,20,16
196,110,19,16
197,110,20,16
200,112,19,16
200,113,19,16
202,114,19,15
203,117,19,16
205,120,19,16
206,123,19,17
206,124,21,17
209,128,20,15
210,127,20,16
209,128,20,16
210,128,20,16
212,129,19,15
213,128,20,15
214,130,19,15
214,130,20,16
215,130,20,16
214,131,21,15
215,130,20,15
218,131,19,15
217,130,20,15
219,131,19,15
217,131,20,15
218,130,20,15
219,131,19,15
219,131,20,14
220,131,20,14
220,129,20,14
220,129,19,14
220,126,18,14
219,125,19,15
219,126,19,14
220,124,19,15
219,126,19,15
220,129,19,15
220,130,18,14
220,131,17,15
218,132,18,15
216,134,18,15
215,133,17,15
212,132,17,15
210,132,17,15
209,130,18,15
207,130,17,15
206,129,17,16
205,129,18,16
205,129,18,16
204,129,18,15
204,129,17,15
203,130,18,15
203,129,19,15
205,128,18,16
205,128,18,15
206,130,17,15
206,129,18,15
209,130,17,16
210,131,19,16
212,132,18,16
213,132,18,15
216,133,19,15
219,132,18,15
221,131,17,15
223,132,18,15
225,130,18,14
226,130,18,14
227,129,18,15
229,129,18,15
229,129,18,15
230,129,18,15
230,131,18,14
229,131,18,16
230,132,18,16
228,135,18,15
226,136,18,15
224,135,19,15
223,135,19,16
221,136,18,15
219,135,19,15
217,135,19,15
214,135,20,14
214,133,19,15
211,132,19,14
209,131,19,16
207,131,19,15
206,131,19,15
204,130,18,15
206,131,18,15
208,132,20,15
210,131,19,15
212,130,18,15
215,126,18,15
217,122,20,15
219,119,19,16
222,116,20,15
225,110,20,14
227,105,20,16
231,101,19,16
233,92,20,16
236,83,20,16
240,78,19,16
241,65,19,17
245,50,19,18
244,46,22,18
248,34,22,22
250,32,21,18
251,27,21,22
256,23,21,23
257,24,21,22
261,27,21,22
