0.010210
0.030027
0.060222
0.081137
0.023405
0.072776
0.075989
0.086522
0.028371
0.058563
0.058067
0.028017
0.065686
0.094228
0.027153
0.049071
0.095698
0.023374
0.040063
0.071860
0.047492
0.046378
0.021171
0.104162
0.045449
0.093083
0.052202
0.092813
0.048120
0.045599
0.062354
0.046375
0.045635
0.073457
0.096306
0.038997
0.044392
0.077852
0.058777
0.053001
0.038069
0.075509
0.037567
0.071198
0.020118
0.039349
0.027944
0.026143
0.091031
0.059054
0.028876
0.057431
0.102876
0.023472
0.019884
0.018821
0.018117
0.018434
0.021378
0.044051
0.026789
0.041893
0.090171
0.031938
0.024784
0.018932
0.023165
0.019467
0.032737
0.021115
0.032120
0.019252
0.037322
0.070168
0.023364
0.023035
0.021238
0.031529
0.074654
0.063382
0.019176
0.022351
0.018677
0.076608
0.032656
0.028000
0.018600
0.031879
0.024652
0.045180
0.048939
0.017235
0.017350
0.022409
0.075184
0.060630
0.037232
0.029173
0.096057
0.035257
0.020956
0.019874
0.027018
0.022058
0.018633
0.036296
0.016731
0.045887
0.076010
0.061986
0.034553
0.018096
0.033691
0.020220
0.016818
0.020662
0.017040
0.022574
0.021145
0.075093
0.078154
0.021908
0.022932
0.023808
0.114590
0.052382
0.028358
0.067323
0.021283
0.020956
0.068144
0.026858
0.018851
0.024076
0.020252
0.023291
0.040310
0.028486
0.073698
0.045803
0.066536
0.025190
0.023899
0.023660
0.024676
0.019624
0.027967
0.036649
0.020887
0.065618
0.022497
0.022223
0.020221
0.070410
0.031857
0.030395
0.066730
0.072658
0.057188
0.031346
0.020218
0.031552
0.020155
0.047548
0.074622
0.030867
0.032022
0.059056
0.040009
0.064819
0.038682
0.027041
0.024290
0.021073
0.032809
0.028244
0.074892
0.034524
0.026939
0.017260
0.019335
0.022853
0.018399
0.026633
0.027033
0.017814
0.032106
0.024712
0.020182
0.050845
0.085504
0.041036
0.028443
0.022736
0.031631
0.029081
0.041100
0.039680
0.064748
0.060288
0.020995
0.034354
0.015851
0.034703
0.023535
0.023990
0.050812
0.030341
0.057398
0.045978
0.022330
0.022537
0.051206
0.023725
0.017710
0.021823
0.025425
0.035640
