0.014788
0.028106
0.046550
0.065476
0.023982
0.063525
0.030770
0.021409
0.024271
0.059826
0.051612
0.091390
0.022271
0.025407
0.064666
0.056970
0.021282
0.028695
0.036348
0.086525
0.045655
0.045111
0.030581
0.118397
0.037190
0.046217
0.056284
0.071124
0.032286
0.021898
0.060850
0.033579
0.020783
0.019155
0.023805
0.033796
0.080223
0.085767
0.042800
0.065756
0.059909
0.024740
0.021200
0.022991
0.057745
0.018688
0.028710
0.032252
0.032264
0.018812
0.016309
0.080332
0.053060
0.026217
0.048279
0.057640
0.021370
0.029566
0.097809
0.039838
0.022525
0.020961
0.023032
0.019281
0.053708
0.021522
0.066215
0.019824
0.018671
0.022428
0.045768
0.072398
0.091910
0.037594
0.053463
0.076677
0.051379
0.026415
0.018512
0.029390
0.024456
0.033499
0.029058
0.089208
0.050683
0.061501
0.042857
0.095750
0.031815
0.027306
0.020280
0.037562
0.028769
0.089968
0.021277
0.022951
0.022019
0.018445
0.065315
0.057098
0.020783
0.072710
0.029560
0.020190
0.036804
0.034080
0.025718
0.076492
0.041863
0.039891
0.098613
0.064110
0.045678
0.067506
0.075592
0.055446
0.036240
0.035411
0.083308
0.055642
0.041087
0.088668
0.057223
0.065181
0.079220
0.022354
0.058086
0.028973
0.046656
0.054182
0.026103
0.043531
0.048318
0.055513
0.072634
0.074457
0.038914
0.083198
0.044711
0.035145
0.079401
0.022823
0.038292
0.056052
0.061921
0.119083
0.056143
0.041075
0.034013
0.081915
0.037028
0.103151
0.066592
0.029823
0.041789
0.049419
0.089504
0.078593
0.067263
0.049462
0.052987
0.082251
0.052804
0.030926
0.047484
0.081488
0.039438
0.113129
0.039257
0.044547
0.048828
0.057453
0.065351
0.026948
0.050518
0.057868
0.075895
0.030385
0.082345
0.037113
0.033904
0.029269
0.119876
0.086287
0.056625
0.089927
0.047335
0.059134
0.058418
0.073658
0.036285
0.036948
0.021894
0.122103
0.060980
0.051605
0.065579
0.087921
0.047602
0.047228
0.029388
0.081489
0.064399
0.043103
0.121732
0.051203
0.043612
0.047259
0.065772
0.093219
0.038238
0.048625
0.022316
0.039386
0.028592
0.024713
0.064814
0.100910
0.050188
0.053702
0.063418
0.059620
0.066101
0.035945
0.024835
0.048790
0.090992
0.041003
0.020116
0.082649
0.065107
0.054479
0.030368
0.075614
0.040687
0.060545
0.034378
0.022078
0.086071
0.061009
0.023155
0.049932
0.057976
0.037252
0.052088
0.047812
0.055583
0.038604
0.062248
0.061706
0.038218
0.066710
0.079597
0.039341
0.034336
0.033345
0.032869
0.020020
0.085418
0.031675
0.063869
0.103566
0.048635
0.026533
0.068834
0.063780
0.060880
0.049812
0.032649
0.031197
0.067056
0.049556
0.029474
0.077830
0.059199
0.070395
0.032185
0.060995
0.086310
0.027832
0.052172
0.020440
0.067823
0.067163
0.051515
0.072938
0.090461
0.069492
0.029619
0.033962
0.031185
0.079537
0.030514
0.049037
0.040752
0.106457
0.057755
0.046729
0.061131
0.059723
0.067730
0.072446
0.030444
0.024912
0.038413
0.034168
0.035757
0.107656
0.038787
0.043461
0.087431
0.058662
0.044887
0.029349
0.041303
0.065396
0.027844
0.074474
0.052302
0.046581
0.104500
0.052626
0.062349
0.090065
0.037968
0.050112
0.034213
0.067052
0.074770
0.082017
0.076983
0.097576
0.046530
0.057894
0.061499
0.063284
0.050346
0.032948
0.053982
0.038482
0.036798
0.027455
0.022348
0.039760
0.041084
0.046664
0.070247
0.062457
0.075256
0.069459
0.063348
0.033165
0.019290
0.040130
0.064318
0.052917
0.052904
0.101951
0.072007
0.072776
0.057636
0.033349
0.045751
0.084821
0.043770
0.041770
0.019194
0.049349
0.091255
0.042833
0.041771
0.076469
0.050319
0.090551
0.064825
0.051012
0.023001
0.070995
0.051621
0.021452
0.029488
0.065987
0.067693
0.020472
0.030123
0.028390
0.063327
0.034830
0.063607
0.047859
0.086144
0.060166
0.032792
0.027095
0.029676
0.091820
0.060878
0.041284
0.065154
0.028057
0.022660
0.074467
0.103039
0.077272
0.038604
0.029416
0.083945
0.036522
0.038334
0.036601
0.024587
0.050648
0.054738
0.055918
0.042538
0.114745
0.059973
0.055070
0.047083
0.063764
0.073390
0.062376
0.061408
0.031335
0.025689
0.025580
0.027478
0.075195
0.073021
0.070752
0.059521
0.075598
0.053427
0.085729
0.030179
0.022643
0.023659
0.040431
0.068239
0.060141
0.075980
0.046224
0.032088
0.042808
0.031007
0.044284
0.049574
0.029644
0.022432
0.057608
0.048255
0.035897
0.045368
0.050196
0.021276
0.034102
0.034836
0.022227
0.019568
0.035634
0.021947
0.024713
0.018359
0.030600
0.017276
0.038039
0.050993
0.038195
0.034764
0.036939
0.019184
0.025346
0.082165
0.047526
0.029150
0.081153
0.083329
0.063764
0.029301
0.050924
0.077159
0.051372
0.022982
0.050376
0.088728
0.041629
0.043255
0.096759
0.032036
0.056560
0.084301
0.047397
0.041320
0.033326
0.022372
0.093821
0.042537
0.071245
0.065359
0.059616
0.064765
0.077099
0.050168
0.036340
0.030172
0.095475
0.048905
0.085622
0.098451
0.043624
0.040781
0.026477
0.032714
0.060856
0.041282
0.024193
0.074948
0.049974
0.051049
0.091473
0.069345
0.036823
0.057389
0.115844
0.091790
0.044112
0.039601
0.069376
0.023552
0.020971
0.039139
0.066605
0.095936
0.059328
0.090572
0.063960
0.030869
0.073273
0.036035
0.023083
0.031189
0.024858
0.071233
0.134996
0.056513
0.097238
0.055740
0.031007
0.049266
0.096637
0.049475
0.033286
0.053527
0.077757
0.085475
0.062618
0.090370
0.063820
0.084270
0.032795
0.027567
0.050766
0.119609
0.064871
0.037977
0.074288
0.032546
0.063680
0.045626
0.070803
0.056076
0.038450
0.077963
0.034122
0.021289
0.086372
0.095755
0.058475
0.053226
0.102285
0.056996
0.026977
0.071034
0.061401
0.059890
0.050608
0.080031
0.083414
0.067796
0.031659
0.031224
0.041955
0.057421
0.080366
0.064636
0.101763
0.052708
0.060659
0.047212
0.063940
0.039349
0.024758
0.050002
0.104161
0.052446
0.047403
0.024305
0.066602
0.053100
0.049603
0.030268
0.081890
0.060207
