0.017772
0.023964
0.071302
0.067000
0.023406
0.021452
0.018284
0.026097
0.028364
0.029358
0.038110
0.091094
0.049919
0.061291
0.098606
0.035901
0.022356
0.031439
0.025082
0.018357
0.033352
0.021921
0.067539
0.081949
0.067078
0.033517
0.038651
0.068255
0.029210
0.028012
0.034280
0.021593
0.077488
0.052692
0.021882
0.031711
0.058537
0.038387
0.030792
0.024262
0.038664
0.054915
0.060697
0.065569
0.043117
0.035966
0.022969
0.020311
0.020002
0.066602
0.038545
0.067667
0.040921
0.061410
0.029827
0.023523
0.029429
0.023978
0.063555
0.032868
0.054624
0.018656
0.017274
0.017173
0.022684
0.040964
0.065916
0.062838
0.048487
0.070855
0.086999
0.023211
0.042140
0.033090
0.061157
0.029442
0.031037
0.032861
0.020350
0.033828
0.048639
0.091990
0.113787
0.019687
0.039312
0.022160
0.024330
0.021896
0.065362
0.021372
0.079308
0.046527
0.058280
0.058165
0.075861
0.050179
0.057031
0.090764
0.019702
0.017649
0.017916
0.024552
0.019501
0.018436
0.027597
0.044689
0.024364
0.054823
0.098074
0.080298
0.022499
0.030520
0.037950
0.038593
0.051678
0.022181
0.026350
0.032618
0.018376
0.069860
0.074336
0.050317
0.070336
0.022372
0.024129
0.030438
0.032137
0.084817
0.064523
0.026698
0.020138
0.028010
0.079230
0.043544
0.031764
0.063001
0.048246
0.043604
0.023208
0.015897
0.017509
0.016858
0.023824
0.026364
0.057933
0.022689
0.051724
0.043406
0.045063
0.020293
0.075464
0.025395
0.026644
0.035390
0.030374
0.069184
0.085354
0.036961
0.016288
0.018908
0.023104
0.025535
0.026899
0.025531
0.078459
0.047871
0.075480
0.060313
0.095309
0.024228
0.043022
0.025851
0.017761
0.041135
0.049413
0.057438
0.023282
0.033927
0.071151
0.061450
0.075277
0.050554
0.094547
0.057627
0.043817
0.035590
0.046472
0.029973
0.035143
0.020973
0.043202
0.082076
0.046525
0.069258
0.075148
0.024714
0.023281
0.023132
0.035077
0.075892
0.024619
0.038159
0.018982
0.018086
0.022393
0.035084
0.026059
0.101367
0.081435
0.066091
0.034424
0.027439
0.089433
0.022177
0.029669
0.021373
0.032001
0.026758
0.069183
0.040077
0.086659
0.049245
0.058032
0.018451
0.030942
0.067703
0.031860
0.022490
0.065247
0.065411
0.023086
0.056192
0.020755
0.050547
0.021589
0.020450
0.026773
0.020824
0.022872
0.035413
0.034972
0.018602
0.057580
0.021069
0.027711
0.053731
0.058890
0.021322
0.033650
0.025087
0.036228
0.018337
0.046029
0.035226
0.067793
0.024237
0.020741
0.021147
0.020581
0.060453
0.046537
0.036403
0.031738
0.031905
0.021358
0.024035
0.024653
0.018041
0.023522
0.015914
0.023266
0.041581
0.025034
0.076430
0.080664
0.025103
0.032348
0.021823
0.024157
0.030990
0.035694
0.033295
0.053080
0.076541
0.048489
0.024637
0.020412
0.022276
0.054922
0.026839
0.032092
0.035842
0.035784
0.076384
0.028354
0.020148
0.019531
0.017505
0.033573
0.053178
0.027135
0.032825
0.074897
0.052835
0.025671
0.018199
0.023459
0.017271
0.069978
0.032840
0.030318
0.034274
0.019281
0.073947
0.026773
0.025690
0.061396
0.032295
0.019927
0.080928
0.037067
0.022190
0.028753
0.021041
0.022852
0.027713
0.075756
0.068198
0.020146
0.016196
0.070527
0.023562
0.071639
0.027499
0.036453
0.035036
0.029009
0.061688
0.027550
0.018374
0.021932
0.019058
0.022038
0.021453
0.020989
0.050550
0.078030
0.056566
0.030003
0.041781
0.084915
0.026635
0.036999
0.038577
0.029597
0.067320
0.054078
0.029819
0.048519
0.033185
0.020862
0.026481
0.018879
0.024912
0.057408
0.064987
0.024462
0.020996
0.016800
0.020498
0.032382
0.051398
0.038125
0.030201
0.106498
0.055133
0.021470
0.023108
0.023724
0.020566
0.019407
0.022666
0.025603
0.019197
0.034857
0.029434
0.058920
0.086822
0.060117
0.046764
0.071429
0.055168
0.024102
0.018430
0.029217
0.036669
0.051221
0.039452
0.097262
0.099942
0.034846
0.031110
0.027458
0.072959
0.043837
0.040615
0.039673
0.082503
0.087831
0.056421
0.090047
0.062134
0.058527
0.068125
0.033846
0.027767
0.082978
0.079983
0.059757
0.035907
0.047945
0.081989
0.048414
0.045717
0.037347
0.038678
0.066760
0.062978
0.045276
0.103644
0.058704
0.055414
0.086658
0.032797
0.093357
0.066087
0.044802
0.046314
0.090105
0.038050
0.044891
0.083362
0.070969
0.048191
0.068506
0.077600
0.044259
0.056921
0.036267
0.071454
0.062727
0.054042
0.083018
0.071575
0.033594
0.056453
0.086201
0.033859
0.024678
0.045233
0.053199
0.050383
0.064074
0.028238
0.081316
0.058963
0.088665
0.051010
0.038239
