0.028204
0.103175
0.058012
0.044317
0.087479
0.029867
0.040518
0.124727
0.079573
0.026958
0.024056
0.097171
0.048336
0.032317
0.042583
0.095248
0.095599
0.057067
0.077227
0.044235
0.031967
0.057288
0.057010
0.024736
0.051927
0.085286
0.052670
0.036663
0.048901
0.079309
0.060255
0.064690
0.079344
0.023430
0.040640
0.042876
0.064019
0.049206
0.067680
0.038714
0.059572
0.058750
0.052809
0.029302
0.041433
0.065298
0.076401
0.045084
0.054980
0.074091
0.056054
0.031542
0.068192
0.056424
0.043534
0.074830
0.024478
0.048120
0.067096
0.060456
0.065635
0.069387
0.058063
0.035250
0.044838
0.092829
0.091099
0.072339
0.108473
0.036518
0.059118
0.101772
0.059699
0.062104
0.073989
0.030357
0.059067
0.082391
0.058438
0.065984
0.050034
0.092536
0.039096
0.092030
0.078963
0.052614
0.036712
0.029623
0.107831
0.025202
0.084797
0.058171
0.054497
0.051475
0.051156
0.075344
0.077685
0.058684
0.038249
0.105394
0.051856
0.024962
0.037983
0.038226
0.078655
0.030467
0.023053
0.068319
0.117759
0.060098
0.063418
0.029136
0.069865
0.058474
0.039148
0.090974
0.027612
0.045938
0.031619
0.074251
0.064548
0.058898
0.038722
0.085152
0.029131
0.027144
0.060555
0.081725
0.083009
0.062166
0.059817
0.053389
0.099211
0.046915
0.026260
0.082110
0.114007
0.059805
0.067697
0.062735
0.047082
0.053878
0.091062
0.070325
0.045280
0.030011
0.071910
0.071114
0.067822
0.039418
0.036865
0.072907
0.074065
0.032003
0.042649
0.053605
0.060209
0.048086
0.084726
0.060307
0.064629
0.024578
0.035001
0.056008
0.107036
0.031775
0.033470
0.025679
0.030762
0.119670
0.053918
0.039989
0.069414
0.024542
0.053449
0.060343
0.024944
0.034440
0.092121
0.136744
0.041246
0.072262
0.040734
0.044762
0.040974
0.035117
0.035895
0.074191
0.062620
0.046564
0.037079
0.091340
0.113794
0.051117
0.043026
0.071197
0.047249
0.066745
0.036482
0.057907
0.063016
0.037871
0.067396
0.040236
0.098636
0.059862
0.046496
0.025942
0.053262
0.026620
0.033774
0.033063
0.036192
0.050070
0.110051
0.072725
0.059026
0.065411
0.042455
0.072051
0.052875
0.027478
0.072593
0.103355
0.035170
0.056562
0.105021
0.057343
0.040987
0.083249
0.054855
0.043479
0.055918
0.068420
0.051817
0.057683
0.054826
0.018719
0.039419
0.086461
0.060430
0.042161
0.034358
0.077222
0.043730
0.074255
0.092344
0.044840
0.055161
0.109117
0.035186
0.053549
0.046323
0.062075
0.022727
0.030306
0.037457
0.109911
0.058064
0.043208
0.090111
0.068026
0.052913
0.079990
0.035689
0.034704
0.059469
0.057726
0.074461
0.035340
0.053902
0.039171
0.079054
0.039976
0.037799
0.088620
0.034530
0.064019
0.080244
0.062370
0.042575
0.092866
0.039351
0.063857
0.042250
0.063518
0.020688
0.052861
0.022428
0.059058
0.029811
0.020841
0.041294
0.026151
0.020018
0.036277
0.032557
0.049890
0.067034
0.033443
0.043147
0.027534
0.020510
0.047607
0.023170
0.034122
0.021555
0.060585
0.023592
0.033818
0.089569
0.098582
0.035562
0.054194
0.026109
0.023277
0.055643
0.025407
0.020589
0.020925
0.033669
0.025286
0.055809
0.043500
0.033946
0.046526
0.061579
0.067437
0.067066
0.069528
0.027510
0.023049
