0.027385
0.023008
0.030286
0.022649
0.020389
0.033773
0.094022
0.046683
0.094069
0.034824
0.029387
0.071093
0.055309
0.024268
0.025222
0.053204
0.034228
0.022750
0.050421
0.051841
0.081355
0.066502
0.063544
0.020095
0.025752
0.040884
0.030978
0.045791
0.044212
0.020874
0.019196
0.030301
0.042952
0.028716
0.095428
0.089952
0.028349
0.026880
0.035273
0.023555
0.027219
0.022223
0.034448
0.044271
0.039643
0.017469
0.020448
0.022013
0.023138
0.024762
0.024920
0.056900
0.064641
0.060611
0.072455
0.036886
0.057494
0.027891
0.035545
0.018700
0.048407
0.023748
0.018972
0.019822
0.022593
0.015923
0.018816
0.074535
0.101654
0.059756
0.042580
0.069201
0.080996
0.038111
0.037039
0.030546
0.047522
0.037752
0.021102
0.056992
0.030648
0.017885
0.023477
0.063393
0.090891
0.092714
0.043333
0.037497
0.045409
0.017509
0.022749
0.019488
0.018747
0.025025
0.025958
0.022495
0.033747
0.056901
0.079154
0.035257
0.023171
0.018789
0.015651
0.019886
0.020469
0.038870
0.032661
0.029960
0.038162
0.046576
0.020035
0.024248
0.019957
0.020089
0.076647
0.066188
0.037591
0.054292
0.050904
0.059907
0.049016
0.020233
0.018839
0.023657
0.025806
0.033263
0.026656
0.039837
0.114307
0.045223
0.026751
0.039472
0.025385
0.029628
0.072366
0.032539
0.021715
0.067153
0.030950
0.020308
0.022067
0.061152
0.074070
0.022623
0.035259
0.027168
0.018597
0.043896
0.019834
0.016730
0.026500
0.016672
0.020226
0.052426
0.089629
0.056411
0.096203
0.067694
0.025442
0.046127
0.019042
0.019581
0.083532
0.022575
0.019223
0.017550
0.031811
0.028152
0.024631
0.034688
0.060798
0.036773
0.078983
0.058445
0.046903
0.044827
0.044194
0.046122
0.027095
0.056723
0.062915
0.031441
0.052826
0.030416
0.020676
0.034276
0.020105
0.054994
0.077451
0.048663
0.030128
0.075640
0.087005
0.031335
0.023424
0.029092
0.037311
0.063791
0.034445
0.016959
0.017632
0.017688
0.037698
0.024826
0.016974
0.017834
0.028240
0.064314
0.090326
0.040435
0.015298
0.031651
0.055492
0.015555
0.023066
0.069482
0.028809
0.033278
0.020986
0.043982
0.065166
0.083549
0.037406
0.025048
0.049239
0.020529
0.043175
0.064413
0.025036
0.037849
0.029710
0.018442
0.058788
0.022960
0.095938
0.023191
0.030459
0.025470
0.016574
0.025607
0.018559
0.023492
0.029219
0.053819
0.080095
0.032516
0.095744
0.042447
0.031618
0.024465
0.021878
0.047246
0.039352
0.025120
0.018183
0.065018
0.022446
0.017761
0.034585
0.025161
0.030082
0.090014
0.035423
0.069445
0.022491
0.020096
0.021288
0.023123
0.034574
0.022463
0.031917
0.067964
0.020093
0.082676
0.057507
0.029441
0.023308
0.041289
0.037472
0.025254
0.083343
0.019953
0.055667
0.018060
0.072632
0.043262
0.054743
0.061834
0.042226
0.070281
0.064419
0.022206
0.021146
0.024029
0.025755
