491,93,97,53
484,89,98,65
483,88,95,66
479,88,97,66
477,87,93,65
473,88,99,63
470,88,95,63
462,88,96,65
461,90,97,62
458,89,96,65
455,87,94,67
451,88,94,67
446,87,96,67
445,88,94,65
442,88,96,65
437,89,98,61
435,89,95,65
431,89,97,63
428,90,95,61
425,89,96,63
422,89,95,61
418,89,95,62
415,88,97,61
412,88,95,62
410,89,95,61
405,89,97,61
400,89,99,61
398,90,96,59
395,90,97,60
393,90,96,58
387,90,99,59
384,90,97,60
383,91,96,59
379,91,97,57
377,91,97,57
373,91,98,57
370,92,100,56
368,92,97,56
364,93,100,58
362,91,98,58
360,92,94,58
356,92,96,61
353,92,95,62
352,92,93,64
346,91,95,64
342,91,96,65
339,92,97,63
337,93,96,62
333,92,97,63
330,92,97,63
327,92,96,64
322,92,97,64
320,92,96,64
316,92,98,63
311,92,101,63
310,93,99,64
307,93,103,63
302,94,102,62
299,94,106,61
297,91,101,65
294,91,104,64
289,92,101,64
287,90,99,65
285,92,100,65
284,89,98,68
281,91,99,66
279,91,97,64
275,90,95,66
273,91,98,65
271,90,97,66
267,87,95,70
266,92,95,65
261,91,97,66
258,94,99,63
256,90,97,66
252,91,96,66
256,88,88,68
250,93,91,65
246,90,94,66
245,94,91,64
238,93,96,63
236,94,97,63
232,94,96,63
230,93,95,62
227,94,96,62
224,94,97,63
220,95,97,62
218,95,97,62
214,96,100,62
211,96,96,62
209,97,99,62
205,95,93,65
203,96,96,65
200,95,92,65
196,97,96,62
193,96,89,66
192,97,94,65
189,96,91,65
185,97,93,65
181,97,94,65
179,96,94,65
175,96,94,65
174,97,94,61
171,96,95,63
168,97,92,61
165,96,94,61
162,96,94,58
158,95,96,61
156,95,96,60
154,95,96,59
151,94,96,62
147,94,97,60
145,94,96,63
142,95,96,63
150,96,97,60
174,95,95,61
186,93,97,62
212,93,93,63
229,93,96,61
250,93,96,61
272,92,97,62
288,94,98,60
311,93,99,61
325,91,97,61
318,92,93,63
318,91,99,61
314,91,92,62
313,90,93,61
310,90,95,63
306,91,95,63
309,90,88,63
304,91,90,62
303,91,91,62
300,90,91,63
298,89,92,63
298,90,89,63
293,90,92,63
292,90,91,63
291,90,88,63
287,89,92,62
286,90,89,62
282,89,90,63
282,90,90,62
279,90,89,62
277,89,90,62
276,89,88,63
272,89,91,63
271,89,90,62
270,89,89,63
267,89,90,62
266,88,88,63
264,89,89,62
261,89,89,63
260,89,88,62
257,90,88,62
256,89,88,61
253,89,88,62
252,88,89,62
251,87,87,63
248,88,89,63
247,88,88,62
245,89,87,62
244,89,87,62
242,88,87,62
240,88,87,62
239,88,87,62
237,88,87,61
235,88,86,62
233,89,86,61
232,87,86,62
230,87,86,62
229,88,85,61
226,88,87,61
225,87,86,63
223,87,86,62
220,88,86,62
219,87,86,61
217,88,87,61
215,87,86,61
213,87,86,62
212,87,86,61
220,87,98,59
249,88,86,59
265,86,99,60
289,86,87,61
308,87,87,60
299,87,84,60
303,85,87,60
296,87,87,60
295,84,89,61
295,84,84,61
292,87,83,61
293,86,86,60
289,85,85,62
288,86,87,60
288,86,84,61
283,84,84,61
284,86,85,59
281,85,84,61
280,86,86,59
278,86,84,61
276,85,84,60
277,85,83,60
274,85,84,60
272,86,83,60
270,85,82,59
268,85,84,59
266,85,85,60
265,87,83,59
262,86,84,58
262,86,83,59
261,86,82,59
257,86,85,59
257,86,83,59
255,85,83,60
254,87,82,58
252,86,82,59
250,86,82,58
248,87,83,58
248,87,82,57
245,86,82,58
244,86,82,57
241,86,83,57
240,86,83,59
239,86,82,57
237,87,83,58
235,85,82,58
233,86,83,59
233,85,81,59
229,85,83,57
229,85,82,59
227,84,82,58
223,86,83,57
222,85,81,58
220,84,82,58
218,85,83,59
217,84,82,58
215,86,83,57
214,83,81,59
212,84,82,59
212,86,80,56
210,85,81,58
207,86,82,57
205,84,82,59
204,84,82,59
202,82,82,60
200,83,83,60
199,83,82,60
197,82,82,60
196,83,82,60
195,83,81,60
193,83,80,60
190,83,81,59
188,84,82,58
188,83,80,58
186,84,81,57
184,86,81,57
182,84,81,58
182,84,80,57
180,85,81,57
178,85,81,56
176,84,81,56
176,87,80,55
173,85,81,56
173,85,80,56
171,86,81,55
169,85,81,56
168,85,80,56
167,85,80,56
166,85,80,56
164,84,80,57
163,84,79,56
161,85,81,56
160,85,80,56
158,84,81,56
158,84,80,56
156,83,79,56
149,84,82,56
152,83,78,56
149,85,80,56
150,82,79,57
147,84,79,56
148,82,78,57
145,84,79,56
144,82,79,58
143,83,79,57
143,82,78,58
141,82,78,57
141,82,77,57
139,82,77,58
139,82,77,57
138,81,77,58
136,82,78,58
137,82,78,57
135,82,78,58
136,81,77,57
134,81,78,58
134,81,76,57
133,82,77,56
132,82,77,57
132,82,78,57
132,81,77,57
131,82,76,58
131,82,78,57
130,82,78,57
130,81,77,56
130,81,77,57
130,82,77,57
130,81,77,57
130,82,78,57
130,82,77,57
130,82,77,57
130,82,77,57
130,82,77,56
130,82,78,56
129,82,78,57
130,83,78,57
130,82,77,57
130,83,78,57
130,81,77,57
129,83,78,57
