0.023654
0.033743
0.040925
0.041589
0.024808
0.037121
0.020258
0.025362
0.063654
0.067583
0.083903
0.079144
0.057243
0.058688
0.091038
0.042209
0.041324
0.031297
0.058897
0.069453
0.037482
0.019476
0.052739
0.079814
0.058403
0.030304
0.039677
0.036936
0.041426
0.095362
0.021734
0.021832
0.020982
0.028197
0.018173
0.035097
0.032462
0.033783
0.056294
0.072789
0.037874
0.036736
0.020524
0.029320
0.088650
0.025657
0.019287
0.020450
0.031176
0.023057
0.035986
0.032229
0.023829
0.025697
0.031699
0.024864
0.024681
0.069807
0.021722
0.025436
0.062691
0.018403
0.016870
0.017492
0.018247
0.019183
0.025581
0.023892
0.135986
0.050904
0.053093
0.052854
0.075069
0.057871
0.026131
0.035474
0.024065
0.016922
0.021548
0.060344
0.080240
0.034911
0.023312
0.063231
0.090342
0.059714
0.022998
0.030361
0.084601
0.034637
0.022197
0.017390
0.018332
0.020324
0.059266
0.033590
0.027422
0.057868
0.056303
0.028792
0.024549
0.033927
0.020232
0.064062
0.028432
0.031956
0.020467
0.024304
0.087957
0.064441
0.079681
0.059828
0.038463
0.043387
0.054499
0.020615
0.022543
0.020092
0.033021
0.023458
0.059312
0.035649
0.102891
0.079507
0.036558
0.044316
0.028762
0.113559
0.045466
0.023361
0.019144
0.018839
0.034736
0.021783
0.018019
0.018698
0.024421
0.023895
0.020136
0.024191
0.032978
0.015896
0.023771
0.090615
0.056906
0.023434
0.052812
0.021716
0.040055
0.030271
0.070800
0.029223
0.060645
0.043656
0.060276
0.026481
0.067330
0.030385
0.028430
0.021148
0.022399
0.016512
0.018547
0.062941
0.049032
0.047978
0.023112
0.016834
0.019819
0.016675
0.019036
0.048568
0.069338
0.046434
0.032122
0.018128
0.058783
0.022099
0.016616
0.025906
0.023647
0.064942
0.084429
0.076418
0.068393
0.029632
0.027887
0.022021
0.052579
0.019213
0.032008
0.075440
0.039414
0.094637
0.058311
0.020309
0.024159
0.031752
0.032518
0.020600
0.027962
0.032620
0.069851
0.056040
0.022849
0.041509
0.055887
0.019384
0.019522
0.019785
0.020075
0.074540
0.060903
0.052912
0.043234
0.040535
0.065318
0.076956
0.032101
0.038411
0.049233
0.080840
0.027908
0.024555
0.020321
