0.060647
0.055406
0.086020
0.084238
0.022347
0.022940
0.018925
0.089743
0.038526
0.030395
0.024752
0.026911
0.040286
0.024184
0.043268
0.093245
0.043774
0.063032
0.054833
0.025470
0.047806
0.079371
0.040415
0.082999
0.090307
0.056910
0.026444
0.038660
0.083130
0.050537
0.019964
0.057743
0.060887
0.072649
0.043046
0.020603
0.090013
0.043695
0.032823
0.034369
0.045167
0.116809
0.046207
0.053136
0.049982
0.067998
0.039237
0.026612
0.035679
0.060272
0.100461
0.045562
0.083748
0.053793
0.068663
0.036125
0.080547
0.042217
0.024249
0.028867
0.028056
0.073261
0.087373
0.060683
0.045634
0.074204
0.039347
0.079080
0.041169
0.056633
0.059613
0.024122
0.020127
0.034108
0.040276
0.065216
0.025573
0.069391
0.114538
0.052264
0.053236
0.070944
0.068643
0.063092
0.024216
0.047185
0.062825
0.062596
0.110546
0.047045
0.033414
0.022044
0.048311
0.075985
0.039680
0.038496
0.023022
0.074073
0.073642
0.026933
0.052093
0.090787
0.052310
0.040045
0.049095
0.078607
0.086704
0.047343
0.030180
0.060575
0.024949
0.019686
0.050304
0.107638
0.098023
0.043004
0.055969
0.078698
0.025468
0.030023
0.026617
0.030495
0.068708
0.080314
0.024632
0.042063
0.061164
0.026909
0.045162
0.039019
0.019434
0.037220
0.089388
0.044233
0.032154
0.020811
0.041335
0.023743
0.051603
0.061956
0.068936
0.075981
0.036373
0.072250
0.025835
0.057248
0.073690
0.033817
0.103777
0.094727
0.077967
0.057931
0.071842
0.040234
0.061323
0.074247
0.041176
0.045146
0.035466
0.108368
0.053560
0.060143
0.084665
0.075400
0.055765
0.084499
0.026878
0.056541
0.030066
0.060164
0.078233
0.068048
0.065054
0.047195
0.065712
0.063724
0.046166
0.035774
0.106185
0.062618
0.061278
0.084895
0.042114
0.033499
0.082161
0.036820
0.038413
0.048262
0.118822
0.116005
0.051635
0.064472
0.081929
0.066578
0.048156
0.076753
0.025098
0.065442
0.055388
0.085263
0.051636
0.080863
0.048021
0.067217
0.086046
0.052055
0.084901
0.042579
0.030339
0.032166
0.049145
0.068014
0.073410
0.066824
0.065993
0.053113
0.054229
0.064668
0.045109
0.038712
0.051353
0.084080
0.022766
0.026768
0.054883
0.061265
0.021879
0.069389
0.083751
0.052689
0.049358
0.087715
0.057377
0.059896
0.055260
0.084985
0.051158
0.067749
0.036547
0.073020
0.030545
0.060305
0.057841
0.081791
0.071847
0.057602
0.036934
0.040846
0.068678
0.038067
0.079488
0.085194
0.052030
0.029925
0.102567
0.064753
0.049518
0.036721
0.046501
0.072530
0.082290
0.069408
0.066900
0.027229
0.041901
0.070620
0.044057
0.029706
0.039992
0.094348
0.058195
0.032521
0.026552
0.036968
0.060061
0.068990
0.041950
0.039392
0.079096
0.065250
0.043762
0.025189
0.070176
0.083240
0.055309
0.093220
0.037572
0.065663
0.070456
0.049877
0.046619
0.032449
0.058877
0.027615
0.030808
0.020017
0.091911
0.117932
0.091133
0.094738
0.055588
0.043569
0.068413
0.050406
0.061259
0.064915
0.041575
0.026083
0.036164
0.089230
0.043860
0.080525
0.104679
0.039340
0.044019
0.046977
0.059858
0.041828
0.053439
0.070938
0.051971
