474,29,32,102
468,27,37,102
466,27,38,104
464,27,39,105
462,26,38,105
462,28,36,102
462,28,34,101
460,28,34,101
460,28,34,101
457,27,35,103
456,27,34,102
454,27,34,101
453,26,33,101
452,26,33,102
450,25,32,102
449,26,32,103
449,25,29,102
448,27,29,102
448,26,30,101
449,26,30,100
448,26,31,100
444,27,35,101
441,25,39,103
439,25,42,103
435,25,47,102
436,25,47,104
436,25,48,104
436,26,47,102
438,26,45,104
440,26,44,103
442,27,42,103
446,28,40,102
448,26,38,102
449,26,37,102
449,27,38,102
451,28,37,102
449,27,39,103
448,28,40,104
447,28,41,103
448,29,41,103
446,30,42,103
446,32,42,103
447,33,41,103
447,35,42,104
446,36,41,103
451,37,37,100
450,36,38,104
453,36,38,102
453,35,37,103
455,36,38,105
455,38,38,104
459,39,38,102
460,39,38,103
461,37,39,106
461,39,40,105
461,39,41,105
461,41,42,102
465,44,41,105
464,47,40,104
469,50,37,100
469,49,37,102
471,48,36,104
472,49,37,102
473,50,38,103
476,51,36,102
477,54,37,108
479,123,38,111
479,149,40,108
477,145,38,109
477,146,40,110
480,150,39,108
477,146,40,110
479,149,40,108
481,153,37,106
479,151,36,109
481,154,35,111
480,158,36,108
479,157,36,106
478,158,37,104
478,158,39,109
477,156,39,109
476,156,39,107
476,159,39,110
475,158,39,108
474,161,41,114
475,165,40,110
473,167,41,110
472,168,41,110
475,170,39,107
476,170,37,107
474,169,38,108
474,169,38,112
474,170,37,112
469,170,40,114
472,175,38,112
469,176,39,112
466,179,39,113
465,178,39,112
463,178,40,112
463,179,40,111
462,180,41,110
459,180,43,111
458,181,43,111
456,181,44,112
455,182,44,117
454,183,44,119
453,185,42,119
454,187,40,119
452,190,40,114
452,190,36,118
452,190,34,116
449,189,33,116
444,189,36,121
441,191,36,120
444,191,33,118
438,192,37,118
433,193,40,117
432,194,41,120
428,193,42,120
424,193,41,119
418,192,44,120
415,193,45,121
411,194,47,120
410,193,45,118
407,195,45,118
403,195,47,119
398,197,50,118
402,196,41,122
401,197,40,119
399,195,37,119
398,195,35,122
398,198,34,118
397,197,32,106
395,198,33,111
393,198,34,109
391,201,33,110
388,203,36,116
386,210,36,112
383,212,36,113
378,214,39,112
376,212,38,117
371,213,39,116
367,214,40,115
362,215,43,117
359,219,42,118
355,221,45,117
354,222,41,115
352,226,40,112
350,225,37,109
347,226,38,115
343,227,39,117
344,225,37,118
338,228,40,115
337,231,36,110
334,233,40,113
331,235,39,110
329,237,37,110
324,235,38,116
320,237,38,113
313,238,40,116
310,239,41,116
304,240,46,119
308,242,38,110
302,245,40,115
301,244,38,113
299,243,36,114
294,242,37,120
293,246,35,116
289,245,37,116
286,251,38,114
285,254,39,116
280,257,41,114
279,258,38,112
275,257,37,113
270,255,38,114
263,259,40,114
260,261,41,117
254,261,44,118
252,265,42,111
251,264,36,108
246,266,39,115
244,263,35,109
242,263,33,94
241,261,32,94
236,265,32,92
232,269,33,115
225,273,35,113
219,278,39,121
218,279,37,118
212,281,39,120
208,283,37,116
205,283,38,120
199,287,39,113
196,286,37,116
194,285,36,116
190,289,35,116
188,288,35,122
180,295,38,123
172,301,38,123
170,302,39,126
167,306,39,123
159,307,41,122
154,309,42,119
150,307,41,121
146,307,42,123
144,306,42,125
140,308,42,122
134,310,42,125
132,313,40,128
130,316,40,128
123,324,42,121
123,327,39,117
119,328,39,118
118,325,37,121
115,320,39,123
113,318,41,126
111,321,42,122
102,323,48,118
96,324,53,118
93,325,55,119
90,324,58,121
88,324,54,122
88,324,44,120
83,322,42,125
79,324,39,121
73,324,39,121
67,326,42,119
58,325,50,120
54,325,53,119
49,324,57,122
48,324,60,122
47,324,53,121
45,323,50,122
43,323,43,123
42,323,38,121
39,322,36,122
34,324,39,118
31,322,38,120
26,324,44,119
16,321,51,121
9,322,57,122
9,320,54,123
8,320,55,124
10,321,53,124
3,318,59,127
11,319,51,126
5,319,53,124
2,318,55,124
1,317,55,123
2,318,53,122
2,318,54,123
0,319,52,122
0,316,53,124
0,319,52,120
1,318,49,120
7,320,47,120
12,319,45,121
9,319,49,120
13,319,45,121
13,320,45,122
11,319,49,124
16,318,47,122
18,318,47,120
24,317,43,119
27,318,42,117
33,318,40,118
34,318,42,118
36,320,40,115
39,319,44,117
39,320,46,116
40,321,48,113
43,319,51,116
42,320,53,118
45,320,53,115
50,317,49,118
51,316,47,119
56,317,44,116
65,316,39,113
67,316,39,116
70,315,40,116
71,314,39,117
75,314,44,116
76,314,47,116
76,319,56,111
78,320,54,111
79,321,59,111
79,319,58,110
80,322,61,109
80,320,62,109
81,316,60,112
83,313,59,116
85,313,57,112
92,310,54,113
96,310,53,110
102,307,50,111
109,305,44,115
110,304,47,119
114,301,45,112
117,300,46,116
119,303,45,111
121,298,44,116
121,299,44,113
120,298,43,116
123,298,43,115
123,295,42,115
128,292,40,117
133,291,38,117
137,286,35,116
138,285,34,118
142,283,37,117
141,284,39,118
145,282,42,118
144,284,43,116
145,283,43,115
150,281,39,115
155,279,36,112
157,275,35,115
159,272,34,119
161,273,36,116
162,275,37,115
163,275,39,113
164,274,40,114
165,276,40,112
168,275,40,112
167,272,41,116
173,268,38,118
175,268,35,118
177,265,34,114
181,264,35,115
182,264,36,112
184,264,37,108
186,262,40,113
186,263,42,115
186,263,44,114
189,265,48,112
190,261,52,117
189,266,55,112
188,268,55,110
191,262,55,113
191,264,56,112
197,259,52,111
199,255,52,112
204,255,45,103
213,250,40,104
216,249,40,105
224,246,36,108
226,243,36,109
228,241,38,109
228,242,40,112
230,242,44,108
230,241,46,111
232,242,48,111
232,241,49,111
232,241,50,110
239,238,48,111
247,235,44,108
249,233,42,108
252,229,43,106
258,226,40,105
263,221,39,109
265,220,38,108
269,219,39,104
269,219,40,110
270,219,43,113
274,218,45,105
271,219,49,112
274,217,49,114
274,217,51,114
274,219,53,111
277,219,54,110
279,216,53,108
281,211,51,110
288,207,46,110
292,207,44,105
295,206,44,106
302,203,39,109
305,202,38,107
306,198,38,114
309,201,40,110
311,199,40,107
311,199,40,111
310,200,43,110
313,200,43,108
313,199,42,108
316,198,40,108
322,195,38,106
328,194,33,106
329,191,37,107
333,188,37,110
333,190,38,107
337,187,34,112
337,188,37,111
339,187,38,110
341,189,38,99
340,189,41,110
340,190,40,105
342,189,45,109
340,190,50,109
341,192,55,107
342,188,56,111
351,189,49,109
358,188,41,106
364,188,38,105
370,183,38,113
371,184,39,112
374,184,37,110
378,182,37,110
380,182,40,108
385,182,42,109
385,183,46,111
386,183,44,105
390,183,43,108
394,182,40,106
397,180,38,105
403,179,34,100
402,176,35,107
406,175,33,106
409,173,33,102
410,173,33,100
412,172,34,98
413,172,35,103
414,172,37,104
416,172,36,105
419,172,34,103
418,172,34,102
421,169,33,105
425,167,31,105
426,167,32,106
428,165,34,104
429,162,34,108
429,161,35,110
432,161,36,109
432,162,36,108
434,163,36,107
435,163,36,106
436,163,35,106
438,162,35,107
440,162,34,108
441,159,32,108
444,156,31,105
444,155,31,108
448,153,31,102
449,153,33,105
450,152,34,104
449,153,35,105
452,152,36,107
453,152,34,105
455,154,33,100
457,152,33,101
454,151,35,107
460,148,33,106
459,146,32,107
463,144,32,105
464,143,34,107
464,142,35,105
466,143,37,107
467,144,37,104
469,145,37,102
469,144,37,105
471,144,37,104
472,144,37,104
473,140,37,108
475,137,35,105
478,134,34,106
479,134,33,106
480,135,32,106
483,134,33,107
482,134,33,104
484,134,33,103
484,134,32,104
484,134,33,106
488,131,36,110
487,131,34,108
490,129,36,109
492,128,35,106
496,126,33,103
496,126,33,102
496,126,33,103
497,124,34,110
499,126,34,109
499,125,34,106
504,124,32,99
505,126,33,94
508,125,34,94
510,123,32,95
513,121,29,93
512,120,29,90
514,118,28,89
513,114,29,85
517,117,27,94
516,113,28,93
517,115,29,90
518,115,30,91
519,114,29,89
520,114,28,72
523,121,29,93
523,115,26,95
526,112,27,83
528,113,27,101
529,109,28,95
531,109,25,81
534,108,26,89
535,107,27,86
535,107,29,85
536,107,31,87
537,106,32,92
540,105,34,90
541,107,34,94
543,107,32,91
545,105,35,101
545,103,36,103
548,103,33,94
548,101,34,95
549,101,35,92
551,100,35,92
553,99,33,91
553,98,33,89
555,97,34,90
555,98,40,93
556,99,39,88
557,97,38,92
559,98,38,93
561,98,37,86
563,97,39,89
564,95,42,97
563,93,43,96
564,93,45,92
564,92,46,85
565,91,49,92
565,91,48,91
564,91,48,89
566,90,46,81
564,91,48,88
565,90,48,82
564,93,50,85
566,91,48,80
565,90,50,88
566,90,50,80
566,91,51,95
566,91,51,80
567,88,53,97
567,89,52,83
567,90,51,92
566,89,52,98
566,89,53,90
566,90,53,84
567,89,53,87
565,90,54,90
565,89,54,82
563,90,54,88
563,91,54,82
562,90,53,92
562,89,55,100
560,89,55,99
559,89,55,95
558,89,58,103
557,89,57,101
559,90,57,98
557,90,55,96
557,89,55,93
557,88,57,94
558,90,56,93
557,89,55,103
557,89,54,92
557,89,55,93
558,88,54,103
559,89,57,95
558,90,55,95
557,89,58,106
559,89,55,91
559,89,54,89
559,89,53,87
560,90,37,83
559,89,34,88
559,90,30,84
560,90,30,88
562,89,31,83
561,91,29,80
562,90,31,84
561,90,29,79
563,91,31,82
562,91,31,81
562,89,30,84
562,92,29,83
562,88,48,93
562,90,51,84
560,90,51,89
559,89,47,82
559,91,47,94
558,90,47,95
558,91,45,92
556,90,46,77
556,90,47,88
554,89,47,91
555,89,45,91
554,88,43,80
554,90,42,83
554,89,39,86
554,90,36,92
554,90,36,91
554,90,36,90
555,89,36,89
555,90,37,90
555,89,39,93
555,89,39,88
555,90,38,90
555,90,37,86
555,90,37,89
556,89,35,90
555,90,35,85
555,91,35,85
556,90,35,86
556,91,37,84
555,90,37,88
557,90,37,84
555,90,38,86
556,90,39,87
555,89,39,88
555,89,39,87
556,90,40,87
555,90,40,85
555,89,39,85
555,89,40,90
555,90,39,90
556,89,40,88
555,90,39,88
556,90,39,89
555,89,39,87
555,90,38,85
556,90,40,84
555,90,40,86
555,89,39,89
556,89,38,87
556,89,40,89
556,89,39,91
556,89,40,87
555,90,38,86
556,89,39,85
555,90,40,90
556,89,39,86
555,89,39,90
555,90,39,90
555,89,39,84
555,89,41,86
555,88,49,94
556,89,52,84
556,89,50,94
554,90,54,103
556,90,53,94
555,91,50,102
556,89,49,92
556,90,48,85
556,90,48,90
556,88,48,83
555,90,49,89
557,89,47,81
557,90,49,82
557,90,48,89
556,90,49,84
556,89,50,92
556,88,48,86
556,88,49,87
557,88,50,87
557,90,49,86
557,88,50,95
558,89,49,87
557,90,49,86
557,89,49,83
557,90,50,89
558,89,49,82
557,90,50,90
558,88,49,77
559,90,48,93
558,89,49,95
558,89,49,92
558,89,49,84
556,90,52,84
558,89,50,88
557,89,50,87
557,88,50,89
557,88,51,84
557,90,53,94
557,91,51,94
558,88,52,101
558,90,53,100
557,89,53,95
557,89,52,99
558,90,52,102
557,90,53,93
556,89,53,101
557,90,52,98
556,90,53,100
555,91,54,100
555,92,53,97
555,93,53,98
554,92,52,94
554,90,51,95
555,91,50,96
554,90,51,94
555,90,53,105
554,90,54,95
554,90,52,91
554,89,53,104
555,90,53,97
553,90,54,102
555,89,53,99
553,90,54,103
552,88,56,101
553,88,54,98
552,88,54,95
552,88,55,97
553,88,57,94
554,88,53,93
553,88,50,92
554,89,54,107
552,87,54,98
552,86,49,88
552,88,49,90
551,88,49,88
551,87,47,90
551,88,47,90
551,87,45,93
550,88,44,83
549,88,43,90
549,88,43,91
548,88,45,90
547,88,44,90
547,87,47,87
547,89,47,94
547,89,50,88
547,89,49,88
546,88,49,93
547,88,49,92
547,88,49,92
548,88,46,92
548,88,44,88
548,88,46,90
548,87,47,85
547,88,45,92
548,87,47,89
548,89,45,89
549,90,45,87
550,87,44,91
550,88,42,92
553,88,38,92
553,89,37,87
556,91,36,91
556,89,39,85
556,87,39,87
556,88,40,90
557,89,41,87
556,90,42,86
555,87,41,90
556,88,40,90
556,88,40,91
555,87,39,92
555,89,38,87
554,88,38,86
553,88,39,96
552,89,39,86
552,89,40,93
551,89,40,83
551,90,41,86
551,87,41,91
549,88,43,91
550,87,43,93
549,88,44,86
550,90,43,87
550,89,44,90
550,88,46,89
550,88,49,100
551,88,53,102
551,89,54,96
552,90,57,102
553,91,56,96
553,89,58,100
555,89,58,99
555,89,59,97
558,89,58,96
561,90,58,91
562,90,57,88
562,89,60,99
563,90,61,103
564,88,61,90
565,89,59,93
564,90,61,90
564,90,60,89
563,88,61,101
562,90,52,82
562,88,59,101
562,89,57,82
559,91,42,93
558,91,49,82
558,89,38,91
562,91,48,101
557,91,39,93
556,92,45,96
553,93,36,85
553,91,49,96
550,90,60,100
549,91,53,84
548,91,54,102
545,92,52,76
544,91,49,95
543,89,47,77
541,90,45,75
541,90,41,76
540,93,39,72
538,94,41,100
537,99,40,91
538,99,40,91
534,99,40,94
535,100,37,96
533,97,37,73
532,96,37,83
531,96,34,63
530,98,36,99
529,98,31,63
529,98,32,62
527,95,29,63
526,96,30,65
525,99,28,61
524,98,26,57
522,104,26,63
520,102,27,69
517,105,31,106
520,102,30,65
524,109,37,98
521,109,35,96
521,111,37,111
514,107,34,87
515,111,36,102
509,105,37,100
510,112,37,94
505,110,37,107
504,115,34,100
502,118,36,97
497,117,36,94
496,118,39,100
492,116,38,106
491,117,34,80
490,115,35,84
490,116,36,91
490,117,36,98
488,119,36,100
486,122,38,111
485,120,36,107
484,124,36,113
483,122,35,99
482,125,33,84
483,126,32,87
481,126,34,91
478,125,37,112
478,124,35,109
476,125,37,108
475,124,36,111
475,125,36,108
473,128,37,107
471,128,37,105
470,131,36,105
467,130,37,109
463,135,39,110
461,135,39,106
459,136,39,111
460,133,36,106
455,135,38,114
459,134,34,103
455,134,37,103
455,134,35,99
455,136,35,102
452,137,36,103
453,137,36,103
450,140,36,106
448,140,37,97
445,143,39,105
441,143,42,114
442,144,38,104
443,144,34,100
445,144,31,101
443,144,31,103
442,142,32,106
438,144,34,102
442,144,31,104
438,145,31,99
436,144,34,103
430,145,36,101
431,146,33,104
430,149,33,99
425,153,38,95
423,153,35,97
421,150,35,101
422,150,33,103
420,150,34,98
418,152,36,99
410,151,42,105
412,154,39,104
414,155,37,100
414,158,35,96
412,160,35,96
412,163,33,95
412,163,33,100
407,162,35,101
408,160,33,102
406,161,33,99
402,161,35,101
397,166,37,96
398,165,36,104
396,166,37,102
397,169,34,96
391,171,36,99
390,172,37,101
389,171,36,100
385,172,35,100
381,172,35,101
380,172,35,100
378,172,33,102
374,171,36,105
372,177,36,101
365,177,40,104
363,180,44,99
361,183,41,98
359,183,36,101
357,186,33,102
355,184,29,104
350,181,31,108
343,181,34,110
344,182,35,104
340,184,33,105
339,185,33,103
331,190,36,100
335,187,33,100
326,189,37,103
322,185,38,108
323,183,37,113
321,186,40,118
317,186,42,111
316,188,42,113
312,189,44,112
309,187,46,116
310,189,40,108
311,188,36,108
311,187,35,108
311,188,32,99
310,187,33,108
308,190,33,112
306,191,37,114
306,192,33,115
303,195,35,114
298,197,36,112
298,197,35,113
294,197,38,112
292,199,40,110
294,198,36,109
288,202,42,114
290,204,38,111
286,206,37,110
286,205,38,111
289,213,37,106
285,213,34,105
281,215,36,99
278,211,35,107
273,210,39,111
273,214,35,105
271,214,37,107
268,215,35,109
267,220,32,104
260,221,35,103
258,218,37,111
254,222,40,109
253,221,34,111
250,224,36,107
247,224,38,109
243,222,38,112
244,228,36,109
244,228,33,112
238,231,37,105
228,229,38,116
222,238,38,107
218,242,44,108
219,243,38,104
215,247,38,104
214,248,40,104
210,246,37,107
209,244,38,111
207,244,40,112
203,243,42,114
205,245,41,111
199,246,44,110
199,248,44,110
200,248,42,113
197,250,42,114
198,251,41,114
196,254,41,111
194,251,42,114
192,255,41,111
191,253,41,114
188,254,41,114
186,253,43,113
184,256,42,111
184,253,40,112
183,256,39,111
180,256,40,113
181,257,38,113
177,262,40,111
177,263,38,112
174,265,38,109
173,264,38,110
172,263,37,111
169,263,39,112
169,262,40,116
168,264,38,114
165,267,40,110
165,268,38,110
162,269,41,110
162,272,40,108
159,272,41,115
159,275,39,112
156,274,40,113
153,277,38,112
152,275,37,116
149,277,38,114
148,278,38,116
147,281,36,110
144,280,38,113
143,281,37,115
139,284,40,114
137,288,40,112
135,288,37,111
134,286,37,114
131,288,39,114
131,288,39,113
128,289,40,113
124,288,43,116
120,291,45,113
120,296,44,114
118,296,45,112
116,301,41,110
113,298,42,113
110,302,40,109
108,302,40,110
108,302,38,112
99,302,44,112
93,302,49,117
87,305,52,115
84,310,54,114
81,309,57,119
78,315,58,114
76,312,57,117
75,311,46,117
72,314,41,113
65,312,44,116
64,314,43,113
59,319,43,110
57,319,45,112
55,321,43,110
54,317,43,114
51,319,41,112
48,320,41,112
46,320,39,113
40,320,40,116
35,319,43,117
33,317,44,121
29,320,45,119
43,323,42,117
25,322,48,121
23,324,43,117
23,322,43,121
20,320,36,121
22,321,38,118
20,321,39,117
18,320,39,118
18,321,37,115
18,323,36,108
17,321,36,114
17,318,33,110
15,324,35,109
14,318,35,108
13,326,40,116
7,319,43,129
12,328,39,123
9,320,42,125
9,323,42,127
11,326,41,116
9,325,40,110
8,322,37,119
12,323,37,118
5,322,43,117
13,323,37,113
14,325,36,116
16,322,35,118
18,323,36,116
19,327,36,112
19,316,34,118
18,321,35,120
19,322,35,115
24,325,38,114
18,319,39,119
22,320,39,117
22,322,38,114
21,320,38,118
20,319,41,118
22,320,42,118
22,321,38,117
23,322,37,117
26,322,36,120
28,319,41,125
27,323,35,119
29,321,38,119
28,323,37,120
30,321,38,122
32,322,39,120
30,320,40,121
34,321,40,120
34,324,40,117
36,321,41,122
36,325,44,119
35,324,45,120
38,322,46,122
37,323,48,122
39,322,50,122
38,322,51,122
44,320,50,122
49,321,48,119
55,319,45,120
58,320,41,120
63,319,41,123
66,320,51,119
67,320,53,120
68,319,57,120
67,319,61,121
69,321,64,118
69,320,65,118
73,319,63,116
75,321,63,114
77,320,64,114
80,321,60,114
91,318,55,115
99,320,48,116
102,315,48,121
107,310,49,125
104,312,53,121
155,295,45,120
109,312,55,116
160,295,39,116
163,294,40,118
164,295,42,116
123,306,53,122
125,305,51,121
134,300,46,123
140,299,46,117
142,299,44,119
177,291,43,112
177,292,40,109
184,287,37,111
187,290,38,112
190,286,36,109
152,294,48,118
156,294,48,116
163,292,43,112
164,293,41,114
168,293,42,116
173,290,41,115
174,291,41,113
175,288,45,118
177,289,49,115
175,288,53,118
181,288,49,119
182,287,46,119
192,284,40,114
200,278,38,106
203,279,38,95
206,279,36,93
207,279,38,94
212,278,36,94
224,273,38,97
214,278,42,96
224,275,37,101
220,273,44,109
219,261,45,120
225,254,41,117
231,253,37,108
232,253,37,112
236,255,38,109
233,251,39,114
235,248,41,115
235,250,42,111
237,249,43,108
244,246,41,107
248,254,43,99
243,243,40,107
243,245,41,106
248,247,37,100
261,248,38,100
247,241,45,107
250,235,45,112
253,236,45,109
261,234,41,100
267,230,38,103
271,230,37,101
275,228,40,115
278,230,37,97
281,228,36,102
286,229,41,107
282,223,40,99
289,212,38,108
290,218,45,106
296,208,40,107
296,211,39,103
304,220,36,105
304,207,37,99
307,211,36,102
310,204,36,105
312,212,34,101
318,206,35,98
320,208,36,97
321,203,37,102
329,206,34,101
329,199,37,103
328,204,38,100
334,195,38,102
330,198,41,106
339,200,36,104
339,194,38,105
340,197,41,110
344,194,43,110
346,193,44,107
346,193,41,108
350,193,46,106
354,192,43,112
353,193,44,112
357,192,41,114
361,192,40,113
360,191,42,114
363,192,43,110
364,192,44,111
362,190,38,109
368,190,39,102
371,191,39,103
372,191,41,105
378,189,38,106
382,190,37,97
384,188,39,107
388,186,41,109
393,186,41,111
393,187,43,111
404,184,42,115
402,184,42,115
407,181,42,120
410,181,42,114
414,178,42,117
415,182,44,115
418,177,41,125
422,177,38,118
419,174,41,114
423,176,41,112
431,175,39,110
433,173,39,107
432,172,40,107
427,170,38,104
425,170,38,106
444,170,38,103
432,163,33,110
459,171,35,98
458,170,37,97
457,167,37,100
469,166,34,102
469,165,35,103
472,162,33,103
472,160,36,105
474,158,37,104
471,157,37,106
476,154,36,108
479,154,34,106
478,152,33,107
482,151,32,104
482,150,31,100
482,150,31,98
482,148,32,101
475,145,36,106
480,147,40,105
482,148,40,101
482,142,35,101
488,135,37,105
502,136,32,94
498,131,33,94
503,128,30,90
508,129,29,90
505,127,31,90
540,136,29,86
540,133,30,88
545,131,29,94
545,129,30,95
541,125,35,102
567,100,38,101
574,89,37,68
584,95,32,89
582,96,35,97
584,92,36,116
584,89,35,97
