447,151,27,86
440,150,32,97
436,151,33,98
432,155,33,97
429,157,32,102
427,160,32,95
422,160,32,95
419,161,33,94
414,162,33,91
411,165,35,93
406,169,34,98
403,172,33,93
398,173,33,92
395,174,36,95
393,176,34,95
389,178,33,98
385,178,34,101
382,177,34,102
380,178,33,100
375,181,36,98
372,181,37,96
366,185,43,98
364,186,42,101
361,190,37,95
357,191,34,94
355,189,33,97
348,189,34,99
339,188,42,100
325,191,54,101
321,190,60,103
320,193,58,99
320,193,55,100
318,191,54,103
316,193,54,99
314,192,43,102
315,190,38,104
313,192,36,102
307,192,38,104
305,190,36,107
298,192,41,107
295,194,40,108
291,199,41,105
292,202,40,104
293,203,34,104
288,203,35,104
283,202,35,103
282,200,35,112
278,202,38,110
275,204,41,109
274,211,39,105
271,213,40,104
269,214,40,103
262,212,43,106
259,212,40,106
256,213,37,110
255,213,39,109
244,221,41,105
247,222,37,106
243,227,39,103
236,228,42,102
237,229,35,103
236,227,36,106
231,231,36,107
229,235,37,104
225,236,35,104
218,236,37,110
214,235,39,111
214,238,36,109
210,239,38,107
209,243,38,108
205,246,37,106
202,246,37,105
202,245,34,106
196,245,37,109
195,248,36,108
190,248,39,112
193,253,36,104
185,254,39,107
182,255,40,106
178,254,39,107
177,253,38,113
175,256,37,110
172,256,38,110
169,259,41,108
169,261,40,108
166,266,38,106
163,267,38,104
159,268,38,103
158,266,37,107
156,268,37,105
155,268,36,107
148,267,42,106
145,270,43,106
145,274,39,105
144,276,38,104
143,277,37,103
141,278,38,104
138,277,38,105
136,276,36,106
135,275,36,109
134,276,35,105
133,277,34,104
130,278,33,104
130,281,33,103
130,278,33,104
128,280,30,111
128,285,29,104
127,281,26,108
122,279,30,120
118,278,34,121
117,276,35,130
111,277,39,129
110,287,41,121
110,282,37,124
105,274,41,129
107,284,35,122
105,284,38,126
107,276,38,129
103,298,42,116
102,285,40,131
100,294,39,113
97,297,38,113
95,297,37,109
92,295,37,112
106,301,35,108
94,303,41,105
88,301,35,106
85,306,37,103
81,305,40,111
82,305,42,109
80,306,43,112
84,308,42,101
75,309,35,101
73,307,37,112
69,310,38,112
66,310,39,116
65,310,36,110
64,311,36,115
62,308,39,115
61,310,38,116
60,309,34,116
59,311,36,114
58,310,33,115
57,311,36,115
52,312,36,111
52,313,35,110
49,311,34,109
49,311,36,111
47,312,37,109
45,313,38,105
43,313,39,109
44,311,38,110
41,310,41,110
42,309,40,108
44,308,37,109
42,309,39,112
43,308,37,110
43,307,38,111
43,306,41,113
43,307,40,111
44,309,40,109
44,310,42,110
45,309,43,111
46,309,44,110
49,311,42,107
50,311,39,105
54,311,38,105
58,310,36,107
60,309,37,107
63,310,36,104
63,311,36,104
64,309,37,106
66,310,39,105
67,308,42,107
66,306,43,109
71,311,41,104
71,308,40,106
77,308,37,101
75,307,41,106
77,305,38,106
78,303,36,106
83,301,34,106
84,301,34,108
85,300,33,107
86,300,34,107
87,297,34,110
86,296,35,118
91,296,34,112
91,295,35,109
93,297,35,105
90,297,36,110
91,295,37,114
88,296,41,113
91,293,39,115
89,294,34,111
92,297,37,110
95,297,41,112
91,298,40,112
93,296,42,116
91,296,37,110
91,296,35,109
93,295,31,107
91,295,32,106
90,294,32,109
91,294,32,111
90,294,32,111
90,292,33,111
89,293,33,112
88,291,34,115
88,295,34,109
88,295,34,111
87,288,35,118
87,294,36,114
87,295,35,111
87,295,36,112
88,296,35,110
88,294,37,111
89,297,37,107
91,297,37,108
90,296,36,109
91,295,36,111
92,296,35,108
92,293,34,111
92,296,34,107
93,295,34,108
94,296,34,108
93,297,35,107
95,295,34,108
95,295,33,107
95,296,33,107
97,295,32,109
96,297,33,106
96,297,33,103
98,295,32,106
99,295,34,107
101,295,35,107
102,295,35,107
105,294,38,108
105,295,39,109
107,292,37,109
106,297,39,106
108,272,42,131
106,285,48,119
106,293,47,109
107,298,47,102
110,301,48,98
109,300,51,97
114,300,50,95
117,303,46,89
120,298,46,93
122,298,48,93
125,293,48,97
124,293,48,99
128,290,49,101
128,291,52,102
129,288,52,103
132,283,51,107
134,277,51,110
141,275,49,108
141,273,47,104
146,272,46,100
152,267,42,101
156,264,39,104
161,262,38,108
162,261,40,109
165,260,41,109
164,259,42,107
171,258,40,107
171,255,43,106
175,253,37,106
181,253,36,104
184,250,33,104
185,245,35,110
185,248,37,107
189,250,37,105
187,249,41,106
194,246,39,106
193,244,38,108
200,243,36,104
204,242,33,103
206,239,32,105
209,240,32,105
212,238,34,107
211,239,33,106
212,240,36,105
216,238,34,101
218,238,35,97
224,236,34,104
225,233,37,103
229,231,37,103
228,231,37,105
233,230,36,106
236,229,33,103
238,227,33,99
239,226,31,97
243,224,29,96
245,222,31,102
247,224,33,101
249,218,34,105
249,217,35,107
251,216,35,108
252,214,36,108
255,213,33,107
256,212,35,108
258,211,37,107
260,209,37,106
260,211,35,108
261,212,38,103
253,210,42,102
258,210,42,106
262,209,42,105
257,207,48,110
256,209,52,105
259,206,51,102
262,206,49,108
265,207,46,107
270,206,44,100
274,203,42,99
281,201,38,99
283,198,37,102
284,200,38,99
288,198,37,103
290,198,38,104
284,196,48,105
289,192,45,108
293,191,40,110
298,190,39,110
296,191,40,108
299,190,41,107
299,190,39,104
302,190,37,102
303,188,39,104
306,189,39,103
309,189,39,104
309,189,37,103
312,189,39,101
312,190,45,100
312,190,50,101
312,189,50,104
315,190,54,101
317,190,54,100
326,190,48,99
335,188,42,98
341,187,38,98
351,188,34,98
355,186,32,99
357,184,37,104
383,184,31,87
386,181,31,96
382,183,32,95
378,176,34,105
377,178,37,104
383,176,31,88
387,175,30,94
420,176,23,82
392,170,32,102
397,173,32,95
394,172,35,99
399,172,34,93
402,174,38,100
415,174,31,93
425,172,28,98
422,168,31,100
416,168,38,96
421,166,36,101
422,167,36,96
421,163,38,99
427,163,34,96
424,160,37,94
428,160,35,92
431,156,35,102
433,157,35,95
431,155,31,95
430,157,33,101
431,151,32,117
430,152,29,107
431,153,29,103
430,153,29,101
431,152,30,98
431,151,30,101
431,152,30,97
431,151,29,97
431,151,31,98
431,151,32,99
431,151,34,99
433,150,36,99
432,151,37,100
435,150,36,100
434,150,40,100
437,149,35,102
438,148,35,102
439,146,33,102
436,144,35,104
438,145,36,104
441,144,33,105
442,145,34,104
444,143,35,105
445,142,34,105
447,144,33,102
446,144,34,101
448,143,34,101
450,144,33,100
452,143,32,101
452,143,33,101
452,140,34,102
452,138,33,105
453,136,34,105
452,136,34,105
490,136,39,105
456,136,34,104
458,136,32,103
457,135,32,104
459,133,32,105
459,136,31,103
460,135,33,103
460,135,32,104
462,134,31,105
462,135,30,103
463,135,33,102
465,136,33,101
466,134,38,104
468,135,38,102
469,136,40,103
468,137,39,102
466,136,43,102
470,136,42,101
472,136,40,101
477,135,36,99
478,134,37,102
476,134,39,101
482,131,34,101
481,129,35,104
483,129,34,102
483,130,33,105
483,130,32,105
483,130,32,102
486,128,30,104
486,128,31,103
485,129,32,99
485,129,30,96
485,129,31,96
483,127,31,101
485,126,31,101
483,127,31,95
484,126,31,102
483,126,32,102
483,125,32,98
482,126,33,103
484,125,33,101
483,125,33,104
482,125,33,103
482,122,32,106
482,125,32,104
484,124,31,104
482,125,32,98
482,126,33,101
481,125,33,101
482,121,33,104
481,123,33,102
480,120,34,103
483,123,33,106
486,119,36,109
482,128,33,104
508,114,33,110
507,115,33,112
504,115,36,115
481,123,36,109
478,127,35,107
504,114,35,108
499,117,38,113
479,120,41,115
494,118,36,115
471,135,37,100
497,116,38,115
466,136,35,100
463,136,35,102
459,137,36,105
459,139,33,106
456,140,35,105
456,142,32,104
454,144,34,102
453,147,33,100
451,146,33,100
451,144,32,103
449,143,32,104
447,142,35,105
447,140,37,110
486,124,35,108
447,142,38,108
483,124,37,106
446,146,37,111
481,131,37,99
444,150,38,110
443,149,37,106
476,134,40,95
471,135,42,103
468,137,44,105
443,151,33,109
439,151,36,108
472,137,39,103
466,141,44,104
431,152,41,109
434,152,39,109
459,137,47,111
458,138,46,105
457,137,46,104
458,137,45,111
456,140,46,111
454,144,46,107
453,144,44,111
457,144,40,104
453,146,40,106
457,144,33,102
454,145,36,106
453,145,34,106
453,146,34,106
454,147,33,104
451,150,33,102
450,152,33,102
395,173,33,98
392,173,35,102
391,175,33,103
389,177,35,99
385,177,37,103
385,179,36,96
384,180,35,96
379,186,37,90
378,189,35,86
376,190,37,86
371,189,36,88
371,187,39,92
367,187,38,94
364,187,41,99
361,188,42,97
357,189,42,99
354,190,44,99
351,188,47,102
351,191,42,100
350,188,41,103
349,190,37,99
350,186,40,104
404,173,33,98
343,191,37,98
339,189,39,100
334,188,40,101
331,189,40,101
327,188,43,104
328,189,41,103
325,191,42,101
322,190,41,101
323,191,38,100
320,191,40,100
318,190,39,101
318,188,33,102
313,188,38,105
312,187,34,107
307,186,36,107
305,188,40,105
304,188,36,106
303,187,37,106
303,189,40,105
301,189,35,105
302,187,36,107
297,187,37,106
296,186,37,108
293,187,38,107
288,190,39,106
286,188,37,109
283,187,43,108
283,185,42,111
280,188,42,109
276,189,43,110
274,192,43,107
267,197,46,103
266,199,45,102
262,200,46,101
262,198,46,102
262,197,49,104
260,196,44,110
264,196,44,112
258,203,42,103
260,201,41,113
258,209,39,101
257,209,41,106
258,208,40,101
254,206,41,103
251,208,44,106
252,206,39,108
248,208,42,105
245,211,42,104
248,210,38,106
246,214,39,104
247,212,37,107
245,215,37,106
245,216,34,107
242,222,34,101
240,223,36,101
239,221,35,103
236,223,35,96
234,223,37,101
229,223,37,101
227,218,39,107
220,220,44,108
218,224,47,105
222,223,45,106
214,232,45,101
228,233,34,95
212,230,43,103
211,229,41,105
212,225,38,109
210,227,36,109
209,225,36,110
210,226,33,109
209,226,31,107
207,226,32,109
207,229,33,107
207,227,32,108
208,230,32,107
204,228,33,111
205,231,35,108
201,231,35,113
195,235,38,110
197,237,34,109
196,238,34,106
188,236,36,107
188,242,34,106
186,237,36,111
181,238,40,112
181,243,41,108
181,239,39,113
175,246,39,109
183,240,34,114
176,248,37,109
174,248,36,110
175,245,37,112
172,245,36,111
170,244,37,111
169,250,35,113
165,255,34,108
163,254,33,111
159,259,33,107
158,261,34,108
156,260,35,109
155,258,33,112
152,262,33,107
149,261,33,106
145,262,36,111
143,267,37,110
142,267,37,111
139,271,36,109
135,271,37,109
133,269,37,111
134,271,35,111
133,268,35,113
131,270,35,113
130,267,33,114
126,275,36,114
127,274,31,114
124,275,32,117
119,283,35,104
119,281,34,93
115,283,34,109
117,277,35,114
113,283,36,112
115,282,34,112
107,287,40,112
107,287,37,113
104,294,39,108
99,297,36,108
98,294,36,110
95,295,39,113
94,286,37,123
93,293,34,117
91,298,34,112
90,295,37,117
89,302,35,108
86,308,35,106
84,310,36,111
80,316,39,107
80,312,37,110
82,310,37,113
80,313,39,112
81,315,38,108
76,310,42,116
75,315,44,114
74,317,45,111
74,316,44,106
77,315,44,111
77,316,42,106
80,320,43,106
83,317,41,110
87,315,40,114
92,307,38,109
91,317,35,109
97,312,38,105
97,313,37,111
98,307,38,119
102,303,41,127
103,292,42,134
103,296,43,132
104,296,42,131
108,295,37,120
109,294,41,128
112,297,39,122
111,297,38,125
117,298,35,118
118,299,35,119
118,297,38,117
122,297,37,120
122,296,39,120
124,296,40,119
126,298,37,116
130,298,33,114
131,293,36,111
137,296,37,111
136,295,37,113
136,294,39,111
137,295,38,111
140,297,35,108
143,297,35,107
143,297,34,107
144,293,35,117
144,297,36,110
147,294,36,109
147,293,36,111
148,292,36,110
150,292,35,111
151,289,36,108
153,291,36,107
152,289,34,111
158,291,36,104
150,285,42,110
162,286,35,108
162,286,35,108
163,285,36,109
166,285,35,106
166,286,36,106
164,283,36,109
169,280,38,111
169,280,38,110
171,280,36,110
174,280,33,108
175,275,33,112
176,275,32,112
176,271,34,117
177,270,35,113
178,267,37,115
178,266,37,111
180,266,38,111
180,264,38,112
180,266,37,109
181,262,36,111
183,265,37,104
186,265,35,104
190,264,34,103
191,262,34,103
194,263,33,102
195,262,35,106
194,262,35,105
199,260,34,105
198,262,33,103
201,257,34,109
201,261,32,104
201,258,32,106
207,257,31,104
206,257,29,106
209,257,31,99
208,252,31,106
211,255,30,101
212,255,31,101
214,253,29,103
216,248,28,108
214,245,33,112
217,243,33,106
222,247,32,101
222,249,31,99
224,244,32,99
227,244,34,99
230,245,32,98
234,245,30,98
235,238,31,103
232,239,32,109
230,235,33,112
233,236,33,105
234,235,33,107
236,231,33,109
234,234,36,106
239,233,34,112
245,233,31,103
244,233,33,104
242,237,34,101
246,230,31,107
248,231,34,106
248,234,34,103
245,230,36,105
248,230,39,109
250,228,38,108
247,229,38,105
249,227,34,107
250,229,35,105
252,223,35,106
250,224,34,103
251,223,32,105
253,218,34,109
255,219,36,109
258,219,35,108
258,220,34,107
257,220,37,106
257,218,35,109
259,221,33,105
260,215,35,109
262,208,35,114
260,211,36,109
265,206,38,115
265,208,36,111
270,207,35,113
272,205,36,114
271,205,40,113
270,208,38,110
273,208,36,109
274,205,37,113
273,206,39,113
276,210,34,108
280,202,39,113
279,206,35,105
283,197,37,112
286,198,35,106
287,200,31,102
288,201,29,104
290,198,30,107
291,193,34,112
305,199,34,101
303,196,34,105
293,198,39,107
296,197,34,109
298,190,36,109
299,191,37,113
302,192,34,109
303,190,35,109
309,187,31,107
312,188,32,102
316,187,34,107
317,183,34,103
319,187,35,107
318,189,33,106
325,187,37,104
322,186,38,108
322,189,38,107
325,190,41,104
330,188,40,104
335,184,40,109
335,186,41,104
342,184,37,100
347,182,35,101
348,183,33,102
352,184,37,106
354,185,36,101
355,183,35,109
356,185,37,98
359,183,36,97
359,176,38,111
359,181,36,106
362,180,37,105
360,180,38,108
362,181,42,106
360,181,45,104
367,180,42,97
382,176,35,99
377,180,37,97
384,181,31,91
385,182,30,93
390,180,30,94
391,176,32,96
390,175,29,95
390,172,27,82
401,172,29,93
397,172,30,92
414,170,28,93
398,171,30,97
400,172,37,93
397,173,36,97
398,172,33,100
401,169,30,96
399,167,34,97
399,165,32,101
400,165,33,102
401,165,33,103
403,166,33,102
403,165,33,102
405,164,35,99
405,165,36,102
411,164,37,99
412,163,39,104
411,167,41,100
414,163,43,102
439,155,33,99
415,167,38,94
420,157,37,99
420,154,36,100
438,155,33,97
427,156,34,94
433,153,33,95
437,151,36,98
434,153,33,96
436,152,35,94
441,154,33,95
444,148,32,101
441,146,32,105
441,147,33,102
443,145,33,102
445,145,31,102
446,144,32,103
463,140,32,101
452,144,35,103
453,144,39,103
449,143,44,103
451,144,36,99
455,143,37,104
453,141,38,102
455,139,37,102
460,137,34,102
464,137,33,101
466,136,35,101
472,134,34,102
474,134,34,100
479,133,34,100
469,136,39,101
478,134,36,101
478,133,37,104
476,132,40,106
480,122,39,113
482,122,39,110
484,128,35,101
484,130,32,97
489,128,34,100
487,126,35,105
487,127,36,103
490,126,39,103
493,125,39,105
491,122,39,107
494,123,39,104
493,123,38,107
499,122,35,101
508,121,33,96
514,118,29,83
515,115,31,83
512,116,32,90
512,116,36,96
517,115,37,95
517,115,35,95
518,115,29,93
521,113,31,99
522,112,35,106
520,110,33,106
522,110,33,108
520,104,30,98
525,107,28,101
524,101,26,61
526,108,28,93
534,108,28,103
531,106,27,87
537,105,29,96
535,102,27,54
540,108,26,87
541,103,26,99
544,103,27,107
545,96,25,61
545,99,26,77
543,102,29,97
546,99,30,97
551,91,29,66
549,97,28,84
550,99,29,97
550,97,29,101
553,93,29,108
556,91,27,65
557,91,25,66
559,92,24,76
559,93,26,82
560,86,26,65
562,91,27,81
564,92,27,80
567,92,26,75
568,92,26,78
571,93,27,78
574,94,26,73
578,92,25,75
580,92,26,78
585,91,22,77
586,92,24,76
588,91,23,78
591,92,23,74
591,89,23,78
595,85,29,81
595,77,30,87
598,79,29,85
598,73,30,77
600,87,28,89
600,77,27,66
601,85,28,86
601,85,27,90
