390,146,17,48
390,146,17,48
390,145,17,48
390,146,17,48
391,145,17,48
389,143,17,50
390,145,18,49
390,144,18,50
391,146,17,48
389,145,18,49
391,145,19,49
389,144,17,50
389,146,18,48
390,147,18,48
389,146,18,48
388,146,17,49
389,146,18,49
388,147,18,48
388,146,18,49
388,146,18,50
388,146,19,50
388,146,19,49
387,146,19,50
388,146,19,50
388,146,19,50
387,145,18,51
387,146,19,51
387,146,19,50
389,147,19,49
388,146,20,50
388,147,19,50
387,147,19,50
387,147,19,51
387,147,20,52
388,148,19,52
386,148,18,51
386,148,18,50
386,148,18,50
386,149,18,49
388,148,18,50
388,149,18,50
386,149,19,50
385,147,19,51
387,148,19,50
387,149,18,50
386,148,19,51
387,149,19,50
388,150,19,50
387,148,19,51
388,148,19,51
388,149,18,51
388,149,18,51
388,149,18,52
387,150,19,50
387,145,18,56
388,151,18,51
386,146,19,55
388,149,18,53
387,148,18,53
387,150,18,52
388,150,18,52
388,149,18,51
387,148,19,54
388,150,18,51
389,151,17,51
388,151,18,52
388,150,18,51
388,150,19,52
388,151,18,51
388,153,18,50
387,152,19,52
387,153,19,51
388,152,19,51
387,152,19,52
387,153,19,50
385,142,21,62
385,144,20,61
386,143,21,62
386,146,19,60
386,151,19,54
386,152,19,53
386,152,18,53
385,148,18,58
385,151,19,56
385,154,19,52
384,148,20,58
384,152,20,54
384,152,20,55
383,142,22,66
383,142,22,66
383,145,23,64
383,151,22,56
383,153,22,52
383,149,22,58
383,154,20,53
383,152,20,56
383,154,20,53
383,155,19,53
383,151,19,57
383,151,20,57
383,155,19,53
383,155,19,53
383,156,19,53
383,156,19,52
383,158,20,51
383,156,20,52
383,157,19,50
382,157,20,53
382,155,20,55
382,157,20,53
382,158,20,53
383,156,19,55
382,158,19,53
381,158,19,53
382,157,19,54
382,155,19,56
382,158,19,53
382,159,19,53
382,158,19,54
382,158,19,54
382,157,21,53
382,156,20,54
381,158,20,54
382,158,20,55
382,159,19,54
381,159,20,54
382,159,21,54
381,160,21,53
382,162,21,51
381,162,20,52
380,160,20,55
380,161,20,53
380,159,20,55
379,160,20,53
380,160,20,54
378,161,21,53
380,160,21,55
378,162,20,54
379,158,20,56
379,159,20,56
378,161,20,55
378,161,21,55
379,162,20,54
377,162,21,55
377,162,21,55
377,162,21,55
376,163,21,55
375,163,22,56
375,163,21,55
375,163,20,54
375,164,20,54
375,163,20,54
373,163,20,55
374,163,20,56
372,163,20,55
373,164,20,54
372,164,20,54
372,164,20,54
373,166,20,54
372,165,19,54
371,165,20,55
371,166,20,54
370,166,19,55
370,166,20,55
369,165,20,55
368,165,20,56
369,166,20,56
367,167,20,55
367,166,20,56
366,167,20,56
365,166,21,55
365,166,20,56
364,166,20,57
366,165,20,57
363,166,21,57
364,166,20,56
363,166,21,57
363,166,20,56
362,166,21,57
361,167,21,57
362,166,20,57
361,166,21,58
360,166,22,58
360,165,22,58
359,166,23,58
358,166,23,58
357,166,23,59
357,165,24,60
356,166,24,59
355,167,24,59
354,168,24,58
354,167,25,59
353,168,24,58
353,167,23,60
353,168,23,59
351,167,23,60
352,168,24,59
351,167,23,60
352,167,23,61
350,168,23,61
351,168,22,61
350,169,23,61
349,169,24,60
349,169,24,60
349,170,24,59
350,170,23,59
349,171,24,60
350,172,25,59
349,172,25,60
348,172,23,60
349,171,22,60
348,171,23,60
350,171,23,62
348,172,23,60
350,168,24,64
348,171,24,61
349,172,23,60
349,172,23,61
351,171,23,62
349,173,22,60
350,172,23,62
349,174,23,60
350,172,23,63
349,174,23,60
349,173,23,62
349,174,23,61
349,175,22,61
349,174,22,62
348,173,22,63
348,176,23,61
349,176,22,61
348,175,22,60
347,176,23,63
349,175,22,61
348,176,22,60
348,170,23,63
348,178,22,61
348,177,22,60
348,175,22,63
349,178,22,62
349,176,21,64
348,178,23,61
348,178,23,60
347,178,22,61
348,177,22,64
346,177,23,63
346,179,22,62
345,180,22,61
346,179,22,62
344,180,22,61
345,178,22,62
344,177,21,64
345,178,22,62
345,177,21,63
344,178,22,64
344,177,22,65
344,177,22,64
343,180,22,62
344,178,23,65
342,179,23,65
344,178,23,66
342,180,23,64
341,177,23,67
342,181,23,65
341,180,23,65
341,181,23,65
340,181,23,65
341,180,23,66
340,181,23,65
339,180,24,65
340,181,24,65
338,181,25,65
339,182,25,63
338,181,25,64
337,182,26,64
340,183,25,64
339,182,25,65
339,183,25,64
339,182,24,65
340,182,25,66
338,183,26,64
339,183,25,65
338,183,25,65
339,184,24,66
338,184,25,66
337,185,26,65
337,185,26,65
338,185,25,66
337,186,25,65
337,186,25,66
336,186,25,65
336,187,24,65
335,185,25,66
335,186,25,65
335,187,24,64
335,187,24,65
334,187,24,66
334,188,24,65
334,187,25,65
333,187,26,65
334,187,25,66
333,188,26,64
333,187,26,65
331,189,25,64
332,189,24,65
331,190,25,65
331,189,24,66
329,190,25,66
328,191,25,65
328,188,26,68
325,188,28,68
325,188,26,70
324,188,26,68
325,190,26,67
325,190,25,67
324,190,25,67
324,190,25,67
323,191,27,68
323,190,25,67
323,191,26,68
321,192,26,67
322,191,26,68
322,192,24,67
321,193,25,68
320,194,25,67
320,193,25,67
319,193,25,67
318,194,25,67
318,193,25,68
316,193,26,68
316,193,26,69
315,193,27,68
313,194,27,68
313,195,26,68
314,195,26,67
313,195,26,68
314,196,25,69
313,196,26,69
313,196,25,70
313,195,25,70
312,195,25,69
312,196,25,69
311,197,25,70
312,197,25,70
310,198,25,69
310,197,25,70
310,198,24,70
310,197,24,70
309,197,25,70
308,197,25,71
308,198,26,71
308,198,26,71
308,198,26,71
307,199,26,70
307,200,25,71
308,199,26,71
307,199,26,71
306,199,26,72
306,198,26,72
306,199,26,71
306,200,26,71
305,200,27,72
305,200,27,73
304,201,27,73
304,202,27,72
304,201,26,73
303,201,27,73
303,201,27,73
302,201,28,74
301,202,27,73
300,201,27,73
300,200,26,74
300,202,27,72
300,203,25,72
301,203,25,73
298,204,27,73
300,204,26,72
298,204,27,72
299,205,26,72
297,204,27,73
297,206,25,72
296,205,27,74
296,205,26,74
295,205,26,74
295,205,26,74
293,206,25,74
292,206,26,74
292,205,28,75
290,205,27,74
289,206,28,74
289,207,28,74
287,208,25,75
289,206,25,75
287,209,25,74
285,208,27,75
286,206,28,78
284,209,27,75
284,208,26,76
282,209,27,75
283,208,27,75
280,209,27,76
278,209,28,76
277,209,29,76
276,209,28,77
275,211,29,76
274,211,29,77
271,210,30,77
273,211,27,77
271,211,27,77
268,211,29,78
271,211,27,78
268,211,28,78
266,211,31,78
265,212,32,77
265,212,31,77
262,212,33,78
263,213,30,78
262,214,31,79
263,213,30,78
262,213,30,79
261,213,30,79
260,214,30,79
260,216,30,78
260,216,29,79
260,214,28,81
259,217,26,79
258,217,28,79
257,216,28,80
255,215,28,83
254,213,30,83
254,215,29,80
252,215,31,82
252,218,30,79
252,217,30,80
252,220,29,78
252,220,29,79
252,214,30,84
249,220,29,80
248,217,28,82
248,217,26,82
246,221,26,81
245,220,28,81
245,222,28,81
244,222,28,81
243,221,28,82
243,223,27,81
241,222,27,81
241,222,28,82
240,222,29,83
238,223,27,82
237,222,29,82
238,222,30,82
237,224,32,81
236,224,33,82
233,225,34,82
233,225,35,83
232,224,35,84
232,225,35,83
232,225,32,83
229,226,31,82
229,225,31,83
226,227,31,83
227,227,31,84
225,228,32,83
223,229,33,83
222,229,34,83
221,229,33,83
221,229,33,83
221,229,32,83
220,227,33,84
217,229,34,84
216,230,35,83
216,230,36,85
215,231,39,84
213,231,40,84
213,232,39,85
213,233,38,85
210,233,40,85
210,232,37,86
211,232,34,85
212,232,34,86
209,234,32,84
205,233,35,85
207,234,34,87
201,235,38,87
199,235,38,87
200,234,38,87
199,235,37,87
200,235,36,86
199,236,35,86
199,237,35,86
197,237,34,86
196,236,35,87
195,238,34,86
193,240,34,85
193,240,35,86
191,240,35,86
190,239,36,87
189,239,37,87
188,239,35,85
188,240,34,86
188,242,32,88
185,242,33,87
181,243,37,88
177,242,39,87
177,243,40,88
175,243,38,89
175,243,37,88
174,243,35,88
173,244,35,87
170,244,34,88
169,243,35,90
168,246,35,88
167,246,35,90
165,246,35,90
163,247,36,90
162,246,34,90
160,247,38,88
159,248,36,88
159,246,34,92
155,249,37,90
153,247,38,93
154,249,38,91
151,249,39,91
147,251,40,91
148,251,39,91
144,250,40,92
144,250,37,91
143,250,38,90
142,250,38,91
141,251,38,94
140,253,37,93
139,254,37,93
137,254,37,92
138,255,40,92
138,254,38,92
137,255,40,91
134,257,42,91
135,255,39,93
132,257,38,92
131,257,39,94
130,256,38,94
129,259,38,93
127,258,39,95
128,259,38,94
126,259,38,94
125,257,38,95
127,259,37,94
125,259,38,94
123,261,38,94
123,261,38,96
123,261,40,96
120,262,41,96
120,261,36,97
120,263,39,96
117,262,39,96
117,264,42,96
116,263,41,96
116,263,39,95
112,264,42,97
112,264,41,98
109,265,44,98
111,266,42,98
107,267,41,97
105,267,45,98
100,266,46,98
99,265,44,99
98,266,42,99
96,267,43,98
94,267,42,101
93,268,43,100
91,269,44,100
91,270,44,100
89,271,45,100
87,272,43,101
86,271,44,102
83,271,44,101
84,271,42,101
82,273,43,101
83,274,42,101
81,276,42,100
81,277,42,100
79,277,42,101
77,276,42,99
76,277,41,99
74,277,42,100
74,278,39,99
72,276,40,100
72,278,38,101
69,277,39,103
67,279,42,102
70,281,41,103
67,282,38,102
66,283,39,101
64,281,41,102
63,281,39,102
62,281,39,102
59,283,40,103
59,284,39,103
63,284,48,104
104,285,47,105
133,282,44,102
149,282,46,104
174,283,48,104
213,281,46,104
231,284,47,104
243,281,41,105
249,282,39,103
242,283,44,105
239,283,44,106
238,287,41,104
237,286,42,105
235,285,41,105
233,283,43,107
227,287,39,105
226,288,39,103
225,287,37,104
223,289,36,105
219,288,38,105
216,288,40,108
213,290,39,105
211,290,40,106
211,290,41,107
208,291,39,106
208,289,36,108
204,290,36,107
201,291,37,106
198,293,38,107
197,295,41,107
193,294,36,109
190,295,40,108
189,294,44,110
186,296,42,109
185,297,39,108
184,299,40,107
179,299,37,106
179,299,37,107
174,300,38,108
170,300,40,109
169,301,40,110
169,303,39,109
168,302,37,109
166,303,39,108
163,303,38,108
162,303,38,108
158,305,39,108
157,303,39,111
154,304,43,112
154,305,45,112
153,306,42,114
152,308,42,113
151,309,40,113
149,309,42,112
148,308,39,112
147,310,38,112
146,310,39,114
144,310,41,116
140,313,38,114
140,313,41,115
136,314,40,116
135,313,41,114
131,315,43,115
127,314,46,117
129,312,41,120
125,313,44,118
124,311,47,120
118,315,44,120
118,316,44,121
116,319,45,119
116,320,45,118
114,318,46,119
114,314,44,122
111,319,41,119
109,318,46,120
106,319,45,119
102,320,45,121
100,322,47,120
98,321,48,121
96,326,45,118
96,326,47,117
94,325,48,118
90,324,46,119
89,322,43,122
86,325,43,119
