0.020771
0.026857
0.036898
0.050134
0.023378
0.029213
0.051090
0.016803
0.055508
0.042026
0.026747
0.068910
0.033950
0.026186
0.031782
0.031176
0.016294
0.081910
0.068893
0.052036
0.027320
0.021549
0.027519
0.020899
0.020255
0.059666
0.035971
0.021227
0.058932
0.042305
0.053175
0.025339
0.041688
0.028785
0.044828
0.029234
0.118176
0.033087
0.067589
0.020373
0.027343
0.023997
0.017988
0.019538
0.031354
0.049399
0.055176
0.071455
0.038189
0.042922
0.019984
0.081313
0.024699
0.028820
0.036488
0.078439
0.020554
0.061721
0.019685
0.060870
0.017996
0.019214
0.024586
0.022827
0.032300
0.042202
0.031692
0.059613
0.028323
0.092014
0.022127
0.024542
0.044560
0.027839
0.054006
0.077558
0.067024
0.022925
0.021973
0.019161
0.021154
0.023619
0.026237
0.031894
0.028079
0.068432
0.037974
0.023789
0.021003
0.018553
0.020875
0.025603
0.034595
0.037123
0.031989
0.035259
0.019023
0.019639
0.040822
0.053666
0.031974
0.022008
0.025313
0.024704
0.050376
0.017401
0.071141
0.030035
0.022975
0.101476
0.046403
0.020766
0.021762
0.018822
0.022665
0.034036
0.030551
0.020407
0.029100
0.070725
0.033331
0.022265
0.039793
0.049969
0.064824
0.072118
0.071265
0.092917
0.027160
0.021462
0.020387
0.031415
0.022407
0.022091
0.023949
0.022716
0.032991
0.027478
0.079686
0.060636
0.062263
0.056968
0.024173
0.047358
0.077516
0.071691
0.048355
0.065076
0.064484
0.022100
0.023513
0.021400
0.026568
0.059312
0.030309
0.035000
0.019088
0.051258
0.020611
0.017909
0.018090
0.081861
0.062983
0.027116
0.022583
0.034436
0.020691
0.066155
0.058986
0.059797
0.021396
0.031487
0.057880
0.028230
0.020391
0.034081
0.029916
0.058064
0.027312
0.018649
0.025823
0.018582
0.020219
0.024324
0.020931
0.088814
0.069037
0.022184
0.020274
0.061066
0.042354
0.070746
0.029413
0.035621
0.033279
0.067223
0.026754
0.019192
0.021968
0.020769
0.023421
0.042659
0.035386
0.022505
0.072520
0.063978
0.029851
0.019646
0.023495
0.020896
0.025979
0.017656
0.070678
0.064126
0.026162
0.065694
0.048327
0.025888
0.019091
0.023880
0.028692
0.073804
0.017548
0.050421
0.083610
0.059552
0.050103
0.019555
0.022197
0.019511
0.024572
0.029871
0.025219
0.032317
0.023584
0.021012
0.116808
0.053641
0.031478
0.043985
0.027790
0.064223
0.074834
0.022131
0.021294
0.029510
0.023167
0.027689
0.060871
0.025307
0.050382
0.045637
0.058483
0.020337
0.019351
0.063950
0.036262
0.046444
0.028545
0.017474
0.061703
0.071623
0.016897
0.027150
0.058172
0.049343
0.023591
0.040168
0.053239
0.061995
0.055391
0.026449
0.023060
0.022236
0.064904
0.019616
0.058181
0.026199
0.032893
0.035904
0.020883
0.066630
0.061246
0.028834
0.016147
0.016813
0.018859
0.022968
0.024092
0.024113
0.061003
0.074623
0.078666
0.047069
0.031423
0.035087
0.088114
0.026889
0.036478
0.031260
0.073291
0.042659
0.017837
0.024307
0.038167
0.017973
0.063738
0.020154
0.036144
0.036321
0.017179
0.019642
0.076411
0.078217
0.024068
0.018327
0.040707
0.039348
0.017563
0.028214
0.019100
0.023136
0.069734
0.062871
0.077467
0.039868
0.099615
0.045772
0.044748
0.067322
0.033380
0.035594
0.030914
0.043159
0.059092
0.027848
0.020670
0.071514
0.044229
0.023800
0.029656
0.062383
0.024220
0.040526
0.022789
0.024309
0.065928
0.019181
0.016613
0.024884
0.027969
0.024862
0.063664
0.043255
0.092028
0.101810
0.057391
0.044043
0.065604
0.073548
0.028078
0.023838
0.045081
0.023594
0.034405
0.019562
0.079208
0.050072
0.088366
0.055410
0.033351
0.024810
0.066159
0.046434
0.071031
0.020688
0.067308
0.050871
0.034930
0.076167
0.061801
0.022768
0.042173
0.081804
0.024050
0.016643
0.015772
0.019180
0.017179
0.018088
0.026536
0.049620
0.039538
0.073167
0.074385
0.062594
0.059531
0.020614
0.024930
0.024323
0.021396
0.019456
0.023046
0.032941
0.102035
0.047255
0.021315
0.036249
0.023467
0.066434
0.042812
0.028505
0.085906
0.094590
0.074818
0.050192
0.051855
0.065953
0.028832
0.022464
0.026933
0.035331
0.025110
0.073522
0.072594
0.070722
