0.002293
0.017829
0.035476
0.019542
0.104197
0.048284
0.044929
0.107511
0.049428
0.033898
0.051531
0.021472
0.061980
0.046114
0.045408
0.074627
0.079129
0.070284
0.064475
0.091799
0.029671
0.034889
0.046046
0.071686
0.090741
0.046720
0.069454
0.063432
0.033981
0.031880
0.046575
0.055991
0.044026
0.024654
0.081769
0.073657
0.050688
0.060183
0.070167
0.036357
0.022976
0.038380
0.018992
0.069944
0.069069
0.055443
0.119611
0.035783
0.031070
0.076245
0.039720
0.040297
0.027581
0.106106
0.042244
0.042185
0.027977
0.099568
0.038167
0.073218
0.082741
0.099379
0.034285
0.073450
0.097353
0.056212
0.035587
0.067143
0.060721
0.087715
0.045023
0.068399
0.058201
0.036200
0.020389
0.032337
0.072665
0.050817
0.060666
0.066030
0.038918
0.028899
0.044595
0.084997
0.028501
0.055767
0.043135
0.083822
0.066168
0.058640
0.068480
0.087550
0.034505
0.070419
0.037457
0.036791
0.060042
0.081047
0.053412
0.039425
0.095891
0.029519
0.046307
0.027321
0.023428
0.079389
0.072474
0.038419
0.018146
0.054385
0.081282
0.051657
0.049447
0.060165
0.071963
0.044279
0.087342
0.085439
0.019427
0.049901
0.056077
0.029637
0.086161
0.081330
0.035389
0.047306
0.101476
0.026300
0.070611
0.099326
0.045130
0.041858
0.027423
0.042924
0.066575
0.046530
0.023973
0.067453
0.089774
0.055019
0.059809
0.079887
0.070776
0.038744
0.064756
0.034872
0.033925
0.029534
0.126666
0.060393
0.107291
0.056893
0.021637
0.097218
0.034081
0.022072
0.027558
0.039866
0.069172
0.064578
0.043125
0.075045
0.088892
0.034998
0.098414
0.057189
0.050633
0.084259
0.055679
0.049161
0.081973
0.054828
0.039695
0.071044
0.036083
0.036080
0.070391
0.059201
0.049469
0.101729
0.057315
0.052570
0.025673
0.054884
0.037353
0.045049
0.102144
0.036050
0.025503
0.020673
0.035499
0.041462
0.058040
0.069024
0.021721
0.060411
0.066979
0.052466
0.056140
0.051847
0.024439
0.073801
0.045714
0.054208
0.077089
0.070349
0.027200
0.044955
0.053597
0.037459
0.056623
0.022498
0.097581
0.040864
0.023915
0.032637
0.024645
0.084481
0.054976
0.045409
0.020022
0.025350
0.016416
0.057137
0.019893
0.033062
0.019949
0.048187
0.068027
0.057109
0.085413
0.050796
0.026319
0.026437
0.021249
0.052605
0.036821
0.047160
0.033806
0.062055
0.046502
0.056693
0.089801
0.046628
0.064712
0.042929
0.022940
0.020813
0.018789
0.023594
0.062144
0.033275
0.023468
0.091865
0.090242
0.065488
0.021370
0.022056
0.017084
0.024344
0.025838
0.071914
0.019758
0.045321
0.083092
0.054276
0.027168
0.088284
0.024623
0.072167
0.035088
0.049549
0.091222
0.057557
0.023779
0.024239
0.018662
0.022882
0.026718
0.019552
0.032659
0.023685
0.040416
0.080882
0.039402
0.019802
0.017189
0.019243
0.024218
0.050067
0.036186
0.024187
0.068876
0.040617
0.020666
0.111944
0.038191
0.019541
0.028055
0.025877
0.041895
0.067996
0.102597
0.031158
0.021848
0.064637
0.053824
0.025076
0.031213
0.019734
0.027488
0.039327
0.051369
0.048270
0.071113
0.071285
0.028270
0.018291
0.015695
0.028857
0.020895
0.021177
0.028968
0.032374
0.056966
0.050690
0.023082
0.085228
0.068158
0.031775
0.036440
0.043910
0.024333
0.063611
0.053549
0.045062
0.018251
0.015979
0.017826
0.016187
0.048042
0.030452
0.062699
0.020592
0.063350
0.048110
0.054183
0.019986
0.020488
0.019173
0.018698
0.025132
0.026954
0.037030
0.023959
0.045059
0.080460
0.023489
0.020792
0.016630
0.020906
0.032139
0.017357
0.086359
0.043955
0.025568
0.022379
0.019082
0.091709
0.059194
0.035768
0.031552
0.018485
0.045780
0.032767
0.019769
0.016511
0.019171
0.018799
0.015682
0.025178
0.033774
0.075099
0.062756
0.030652
0.026377
0.025220
0.020979
0.056787
0.029979
0.018619
0.038251
0.062749
0.094465
0.040814
0.027696
0.022238
0.037267
0.020934
0.025115
0.026392
0.050107
0.065061
0.068606
0.072230
0.035113
0.059787
0.054670
0.063654
0.028253
0.021312
0.022929
0.024648
0.027022
0.044569
0.026498
