0.006010
0.031755
0.057079
0.038116
0.067811
0.025629
0.017999
0.036193
0.020818
0.028704
0.048346
0.024091
0.019311
0.018645
0.018702
0.018731
0.023571
0.073014
0.037197
0.090630
0.043385
0.030058
0.038040
0.019865
0.017531
0.019046
0.023260
0.016851
0.042565
0.082823
0.056554
0.041875
0.045348
0.021028
0.020630
0.021907
0.019224
0.019867
0.017281
0.017609
0.023377
0.017709
0.031279
0.020437
0.065537
0.018991
0.015013
0.017834
0.020033
0.020700
0.039661
0.034585
0.093489
0.050623
0.042478
0.078403
0.021378
0.020124
0.074858
0.034076
0.020689
0.058630
0.099488
0.073164
0.048847
0.079351
0.058554
0.030355
0.057214
0.023550
0.058988
0.076771
0.018705
0.018052
0.020615
0.020286
0.023589
0.025136
0.027162
0.021287
0.092204
0.052137
0.057321
0.082131
0.051816
0.022855
0.024137
0.082838
0.027590
0.053895
0.097720
0.052396
0.071312
0.088761
0.045481
0.057665
0.093583
0.058709
0.020187
0.020691
0.030427
0.089355
0.038418
0.028420
0.057634
0.049577
0.049282
0.044874
0.070433
0.027556
0.049410
0.056410
0.026742
0.033680
0.018887
0.079101
0.026010
0.023115
0.030408
0.039775
0.054597
0.020839
0.019795
0.055084
0.064075
0.034096
0.077515
0.023025
0.022762
0.032991
0.078433
0.036224
0.073747
0.067706
0.046860
0.032886
0.020138
0.063872
0.053072
0.019725
0.027689
0.032285
0.016515
0.015641
0.015427
0.016151
0.020404
0.016835
0.071824
0.075270
0.094270
0.068332
0.056584
0.029320
0.051795
0.057346
0.024416
0.024069
0.036055
0.019646
0.058090
0.072711
0.076607
0.048355
0.058924
0.036996
0.051975
0.027349
0.033043
0.021100
0.019099
0.055791
0.020607
0.016726
0.038385
0.065439
0.025738
0.039157
0.111151
0.034084
0.023004
0.016629
0.028121
0.017830
0.017867
0.024255
0.036375
0.016926
0.032464
0.028725
0.083362
0.024882
0.070213
0.060241
0.035248
0.051982
0.022701
0.022075
0.033289
0.031176
0.035455
0.027278
0.037861
0.063353
0.081239
0.043699
0.029351
0.032221
0.078027
0.035927
0.018297
0.023159
0.018329
0.019372
0.018287
0.029258
0.065733
0.027539
0.020445
0.068858
0.020393
0.021450
0.019261
0.019476
0.058504
0.020059
0.032168
0.036625
0.018576
0.044053
0.023229
0.094705
0.046875
0.020664
0.021769
0.034771
0.044050
0.027658
0.023986
0.030739
0.077318
0.047926
0.018279
0.018275
0.016884
0.055687
0.040491
0.022748
0.038944
0.044667
0.100510
0.039391
0.029371
0.053091
0.020497
0.022049
0.056600
0.019817
0.034449
0.024585
0.051406
0.070086
0.023478
0.022112
0.077432
0.079082
0.061285
0.024562
0.035611
0.083210
0.045062
0.018442
0.017372
0.031998
0.023598
0.023252
0.076524
0.083620
0.061254
0.073483
0.058138
0.037733
0.028707
0.035600
0.063143
0.035785
0.018487
0.056514
0.025782
0.025108
0.020852
0.034064
0.043251
0.044110
0.050767
0.020966
0.031600
0.034229
0.059521
0.071028
0.037654
0.030063
0.065419
0.031986
0.018874
0.077132
0.021387
0.024876
0.037418
0.039720
0.034499
0.025897
0.060658
0.025683
0.021964
0.016537
0.020319
0.017767
0.023487
0.016559
0.023483
0.037748
0.109003
0.054922
0.047143
0.044634
0.049445
0.019670
0.017777
0.016477
0.066217
0.037562
0.024340
0.021998
0.085504
0.056167
0.077819
0.040882
0.020114
0.025438
0.022342
0.021192
0.069875
0.034104
0.023939
0.030844
0.071082
0.032594
