590,192,27,75
586,190,30,73
588,191,30,73
587,191,30,72
586,190,31,73
587,188,30,72
587,188,30,73
586,187,31,74
586,185,31,75
586,185,32,74
584,186,32,74
584,185,32,72
585,186,31,73
583,187,31,72
583,185,32,72
583,184,32,73
582,183,31,73
581,183,33,73
581,185,32,72
580,184,33,72
581,183,33,72
580,184,32,72
579,183,33,73
579,183,32,70
579,182,32,72
578,181,32,73
577,182,31,72
576,181,31,73
576,180,31,72
574,180,32,73
575,180,31,73
573,180,31,73
572,180,32,71
571,179,32,73
571,178,33,73
569,177,32,74
569,179,33,72
569,178,33,72
568,179,32,69
569,179,32,70
567,178,33,72
567,177,32,72
567,177,32,72
566,176,31,70
565,177,31,71
565,176,31,70
564,176,31,71
563,177,30,71
563,177,30,71
562,177,30,70
562,178,29,69
561,176,30,68
560,177,31,68
560,176,31,68
558,176,31,69
559,175,32,67
559,177,31,67
558,176,32,68
557,176,32,67
557,176,32,68
558,176,32,67
557,174,31,67
557,175,31,67
555,174,31,69
554,173,31,68
554,174,31,68
553,174,31,67
552,175,30,67
552,175,30,67
552,175,31,65
550,174,31,67
549,173,33,68
548,171,34,68
547,172,33,68
547,172,35,68
545,171,35,68
547,171,34,68
545,170,35,70
543,172,34,68
544,172,34,67
544,170,33,67
543,170,33,67
544,171,31,67
545,170,32,65
543,169,32,68
544,170,30,66
543,170,31,68
543,169,31,64
543,169,30,66
543,169,30,66
543,168,30,67
542,168,29,68
542,169,30,67
543,168,30,65
542,169,30,65
542,169,29,65
542,168,30,66
542,168,29,65
542,168,29,64
541,167,29,66
541,166,29,67
540,167,28,65
540,168,29,66
538,168,29,65
538,167,30,66
537,168,29,66
537,168,29,64
537,167,29,64
536,165,29,65
536,166,29,65
536,166,29,65
536,166,28,65
536,166,29,64
535,167,28,64
536,167,29,64
536,166,29,65
535,165,29,63
534,165,29,64
535,165,29,65
534,164,29,65
534,165,29,65
532,165,29,65
532,165,29,64
532,166,29,63
531,166,28,63
532,166,29,64
531,166,28,63
530,165,29,64
530,165,29,63
530,164,29,64
530,164,29,64
530,164,30,63
530,165,29,63
530,166,30,63
529,164,29,63
529,164,29,62
528,163,29,64
528,163,30,63
528,163,28,64
528,162,30,64
526,162,29,63
526,163,29,63
525,163,29,65
525,162,29,64
523,163,29,64
524,163,29,60
523,162,30,63
524,162,30,62
523,161,30,63
523,161,30,62
522,162,29,62
522,162,30,61
522,162,30,63
522,163,30,62
522,162,30,61
521,162,29,61
521,162,28,61
521,160,29,61
519,160,29,63
519,159,30,61
519,161,30,61
518,161,29,60
519,160,29,62
518,160,29,62
518,160,29,60
518,159,29,61
518,159,29,62
517,159,29,61
518,160,30,61
517,158,30,61
517,160,31,62
518,159,30,60
518,158,30,62
517,159,30,62
518,158,30,61
517,157,29,61
517,158,29,61
517,157,29,60
516,158,29,61
516,157,29,59
514,159,28,60
515,158,28,58
514,159,29,60
514,158,29,58
514,158,28,59
514,156,28,58
514,157,28,59
514,157,28,59
514,158,29,59
514,158,29,58
514,158,28,59
514,157,28,59
513,158,28,59
513,156,28,58
512,156,28,58
512,155,27,60
511,155,27,58
511,156,27,58
510,156,28,58
510,156,28,58
509,155,28,58
509,156,28,58
510,156,28,57
509,155,28,57
509,155,28,58
510,155,28,57
510,155,28,58
511,155,28,56
510,156,29,57
510,155,28,58
511,154,28,57
511,154,28,56
510,154,28,57
510,153,28,58
509,152,28,58
509,153,28,57
509,153,28,57
509,153,29,57
508,153,28,58
508,154,28,57
508,154,28,55
509,152,27,57
508,151,28,57
508,152,28,57
509,152,27,56
508,152,27,58
509,153,27,56
509,152,28,57
508,152,28,58
508,153,28,57
508,152,28,55
507,151,27,57
508,150,27,57
506,150,27,59
507,150,27,56
506,151,27,57
505,151,27,57
506,151,27,57
505,150,27,56
505,151,27,58
505,150,27,54
505,150,28,57
505,150,27,56
505,149,27,57
505,149,28,57
505,149,28,58
505,149,27,58
505,149,27,57
504,148,27,57
505,148,26,56
503,148,27,57
503,147,27,56
502,147,27,57
503,147,27,57
501,147,27,55
501,147,27,55
500,147,27,57
501,147,26,56
500,146,26,55
501,146,26,54
501,146,26,55
500,146,26,56
500,145,26,55
501,146,26,54
501,146,26,54
499,146,27,56
501,146,26,55
499,145,27,56
499,145,26,54
500,144,26,53
499,143,26,55
498,143,26,56
499,143,26,54
497,143,26,55
496,144,26,55
497,144,26,55
496,143,26,54
497,143,25,54
496,142,25,55
495,142,26,54
496,142,25,54
496,143,26,54
496,142,25,53
496,143,25,54
496,142,25,54
496,143,26,55
496,142,26,53
497,142,26,55
497,142,25,53
497,142,27,55
496,141,26,54
495,141,26,54
495,141,26,54
495,141,26,54
496,141,26,53
495,142,26,54
496,141,26,52
496,140,26,54
496,141,26,53
497,140,25,53
497,141,26,54
498,141,25,53
497,141,26,54
498,141,25,53
498,140,26,53
498,141,26,53
498,139,26,53
498,139,25,53
497,139,26,54
498,139,26,52
497,139,26,54
497,139,26,52
497,140,25,53
497,140,26,52
497,139,25,52
498,139,25,52
498,138,25,53
498,137,25,52
498,139,25,52
498,138,25,51
497,139,25,52
499,138,25,52
499,139,25,52
499,138,26,51
498,139,25,52
498,138,25,51
498,136,25,53
498,137,24,52
497,136,25,50
497,137,25,52
497,137,25,52
497,138,25,52
497,137,25,51
498,138,25,52
497,137,24,51
497,137,26,52
498,137,24,51
498,137,24,52
497,137,25,51
497,137,24,51
499,138,24,51
498,136,25,51
497,136,25,51
498,136,24,51
499,136,24,50
497,135,24,51
497,135,24,51
496,136,25,52
495,135,25,50
495,136,26,52
495,135,26,51
494,135,26,50
495,136,26,51
496,136,25,51
497,135,24,50
496,135,24,51
497,135,24,50
497,136,24,49
497,135,24,49
498,136,24,50
497,135,24,51
496,135,25,51
497,135,25,49
497,134,24,49
496,134,24,49
497,134,24,49
495,134,25,50
495,134,24,49
496,135,24,50
496,134,24,48
497,135,24,50
496,134,23,49
497,134,24,49
497,134,23,48
496,134,23,49
497,133,23,48
496,133,23,49
497,134,23,48
498,135,23,48
497,133,23,48
498,134,23,49
498,133,23,49
497,133,23,49
498,132,23,48
497,131,23,49
497,132,23,50
497,132,24,49
498,132,24,49
497,132,24,49
496,132,23,49
497,132,23,48
496,131,23,49
497,131,23,50
496,130,23,49
496,130,23,50
495,131,24,50
496,131,23,49
497,132,23,49
497,131,23,49
497,131,24,50
496,130,23,49
497,130,23,50
496,130,22,48
496,129,23,49
495,129,23,49
495,130,23,49
494,130,23,49
493,131,23,49
493,130,23,49
493,131,23,49
492,130,23,50
493,129,23,48
492,129,23,49
492,129,22,48
493,129,23,48
491,129,24,49
492,129,23,49
492,130,23,49
493,130,23,49
492,129,23,47
493,129,22,48
493,129,23,47
492,130,22,46
492,129,22,46
492,129,23,47
491,129,23,48
492,130,22,47
491,129,22,46
492,129,22,47
492,128,22,47
492,129,22,47
492,128,22,46
493,129,23,47
493,130,23,46
493,129,22,46
493,129,22,46
493,130,23,46
494,128,23,47
492,128,23,48
493,128,22,48
493,127,22,47
493,127,22,47
492,127,22,46
492,128,22,46
493,128,21,45
491,127,22,48
492,128,22,47
493,127,22,47
491,127,22,47
492,127,22,47
493,126,22,48
493,127,22,47
493,127,22,46
493,127,22,46
494,127,22,47
493,127,22,47
493,126,22,47
493,125,22,46
493,125,22,48
493,125,22,47
493,125,22,46
493,125,22,46
493,125,22,47
493,126,21,45
492,126,21,46
493,125,21,45
491,125,22,47
493,124,22,46
491,124,23,48
492,124,22,46
493,125,22,46
492,124,22,46
494,125,22,46
494,125,21,47
494,125,22,45
493,124,23,46
493,124,23,48
494,123,22,45
493,123,23,47
493,123,22,46
493,124,22,46
493,124,22,45
494,124,22,46
493,124,22,46
493,123,22,45
493,123,22,47
494,123,22,46
494,123,22,47
493,124,22,47
494,124,23,46
494,124,22,46
494,123,22,46
495,123,22,46
495,124,22,47
495,123,22,45
494,122,22,47
495,122,22,45
494,123,22,47
494,122,22,45
494,123,22,46
494,123,22,46
494,122,22,45
495,123,22,45
496,122,22,46
495,123,21,45
496,122,21,45
496,122,22,45
496,122,22,45
496,123,21,45
497,123,22,45
497,123,22,46
498,123,21,45
497,122,21,44
498,122,22,46
497,121,21,46
497,121,21,46
497,121,22,44
497,121,21,45
497,121,21,45
497,122,21,46
497,121,21,44
497,121,22,46
497,121,21,44
498,121,22,46
497,120,21,44
497,120,21,46
497,121,21,45
497,121,21,44
498,122,21,45
498,122,21,43
498,122,21,45
497,121,21,44
497,121,21,45
497,120,20,43
496,120,21,45
496,120,21,44
495,121,21,45
495,122,21,44
495,122,21,44
495,122,21,44
495,122,21,43
494,122,21,46
494,121,22,43
493,121,21,45
495,121,21,44
494,122,21,45
494,122,22,44
494,122,22,43
495,123,21,43
495,123,21,45
495,121,22,44
494,121,21,44
495,120,21,44
494,120,21,46
494,121,21,43
494,120,21,44
494,120,21,44
494,121,21,44
494,120,21,45
494,121,21,43
495,120,21,45
495,120,22,44
495,120,22,44
495,119,22,44
496,120,22,44
496,120,21,43
497,121,21,43
497,120,22,44
497,120,21,45
497,120,21,43
497,119,22,44
497,119,21,43
498,119,21,42
498,119,21,44
498,119,22,43
497,120,21,43
497,120,21,42
498,120,21,43
497,119,21,43
498,119,21,41
498,119,21,43
499,119,21,42
499,119,21,42
499,119,20,41
500,120,21,42
500,119,21,42
501,119,20,42
501,119,21,42
501,118,21,42
500,118,20,43
500,117,20,41
499,118,21,43
499,118,21,41
500,118,21,40
499,117,20,41
500,119,20,41
499,117,21,40
499,117,20,44
500,117,20,41
500,117,20,42
500,117,21,42
500,117,20,41
501,118,21,42
501,117,21,42
500,117,21,42
501,117,20,43
500,117,21,42
499,116,21,42
501,117,20,42
500,117,20,42
499,117,20,41
500,116,21,41
498,116,20,41
499,117,20,42
499,117,20,41
499,116,20,41
499,116,20,41
499,117,20,41
499,116,20,41
499,117,21,41
499,117,21,41
500,117,21,40
500,116,20,42
500,117,20,41
500,117,20,40
500,116,20,41
500,116,19,41
501,116,19,40
500,115,19,40
500,115,20,41
500,117,19,40
499,117,20,40
500,117,19,39
499,116,20,39
499,116,20,40
499,115,19,41
500,115,20,40
499,115,20,41
500,115,20,39
499,115,20,41
500,116,20,40
500,116,20,40
500,116,20,40
500,115,19,40
500,115,20,40
499,114,20,42
500,113,20,41
500,114,19,41
501,115,19,41
500,115,20,41
500,115,20,42
499,114,20,41
500,114,20,40
500,113,19,41
499,113,20,41
500,113,20,41
501,113,20,41
501,113,20,41
500,114,19,40
501,114,19,40
501,114,20,41
502,114,19,41
501,113,19,40
501,113,20,41
501,113,19,41
501,112,19,39
501,112,19,40
501,113,19,39
501,113,19,40
501,113,19,39
502,113,18,39
501,112,19,40
501,113,19,39
501,112,19,39
502,112,19,39
501,112,19,40
502,112,20,39
502,112,19,39
502,112,19,39
503,113,19,40
502,112,20,39
504,113,19,39
503,112,19,40
503,112,19,39
503,112,19,37
504,112,19,38
503,112,18,38
503,111,19,39
503,112,19,38
502,111,19,38
503,112,18,37
503,111,19,39
504,112,18,37
502,112,19,38
504,111,18,37
503,113,18,37
504,112,19,38
503,112,19,38
504,112,19,37
505,112,19,38
504,111,19,37
503,112,18,37
503,111,18,36
503,112,18,38
503,112,18,36
502,112,18,36
503,111,18,37
502,112,18,38
503,111,19,37
504,111,18,37
503,111,18,38
503,110,18,37
503,111,18,37
503,111,18,36
503,111,18,36
504,111,18,36
504,111,19,37
503,110,19,38
503,110,19,37
503,109,19,38
503,109,18,37
502,110,19,38
503,107,18,40
501,111,18,37
502,110,18,37
502,110,18,37
502,110,18,36
502,110,18,37
503,109,18,38
502,108,18,37
503,109,18,37
503,109,18,37
503,110,18,36
503,109,18,37
504,109,18,38
503,109,19,38
503,108,19,38
504,108,18,37
504,108,18,37
503,108,18,38
503,107,18,36
504,108,18,36
503,109,18,36
503,108,18,36
503,108,18,35
503,108,18,35
504,108,18,38
503,107,18,36
503,109,18,37
504,108,18,35
504,108,18,37
504,108,18,37
503,108,18,37
503,108,18,37
504,107,18,37
504,108,18,37
503,107,18,37
503,107,18,38
502,106,18,36
502,109,18,37
503,108,18,35
502,108,18,38
502,107,18,36
502,107,17,37
503,107,17,36
502,107,18,38
502,107,17,36
502,107,18,37
503,108,17,36
502,108,17,35
502,108,17,36
503,107,18,35
502,108,18,37
503,107,17,35
502,107,18,37
502,107,17,36
502,107,17,36
501,107,17,35
501,106,17,37
500,108,17,37
501,107,17,36
501,106,17,36
501,107,18,37
501,107,17,36
501,107,17,35
501,106,17,36
501,106,17,35
501,106,17,35
501,107,17,35
501,106,17,36
500,106,17,35
502,106,17,35
501,105,18,37
500,105,18,36
500,105,17,34
500,106,18,35
499,106,18,35
500,106,17,34
500,106,18,35
499,105,18,35
499,106,18,35
499,104,17,36
499,104,18,37
499,105,18,37
500,104,18,36
500,106,18,35
500,105,18,36
500,104,18,36
499,105,18,36
500,105,18,35
499,104,18,37
499,104,17,35
500,103,17,35
499,104,18,36
499,103,18,35
499,105,17,34
498,104,17,35
500,106,17,35
499,104,17,34
499,104,17,35
499,103,17,36
499,103,18,36
499,104,17,35
500,103,17,35
499,104,17,34
500,104,17,35
499,103,18,36
500,105,17,35
499,103,17,35
501,103,17,36
499,103,18,35
499,103,17,34
499,104,17,35
500,103,16,34
500,105,16,35
499,103,17,35
500,103,17,34
499,103,17,35
500,103,17,35
500,103,17,35
501,103,17,35
500,102,17,35
499,103,17,34
501,104,17,34
500,103,17,35
500,103,17,34
499,103,17,35
500,103,17,34
501,102,16,35
500,103,17,35
501,101,16,34
501,103,16,35
500,102,17,35
500,103,17,35
500,103,16,34
499,103,17,34
501,103,16,34
500,102,16,33
501,102,17,34
500,102,17,34
501,102,17,35
501,103,16,33
502,103,17,34
501,101,16,34
500,102,17,34
501,103,16,34
501,102,16,34
500,103,16,34
500,102,16,35
500,103,16,34
500,103,16,34
500,103,16,34
500,103,16,34
500,102,16,34
499,102,16,34
499,102,16,34
500,101,16,34
499,101,17,35
500,101,16,35
500,102,16,35
501,101,17,34
500,102,17,35
500,102,16,33
500,102,17,35
499,101,17,34
500,101,16,35
498,101,17,36
499,101,17,34
497,100,18,35
499,101,17,34
499,101,17,35
498,101,17,34
498,100,17,34
499,100,16,35
498,99,17,36
500,100,17,36
499,100,17,35
500,101,16,35
499,100,17,34
500,101,18,34
500,101,17,34
499,99,17,36
499,99,18,37
500,99,17,35
499,98,19,38
500,98,18,37
498,98,18,37
500,100,18,37
500,99,17,35
498,99,19,37
500,98,17,36
498,98,19,38
500,99,18,36
499,98,18,37
499,98,19,37
499,98,18,38
500,98,18,36
500,98,17,36
499,98,18,37
501,98,18,38
500,98,17,37
499,97,18,39
500,97,18,37
499,98,18,37
500,98,17,36
498,97,19,38
498,96,19,38
499,98,18,38
499,98,18,36
499,98,19,38
499,98,18,37
500,98,18,37
499,98,18,38
497,98,19,38
500,98,18,37
499,97,18,37
498,98,18,37
499,98,18,38
500,98,18,37
499,97,16,36
498,98,18,37
499,98,18,38
499,97,18,37
499,98,16,36
498,96,18,37
499,97,17,38
499,97,17,37
497,97,17,37
499,98,17,36
498,97,17,37
497,96,19,38
499,96,18,37
497,95,18,37
498,95,17,38
499,96,16,37
499,97,17,35
499,98,16,35
498,97,17,35
498,97,16,35
499,98,16,36
497,96,17,35
498,96,16,35
497,96,15,34
498,96,17,36
498,96,17,36
498,97,16,36
498,97,17,35
497,97,16,34
497,96,17,34
497,95,17,36
498,96,16,35
497,95,17,35
498,95,17,36
498,96,16,35
498,97,16,35
499,97,16,35
498,96,16,34
496,96,18,36
499,95,16,35
497,95,17,35
497,94,17,34
497,93,18,37
496,96,16,34
497,95,16,35
496,96,16,34
497,96,16,34
496,95,17,34
496,95,17,35
497,96,16,33
495,95,18,35
497,95,17,34
496,95,16,33
497,95,17,34
497,95,17,33
497,95,17,35
497,94,18,34
497,93,18,35
497,95,17,35
497,94,17,33
496,95,16,32
497,94,16,32
497,94,17,35
496,95,16,32
497,95,16,35
495,95,17,32
497,94,17,34
496,95,17,33
496,95,17,32
496,94,18,35
496,95,16,31
495,95,17,33
496,95,17,32
497,95,17,33
496,95,17,33
496,93,18,33
496,95,18,34
496,95,16,32
496,93,17,33
498,95,16,33
496,95,16,31
497,95,16,33
495,95,17,31
497,93,17,33
495,95,17,32
497,94,17,32
497,93,17,34
495,93,18,32
497,95,17,32
494,94,17,32
497,95,16,32
496,95,17,33
497,94,17,32
497,94,16,32
496,94,17,32
497,94,17,31
495,95,17,32
496,94,16,32
496,94,16,31
497,92,17,33
496,94,17,32
495,93,17,31
497,95,16,30
495,94,17,31
497,95,16,31
496,94,16,31
497,95,15,31
496,94,17,31
497,94,17,32
496,93,17,32
497,94,16,32
497,94,16,32
496,93,16,32
496,93,17,31
496,94,16,31
496,94,16,31
495,94,17,31
496,94,16,30
495,94,16,31
496,94,15,30
495,94,16,31
496,94,16,31
494,94,16,31
496,94,15,29
495,94,16,31
496,94,16,31
496,94,16,31
496,93,16,31
495,93,16,31
496,94,16,31
496,93,16,31
495,93,16,31
496,93,15,31
495,94,15,30
496,94,15,29
495,94,16,30
496,94,15,30
493,94,16,30
496,93,15,30
493,93,17,31
494,94,16,29
494,93,16,30
494,94,15,29
494,94,16,30
495,94,16,30
495,94,16,29
494,93,16,30
494,93,16,30
494,93,16,31
494,93,16,30
493,93,16,30
494,92,16,31
493,93,16,30
494,93,17,29
493,93,17,29
493,93,16,29
493,93,16,28
492,92,17,30
494,92,17,31
491,93,18,29
494,92,16,29
492,93,16,29
494,93,16,29
493,92,16,29
493,93,16,29
492,94,16,28
494,92,16,29
493,92,16,31
493,92,16,30
494,92,16,30
493,92,17,30
492,92,16,29
492,93,16,30
493,93,15,29
493,92,17,30
491,92,17,29
492,91,16,31
493,91,16,31
491,92,18,31
492,92,17,30
493,92,16,29
491,92,18,31
491,91,17,30
493,92,16,31
491,91,17,30
492,91,17,31
492,91,17,31
492,90,17,31
492,90,17,32
492,90,17,32
492,91,16,31
492,91,16,30
491,90,17,31
492,90,16,30
490,90,17,32
490,91,17,31
490,91,17,31
489,91,17,30
490,91,17,31
490,92,17,31
491,91,17,30
491,91,17,32
491,90,17,31
491,91,17,31
492,90,17,32
491,91,17,32
491,89,17,31
491,90,17,32
492,90,17,32
490,90,17,31
490,90,17,32
490,90,17,31
489,90,17,31
490,90,17,31
490,90,17,32
489,91,18,31
491,90,17,31
491,91,17,31
491,90,17,31
491,91,17,32
491,91,17,30
491,90,17,31
492,90,17,32
491,90,17,31
491,90,17,32
491,90,17,32
491,90,16,31
491,90,17,32
491,90,16,31
491,90,16,31
490,90,17,31
491,90,16,30
491,91,16,31
490,90,16,29
490,90,16,30
490,90,17,30
491,91,17,30
492,91,16,30
491,90,16,30
491,90,16,30
492,90,16,29
492,90,16,30
491,90,16,30
492,90,15,29
491,90,15,29
491,90,15,29
491,90,15,29
490,91,15,29
489,90,16,29
490,90,16,29
490,90,16,30
489,90,17,30
488,90,17,30
488,90,16,31
488,90,16,30
488,90,16,30
489,90,16,29
489,90,16,29
489,89,16,30
489,90,16,30
489,89,16,31
489,89,16,30
490,90,16,30
490,90,16,29
489,90,16,29
489,90,16,30
488,89,16,30
488,89,16,30
489,89,16,31
488,89,17,31
487,89,17,32
487,90,17,31
489,90,17,31
489,89,17,30
489,89,17,31
490,90,16,30
490,89,16,30
489,90,17,29
490,89,16,30
490,89,16,30
491,89,15,29
490,89,15,28
490,89,16,29
490,90,16,28
490,89,16,29
490,89,16,29
491,89,15,30
491,89,16,29
491,88,15,30
491,89,15,29
492,89,15,29
492,89,15,28
492,89,15,29
492,90,15,29
492,89,15,29
492,88,16,30
492,89,16,30
492,88,16,30
492,88,15,30
491,89,16,29
492,89,15,29
492,89,15,29
491,90,16,28
491,89,15,28
491,89,15,29
491,87,16,31
491,88,15,29
491,88,16,30
492,89,16,29
492,90,15,29
492,88,15,29
492,89,15,28
493,88,15,28
492,87,15,29
493,88,16,29
493,87,16,29
493,87,16,29
493,87,16,29
493,88,16,28
492,88,15,28
492,88,15,28
493,88,15,29
493,88,15,28
493,88,16,28
493,87,15,29
492,86,16,31
493,87,16,29
493,88,16,28
494,88,15,28
493,88,16,28
493,88,15,29
494,87,15,29
493,87,16,28
493,87,15,29
494,87,16,29
494,86,16,28
492,87,16,28
493,88,16,28
