0.017959
0.050349
0.072197
0.052461
0.033343
0.022451
0.017620
0.020292
0.019710
0.021419
0.032495
0.015772
0.024415
0.016017
0.016299
0.016043
0.018540
0.047016
0.065380
0.063364
0.030938
0.019582
0.084272
0.024539
0.037404
0.022824
0.019095
0.059582
0.078145
0.055161
0.075446
0.046570
0.028402
0.043643
0.087348
0.033659
0.066575
0.031943
0.054179
0.020161
0.018705
0.023940
0.032655
0.075435
0.081722
0.047743
0.043348
0.063658
0.021723
0.020177
0.018764
0.021399
0.024239
0.019452
0.025132
0.026116
0.050063
0.033950
0.017082
0.018035
0.017376
0.020222
0.020247
0.022863
0.017923
0.022847
0.056129
0.030248
0.028777
0.019472
0.019158
0.017952
0.023016
0.015134
0.021618
0.016980
0.016812
0.016230
0.027925
0.058726
0.059336
0.026845
0.019578
0.072760
0.075549
0.043319
0.018772
0.074055
0.025069
0.022335
0.018418
0.021952
0.015364
0.016534
0.017452
0.023763
0.043617
0.036671
0.022635
0.036540
0.066024
0.057268
0.047542
0.047669
0.049783
0.035884
0.019017
0.038567
0.025957
0.034015
0.025723
0.060938
0.052432
0.085070
0.050664
0.060426
0.065333
0.048271
0.027235
0.034332
0.015607
0.032275
0.042867
0.023422
0.019023
0.066449
0.075240
0.023929
0.025085
0.039205
0.021529
0.057461
0.019558
0.018524
0.022339
0.016164
0.018433
0.017027
0.022650
0.020810
0.033127
0.021048
0.104198
0.056682
0.067043
0.029424
0.065348
0.036827
0.041788
0.035526
0.025339
0.015163
0.031745
0.087310
0.079050
0.038570
0.030413
0.032366
0.018957
0.065798
0.044853
0.034489
0.024170
0.064690
0.019903
0.019419
0.059494
0.089524
0.047812
0.029573
0.024982
0.030251
0.071367
0.068976
0.071879
0.020195
0.019578
0.024292
0.089353
0.035034
0.081325
0.085831
0.043961
0.033491
0.023726
0.018273
0.025803
0.033480
0.051309
0.075385
0.048666
0.037876
0.017745
0.043665
0.057224
0.049121
0.028049
0.041525
0.087227
0.052321
0.073361
0.038077
0.084512
0.031947
0.025094
0.023000
0.030243
0.032319
0.042603
0.086918
0.094900
0.055202
0.069306
0.047565
0.023032
0.024410
0.021601
0.031792
0.016649
0.053865
0.041299
0.024247
0.028047
0.036060
0.096013
0.054744
0.020050
0.055719
0.025452
0.045931
0.054135
0.023113
0.020546
0.025922
0.021882
0.020802
0.037377
0.021395
0.099463
0.058687
0.021789
0.017776
0.015592
0.021129
0.019370
0.025693
0.027592
0.034606
0.022022
0.033463
0.018661
0.064286
0.077773
0.062965
0.054622
0.022650
0.042208
0.046807
0.076935
0.023002
0.050300
0.023098
0.018852
0.019109
0.067482
0.023170
0.024434
0.024616
0.058421
0.098144
0.036259
0.029848
0.021815
0.025303
0.064978
0.027677
0.033113
0.059398
0.029329
0.064208
0.076365
0.035844
0.039488
0.039609
0.075103
0.045014
0.054823
0.022059
0.036005
0.017513
0.021712
0.018598
0.017978
0.023907
0.050462
0.035153
0.034076
0.070607
0.051978
0.030759
0.017978
0.018439
0.017692
0.023180
0.076913
0.035882
0.032373
0.090685
0.062490
0.019744
0.025917
0.027117
0.060952
0.033205
0.040391
0.029768
0.019956
0.026298
0.021909
0.027452
0.068807
0.059141
0.083191
0.050386
0.070109
0.052235
0.030530
0.030864
0.052564
0.032743
0.038454
0.031280
0.055629
0.052766
0.060619
0.042755
0.093405
0.029998
0.048375
0.021792
0.025245
0.058855
0.069973
0.029273
0.024120
0.023246
0.018296
0.060959
0.046356
0.062310
0.053621
0.071953
0.049034
0.014155
0.041790
0.029098
0.059982
0.024737
0.033176
0.023575
0.061401
0.105315
0.019710
0.020168
0.023522
0.027318
0.035852
0.031230
0.025741
0.035166
0.022952
0.018212
0.016139
0.022065
0.030067
0.040351
0.067770
0.069535
0.056170
0.041438
0.021148
0.022278
0.016779
0.017178
0.023556
0.081819
0.025616
0.047288
0.020552
0.022438
0.020348
0.083469
0.078393
0.027063
0.062363
0.028956
0.029423
0.060104
0.019993
0.020283
0.019815
0.050400
0.021837
0.022753
0.027514
0.040821
0.060201
0.036125
0.021894
0.018883
0.017154
0.024118
0.018024
0.031141
0.036451
0.020046
0.077925
0.076333
0.024196
0.021900
0.019478
0.022259
0.019149
0.034367
0.019787
0.037593
0.028400
0.052676
0.062887
0.093100
0.035719
0.020310
0.020437
0.034395
0.031717
0.036256
0.071843
0.022337
0.054522
0.089941
0.062605
0.038611
0.020720
0.067203
0.020046
0.023248
0.032204
0.023553
0.073618
0.024028
0.020057
0.094311
0.070040
0.019207
0.027267
0.018887
0.022842
0.043587
0.049584
0.059867
0.026689
0.018166
0.017793
0.042569
0.021939
0.026215
0.065786
0.070918
0.041539
0.030334
0.028033
0.023811
0.044265
0.028081
0.035071
0.016908
0.102485
0.078013
0.048217
0.022846
0.028340
0.020168
0.025144
0.072368
0.038413
0.019934
0.025161
0.022347
0.065672
0.021859
0.022602
0.020791
0.024375
0.018438
0.017783
0.022710
0.071801
0.046211
0.053482
0.024780
0.021310
0.024746
0.023068
0.023359
0.021890
0.052802
0.069718
0.092775
