0.029808
0.026811
0.070269
0.055057
0.046754
0.053749
0.076491
0.023844
0.025296
0.065390
0.090917
0.042311
0.042727
0.083207
0.046204
0.062807
0.085351
0.119768
0.053342
0.061415
0.062816
0.066158
0.095388
0.044330
0.024055
0.058973
0.095093
0.047692
0.039194
0.038116
0.047720
0.050668
0.046798
0.022151
0.072875
0.031893
0.026705
0.037988
0.082399
0.135627
0.074001
0.045700
0.071428
0.080969
0.043119
0.026490
0.065500
0.040324
0.059025
0.061394
0.086871
0.065521
0.031962
0.060725
0.068293
0.019209
0.026337
0.035706
0.062208
0.106645
0.066695
0.027377
0.046908
0.052503
0.030844
0.085865
0.063155
0.030798
0.080806
0.045762
0.082534
0.068999
0.052071
0.095769
0.058009
0.019909
0.069276
0.051062
0.045956
0.103027
0.037230
0.051056
0.092104
0.063299
0.066579
0.081463
0.029225
0.021967
0.034624
0.037975
0.090824
0.021070
0.065918
0.021564
0.061482
0.025240
0.020452
0.073291
0.051975
0.022270
0.114508
0.050233
0.038390
0.017523
0.017248
0.035740
0.022115
0.031701
0.069304
0.028355
0.035843
0.036870
0.053181
0.034819
0.020704
0.091211
0.065088
0.033456
0.048584
0.029291
0.020091
0.039497
0.062828
0.018993
0.018496
0.031522
0.073729
0.039896
0.048046
0.093211
0.057472
0.031756
0.028343
0.067398
0.022351
0.108281
0.077037
0.028908
0.025962
0.019695
0.019194
0.024965
0.032813
0.077594
0.066389
0.019432
0.097316
0.049028
0.098583
0.068833
0.025295
0.060771
0.083561
0.024497
0.018302
0.017390
0.018035
0.020848
0.022964
0.030081
0.031713
0.027275
0.071949
0.032823
0.042439
0.016367
0.028757
0.021634
0.016989
0.018816
0.033262
0.061750
0.034211
0.021492
0.047498
0.086877
0.033409
0.078949
0.041396
0.050357
0.032658
0.037931
0.020282
0.040755
0.027027
0.070404
0.026277
0.074568
0.071662
0.049070
0.032217
0.039383
0.027355
0.063250
0.061728
0.024097
0.017998
0.025368
0.045421
0.082779
0.034347
0.023765
0.022098
0.051171
0.034898
0.019290
0.059211
0.033931
0.060514
0.040013
0.022885
0.059389
0.028165
0.022886
0.051425
0.025946
0.025564
0.042353
0.067630
0.071874
0.060022
0.024002
0.026425
0.022273
0.029446
0.025558
0.034994
0.028904
0.046816
0.041578
0.058255
0.036809
0.021853
0.032353
0.022716
0.025718
0.022611
0.018365
0.033758
0.071907
0.082803
0.019651
0.018517
0.041626
0.017810
0.022816
0.025187
0.022792
0.078765
0.022893
0.082515
0.081245
0.064286
0.050800
0.026153
0.080989
0.022794
0.018274
0.021896
0.019950
0.019113
0.034891
0.030958
0.058649
0.089776
0.052016
0.041965
0.057663
0.057608
0.047673
0.028893
0.059667
0.027345
0.019905
0.022186
0.021712
0.019449
0.021304
0.019321
0.077369
0.098885
0.034000
0.052337
0.020799
0.022250
0.070658
0.021657
0.022280
0.019577
0.032478
0.058508
0.019307
0.051033
0.069560
0.040395
0.033662
0.035033
0.065270
0.026823
0.035844
0.024190
0.077492
0.069468
0.023897
0.019778
0.015968
0.016908
0.032850
0.065066
0.022220
0.017997
0.032445
0.029524
0.019547
0.030360
0.068965
0.048985
0.034008
0.027444
0.054770
0.031466
0.037923
0.071477
0.073693
0.033197
0.024082
0.024967
0.021765
0.029707
0.043988
0.033016
0.019597
0.018609
0.069522
0.028425
0.019060
0.019317
0.028101
0.069279
0.020385
0.053577
0.026103
0.016142
0.061457
0.043550
0.030257
0.020364
0.029839
0.083763
0.033153
0.071017
0.020835
0.021865
0.037783
0.047930
0.022686
0.035875
0.032341
0.035292
0.059049
0.071681
0.119159
0.062541
0.041399
0.040423
0.024442
0.019461
0.028203
0.043396
0.037637
0.019233
0.046001
0.095184
0.029778
0.019605
0.065213
0.031843
0.020811
0.017000
0.017202
0.054461
0.034349
0.019137
0.065855
0.022325
0.070759
0.067236
0.018782
0.018485
0.022269
0.022800
0.041092
0.037988
0.029509
0.081535
0.035684
0.017805
0.017997
0.058604
0.048347
0.019842
0.037760
0.027119
0.059346
0.048306
0.018456
0.032994
0.058016
0.057830
0.023914
0.031730
0.022213
0.018339
0.051510
0.027936
0.029970
0.053118
0.019778
0.017403
0.020147
0.043510
0.052374
0.095781
0.046674
0.021155
0.020264
0.051175
0.022663
0.017381
0.031836
0.020265
0.025013
0.034807
0.035354
0.081743
0.099160
0.070144
0.049632
0.063333
0.072084
0.026922
0.025677
0.067499
0.055393
0.028125
0.023340
0.022192
0.022490
0.022537
0.041837
0.072402
0.053528
0.064495
0.021842
0.021258
0.018797
0.036710
0.063264
0.023570
0.032876
0.029362
0.017340
0.025233
0.074045
0.066780
0.069013
0.022208
0.034312
0.018899
0.070609
0.030591
0.021967
0.034241
0.018916
0.051037
0.040149
0.031950
0.023186
0.086259
0.045467
0.023902
0.030428
0.034940
0.019485
0.041169
0.031862
0.021286
0.023419
0.020738
0.017917
0.031279
0.054857
0.024860
0.049541
0.073225
0.041567
0.021378
0.017108
0.026152
0.040326
0.083800
0.039634
0.017926
0.059826
0.029483
0.050172
0.019202
0.071304
0.025128
0.020727
0.021497
0.026660
0.020963
0.033397
0.019428
0.078489
0.068264
0.052577
0.023679
0.025996
0.047085
0.057032
0.061229
0.025544
0.027975
0.019095
0.034283
0.059913
0.077308
0.048859
0.045697
0.037751
0.032482
0.076071
0.048287
0.027321
0.058956
0.062308
0.022344
0.016266
0.034380
0.024609
0.017681
0.093047
0.059614
0.083813
0.032364
0.023259
0.039787
0.071191
0.025094
0.034014
0.022696
0.088063
0.063649
0.026166
0.040240
0.019681
0.027681
0.041064
0.023435
0.023227
0.026291
0.017077
0.025678
0.031211
0.016829
0.091830
0.045877
0.033073
0.018234
0.019165
0.026817
0.059228
0.023273
0.031989
0.033206
0.023808
0.032585
0.025610
0.031722
0.037313
0.021986
0.016732
0.015837
0.031960
0.017725
0.021235
0.064478
0.076396
0.024662
0.016952
0.020083
0.074472
0.028918
0.029428
0.029637
0.092874
0.040244
0.036811
0.067402
0.032646
0.029479
0.061427
0.030044
0.035507
0.046582
0.084585
0.033376
0.023412
0.041990
0.033771
0.029215
0.022377
0.042343
0.038318
0.103949
0.052060
0.087840
0.060294
0.019090
0.042618
0.072682
0.024171
0.034449
0.017804
0.075393
0.024716
0.018846
0.089433
0.027300
0.043444
0.022485
0.042015
0.031163
0.060382
0.021010
0.020186
0.017521
0.017268
0.025912
0.020917
