333,201,29,89
335,201,33,87
339,202,34,86
342,202,33,85
350,202,34,86
351,200,33,86
358,198,34,87
358,197,34,91
364,196,35,91
369,197,36,91
371,198,37,90
382,195,36,92
374,200,39,88
381,198,36,91
385,193,36,95
391,196,33,89
393,192,34,93
394,196,32,89
399,198,33,87
401,197,33,87
403,197,33,88
411,196,35,86
414,196,33,86
419,192,36,89
426,192,36,91
433,191,34,92
435,188,36,96
439,192,36,93
444,186,35,94
448,192,36,87
455,180,36,93
454,194,36,92
460,187,35,92
469,189,35,89
474,182,37,96
478,187,34,88
473,194,34,85
478,192,31,80
480,192,31,74
493,191,32,79
494,190,29,75
503,182,34,76
503,187,32,74
505,179,35,82
505,184,36,84
523,187,32,75
521,179,33,75
530,184,32,70
536,175,29,71
531,174,32,72
528,175,33,71
523,178,29,78
525,172,28,69
522,174,30,76
508,186,28,83
516,177,29,75
521,179,27,72
517,177,26,73
514,178,28,75
507,188,26,70
507,172,27,66
502,167,32,66
487,189,30,73
503,183,28,76
498,172,29,72
493,168,32,66
477,187,28,71
477,186,26,66
477,171,30,63
484,171,29,65
466,186,26,75
465,187,26,73
477,180,28,71
464,186,26,76
463,186,28,74
471,171,28,69
462,185,29,74
455,186,28,73
453,182,27,78
451,184,26,72
448,178,30,86
459,166,32,84
457,161,33,72
460,169,32,80
444,170,35,86
442,173,38,87
441,169,33,87
438,174,34,86
439,166,36,89
431,171,35,84
435,176,29,80
438,175,30,81
435,159,32,72
430,157,33,81
429,166,31,89
426,166,32,90
422,178,31,84
422,176,29,82
420,153,35,82
416,169,33,84
411,164,34,92
420,167,31,88
414,174,28,83
413,173,28,83
409,174,28,83
402,175,33,83
400,173,30,86
396,172,32,82
400,165,31,88
399,161,30,89
395,171,30,84
390,167,27,83
386,163,30,88
387,155,30,76
391,169,29,87
380,163,31,80
379,164,30,83
377,160,31,77
375,166,27,82
376,166,34,86
376,166,31,84
371,165,29,85
359,165,27,89
357,168,30,82
357,165,28,73
355,168,28,73
353,164,27,84
351,160,28,86
350,168,30,82
347,164,29,80
345,162,29,79
370,166,28,83
364,161,29,86
363,153,27,80
334,154,31,82
334,159,32,82
330,158,33,84
327,163,32,82
325,164,28,76
322,162,29,78
320,162,28,80
320,160,32,81
317,162,31,78
317,163,28,77
314,159,30,79
316,160,27,75
312,163,28,73
309,161,29,77
313,160,30,78
329,161,26,77
305,163,27,75
324,165,27,72
323,165,26,73
320,164,25,74
317,164,25,75
314,163,26,76
311,163,27,74
292,162,29,73
288,160,28,76
293,162,29,74
304,162,28,76
283,160,29,77
297,161,27,78
292,159,27,81
288,160,27,79
293,161,27,81
291,161,26,81
291,162,26,78
266,161,29,76
269,157,27,80
278,157,25,80
275,159,25,79
276,160,27,78
274,160,27,79
270,159,27,81
254,154,30,82
254,150,30,52
253,154,26,76
256,150,27,78
264,145,26,87
248,147,31,83
212,128,35,73
213,128,35,76
223,128,33,68
223,126,31,73
228,122,34,75
231,139,32,71
232,123,31,80
237,127,36,101
232,142,40,92
231,137,38,101
249,124,30,71
228,149,30,82
255,126,31,68
244,127,34,71
262,126,29,71
233,146,29,75
222,142,30,78
264,129,40,71
267,129,39,70
268,129,40,71
278,129,34,75
283,128,30,73
288,129,29,73
294,128,29,74
293,129,31,71
299,132,34,68
297,130,36,72
300,130,39,72
303,132,35,72
312,129,31,75
315,131,30,73
321,132,27,69
324,130,29,70
329,130,32,68
330,135,33,66
332,138,33,64
336,135,32,66
342,142,33,62
348,136,29,64
386,142,54,65
357,136,34,80
398,133,35,81
451,160,31,85
513,148,29,70
449,165,31,80
458,165,30,72
460,165,30,77
407,135,31,82
470,165,34,80
479,164,30,70
480,167,31,73
485,164,31,75
487,162,37,74
495,157,37,81
516,161,38,76
507,160,30,77
557,151,31,75
572,151,26,75
567,153,29,76
565,152,30,78
560,153,29,77
560,153,27,75
555,152,29,80
555,154,27,71
555,154,30,73
548,153,30,75
542,151,33,77
538,152,35,76
549,150,33,77
532,150,32,76
528,149,30,82
550,152,29,74
525,145,30,71
549,112,28,65
553,113,33,66
570,115,31,66
573,116,31,67
540,146,30,80
545,137,36,79
547,137,37,84
547,145,39,80
572,152,31,74
509,155,28,74
506,155,28,72
543,147,30,73
505,154,27,75
537,150,31,74
559,152,29,77
533,146,30,81
537,148,27,74
534,149,29,74
527,138,33,72
550,150,29,76
524,144,30,81
497,153,27,67
534,151,25,72
522,157,24,70
533,153,25,73
523,152,31,73
501,150,27,76
487,148,27,76
492,151,27,76
491,148,25,75
501,149,32,75
489,147,32,81
436,158,35,70
438,159,39,73
484,141,33,81
484,141,30,84
480,146,32,76
468,156,33,78
479,149,30,85
489,153,32,86
485,143,30,83
487,152,31,85
497,156,31,86
504,155,35,88
508,144,34,86
511,152,33,79
492,151,36,73
528,155,47,78
516,154,34,69
528,144,29,71
514,153,31,72
528,148,32,77
496,147,29,82
508,154,29,72
548,153,30,71
509,156,30,70
536,154,34,72
515,157,31,74
518,153,29,76
561,151,34,73
543,154,40,75
549,149,37,78
533,149,28,81
555,150,30,68
528,129,37,92
519,130,30,88
519,128,34,83
515,133,32,90
513,132,29,81
446,115,32,70
438,114,25,60
436,120,25,54
436,116,26,67
436,114,25,65
438,118,26,65
438,118,24,66
440,119,25,65
442,126,27,62
445,130,24,52
442,122,25,62
442,119,24,54
445,127,23,60
445,124,26,67
444,122,25,64
441,124,29,68
442,123,26,63
443,123,28,65
467,132,28,75
442,123,28,66
444,123,27,71
442,122,27,65
444,124,29,85
446,123,29,70
446,120,28,69
446,116,29,75
443,137,29,82
448,123,26,69
444,141,33,80
444,125,31,87
450,118,31,78
448,122,28,73
450,122,27,80
450,121,25,65
448,122,28,64
450,123,29,65
450,120,29,69
449,123,29,68
451,125,29,85
450,125,28,66
449,122,29,77
452,122,27,69
451,126,26,68
453,126,23,67
452,128,25,65
454,128,23,64
455,128,24,61
454,125,25,59
455,126,24,62
455,128,25,64
456,129,25,65
458,128,25,63
461,126,24,61
458,125,26,63
458,127,26,64
457,122,28,66
457,129,25,60
458,128,26,59
458,129,28,63
458,127,27,64
459,130,26,64
460,128,25,60
470,124,25,57
472,129,26,57
484,132,28,64
493,129,31,65
498,131,28,68
505,126,30,63
515,126,29,65
518,130,28,63
525,128,27,59
527,125,30,64
538,129,29,62
542,127,28,58
550,133,27,64
562,134,27,62
565,126,29,61
574,127,27,62
560,128,27,60
590,127,28,57
572,124,26,66
599,116,27,65
605,119,24,69
598,128,27,67
601,115,28,77
604,127,25,67
564,128,33,63
541,158,34,62
489,148,48,89
457,166,57,87
471,156,61,92
380,110,50,115
286,90,50,102
295,89,35,77
302,92,31,69
288,93,41,66
281,85,26,56
291,83,23,48
295,85,23,49
292,89,22,43
295,91,20,40
312,83,21,46
307,88,21,43
328,87,24,49
331,86,32,48
355,89,31,47
365,89,29,54
363,86,29,53
364,90,28,53
321,82,25,46
322,75,28,50
319,83,24,48
320,82,24,47
313,82,25,61
312,79,28,63
320,85,27,54
310,81,25,54
352,87,27,55
349,87,24,56
347,87,26,54
342,85,29,54
345,83,27,55
340,86,27,57
291,77,28,62
338,82,27,58
335,83,28,60
288,76,26,59
284,77,27,59
281,76,28,62
278,75,27,66
276,69,28,59
273,67,29,51
273,74,28,54
328,82,24,51
327,79,26,56
326,79,27,58
323,80,28,64
319,81,27,61
319,81,26,61
318,80,27,54
317,79,26,56
315,79,27,59
312,77,29,63
308,75,30,59
308,78,28,52
307,79,28,64
304,76,31,63
305,74,31,66
303,74,29,60
302,75,27,58
300,74,27,54
300,74,28,54
297,74,29,62
295,73,29,60
293,74,28,61
289,74,28,63
288,74,28,63
287,74,27,63
286,73,30,62
282,73,29,64
281,71,31,63
277,70,32,69
270,66,34,59
276,71,30,58
273,70,29,62
270,68,31,63
268,64,33,57
265,67,31,59
264,66,30,57
263,65,31,58
211,54,43,73
178,55,33,69
176,51,32,56
176,54,27,55
174,54,27,46
172,61,25,54
168,54,27,43
177,56,24,43
175,57,29,53
177,54,28,46
182,52,27,48
189,52,28,48
194,53,27,49
193,50,29,49
200,50,30,44
205,52,27,54
207,52,29,52
214,49,28,44
215,50,27,46
221,52,27,40
225,47,26,39
226,51,27,46
230,49,27,46
237,47,27,44
244,49,26,45
246,49,24,43
248,46,26,40
259,47,25,38
259,48,25,39
257,43,29,40
256,45,25,43
255,43,27,37
254,43,24,34
251,40,23,39
250,47,22,37
249,46,21,37
240,42,25,33
242,44,22,38
243,36,22,37
239,46,21,31
233,38,24,33
228,34,22,38
227,38,22,33
228,43,21,31
220,36,24,32
220,40,21,29
210,38,23,34
212,37,23,36
210,37,26,36
206,35,24,38
202,29,26,45
202,32,22,44
203,38,23,37
198,33,25,41
180,69,30,40
192,31,26,48
167,50,35,53
156,81,56,61
103,85,75,74
112,64,76,82
144,60,61,87
107,75,81,88
146,62,75,91
252,45,39,82
250,46,31,62
248,45,30,55
245,45,30,51
243,41,27,51
242,44,25,48
240,37,25,46
240,36,25,38
238,44,22,40
231,43,23,39
229,44,23,33
228,42,24,35
219,39,24,39
