0.028422
0.050172
0.052666
0.107403
0.031168
0.055971
0.059147
0.026897
0.021147
0.021384
0.064165
0.062160
0.036165
0.074811
0.023773
0.031772
0.022200
0.056799
0.043078
0.028914
0.068738
0.040059
0.030239
0.020270
0.023793
0.022335
0.053989
0.027710
0.050682
0.082449
0.060957
0.063800
0.070200
0.080515
0.053340
0.025680
0.024020
0.034348
0.019918
0.053028
0.049185
0.053835
0.065693
0.035993
0.021392
0.095918
0.056854
0.030129
0.024074
0.028486
0.028258
0.048724
0.061868
0.072244
0.044904
0.022724
0.039998
0.066021
0.040703
0.035731
0.017528
0.057539
0.021645
0.021434
0.074723
0.050131
0.081811
0.088246
0.026436
0.021902
0.023808
0.061472
0.025043
0.022298
0.027040
0.023910
0.021685
0.032183
0.032063
0.067415
0.086823
0.020706
0.022936
0.027536
0.018903
0.020654
0.024088
0.056778
0.033293
0.018196
0.045963
0.070518
0.033493
0.069265
0.073389
0.030367
0.059720
0.042021
0.026237
0.042670
0.019407
0.031735
0.030014
0.078685
0.031869
0.082477
0.065599
0.026084
0.054607
0.070885
0.072937
0.039677
0.020004
0.022534
0.028300
0.025387
0.091657
0.021647
0.031410
0.057533
0.026801
0.039749
0.028621
0.079633
0.023350
0.024184
0.041623
0.064832
0.073610
0.030370
0.025793
0.032508
0.044066
0.026075
0.054372
0.068252
0.060262
0.052490
0.021240
0.026171
0.021219
0.063968
0.019725
0.021630
0.026812
0.033474
0.063461
0.056203
0.098858
0.055970
0.020932
0.055212
0.056761
0.019230
0.020287
0.022733
0.022304
0.018813
0.045691
0.070858
0.058900
0.028688
0.020001
0.021544
0.017672
0.022963
0.021276
0.049721
0.023086
0.023154
0.048271
0.039052
0.067061
0.087960
0.048554
0.075619
0.061767
0.026766
0.041272
0.037565
0.020892
0.049818
0.019593
0.019404
0.020066
0.029945
0.020019
0.015699
0.050784
0.036156
0.021376
0.056450
0.054449
0.036678
0.027843
0.034558
0.018410
0.027391
0.025554
0.070672
0.077215
0.026007
0.033390
0.036282
0.062245
0.073577
0.024305
0.026318
0.033872
0.027406
0.019476
0.058832
0.030851
0.074098
0.048919
0.021883
0.027730
0.024086
0.029192
0.090305
0.040915
0.025662
0.065831
0.067370
0.050225
0.026345
0.031298
0.022729
0.039825
0.019443
0.016523
0.021347
0.015937
0.016225
0.022078
0.043090
0.034667
0.029953
0.052208
0.069479
0.035417
0.018791
0.023695
0.026242
0.030673
0.044143
0.021174
0.033024
0.046777
0.087974
0.030903
0.018991
0.021527
0.019926
0.024860
0.018089
0.021636
0.053038
0.032629
0.102792
0.074279
0.026997
0.021793
0.022816
0.048584
0.041901
0.044784
0.049440
0.054376
0.073680
0.020453
0.016399
0.043887
0.018806
0.024734
0.023522
0.031539
0.061321
0.055583
0.027680
0.065105
0.065130
0.022023
0.022413
0.057314
0.036639
0.028110
0.022648
0.068495
0.060598
0.022307
0.059416
0.066141
0.026599
0.026205
0.103897
0.034641
0.022563
0.090569
0.081404
0.052589
0.024473
0.069658
0.020141
0.019076
0.022412
0.024801
0.030629
0.083594
0.031800
0.114354
0.064762
0.057610
0.032406
0.022209
0.018477
0.032583
0.021566
0.028321
0.021708
0.053937
0.067382
0.049602
0.068438
0.098921
0.027670
0.028417
0.021532
0.028172
0.078073
0.024752
0.053956
0.020954
0.017985
0.072281
0.025869
0.024276
0.021428
0.025872
0.027678
0.020788
0.098225
0.064391
0.033435
0.051942
0.084502
0.029887
0.037721
0.063224
0.047524
0.028891
0.021981
0.038640
0.043936
0.065202
0.026959
0.061013
0.059957
0.059180
0.026078
0.020004
0.023470
0.022496
0.045781
0.017248
0.021183
0.033751
0.022331
0.033514
0.055367
0.025523
0.019033
0.023118
0.020326
0.023639
0.031223
0.037451
0.020185
0.074983
0.065180
0.017749
0.042264
0.034822
0.020363
0.021836
0.033203
0.067425
0.032476
0.021309
0.052922
0.020849
0.017038
0.017824
0.020911
0.024982
0.030030
0.080157
0.060433
0.026131
0.059495
0.061967
0.043076
0.021355
0.019501
0.021384
0.063612
0.046163
0.053204
0.021574
0.058714
0.056778
0.019994
0.021063
0.072017
0.037036
0.044960
0.019718
0.056920
0.055376
0.019482
0.018943
0.037974
0.060726
0.057271
0.076963
0.034610
0.027003
0.038779
0.025258
0.023037
0.059947
0.044423
0.019263
0.037964
0.091676
0.050223
0.072559
0.060342
0.062053
0.023696
0.030804
0.023911
0.067654
0.031860
0.049979
0.093812
0.066644
0.057927
