458,159,66,38
458,157,63,40
457,157,63,41
456,157,66,40
458,158,66,40
459,157,64,41
459,157,63,41
459,157,65,41
460,157,63,41
465,157,59,41
461,157,60,42
466,156,57,41
457,157,66,42
459,157,66,41
457,157,64,41
459,156,65,41
457,156,67,42
458,158,67,40
457,157,66,41
457,156,67,42
457,157,68,40
457,155,68,41
457,156,69,42
456,156,68,42
457,156,67,41
457,155,69,43
456,155,68,42
457,155,67,42
458,156,68,41
456,154,68,42
457,156,66,43
456,155,61,42
458,156,66,42
457,155,63,43
458,155,57,43
457,155,58,42
458,156,58,43
458,155,58,42
458,156,59,42
458,156,60,42
457,156,62,42
457,156,63,42
457,156,63,42
456,156,65,42
458,156,65,41
456,155,67,43
456,156,65,43
458,155,66,42
457,156,65,42
456,156,64,42
457,156,67,42
457,156,67,42
456,156,63,43
458,156,66,42
457,155,61,43
456,156,63,42
457,156,65,42
457,155,66,43
456,155,65,42
456,155,67,42
456,156,63,42
456,156,66,42
456,156,66,42
456,156,67,43
456,156,66,42
456,156,67,43
457,156,60,43
456,156,65,42
456,155,67,42
456,156,65,43
456,156,67,42
456,156,66,43
457,156,62,42
456,156,66,42
456,156,65,42
457,155,65,42
456,156,68,43
456,156,62,43
457,156,65,42
456,155,67,43
457,155,63,42
456,156,64,42
458,156,65,42
456,155,65,42
456,156,67,43
456,156,66,42
457,155,64,42
456,156,64,42
455,156,66,42
457,155,66,42
456,156,65,42
457,156,67,42
456,155,65,42
456,155,64,42
457,157,65,42
456,156,63,42
456,156,65,41
455,156,65,41
456,156,65,42
456,156,66,42
457,156,67,42
456,156,63,43
457,156,65,42
456,156,66,43
457,156,66,43
457,156,61,42
457,156,66,41
457,155,68,42
457,155,63,43
457,156,68,42
456,156,65,42
456,155,67,42
456,155,64,42
457,156,65,42
456,155,68,42
456,156,66,42
456,156,67,42
456,155,69,42
456,155,63,42
458,156,66,42
456,155,61,43
457,156,63,42
456,156,65,43
457,156,65,42
456,155,66,42
456,156,67,43
457,156,66,42
456,155,64,43
456,155,62,43
457,156,64,42
456,155,63,42
456,156,64,42
457,156,64,42
455,156,64,43
457,156,63,42
455,155,66,42
455,156,65,43
456,156,66,42
455,156,67,42
456,155,67,42
457,156,62,42
457,156,66,43
456,155,65,43
457,156,61,43
456,156,66,42
456,155,67,43
455,156,66,42
455,155,66,43
457,155,66,44
456,156,66,42
455,155,67,43
455,156,65,43
457,155,65,43
456,155,68,43
455,156,65,43
457,156,66,42
456,156,67,42
457,156,66,42
456,156,67,42
457,156,66,42
456,157,68,42
456,156,67,43
457,157,67,42
457,157,66,41
455,157,67,41
455,157,69,41
456,156,69,42
454,156,70,40
454,157,71,40
456,157,69,40
453,156,70,42
456,157,68,42
455,157,68,40
453,157,70,39
455,156,68,40
456,158,67,41
454,156,69,41
452,157,71,41
457,157,64,40
455,157,67,41
446,157,74,40
451,157,70,40
450,156,70,40
448,156,72,41
453,156,65,41
452,156,68,41
452,155,68,42
450,154,69,43
454,153,65,44
439,152,81,45
442,152,78,44
448,153,69,43
438,151,80,45
450,153,67,42
441,154,75,41
447,154,70,41
438,154,77,42
451,154,62,41
446,155,70,41
439,153,76,42
452,153,61,41
451,154,63,40
453,154,60,41
456,155,56,40
453,154,59,40
453,153,60,40
449,153,63,41
446,153,68,41
449,153,63,40
449,153,64,41
448,153,63,41
449,153,63,41
447,153,64,41
452,153,60,40
448,152,64,40
448,153,61,40
450,153,61,40
449,152,61,40
446,153,64,41
450,152,60,40
448,153,61,40
447,151,62,41
445,152,64,40
447,151,62,41
445,152,63,40
446,151,61,40
443,153,64,40
448,153,60,39
447,152,60,39
445,153,59,39
445,150,63,41
442,151,64,40
441,150,65,41
441,150,66,41
437,150,67,39
436,149,70,40
434,150,69,40
434,151,71,39
434,150,69,39
434,150,71,39
432,150,70,39
433,150,69,39
432,150,71,38
431,151,72,38
430,150,74,39
429,149,74,39
429,149,75,40
427,149,72,39
426,149,76,40
426,149,77,39
426,149,76,39
425,149,73,39
425,149,77,38
424,150,73,38
422,150,76,38
423,150,74,38
422,150,74,37
420,150,75,38
419,150,76,38
418,150,76,38
418,150,77,38
416,150,77,38
416,149,78,38
415,149,80,38
413,150,79,37
412,149,81,38
412,149,80,38
411,148,80,38
409,148,82,39
407,148,83,38
404,148,83,38
402,148,85,38
400,148,86,39
398,147,88,39
397,148,90,39
389,147,93,39
380,147,96,39
378,147,98,39
376,147,100,39
374,147,97,39
371,147,98,39
370,147,99,39
368,147,101,39
366,147,102,39
363,146,103,39
360,147,103,39
356,147,106,39
355,147,107,38
354,147,106,38
351,147,108,39
349,147,107,39
347,147,109,39
346,147,111,39
344,147,111,39
342,147,110,38
341,147,111,39
337,147,112,38
335,147,113,38
332,147,115,38
331,147,113,39
329,146,115,39
327,147,115,39
325,146,115,39
322,147,115,39
321,146,115,39
317,146,115,39
315,146,117,40
302,148,117,38
299,147,118,38
296,147,117,39
293,148,119,38
288,148,120,38
284,149,119,38
279,149,121,39
277,149,121,39
278,149,116,39
272,149,122,40
274,150,117,39
276,149,112,40
270,149,115,39
269,148,109,41
265,150,114,39
266,149,110,39
260,149,113,39
265,149,101,39
257,149,105,39
263,149,98,39
265,150,94,38
265,149,92,39
267,149,89,38
262,148,91,39
265,150,85,38
240,151,109,40
235,150,112,45
233,154,109,49
234,151,109,45
238,152,102,48
233,153,106,49
233,154,104,50
243,151,94,43
230,153,102,47
230,157,92,49
227,158,78,48
259,152,71,37
259,153,67,38
230,160,79,47
229,157,89,47
227,155,95,49
228,154,93,50
226,155,93,50
225,154,94,51
225,155,92,49
225,156,89,50
225,158,84,50
228,162,72,49
229,159,76,48
227,161,73,46
229,157,76,52
229,161,73,47
229,158,79,49
228,161,64,47
231,159,73,50
228,160,72,49
231,157,79,47
230,161,62,48
230,162,69,50
231,161,72,49
229,158,74,50
229,161,67,48
229,159,71,48
230,160,69,47
228,160,70,46
229,161,68,48
230,160,68,47
229,158,73,46
230,163,69,46
230,159,73,47
229,162,67,45
231,159,70,48
230,161,72,46
229,160,74,46
230,161,75,45
229,162,76,44
230,160,79,45
228,162,76,43
229,162,79,43
229,163,71,45
228,162,73,45
228,162,75,45
229,160,84,45
229,160,84,46
229,160,85,46
230,163,65,43
236,160,83,43
232,160,90,46
231,160,90,46
229,161,87,45
269,158,60,43
240,159,84,44
260,158,72,43
255,159,76,43
234,160,88,46
231,161,64,46
257,158,79,43
235,159,99,46
254,159,88,44
255,158,89,43
268,159,76,41
238,159,103,44
259,159,90,44
263,157,87,43
256,159,94,43
272,158,83,42
229,162,66,47
272,159,84,40
264,158,95,41
272,158,89,42
268,159,94,41
272,158,91,41
271,158,94,42
275,158,92,41
271,159,98,41
276,158,95,41
276,158,97,42
281,159,95,41
283,158,96,41
285,159,97,41
290,159,95,42
294,159,94,42
298,159,93,42
302,160,91,42
301,159,93,43
307,160,89,42
324,163,80,43
322,162,82,44
325,162,78,43
327,163,77,44
330,163,75,43
330,163,74,44
333,164,71,44
335,164,71,44
336,163,69,45
338,164,68,46
340,164,66,47
341,163,66,47
343,165,66,48
345,165,66,48
346,167,66,48
