285,206,35,75
285,204,33,76
283,203,33,75
281,201,32,77
279,201,33,77
277,200,33,75
275,201,33,75
272,201,34,73
270,200,34,74
268,199,34,74
267,196,35,76
265,196,33,76
265,196,32,76
262,195,31,75
261,196,31,74
259,194,31,74
256,194,31,73
254,192,31,74
253,191,31,73
252,190,30,72
250,189,30,73
250,189,29,72
249,189,29,72
247,188,29,71
247,188,29,71
246,186,29,71
259,186,29,71
265,184,32,72
282,183,31,70
298,183,30,70
314,182,30,70
329,181,30,71
339,180,31,70
355,181,30,69
361,179,30,69
379,179,31,69
387,179,29,68
402,178,30,68
420,177,32,68
429,176,30,66
446,175,31,68
471,174,31,67
487,173,29,68
519,172,30,68
553,170,30,65
551,170,29,65
550,169,28,64
550,168,29,64
550,167,28,64
548,166,28,64
548,165,28,64
548,165,27,64
549,165,27,64
548,165,28,63
549,163,27,62
547,163,28,63
549,163,28,62
549,162,28,62
549,161,28,62
551,160,28,61
552,159,28,62
553,159,27,61
554,158,27,60
556,158,27,61
557,157,27,59
558,156,27,61
560,156,27,59
561,156,27,60
544,155,28,58
533,154,29,60
517,154,27,57
503,154,28,58
493,153,30,59
469,152,31,58
454,152,30,58
431,152,27,57
415,151,27,58
396,150,30,58
389,150,26,57
372,149,27,57
362,150,26,57
346,149,27,57
320,150,28,57
304,149,27,57
286,148,28,57
269,148,28,56
254,148,25,54
253,147,25,55
255,147,25,54
256,146,25,55
257,146,24,53
257,145,24,53
259,145,25,52
258,144,25,53
260,143,25,53
260,142,25,53
260,143,25,53
261,142,25,52
246,141,25,54
212,141,26,53
186,142,25,52
154,141,25,50
155,141,24,51
157,140,24,51
158,140,24,51
159,140,24,50
158,139,24,51
159,139,24,51
159,138,24,51
160,137,24,51
162,137,23,50
163,137,24,50
163,138,24,50
163,137,24,50
164,136,23,49
165,137,22,48
166,136,23,50
167,136,23,50
167,134,24,49
170,135,23,49
170,134,24,49
170,133,24,50
173,134,23,49
173,133,23,49
177,163,22,50
178,186,22,48
178,199,21,46
180,217,21,47
180,221,21,46
180,220,21,46
181,220,20,46
180,221,20,47
181,220,21,46
182,219,21,46
182,219,22,46
184,219,22,46
184,218,21,46
186,218,22,46
187,217,22,46
189,217,21,46
191,216,22,46
193,216,23,46
237,213,21,47
198,214,22,47
199,214,22,46
200,214,23,48
