0.037677
0.034409
0.023088
0.029116
0.070761
0.088748
0.075836
0.068260
0.036309
0.052758
0.048287
0.035997
0.036330
0.080338
0.067452
0.057002
0.071217
0.099427
0.057574
0.043662
0.073971
0.090972
0.032252
0.033594
0.057591
0.047493
0.052439
0.107085
0.065716
0.080365
0.053755
0.034097
0.089438
0.043667
0.048353
0.020191
0.027515
0.080124
0.054439
0.085244
0.065829
0.033848
0.030547
0.060935
0.030532
0.033185
0.038427
0.079722
0.057517
0.067757
0.073379
0.054006
0.044471
0.022342
0.021631
0.041127
0.072290
0.036164
0.089414
0.074704
0.053939
0.021874
0.019594
0.045199
0.050229
0.059677
0.035981
0.066301
0.038430
0.053271
0.098090
0.071982
0.037823
0.025265
0.036545
0.046234
0.071743
0.037532
0.029696
0.021034
0.066445
0.086005
0.027484
0.081433
0.085595
0.071963
0.082060
0.037624
0.025124
0.029781
0.030734
0.051764
0.037283
0.108322
0.064648
0.044016
0.075940
0.056452
0.029705
0.062346
0.039839
0.032842
0.089719
0.055817
0.025566
0.050949
0.064465
0.051067
0.027884
0.037753
0.034684
0.055282
0.035630
0.016899
0.020149
0.094657
0.060191
0.040380
0.042014
0.041664
0.050972
0.103165
0.032575
0.034677
0.038501
0.069116
0.036575
0.063371
0.047104
0.095055
0.043157
0.033846
0.038080
0.069596
0.035331
0.049902
0.115057
0.048163
0.056967
0.098611
0.060848
0.050854
0.029375
0.085357
0.082516
0.087029
