0.004353
0.017774
0.021360
0.016948
0.031546
0.034822
0.076215
0.076045
0.024726
0.025819
0.054825
0.032591
0.083974
0.020234
0.022489
0.028492
0.029402
0.033390
0.088431
0.030595
0.027053
0.025545
0.045398
0.035034
0.023988
0.034559
0.079427
0.018594
0.036283
0.025121
0.018632
0.065933
0.061378
0.032326
0.025889
0.032978
0.032657
0.039113
0.031880
0.018184
0.046864
0.063127
0.021397
0.020596
0.056548
0.022426
0.018359
0.024289
0.018708
0.023212
0.065648
0.065984
0.069066
0.065723
0.089162
0.042654
0.043335
0.020108
0.050557
0.020583
0.018960
0.021906
0.033204
0.059455
0.073081
0.048209
0.091971
0.027418
0.043944
0.036788
0.033379
0.059077
0.065966
0.026005
0.025866
0.083078
0.049230
0.043912
0.051180
0.114885
0.032796
0.069123
0.027719
0.019578
0.028707
0.020505
0.023442
0.076657
0.026632
0.019377
0.018939
0.026321
0.036773
0.025620
0.019000
0.036570
0.035497
0.065743
0.056582
0.034608
0.045931
0.020347
0.037346
0.042635
0.035995
0.026648
0.030620
0.020692
0.028384
0.017848
0.065345
0.027519
0.022924
0.053856
0.053626
0.021568
0.031190
0.021451
0.072914
0.050976
0.045959
0.061574
0.060951
0.062947
0.024841
0.036113
0.021285
0.093291
0.021370
0.022314
0.020168
0.021128
0.024766
0.021030
0.043859
0.052315
0.063310
0.045551
