268,198,35,95
269,197,34,95
268,196,34,95
268,197,35,95
269,196,34,95
269,196,35,94
269,196,35,95
269,196,34,94
270,197,35,93
270,196,35,94
270,195,35,93
270,194,35,94
270,193,35,93
270,192,35,95
271,192,35,94
270,191,36,95
271,192,35,94
271,192,35,94
271,193,35,93
271,193,34,94
270,193,34,93
269,192,34,94
270,192,34,93
270,191,34,92
270,191,33,92
270,190,34,92
269,191,34,91
270,189,34,93
270,189,34,92
270,189,34,92
270,189,34,92
270,190,34,91
271,189,34,92
270,189,34,92
272,189,35,92
272,189,34,92
271,188,35,93
272,187,35,93
272,187,35,92
272,186,35,92
272,185,36,92
272,185,36,92
272,185,36,93
272,186,35,92
273,186,35,92
272,186,33,91
272,186,33,91
272,185,34,92
271,186,34,92
272,185,33,91
271,185,33,90
272,185,33,90
271,183,33,91
272,183,33,91
271,182,34,92
272,183,34,91
272,183,34,91
271,183,34,90
272,183,34,90
272,184,34,89
273,183,34,90
272,183,34,90
272,182,34,90
273,181,34,90
272,179,35,91
273,179,35,90
273,178,35,91
273,178,37,90
273,178,36,90
274,179,36,90
273,179,35,89
272,180,35,88
272,180,34,89
272,180,34,88
273,180,33,88
272,178,33,88
271,177,33,88
271,178,33,87
272,177,32,88
271,176,33,88
271,176,33,88
270,176,33,88
270,176,34,87
271,177,33,86
271,177,33,87
271,177,33,87
271,176,34,87
270,175,34,86
269,175,35,87
269,173,35,88
269,172,35,88
268,172,36,88
268,173,37,87
267,172,37,88
269,173,38,86
267,173,38,87
267,173,37,86
267,173,36,86
266,172,35,87
266,172,34,86
265,171,33,86
265,170,34,86
265,171,33,86
265,169,33,86
265,170,33,86
263,169,33,86
264,171,32,85
264,171,33,84
264,171,33,85
265,171,33,85
264,171,33,85
263,169,33,85
263,169,33,84
263,167,33,86
263,167,33,86
261,165,34,86
263,167,35,84
262,165,36,85
261,165,36,84
262,166,38,84
260,167,37,85
259,167,35,83
259,167,34,83
259,166,32,82
258,165,33,83
257,163,32,84
257,163,32,84
256,162,32,84
256,163,32,85
255,164,32,84
255,164,33,84
254,163,32,84
253,163,33,83
254,164,32,83
253,163,32,83
253,161,32,84
252,161,32,83
252,159,33,84
251,159,33,84
251,159,32,83
251,158,35,84
249,159,36,84
250,159,35,81
247,160,36,83
248,159,35,81
248,160,33,83
247,160,33,80
246,159,32,82
246,158,32,81
245,158,32,81
244,156,32,83
243,157,33,83
243,157,32,83
243,158,31,82
242,157,32,82
244,159,30,81
242,158,32,81
242,157,32,83
242,156,31,81
241,155,32,81
241,156,32,81
241,153,33,83
241,153,33,83
240,153,35,83
240,153,35,84
239,153,35,82
239,154,35,82
238,155,34,80
238,155,32,81
237,155,31,81
237,155,31,80
237,154,29,79
237,153,30,79
236,152,30,80
237,151,30,80
236,151,30,81
236,151,30,81
235,151,30,82
235,152,31,80
235,152,30,80
235,151,30,81
235,152,31,80
236,151,31,80
236,150,30,79
236,150,30,80
235,149,31,80
235,149,31,81
236,148,32,80
234,148,33,81
236,149,33,80
234,149,33,80
235,149,31,80
235,150,31,79
235,150,30,79
235,149,29,77
234,147,29,78
235,147,29,77
235,147,29,78
235,146,30,79
235,147,29,78
235,146,29,78
234,146,30,79
234,147,30,78
234,147,30,76
235,147,30,77
235,146,29,77
235,146,29,77
235,145,30,78
234,144,29,78
234,144,30,79
235,144,31,78
234,143,31,78
234,144,32,77
234,145,32,77
234,144,32,78
234,144,32,78
233,144,32,78
233,144,30,78
233,144,29,78
232,144,29,77
232,143,29,76
233,142,28,75
232,142,27,76
233,142,28,75
232,142,29,76
231,142,29,76
231,142,29,75
231,143,28,75
231,141,29,78
231,142,30,75
231,141,30,75
231,141,29,76
230,141,30,75
231,140,29,76
230,139,30,75
230,139,31,77
231,139,32,76
229,139,32,76
229,138,32,76
229,139,33,76
230,140,31,76
228,140,30,75
228,139,30,75
227,138,30,75
226,137,29,76
227,137,28,75
226,138,28,74
226,138,28,74
226,137,28,74
224,138,29,74
224,138,29,75
225,139,28,75
224,139,29,75
225,139,28,74
224,138,28,73
224,138,28,73
224,135,28,74
224,136,28,74
225,136,28,74
224,136,28,73
223,136,27,72
224,136,28,73
222,137,27,72
222,136,29,72
223,136,28,72
222,136,28,72
223,135,28,73
221,134,28,73
221,135,27,71
221,134,27,71
221,133,28,72
220,134,27,71
220,133,28,71
220,133,28,70
220,133,27,71
219,134,27,71
220,134,28,70
220,134,27,69
220,133,28,70
220,132,28,70
220,131,28,71
220,130,28,71
220,129,29,71
219,128,31,72
204,127,33,76
198,127,34,77
188,128,34,76
179,129,36,76
169,129,34,75
161,127,34,77
153,128,32,74
141,126,33,74
138,126,29,75
125,128,32,75
115,126,35,76
109,129,30,75
107,126,30,75
115,127,33,76
122,125,33,77
134,127,30,72
135,188,42,70
150,129,32,76
160,126,33,74
168,125,31,74
176,126,33,75
186,124,33,74
195,124,31,74
204,123,32,74
214,124,32,73
217,124,33,72
207,124,34,73
195,123,35,75
189,126,32,71
179,125,35,72
171,125,33,74
163,123,32,72
153,124,32,74
142,120,37,77
135,124,32,72
125,121,34,74
119,122,32,76
109,124,32,74
108,125,28,70
114,126,32,71
125,125,35,77
131,124,37,84
127,165,47,112
87,214,87,107
74,178,97,95
160,116,45,86
176,116,35,76
187,119,33,73
195,120,31,72
204,121,34,71
210,118,38,89
215,127,38,93
172,207,62,88
150,200,58,81
55,156,42,84
47,159,41,82
39,154,42,87
36,161,37,83
27,159,40,86
19,163,42,81
14,157,42,89
10,163,44,85
5,162,42,86
0,161,39,86
0,160,35,85
3,159,39,89
11,159,41,89
22,159,41,92
30,158,43,100
40,159,42,90
51,160,44,91
63,157,42,96
80,154,40,82
92,153,41,86
103,156,37,87
109,153,39,88
119,153,40,88
210,116,32,69
214,116,32,71
204,117,32,71
195,118,32,67
185,116,37,70
178,116,33,71
167,115,33,71
159,117,35,69
150,117,33,69
142,118,32,69
134,118,31,68
124,119,31,68
117,119,30,68
107,119,30,68
108,119,31,69
119,118,28,69
129,120,29,67
136,116,29,72
144,117,33,72
152,115,31,74
163,115,29,74
172,115,30,73
180,115,32,76
189,116,30,74
197,115,29,75
207,115,29,73
216,115,28,70
213,114,30,73
206,113,31,71
196,113,35,76
184,110,34,73
255,117,31,70
245,118,32,71
239,119,30,72
230,119,31,73
219,119,33,75
213,120,32,75
204,120,32,75
195,121,33,76
188,122,32,76
186,123,33,75
196,122,32,75
205,124,34,75
215,124,32,76
222,124,33,76
232,124,34,76
244,126,33,75
251,126,32,78
261,126,33,77
270,126,32,76
279,127,32,77
288,126,34,77
298,128,32,77
303,130,32,75
294,128,34,79
285,129,35,80
278,132,35,78
269,130,34,80
262,132,35,79
254,133,33,80
244,132,34,80
236,134,34,79
229,134,34,79
223,134,34,80
213,136,35,79
205,137,34,79
202,137,34,80
208,135,35,83
218,138,34,81
229,139,34,81
237,139,34,84
247,140,34,84
258,141,36,83
268,142,32,81
277,141,33,83
287,141,34,84
296,142,32,82
306,143,33,82
315,143,32,83
323,146,31,80
316,145,33,83
307,145,36,86
299,148,34,82
289,147,36,84
282,148,34,83
274,150,35,85
265,149,35,86
257,151,34,83
247,151,36,85
241,153,33,84
232,152,36,88
223,152,37,87
219,157,33,83
222,154,37,88
234,156,36,86
242,156,38,88
249,158,39,87
262,158,38,87
270,158,39,89
280,161,38,88
289,158,38,92
301,160,37,92
310,160,37,90
319,161,39,92
329,162,38,92
340,163,36,90
337,164,38,92
328,165,38,92
321,167,38,92
313,166,38,93
305,167,38,92
296,168,37,91
290,170,38,93
282,171,37,93
272,171,39,93
266,173,38,93
256,174,40,93
247,175,40,95
242,175,38,94
242,175,40,95
253,178,40,96
263,177,41,97
272,179,41,97
281,179,42,98
289,181,44,97
301,180,41,98
310,182,42,99
320,182,42,101
329,184,43,99
340,184,42,101
349,185,43,101
360,187,41,100
360,187,40,101
352,188,43,102
344,188,43,103
337,191,42,102
330,191,44,103
322,193,43,103
313,192,43,104
304,195,44,105
298,196,43,104
290,197,42,104
282,199,43,106
274,199,46,106
266,201,43,106
266,201,42,106
275,202,44,107
284,204,44,106
294,205,43,108
302,206,45,109
313,206,45,110
323,208,44,111
332,209,45,112
340,210,46,112
351,211,47,114
360,213,48,115
370,214,47,116
381,215,47,117
387,217,44,113
385,218,48,116
389,221,44,113
391,221,44,113
389,222,47,115
392,223,45,116
392,224,46,118
395,226,45,117
396,229,47,117
396,230,47,119
399,232,46,118
399,233,47,120
399,235,46,119
403,236,45,121
402,237,47,121
404,238,47,122
405,240,47,122
408,242,47,121
407,243,48,122
410,245,48,123
410,246,47,120
413,248,48,121
414,250,48,123
415,251,49,126
417,254,49,125
417,255,49,124
421,257,48,129
