0.015975
0.017201
0.020824
0.017048
0.019155
0.023719
0.040416
0.056310
0.044656
0.081925
0.042919
0.021887
0.018157
0.018124
0.018052
0.025371
0.021154
0.022585
0.051501
0.092350
0.087304
0.067814
0.060338
0.028216
0.027241
0.020530
0.020522
0.043923
0.058931
0.052932
0.126578
0.035993
0.022268
0.026167
0.031076
0.022996
0.030374
0.025617
0.024245
0.030884
0.037828
0.085361
0.039533
0.029733
0.020666
0.021777
0.024682
0.040946
0.043755
0.083770
0.064949
0.027816
0.068524
0.030924
0.057311
0.029627
0.056699
0.100236
0.049796
0.020818
0.016676
0.071517
0.023520
0.023912
0.024718
0.082847
0.024130
0.019539
0.059944
0.086910
0.027055
0.025602
0.063240
0.032526
0.052628
0.022824
0.026813
