0.013350
0.083349
0.044756
0.031490
0.063664
0.035852
0.036455
0.041337
0.045348
0.024024
0.039229
0.020740
0.026405
0.071845
0.033040
0.064600
0.034119
0.017645
0.022643
0.018391
0.017785
0.038145
0.033912
0.040915
0.048533
0.075779
0.048052
0.054100
0.057656
0.046226
0.065706
0.042861
0.025651
0.021526
0.021530
0.029630
0.027843
0.021748
0.050420
0.023316
0.023296
0.022547
0.024000
0.059815
0.031585
0.064037
0.029195
0.050052
0.042753
0.052961
0.032726
0.025783
0.032220
0.055307
0.039209
0.093466
0.059774
0.037246
0.029601
0.036090
0.057507
0.069774
0.032755
0.039200
0.033306
0.055645
0.047563
0.026341
0.020357
0.015854
0.033198
0.024379
0.017460
0.017620
0.084295
0.055508
0.055466
0.029611
0.029284
0.021886
0.020622
0.017466
0.076034
0.056036
0.073359
0.048598
0.091690
0.045666
0.015959
0.022464
0.035159
0.030118
0.032052
0.025289
0.049731
0.027515
0.022508
0.019042
0.031249
0.065489
0.072379
0.025182
0.035727
0.033706
0.073201
0.038812
0.018179
0.023566
0.022241
0.014851
0.022147
0.016340
0.020386
0.032234
0.041770
0.066241
0.069060
0.051672
0.047998
0.019130
0.019378
0.060570
0.025270
0.027939
0.020175
0.022222
0.018906
0.033746
0.026049
0.102617
0.045592
0.065692
0.039069
0.063769
0.025529
0.019499
0.023977
0.028743
0.054847
0.026607
0.062712
0.024090
0.021758
0.017870
0.061475
0.047687
0.017899
0.065347
0.038900
0.018298
0.021902
0.015443
0.016455
0.017357
0.023800
0.088996
0.027772
0.062586
0.066563
0.042933
0.061653
0.045773
0.025980
0.022110
0.035031
0.086645
0.045135
0.041071
0.022756
0.021019
0.033387
0.024017
0.040391
0.064575
0.045610
0.024451
0.019153
0.019355
0.023492
0.073429
0.028632
0.038794
0.022645
0.071449
0.024430
0.018282
0.020755
0.034258
0.067664
0.126230
0.047791
0.061167
0.017547
0.024873
0.021157
0.023781
0.023221
0.023698
0.033220
0.023486
0.102013
0.049214
0.081459
0.071618
0.034845
0.043825
0.073815
0.029192
0.032824
0.072231
0.051533
0.030043
0.021496
0.018400
0.044392
0.055001
0.031883
0.070364
0.037677
0.078982
0.105559
0.039757
0.019395
0.020519
0.020306
0.019228
0.061315
0.048131
0.025073
0.024080
