0.005301
0.066829
0.064626
0.055883
0.040422
0.028966
0.019299
0.028698
0.042419
0.056372
0.050558
0.024351
0.030389
0.069555
0.030563
0.019796
0.025242
0.035145
0.034043
0.038885
0.056244
0.055944
0.058980
0.025361
0.059204
0.066415
0.021486
0.022482
0.018723
0.016767
0.048336
0.043708
0.019477
0.023671
0.057566
0.047089
0.036727
0.076886
0.047360
0.054225
0.098293
0.027056
0.023465
0.022852
0.020106
0.024250
0.022603
0.035701
0.090374
0.069630
0.048538
0.022314
0.018345
0.020335
0.018050
0.031219
0.064253
0.030929
0.019417
0.031434
0.017220
0.061932
0.040717
0.066492
0.075402
0.034398
0.021215
0.019169
0.065948
0.049830
0.048576
0.070427
0.032301
0.021805
0.022823
0.055313
0.026110
0.053377
0.036660
0.031408
0.033543
0.036691
0.038874
0.019724
0.018996
0.020957
0.028873
0.033311
0.066751
0.085696
0.029604
0.021770
0.021604
0.020173
0.027457
0.032799
0.053365
0.018060
0.041562
0.024325
0.023421
0.032879
