264,100,27,61
267,99,25,61
269,99,25,61
271,98,25,62
274,99,28,61
274,99,31,61
274,100,33,61
274,100,33,60
279,99,31,61
278,99,31,61
285,98,27,62
288,96,27,64
290,97,28,63
292,97,28,63
296,98,28,62
296,98,29,62
301,97,27,63
300,98,27,62
306,98,25,62
306,96,26,62
310,96,25,62
309,96,28,63
312,96,29,61
314,96,30,62
318,97,27,62
318,96,28,62
322,96,25,63
324,95,26,63
325,95,27,64
327,96,29,63
328,96,30,61
331,95,29,63
333,94,28,62
336,93,26,60
337,94,26,61
338,94,26,61
340,94,26,61
340,93,27,61
342,94,27,61
344,94,28,60
345,94,29,61
347,93,27,62
350,93,26,62
351,93,26,62
354,92,25,62
356,93,25,63
357,92,27,62
359,94,27,61
359,93,28,62
361,93,29,61
365,91,26,61
367,91,26,62
368,91,25,62
370,91,26,61
371,90,26,62
372,91,27,62
373,91,28,62
374,90,28,62
375,90,29,63
379,89,27,63
382,89,27,64
386,89,24,63
386,90,23,62
379,95,22,57
372,94,25,57
371,94,26,56
362,88,27,59
348,89,31,61
338,87,34,61
349,93,28,59
347,88,28,61
351,89,23,60
343,90,24,59
341,90,23,60
336,89,22,60
330,89,22,62
326,88,23,62
320,89,24,62
316,89,26,61
310,89,25,62
307,87,26,62
300,91,26,59
296,89,28,62
290,84,27,65
287,88,25,62
282,88,24,61
278,88,26,62
274,89,25,61
268,89,25,60
269,88,26,61
271,88,26,63
273,87,25,63
274,86,25,65
277,86,25,63
278,87,26,63
280,87,28,64
280,87,28,65
283,87,28,65
284,88,28,62
284,86,29,65
281,87,25,57
277,85,25,61
272,86,26,59
269,86,24,56
262,86,26,60
257,87,27,58
251,87,26,56
247,88,23,56
245,88,23,56
241,89,23,50
236,89,25,58
233,89,25,59
227,88,24,57
223,88,25,58
217,89,25,58
209,90,25,57
203,88,23,57
199,89,23,57
195,88,23,60
192,88,23,58
184,88,24,56
168,92,32,59
162,104,31,78
154,110,35,68
152,109,33,64
144,118,28,56
148,114,27,60
153,113,30,60
175,87,26,56
149,96,32,58
120,120,30,71
161,90,32,65
111,111,28,65
116,108,32,62
171,125,37,68
169,133,36,69
164,138,34,61
152,122,38,66
116,88,33,64
125,87,34,71
125,87,30,65
103,87,29,61
114,86,32,62
116,85,32,66
112,85,30,59
106,85,30,66
105,85,28,65
102,86,27,65
91,86,29,60
91,85,27,62
84,84,26,65
81,86,24,57
79,84,23,56
76,85,24,58
77,86,24,60
79,86,26,58
81,86,26,58
83,86,25,59
84,85,25,60
87,86,24,59
89,84,24,60
92,85,24,59
93,84,26,59
94,86,26,59
96,85,26,59
97,85,26,60
100,84,25,58
101,84,24,58
104,84,23,59
105,84,23,58
108,84,25,57
108,84,26,58
110,84,26,57
111,83,26,59
113,84,25,59
113,83,25,58
117,82,23,58
120,81,23,58
121,82,23,58
123,83,25,57
123,84,25,56
125,83,25,57
127,82,24,58
129,81,23,58
130,81,23,59
134,81,22,58
135,81,22,58
136,81,25,57
137,81,26,57
139,81,25,58
139,81,26,58
141,81,25,58
144,80,23,58
146,80,23,58
147,78,22,58
150,80,23,56
152,80,23,57
153,81,24,57
154,80,24,57
156,80,23,57
159,79,23,58
161,79,23,57
162,79,23,58
165,79,23,58
167,78,24,56
168,79,25,56
168,79,25,56
171,85,24,56
173,86,23,57
177,91,22,57
178,93,22,57
180,97,23,57
182,103,23,56
183,106,24,56
184,109,24,55
186,114,23,56
188,116,23,56
190,120,22,55
194,126,21,56
195,128,21,56
198,134,23,55
199,137,25,55
200,142,24,55
202,144,23,56
205,150,21,55
207,154,21,55
208,156,22,56
211,163,22,55
214,170,22,54
215,171,23,55
217,175,22,55
218,179,22,54
220,181,21,54
223,186,21,55
224,188,21,55
225,190,22,56
227,198,23,55
229,200,24,55
230,205,23,57
231,208,23,56
233,210,22,55
234,212,21,56
236,218,21,55
237,220,22,55
239,223,21,54
241,228,22,56
242,232,20,53
243,234,21,55
244,236,20,55
245,240,21,56
246,244,22,54
247,247,22,54
248,249,22,56
250,255,22,54
251,257,22,55
252,260,22,55
254,265,22,57
256,268,21,57
258,270,20,55
261,275,21,56
262,278,23,57
263,281,25,57
264,283,23,55
266,285,23,56
269,286,23,55
270,285,23,56
271,284,22,54
274,283,22,55
276,284,21,51
277,285,20,48
279,284,20,48
281,286,20,49
283,285,21,48
285,284,20,47
287,284,22,51
289,284,21,52
290,283,20,49
292,284,22,53
294,284,22,52
296,283,22,51
295,283,23,54
297,284,23,53
298,284,22,54
302,283,21,55
300,283,22,54
297,283,20,56
293,283,20,54
288,283,22,54
285,283,24,55
280,283,24,54
278,283,23,56
272,282,23,55
269,283,21,56
267,283,22,56
260,283,22,55
256,282,22,56
255,283,21,55
248,283,23,54
242,283,24,55
240,284,23,55
233,283,23,54
231,283,21,55
231,282,23,55
234,283,21,54
234,282,21,54
237,282,22,55
238,282,23,55
239,282,23,54
240,283,23,54
241,282,23,54
244,282,22,55
245,281,21,55
248,282,21,54
249,282,22,54
250,282,21,54
252,282,21,53
252,283,22,53
254,282,22,52
255,282,22,54
256,281,21,54
257,282,21,53
258,282,22,54
261,281,21,54
262,280,22,55
263,281,22,53
263,281,23,54
265,282,23,54
266,281,23,53
267,281,23,53
269,280,22,54
270,281,21,54
273,280,21,54
273,280,22,53
275,282,22,52
277,281,22,51
278,281,22,52
278,281,22,51
280,281,22,52
282,280,21,53
283,279,22,53
284,280,21,51
286,280,21,52
287,280,22,51
288,280,22,51
289,280,22,52
290,280,22,53
291,280,22,52
293,280,21,52
294,280,21,53
295,279,22,53
295,279,21,53
296,280,22,53
298,280,24,53
298,280,23,52
299,279,24,52
301,279,23,54
302,279,22,51
303,278,22,51
304,279,21,51
306,282,21,51
306,284,21,51
306,287,23,50
308,291,22,49
309,293,22,49
311,298,21,50
312,300,21,51
312,303,21,51
314,304,21,51
315,304,21,51
316,304,20,50
316,304,20,50
318,304,21,51
319,305,20,52
320,305,21,52
322,304,24,53
323,305,23,54
323,304,25,53
370,280,21,43
368,285,18,41
372,288,19,42
371,289,19,44
370,293,20,41
369,296,19,43
369,300,19,41
334,329,20,48
333,327,21,56
335,326,20,54
334,327,22,55
336,327,22,55
337,328,22,53
338,328,22,48
338,330,22,48
339,332,22,48
340,334,23,50
340,336,23,50
340,340,22,52
341,342,22,53
343,347,21,50
343,349,22,51
344,353,21,52
345,355,22,50
345,355,21,52
347,355,22,50
347,354,22,51
348,353,21,50
348,353,21,52
350,353,21,51
350,352,22,53
350,352,22,51
350,352,22,51
350,352,23,51
351,353,23,52
351,353,23,51
352,352,23,51
353,352,21,50
353,352,22,51
354,352,21,49
353,352,22,52
354,351,22,51
354,352,21,51
355,351,22,52
355,351,21,51
355,350,21,52
354,350,22,52
350,351,21,51
341,350,21,51
333,349,21,52
329,349,22,53
326,349,22,50
315,350,22,51
311,350,24,51
308,350,23,50
304,349,22,50
300,350,25,52
295,349,22,52
291,350,23,50
291,350,22,50
291,350,22,51
291,349,23,52
292,349,23,50
291,351,23,48
292,350,23,51
293,350,22,51
294,350,21,51
295,350,21,50
295,349,21,50
295,348,21,51
295,348,22,50
296,348,22,50
296,348,23,51
297,348,22,50
296,349,23,50
297,348,22,50
303,348,23,50
306,347,24,53
312,347,22,50
316,347,23,50
320,348,22,50
327,347,22,48
335,347,22,47
341,347,23,50
344,348,23,48
349,346,21,49
353,347,22,49
365,346,21,49
368,346,22,50
374,345,22,50
378,345,22,50
387,345,22,50
392,345,21,49
396,346,22,50
402,345,21,50
404,344,22,51
414,344,22,52
423,344,23,51
428,342,22,50
431,344,23,50
436,343,22,51
440,343,22,48
445,344,24,50
451,344,22,48
458,344,24,49
463,343,23,51
468,343,23,49
473,342,23,50
479,343,23,50
482,341,23,51
486,342,23,51
496,343,22,49
499,342,23,51
505,344,23,50
510,343,22,49
512,343,22,48
512,343,21,47
512,343,22,49
511,343,22,48
511,343,22,48
512,342,22,48
511,342,23,48
511,342,24,49
511,342,24,48
512,343,23,47
512,342,23,48
512,343,23,49
512,342,23,49
512,341,23,48
513,340,23,49
512,341,23,49
512,341,24,49
512,341,24,47
513,341,24,48
512,342,24,48
512,341,24,48
513,339,24,47
513,336,24,49
514,334,23,49
513,329,23,49
514,326,23,49
515,324,22,47
514,321,23,48
515,319,22,48
514,317,22,47
515,311,21,47
515,309,22,48
514,306,21,49
513,301,24,51
514,298,22,50
513,296,22,49
513,291,23,47
514,290,23,47
514,287,23,49
515,284,22,47
514,281,23,48
515,276,22,48
514,272,23,49
515,271,21,48
514,263,22,50
515,261,22,48
515,258,22,47
514,256,24,50
514,251,23,48
515,248,21,47
515,245,22,47
516,242,22,50
516,238,21,47
516,234,23,49
516,231,22,48
517,228,21,47
516,226,21,46
516,221,22,46
517,219,20,45
517,216,20,45
516,211,21,46
516,208,20,45
516,205,21,45
537,177,22,49
516,195,20,47
516,193,20,45
516,188,20,44
516,186,21,45
516,182,20,47
517,180,19,45
516,173,20,46
517,172,19,45
517,169,20,45
518,162,19,45
517,159,20,45
519,158,19,45
518,153,20,45
518,150,19,44
518,150,19,45
517,149,20,46
517,149,20,45
517,148,19,47
517,148,19,47
516,148,20,46
517,149,19,45
518,149,19,45
517,149,20,46
517,149,19,46
518,148,20,47
518,147,19,46
518,147,19,46
518,148,19,46
519,147,19,45
519,148,20,47
519,148,19,45
519,148,20,46
518,147,20,45
518,148,20,45
518,147,20,45
518,147,20,46
517,145,21,48
518,146,20,45
518,146,22,47
547,125,22,45
549,125,23,46
547,127,24,43
545,126,26,50
520,146,20,48
521,145,19,47
547,124,21,44
