0.002862
0.068776
0.026239
0.019562
0.026089
0.064709
0.057142
0.087550
0.030046
0.034039
0.021389
0.038694
0.046066
0.069307
0.084995
0.039581
0.052897
0.060746
0.057959
0.042069
0.108082
0.039418
0.043943
0.046611
0.092237
0.034646
0.046523
0.122163
0.066373
0.022610
0.049719
0.116641
0.046163
0.020933
0.047246
0.088649
0.057611
0.040976
0.123341
0.030507
0.059661
0.046338
0.093689
0.079842
0.060044
0.040488
0.087537
0.046613
0.042560
0.072050
0.024029
0.025371
0.035876
0.025619
0.020411
0.037594
0.035134
0.092378
0.075954
0.036975
0.077214
0.047595
0.027807
0.049973
0.049465
0.074887
0.031314
0.049797
0.094452
0.085104
0.048866
0.072652
0.023787
0.051792
0.046425
0.071298
0.029011
0.033868
0.036788
0.037149
0.107137
0.050528
0.062852
0.082771
0.028121
0.029240
0.038363
0.024714
0.028530
0.069246
0.031656
0.016280
0.039987
0.029083
0.021859
0.019480
0.020085
0.017704
0.017222
0.016502
0.036984
0.076839
0.077374
0.027081
0.053207
0.022602
0.020913
0.023052
0.048450
0.060723
0.072833
0.080712
0.062948
0.022251
0.018986
0.024927
0.018386
0.053926
0.040708
0.026081
0.033832
0.015781
0.094282
0.069479
0.018017
0.020028
0.020019
0.034160
0.044428
0.027802
0.039000
0.027866
0.020946
0.032564
0.023578
0.074028
0.066046
0.047495
0.020664
0.022287
0.017124
0.040029
0.029950
0.021852
0.051926
0.073392
0.066822
0.041504
0.028119
0.038429
0.024723
0.043112
0.072671
0.099088
0.062213
0.091904
0.045802
0.039181
0.075554
0.048682
0.079597
0.103347
0.057894
0.026742
0.047307
0.099373
0.026828
0.065212
0.064892
0.055394
0.036566
0.082832
0.042382
0.019510
0.041516
0.076831
0.060653
0.050481
0.096693
0.054110
0.051175
0.040768
0.063958
0.040993
0.044462
0.091689
0.045985
0.068619
0.083668
0.062897
0.035347
0.085579
0.031565
0.076563
0.079022
0.028076
0.049558
0.023566
0.076864
0.066474
0.040277
0.076372
0.045143
0.105587
0.031809
0.055393
0.058823
0.097105
0.062748
0.125446
0.052110
0.019805
0.063140
0.067302
0.021538
0.027932
0.029298
0.055769
0.084207
0.055030
0.052726
0.049816
0.063021
0.051253
0.062913
0.020623
0.045073
0.077333
0.036721
0.021597
0.061645
0.080584
0.026739
0.043365
0.025612
0.033370
0.018632
0.028384
0.017669
0.034743
0.031352
0.021899
0.022331
0.024795
0.019822
0.065626
0.035329
0.025182
0.035930
0.033515
0.019911
0.034089
0.032734
0.017533
0.021082
0.028718
0.018533
0.017807
0.022168
0.025774
0.018257
0.027490
0.030323
0.019345
0.015184
0.016508
0.021612
0.021341
0.019108
0.027067
0.021003
0.019082
0.021486
0.018046
0.020265
0.020707
0.016132
0.020882
0.029006
0.015747
0.018358
0.020894
0.026973
0.018886
0.026817
0.022174
0.016299
0.015260
0.020745
0.015940
0.029057
0.015364
0.015306
0.019950
0.019106
0.018965
0.015186
0.019331
0.017677
0.030230
0.016923
0.022440
0.019634
0.018773
0.017828
0.026767
0.017774
0.017876
0.017181
0.027205
0.017532
0.021186
0.024313
0.015987
0.019624
0.025476
0.017127
0.019171
0.017076
0.030951
0.015450
0.099751
0.078866
0.067738
0.050284
0.096944
0.045831
0.041182
0.027349
0.040165
0.081107
0.116880
0.058645
0.062837
0.041993
0.026410
0.047054
0.071708
0.021852
0.030734
0.048819
0.066992
0.109455
0.074104
0.071495
0.060592
0.031595
0.089935
0.047546
0.043205
0.064422
0.073471
0.027953
0.043788
0.077543
0.047935
0.087552
0.038915
0.027524
0.085829
0.067147
0.020719
0.020944
0.036339
0.028252
0.046628
0.048234
0.026579
0.037207
0.097993
0.076246
0.027237
0.021041
0.026106
0.068085
0.037712
0.067228
0.066652
0.067710
0.035848
0.053654
0.078603
0.026607
0.024217
0.051518
0.072783
0.100981
0.050025
0.078065
0.024172
0.057571
0.084783
0.042048
0.041790
0.088333
0.090015
0.101739
0.038921
0.045968
0.042544
0.063836
0.023956
0.045240
0.033087
0.027282
0.069044
0.128482
0.065397
0.054065
0.018965
0.104568
0.032055
0.033356
0.036994
0.079408
0.048219
0.066539
0.110606
0.065780
0.045020
0.092714
0.047144
0.030634
0.075361
0.031155
0.021932
0.026487
0.080447
0.042480
0.084275
0.086709
0.058143
0.049128
0.080910
0.077115
0.041454
0.036704
0.065725
0.038274
0.026034
0.085965
0.080208
0.053307
0.068171
0.028435
0.044675
0.053127
0.070928
0.033338
0.087556
0.107184
0.057137
0.052183
0.043533
0.085944
0.042363
0.025470
0.083578
0.066812
0.054433
0.022180
0.096495
0.026067
0.020007
0.021706
0.025939
0.053294
0.032768
0.038833
0.080225
0.080759
0.042926
0.046581
0.046181
0.070824
0.040176
0.040022
0.091516
0.020308
0.059879
0.027064
0.070944
0.066851
0.024949
0.015708
0.028898
0.023831
0.074382
0.029208
0.069651
0.032116
0.086270
0.038401
0.021887
0.027744
0.050113
0.065688
0.019104
0.036775
0.030481
0.059534
0.079683
0.043305
0.052880
0.089663
0.050729
0.030228
0.024200
0.031351
0.038709
0.064440
0.063648
0.096184
0.072858
0.021665
0.037797
0.054959
0.047025
0.075925
0.058026
0.039767
0.054763
0.074538
0.085024
0.045367
0.082775
0.059930
0.027465
0.020140
0.039123
0.078525
0.057638
0.055087
0.073961
0.038037
0.023674
0.081750
0.028694
0.021092
0.018156
0.018909
0.022104
0.022114
0.071873
0.087121
0.032114
0.017971
0.022260
0.021031
0.022970
0.091290
0.038903
0.022175
0.057167
0.056820
0.093198
0.037277
0.092994
0.037976
0.029092
0.035821
0.030702
0.058559
0.030970
0.060511
0.039623
0.021083
0.060232
0.083838
0.029223
0.035717
0.020210
0.044775
0.087894
0.032219
0.017581
0.020168
0.020421
0.019618
0.024396
0.032070
0.042380
0.066965
0.046618
0.018749
0.025263
0.026491
0.053827
0.025898
0.027568
0.033580
0.024776
0.059004
0.089975
0.022516
0.041796
0.027935
0.071994
0.033974
0.038042
0.024196
0.063796
0.020686
0.037596
0.030817
0.070317
0.042182
0.024402
0.022652
0.032600
0.049257
0.070175
0.022346
0.018034
0.029248
0.029024
0.050534
0.041585
0.028658
0.028496
0.035638
0.016929
0.069280
0.028893
0.023148
0.021629
0.050523
0.039018
0.083439
0.055836
0.064657
0.045292
0.018413
0.031109
0.018561
0.020529
0.045780
0.029129
0.037199
0.074162
0.044129
0.021287
0.024655
0.033184
0.022469
0.067619
0.019348
0.026673
0.032750
0.019789
0.060356
0.017359
0.016845
0.015362
0.015461
0.015221
