192,324,17,42
189,323,20,42
190,323,19,43
190,323,20,42
189,323,20,42
189,323,20,43
189,323,20,43
189,323,21,43
190,323,21,43
189,323,21,43
188,323,22,42
187,323,23,43
186,323,23,42
185,324,23,43
185,324,23,42
185,325,23,41
185,324,23,42
185,324,23,42
185,323,23,42
185,323,22,42
186,323,22,42
185,323,21,42
184,323,20,42
184,323,20,42
184,323,20,42
183,323,21,42
183,322,21,42
183,323,21,42
182,323,21,42
182,323,21,42
183,323,21,42
182,324,20,41
182,324,20,41
182,323,20,41
182,324,20,41
182,324,20,41
181,325,20,41
181,325,20,41
180,324,20,41
180,324,21,41
180,324,20,40
179,325,21,41
178,324,21,41
176,324,22,41
174,324,24,41
172,324,26,42
170,324,27,42
170,323,27,42
171,325,26,42
170,324,26,43
136,323,24,41
139,324,20,39
140,325,19,38
141,325,19,35
143,325,17,35
168,327,19,38
138,323,20,37
140,326,18,34
140,326,18,36
139,326,18,35
140,325,19,35
136,325,21,38
137,326,24,38
132,325,23,41
160,327,21,39
158,328,21,38
160,329,20,38
158,330,20,36
157,329,20,36
158,330,19,36
157,330,19,35
156,331,20,36
157,331,19,35
156,332,18,35
155,332,19,36
152,332,20,35
146,328,22,39
146,326,24,41
147,329,21,39
147,327,20,41
145,326,21,41
146,328,20,40
146,328,20,42
146,328,20,40
146,330,19,37
147,330,18,36
146,330,19,33
144,330,21,34
145,328,20,35
145,328,20,34
144,328,19,33
145,331,18,31
145,330,18,32
144,331,19,33
141,330,21,38
138,330,22,41
119,327,25,46
113,326,31,53
86,350,64,84
184,319,34,54
184,324,26,45
182,325,25,46
179,325,27,46
176,324,30,46
173,325,31,46
140,328,23,40
145,329,21,37
145,329,19,37
144,331,20,40
145,329,20,41
142,328,23,43
145,329,24,43
139,327,24,44
142,327,23,45
142,326,23,46
140,327,25,46
165,325,24,46
164,325,24,46
162,325,25,46
164,324,24,46
162,325,25,46
160,325,27,47
160,325,26,45
163,324,23,46
162,325,23,43
161,325,25,45
163,325,23,44
161,325,25,45
160,324,24,46
163,325,22,44
160,325,23,45
160,324,22,43
157,326,25,42
161,324,24,46
160,325,23,47
157,325,26,47
154,325,26,51
148,327,24,51
151,327,25,53
157,326,24,51
154,327,25,51
145,326,29,50
151,326,31,53
147,326,31,54
151,326,25,51
143,325,28,52
147,324,27,52
150,327,26,53
152,325,23,46
163,329,21,45
165,324,23,46
161,328,20,46
141,325,28,45
157,334,22,53
158,322,24,55
160,323,21,52
158,324,21,48
156,322,25,50
160,326,22,50
155,324,25,50
156,334,25,55
149,324,29,57
142,321,30,52
147,323,27,51
148,323,23,52
149,322,24,51
147,322,25,49
145,322,27,48
143,323,29,48
133,323,37,49
126,330,47,51
131,328,49,56
131,325,43,54
140,322,28,48
134,334,33,52
131,327,42,50
139,324,26,44
142,328,21,37
143,327,19,38
142,329,19,35
144,328,18,38
142,330,19,36
139,332,21,36
140,331,22,37
131,334,24,35
132,332,24,38
137,335,24,37
115,334,30,48
173,337,28,62
180,337,28,63
181,338,28,66
183,339,27,63
183,340,27,63
185,339,26,63
186,338,27,64
188,339,26,61
188,339,27,64
189,340,28,65
190,341,28,67
191,342,28,66
191,343,27,65
190,340,28,57
192,341,28,67
192,341,28,67
194,342,28,67
194,342,30,71
194,344,30,71
138,328,27,45
146,328,21,46
143,328,23,45
146,327,23,46
140,327,27,47
146,327,24,47
144,327,24,47
147,327,23,47
145,327,24,46
146,327,24,47
146,327,24,46
148,327,24,47
148,327,24,47
147,327,24,47
147,327,24,47
147,327,24,46
148,327,24,48
149,327,24,45
148,328,24,46
148,328,25,45
149,328,25,47
149,328,25,46
150,329,25,46
151,329,25,46
151,329,25,47
150,329,25,48
151,329,25,47
151,329,25,48
152,329,25,48
151,329,26,48
152,328,26,48
152,328,26,48
152,328,25,48
152,328,26,48
152,327,26,48
152,328,26,49
151,328,27,48
151,327,27,49
151,327,27,49
150,328,27,48
150,328,28,49
149,328,28,48
148,328,27,48
148,329,28,48
148,329,27,48
147,329,28,48
148,329,27,48
147,329,27,47
147,329,27,47
146,329,27,47
146,328,26,47
146,329,26,47
146,329,25,47
148,329,24,47
146,329,25,47
147,329,23,47
147,329,23,47
148,329,23,47
148,329,23,47
148,329,23,47
148,329,23,47
149,329,23,47
149,329,24,47
149,329,23,47
149,329,23,47
150,329,23,48
149,328,24,48
150,329,23,47
150,329,24,48
150,329,24,48
150,329,24,48
149,329,24,47
150,329,24,48
150,329,24,48
150,329,24,48
150,329,23,47
150,329,23,47
150,329,24,48
151,328,23,48
150,329,24,47
150,329,24,47
151,328,23,48
151,329,24,48
151,329,23,47
151,329,23,47
155,329,24,48
155,329,24,48
155,329,23,47
155,329,24,47
156,328,24,48
156,329,24,47
156,329,23,47
156,329,23,47
157,329,23,47
158,329,23,47
157,329,23,47
159,330,23,47
160,330,24,48
161,331,24,48
161,332,24,47
160,333,25,47
159,332,24,48
158,333,24,47
156,332,25,47
159,333,24,47
159,331,24,48
159,331,24,48
158,330,24,48
158,331,24,47
157,330,24,48
157,330,24,47
157,329,23,47
155,329,24,48
156,329,23,47
155,329,24,47
154,329,24,47
154,328,24,47
154,328,23,48
154,328,23,47
153,328,24,47
152,328,24,47
152,328,24,47
152,328,24,47
152,328,24,47
153,329,23,47
153,329,24,47
154,329,24,47
153,330,23,47
154,330,23,47
153,330,24,47
154,330,24,47
154,331,23,47
155,331,23,47
154,331,24,48
155,332,24,47
152,332,24,47
148,332,24,47
149,332,24,47
148,332,24,47
148,332,24,47
149,332,24,47
149,332,24,47
149,332,24,47
149,332,23,47
150,332,24,47
150,332,24,48
152,332,24,48
151,332,24,47
152,332,24,48
152,332,24,48
145,332,25,48
148,332,23,47
148,332,23,46
148,332,24,46
147,331,24,46
148,331,24,46
147,331,24,46
150,331,25,46
153,331,25,47
157,330,25,46
153,330,26,47
149,330,26,46
148,330,25,45
148,329,25,46
148,329,25,46
149,328,26,45
149,327,25,46
151,327,25,45
149,326,26,45
152,327,26,45
151,327,26,45
154,326,26,46
154,326,26,46
156,327,26,44
158,327,25,44
160,327,25,44
162,328,23,41
163,329,22,40
165,325,22,39
