0.008584
0.018970
0.023678
0.019293
0.017881
0.020185
0.018167
0.021624
0.017141
0.016220
0.020055
0.017383
0.017237
0.032903
0.042342
0.035863
0.021497
0.031767
0.032499
0.025041
0.032458
0.029098
0.033872
0.031633
0.031765
0.032276
0.031486
0.032667
0.034119
0.032836
0.029418
0.029076
0.017111
0.016906
0.019007
0.017817
0.021256
0.017430
0.019517
0.017421
0.022828
0.022947
0.022918
0.023899
0.025645
0.031883
0.035385
0.027287
0.042973
0.035530
0.024291
0.032713
0.032382
0.025711
0.022236
0.020907
0.020451
0.026937
0.020062
0.033217
0.032724
0.027955
0.034464
0.028594
0.033241
0.033151
0.031806
0.025358
0.030796
0.040466
0.034442
0.031220
0.028645
0.032110
0.032537
0.018178
0.018350
0.047597
0.032705
0.034456
0.017992
0.024069
0.027132
0.039847
0.034814
0.034752
0.023794
0.032120
0.030664
0.035726
0.041199
0.041776
0.033948
0.048128
0.020790
0.039534
0.020147
0.018990
0.029385
0.035894
0.038375
0.031805
0.049536
0.034895
0.038490
0.031499
0.043379
0.037276
0.045078
0.034410
0.049747
0.021013
0.040722
0.018766
0.018411
0.021701
0.040370
0.034402
0.033665
0.045829
0.036541
0.052240
0.037804
0.037120
0.034656
0.035665
0.044156
0.041836
0.037171
0.034899
0.033193
0.036355
0.032930
0.034289
0.034661
0.032972
0.022451
0.034725
0.048105
0.037021
0.023741
0.032825
0.034893
0.022784
0.019366
0.033404
