0.003685
0.021594
0.019974
0.031050
0.038595
0.029876
0.027732
0.031887
0.018065
0.018091
0.022655
0.020915
0.035331
0.033538
0.025820
0.028691
0.033026
0.025505
0.020264
0.016269
0.032002
0.031902
0.033569
0.034969
0.032956
0.032526
0.030659
0.020195
0.015586
0.018838
0.038107
0.031617
0.026179
0.034381
0.031806
0.035682
0.016045
0.019997
0.019103
0.032428
0.024206
0.030600
0.031525
0.026837
0.032214
0.024121
0.033023
0.022012
0.015210
0.017011
0.015754
0.014961
0.019053
0.016463
0.042884
0.030802
0.033011
0.040634
0.030407
0.035698
0.036528
0.019500
0.031736
0.033025
0.032958
0.027751
0.031651
0.032204
0.031719
0.031523
0.032700
0.022282
0.034031
0.015683
0.032199
0.020839
0.018268
0.019098
0.019009
0.015851
0.032365
0.032102
0.033658
0.027255
0.032809
0.031155
0.023138
0.029569
0.033612
0.032828
0.016811
0.032781
0.034746
0.026283
0.031568
