0.013564
0.018092
0.018900
0.016602
0.015276
0.016441
0.021454
0.021410
0.017067
0.026144
0.017155
0.022238
0.019040
0.017677
0.016388
0.014799
0.034012
0.032048
0.019008
0.024536
0.021815
0.021276
0.019080
0.015480
0.018769
0.020650
0.018989
0.015796
0.020738
0.021969
0.016665
0.015175
0.017711
0.017478
0.038304
0.017926
0.034580
0.033671
0.045199
0.023142
0.047664
0.020715
0.035118
0.026399
0.037245
0.035974
0.034165
0.018744
0.015273
0.019005
0.031255
0.032451
0.030917
0.044103
0.015945
0.015525
0.028695
0.015131
0.015235
0.025295
0.020210
0.022280
0.027613
0.019481
0.017655
0.016193
0.019723
0.016025
0.020043
0.027501
0.035514
0.026375
0.024338
0.014998
0.028179
0.015293
0.014899
0.015585
0.034429
0.046112
0.022541
0.033109
0.037552
0.022692
0.047080
