0.013822
0.031410
0.032383
0.032357
0.020283
0.034085
0.026897
0.032530
0.015314
0.036399
0.034129
0.031433
0.034287
0.030648
0.031620
0.033553
0.032311
0.031428
0.029668
0.031446
0.032108
0.032128
0.027285
0.032521
0.031674
0.033148
0.031786
0.018284
0.015120
0.028600
0.033854
0.032242
0.030495
0.032018
0.026420
0.021762
0.031026
0.031719
0.033664
0.031553
0.028839
0.032405
0.020264
0.019341
0.016315
0.032536
0.031199
0.031497
0.032829
0.032743
0.031783
0.021149
0.031008
0.032919
0.031487
0.032230
0.032165
0.024010
0.032182
0.033672
0.031588
0.018502
0.015677
0.015494
0.032444
0.032415
0.029141
0.021138
0.017488
0.016481
0.015611
0.029552
0.030588
0.033329
0.033784
0.032112
0.033067
0.027856
0.031469
0.033931
0.019591
0.033896
0.033001
0.032462
0.032539
0.031904
0.033402
0.020776
0.020498
0.016150
0.015154
0.017959
0.015766
0.017326
0.016347
0.017976
0.016285
0.014979
0.015453
0.015250
0.020771
0.016085
0.032237
0.031569
0.032763
0.033025
0.032608
0.028621
0.033004
0.027347
0.032118
0.015858
0.033177
0.031504
0.033583
0.024064
0.030437
0.032059
0.031702
0.031064
0.025647
0.031843
0.032770
0.031843
0.028408
0.033028
0.025937
0.032354
0.033484
0.026295
0.032560
0.033030
0.031535
0.026094
0.036920
0.031865
0.032407
0.027516
0.031360
0.033449
0.033276
0.031172
0.017008
0.032056
0.032576
0.025893
0.032145
0.032478
0.032244
0.033087
0.029363
0.032814
0.031580
0.022466
0.016436
0.015913
0.017988
0.032476
0.028144
0.030673
0.032082
0.022549
0.027918
0.033211
0.023779
0.030848
0.032154
0.031732
0.032217
0.029689
0.033370
0.031549
0.031524
0.034058
0.020210
0.032255
0.033409
0.022734
0.031692
0.025254
0.033329
0.032315
0.027117
0.032597
0.031890
0.031564
0.033087
0.032675
0.020566
0.015832
0.015547
0.016458
0.015360
0.027910
0.030576
0.026370
0.031796
0.033412
0.032442
0.031996
0.033020
0.021489
0.024481
0.030765
0.028692
0.018468
0.027607
0.032012
0.033049
0.035929
0.033956
0.025120
0.030895
0.032355
0.033240
0.024689
0.024595
0.030991
0.031670
0.030956
0.021207
0.032855
0.032090
0.028259
0.032908
0.033438
0.031775
0.032851
0.033039
0.034020
0.032171
0.032440
0.021824
0.017228
0.033033
0.029499
0.032547
0.027627
0.032724
0.032863
0.019656
0.031476
0.024778
0.027425
0.034061
0.032718
0.022370
0.032908
0.027118
0.028656
0.032358
0.031111
0.031353
0.032298
0.027017
0.033629
0.032622
0.032041
0.032226
0.026812
0.032454
0.032159
0.033192
0.031073
0.031053
0.037400
0.032977
0.034105
0.019747
0.032128
0.032408
0.032457
0.031157
0.025401
0.032643
0.032152
0.032439
0.032304
0.032603
0.030005
0.032160
0.031855
0.031700
0.035712
0.031730
0.021296
0.033990
0.031160
0.029062
0.031430
0.035396
0.031310
0.032374
0.025759
0.030737
0.031569
0.024051
0.017373
0.015445
0.033617
0.031800
0.028324
0.033318
0.032100
0.033797
0.025056
0.023634
0.030756
0.032539
0.032079
0.033322
0.020728
0.035137
0.029435
0.031840
0.031696
0.031268
0.017969
0.032178
0.032046
0.031920
0.033154
0.032317
0.031879
0.022785
0.032533
0.025182
0.027536
0.031671
0.033462
0.032763
0.032102
0.032086
0.030832
0.031739
0.016806
0.031377
0.032367
0.028566
0.032928
0.033244
0.031611
0.018855
0.017091
0.025037
0.032813
0.033698
0.022968
0.031678
0.032458
0.035728
0.031487
0.018702
0.015656
0.034783
0.027693
0.031224
0.030382
0.031695
0.032794
0.021864
0.031470
0.034617
0.023112
0.032897
0.030664
0.030518
0.032317
0.019783
0.015304
0.032205
0.032187
0.032871
0.032845
0.026422
0.032787
0.030787
0.031530
0.030376
0.031012
0.025896
0.031044
0.032250
0.017726
0.035575
0.024887
0.031384
0.035078
0.031518
0.032483
0.030877
0.025223
0.032593
0.032867
0.030796
0.023548
0.032932
0.026999
0.016957
0.032939
0.025139
0.031471
0.031002
0.020145
0.015188
0.033416
0.031974
0.033488
0.017926
0.017088
0.016435
0.018421
0.016406
0.015778
0.015643
0.033852
0.032861
0.032859
0.031808
0.031602
0.033662
0.034307
0.022544
0.031423
0.030821
0.020579
0.031529
0.028683
0.031292
0.033918
0.016075
0.031619
0.029526
0.032019
0.032037
0.032768
0.029153
0.032585
0.031207
0.032881
0.031125
0.032386
0.031966
0.034150
0.034942
0.021856
0.031033
0.033567
0.026909
0.031988
0.031443
0.022981
0.033301
0.031615
0.034279
0.033525
0.019240
0.032615
0.026881
0.035213
0.031434
0.032212
0.018653
0.033720
0.028481
0.036963
0.032901
0.031529
0.023905
0.016691
0.015787
0.033701
0.037961
0.023499
0.031474
0.031928
0.024730
0.032498
0.032219
0.033503
0.026308
0.031447
0.031770
0.018090
0.030882
0.034635
0.030768
0.031858
0.033838
0.015782
0.016256
0.016831
0.015543
0.020070
0.016600
0.025844
0.029143
0.033297
0.032671
0.031110
0.028336
0.031654
0.032199
0.024533
0.031725
0.031790
0.016761
0.015255
0.016316
0.015862
0.016923
0.034323
0.034208
0.035863
0.032101
0.024241
0.033576
0.032606
0.031656
0.032518
0.019335
0.016746
0.016671
0.027628
0.031908
0.027668
0.031597
0.032108
0.032944
0.031297
0.034765
0.033563
0.033198
0.028344
0.035635
0.031837
0.031735
0.023095
0.032157
0.032155
0.031791
0.034112
0.023097
0.022331
0.031131
0.023948
0.031359
0.031775
0.015284
0.030758
0.033538
0.031593
0.017413
0.016421
0.017261
0.015949
0.017129
0.015498
0.021124
0.015536
0.015514
0.016625
0.016047
0.019376
0.015622
0.015754
0.017956
0.019349
0.016249
0.016486
0.015586
0.015894
0.023794
0.029066
0.032592
0.025661
0.032960
0.032203
0.032593
0.036149
0.033665
0.031818
0.021222
0.033036
0.032872
0.031070
0.023840
0.032540
0.031295
0.018286
0.031632
0.032472
0.033900
0.015563
0.024121
0.032918
0.018264
0.033016
0.027861
0.031256
0.030564
0.033233
0.031804
0.027906
0.031452
0.031917
0.032337
0.032152
0.030746
0.019253
0.031958
0.031238
0.031374
0.034886
0.030849
0.027208
0.032984
0.033392
0.033124
0.034163
0.017695
0.031339
0.033039
0.032922
0.033685
0.033883
0.020599
0.030853
0.033139
0.032649
0.032343
0.024566
0.031780
0.025209
0.033300
0.033903
0.031148
0.016052
0.027974
0.033204
0.023666
0.022051
0.030036
0.032341
0.031862
0.033098
0.031160
0.030275
0.032088
0.022072
0.031732
0.031957
0.017786
0.033841
0.031396
0.027440
0.033295
0.020875
0.032224
0.032580
0.031211
0.030306
0.017336
0.034031
0.032507
0.033861
0.026426
0.032178
0.026938
0.031534
0.021989
0.032292
0.031222
0.032655
0.032612
0.024006
0.026158
0.032263
0.036288
0.032050
0.032551
0.029993
0.032366
0.031514
0.031755
0.028443
0.032983
0.030226
0.031641
0.016150
0.015033
0.021698
0.033009
0.036382
0.035635
0.032147
0.033416
0.031161
0.035226
0.021132
0.032820
0.032635
0.028439
0.031661
0.031292
0.032026
0.016898
0.032709
0.033917
0.031606
0.035316
0.033925
0.033020
0.032672
0.031804
0.018344
0.032851
0.036937
0.030846
0.033370
0.035840
0.016507
0.016268
0.035324
0.031287
0.031925
0.031896
0.036582
0.032551
0.032132
0.034324
0.033219
0.021134
0.033156
0.034020
0.022671
0.032387
0.033021
0.030733
0.034141
0.031781
0.032387
0.031451
0.031494
0.023921
0.033511
0.027004
0.032516
0.032082
0.033255
0.032141
0.027764
0.032137
0.031960
0.033958
0.034306
0.032363
0.032501
0.031988
0.026476
0.031237
0.031728
0.027486
0.031361
0.031269
0.031331
0.020066
0.032429
0.032476
0.027463
0.016022
0.015818
0.018006
0.014971
0.032858
0.033332
0.031407
0.034596
0.032324
0.033872
0.021262
0.027641
0.031623
0.033204
0.032502
0.034209
0.021320
0.031685
0.023371
0.031307
0.027319
0.032824
0.026187
0.031978
0.032633
0.032132
0.031485
0.028035
0.018543
0.016578
0.017120
0.016344
0.019585
0.032330
0.032695
0.032681
0.031681
0.033223
0.033376
0.031824
0.019359
0.032275
0.031554
0.017772
0.032148
0.032427
0.021588
0.033450
0.032296
0.033318
0.032206
0.031382
0.025503
0.031833
0.027388
0.033579
0.032798
0.031307
0.023661
0.030998
0.028611
0.023971
0.028330
0.031279
0.024898
0.030985
0.028254
0.031328
0.016694
0.015925
0.016271
0.015375
0.032658
0.034900
0.031299
0.017034
0.033476
0.030178
0.032495
0.031282
0.032316
0.017645
0.032589
0.033241
0.031131
0.031578
0.032835
0.032316
0.033197
0.031965
0.029169
0.031676
0.031895
0.031154
0.017202
0.033057
0.034500
0.032409
0.031976
0.032470
0.031908
0.032877
0.031072
0.032362
0.020599
0.015009
0.031745
0.027796
0.032266
0.030077
0.032755
0.022813
0.030034
0.031795
0.020671
0.031960
0.031039
0.035548
0.022659
0.031172
0.028692
0.037274
0.022268
0.030602
0.033936
0.034388
0.021827
0.020415
0.031923
0.016246
0.032094
0.016418
0.029826
0.033051
0.032464
0.024762
0.020548
0.030535
0.031703
0.031729
0.015441
0.017952
0.031527
0.016712
0.017159
0.023414
0.033282
0.026979
0.031343
0.031904
0.032470
0.029023
0.031616
0.031232
0.031948
0.018019
0.016973
0.015828
0.016181
0.015196
0.017482
0.025517
0.032529
0.019488
0.032148
0.030999
0.019975
0.033175
0.025580
0.030613
0.032081
0.031044
0.016554
0.015182
0.031057
0.031794
0.018731
0.032581
0.023286
0.031885
0.025862
0.030942
0.032303
0.033236
0.031657
0.032098
0.033985
0.026129
0.017104
0.018496
0.032372
0.017268
0.031032
0.035061
0.027812
