0.019233
0.032271
0.025291
0.030524
0.025642
0.032869
0.034009
0.021660
0.026760
0.032603
0.019446
0.018519
0.036763
0.031311
0.029494
0.033743
0.033988
0.017637
0.018854
0.034850
0.021915
0.025226
0.034534
0.035260
0.020774
0.018982
0.015399
0.033744
0.033211
0.032466
0.034854
0.033915
0.028831
0.031127
0.019427
0.023495
0.033049
0.033818
0.025311
0.031106
0.032182
0.040063
0.033617
0.033181
0.018767
0.020505
0.021494
0.019051
0.016293
0.032662
0.036147
0.033178
0.024307
0.033563
0.027933
0.031275
0.032507
0.031729
0.033110
0.031365
0.027063
0.031151
0.032723
0.031852
0.030070
0.031594
0.032894
0.015441
0.032136
0.025184
0.031295
0.034075
0.024672
0.033857
0.035962
0.033219
0.030662
0.031971
0.033185
0.027205
0.030633
0.031128
0.035367
0.028517
0.031016
0.032665
0.034070
0.025755
0.036274
0.019140
0.023458
0.030115
0.032382
0.044570
0.033922
0.036711
0.030247
0.033265
0.032255
0.020378
0.018966
0.035037
0.037484
0.031844
0.017857
0.018751
0.033541
0.027686
0.031687
0.033004
0.029859
0.032003
0.031871
0.032543
0.020954
0.033337
0.036558
0.032892
0.037193
0.035570
0.031968
0.034052
0.022724
0.018683
0.036889
0.034769
