0.002170
0.016122
0.033382
0.020319
0.034439
0.034687
0.024786
0.033304
0.019143
0.015774
0.018034
0.015734
0.020090
0.017202
0.020786
0.015810
0.020862
0.021421
0.032936
0.032316
0.026818
0.032829
0.030837
0.017600
0.031880
0.031345
0.034883
0.019198
0.017369
0.020438
0.016363
0.019480
0.018685
0.019148
0.018369
0.032379
0.034273
0.029614
0.033592
0.033327
0.026141
0.033511
0.028210
0.031957
0.031214
0.032938
0.031943
0.033663
0.030732
0.031077
0.031371
0.019861
0.032223
0.028817
0.033775
0.031871
0.033079
0.017099
0.015419
0.035630
0.022889
0.018777
0.017050
0.017447
0.017606
0.033295
0.031551
0.015923
0.032213
0.032565
0.033561
0.032610
0.028095
0.032002
0.027370
0.031707
0.032219
0.032302
0.032113
0.019365
0.015772
0.015162
0.015782
0.015585
0.014483
0.019851
0.014883
0.014950
0.015571
0.019306
0.017183
0.020396
0.015088
0.017704
0.015791
0.017367
0.016463
0.032249
0.033330
0.032167
0.029306
0.033746
0.024389
0.030915
0.027222
0.034935
0.032280
0.023474
0.033077
0.033118
0.040240
0.031840
0.030809
0.036479
0.031397
0.016978
0.017736
0.024609
0.023869
0.032717
0.034544
0.030566
0.032106
0.025558
0.032949
0.032014
0.017818
0.032626
0.025100
0.031382
0.032929
0.031150
0.033757
0.033315
0.032479
0.032775
0.032217
0.031487
0.032544
0.029959
0.016006
0.020082
0.021063
0.020542
0.028277
0.033821
0.026775
0.046410
0.030596
0.033949
0.036202
0.034065
0.048694
0.032503
0.039813
0.033962
0.022101
0.021822
0.017575
0.027301
0.019557
0.015215
0.031112
0.043862
0.032334
0.036549
0.034895
0.033082
0.020133
0.018201
0.018495
0.016071
0.020636
0.020138
0.017408
0.015412
0.020569
0.016331
0.031109
0.038387
0.023030
0.016818
0.016410
0.025561
0.038938
0.038305
0.031929
0.030622
0.023239
0.018301
0.031395
0.032685
0.031086
0.023419
0.030517
0.032568
0.030929
0.018720
0.033356
0.027899
0.034350
0.021957
0.015395
0.015370
0.016142
0.015780
0.017644
0.016385
0.016001
0.015308
0.017365
0.014962
0.018077
0.020413
0.018820
0.019990
0.019079
0.015415
0.016189
0.015152
0.018548
0.017081
