0.004981
0.034723
0.034464
0.035469
0.020640
0.017098
0.018439
0.018978
0.016957
0.035129
0.043875
0.034632
0.033572
0.020478
0.019073
0.017750
0.024461
0.034841
0.028167
0.029413
0.034630
0.033631
0.035455
0.030961
0.033741
0.027078
0.020284
0.018249
0.019965
0.018188
0.019987
0.018404
0.019464
0.015924
0.019685
0.022094
0.039787
0.034839
0.039830
0.034403
0.033744
0.018183
0.034276
0.035724
0.041469
0.035678
0.034069
0.032531
0.034776
0.031537
0.035997
0.020303
0.019030
0.020719
0.020294
0.018144
0.031490
0.037956
0.037771
0.032761
0.034078
0.031236
0.033778
0.034729
0.037990
0.033805
0.032780
0.034154
0.023377
0.021387
0.022612
0.021177
0.024119
0.022840
0.034694
0.019687
0.027435
0.034609
0.037890
0.032756
0.016086
0.020119
0.020023
0.032648
0.033542
0.026362
0.019192
0.019446
0.021102
0.017615
0.034831
0.038002
0.031787
0.032643
0.016908
0.019166
0.017531
0.040668
0.027330
0.021237
0.030602
0.019338
0.032269
0.021570
0.029640
0.039343
0.032769
0.036122
0.038776
0.041473
0.055664
0.033375
0.022248
