484,330,21,42
480,328,29,39
483,322,28,42
483,319,28,43
485,318,27,41
486,316,28,41
489,313,28,43
492,311,29,43
495,308,29,44
498,307,30,43
504,306,27,41
508,305,28,42
510,307,28,42
513,307,30,42
518,308,26,43
521,309,25,39
521,310,27,39
522,311,27,38
524,310,26,38
526,311,25,37
530,312,24,36
536,312,24,36
541,311,23,36
546,311,25,36
554,309,25,35
561,306,25,37
568,302,26,38
576,297,27,39
584,293,28,40
593,289,30,41
606,285,32,46
622,278,34,45
637,277,32,50
652,274,32,45
665,273,31,47
681,274,36,50
636,224,60,45
596,275,53,70
617,279,62,106
594,263,108,107
543,246,80,107
596,264,86,116
578,255,119,133
582,249,95,175
611,215,131,119
628,199,123,117
585,199,144,116
609,193,110,113
600,203,120,121
604,198,122,109
638,106,112,104
602,199,105,107
602,201,96,100
588,199,103,104
496,229,111,140
623,102,116,114
629,128,106,119
590,194,107,117
595,205,88,117
596,200,96,114
602,193,119,114
611,227,84,117
616,212,90,102
621,213,89,98
613,218,98,101
643,204,73,109
654,248,64,118
656,192,70,110
655,247,60,100
667,256,54,102
675,263,51,93
684,265,47,85
685,266,50,77
680,263,51,74
682,268,46,62
683,269,42,63
682,266,43,68
685,266,48,76
702,265,44,77
713,266,47,83
717,266,54,92
688,247,71,114
701,235,86,118
676,173,152,158
756,126,147,121
780,137,125,111
824,132,108,116
871,138,77,138
885,151,71,118
858,171,79,124
790,180,136,122
826,186,120,115
819,193,128,111
797,202,141,112
759,194,159,112
776,182,170,122
752,188,183,118
764,185,155,121
761,181,162,141
691,239,113,165
697,248,110,158
702,227,114,183
727,241,89,164
740,242,86,152
757,220,103,153
746,206,117,163
734,169,167,178
495,105,185,206
479,229,115,184
506,251,97,144
518,257,84,94
552,248,86,88
569,247,78,81
567,230,72,83
586,224,70,95
576,223,75,100
620,222,75,104
630,225,73,81
638,222,72,74
627,218,67,78
618,220,66,73
544,211,79,80
527,216,73,76
524,214,73,75
516,220,79,73
510,218,87,71
504,219,85,67
499,222,82,66
495,212,79,75
489,215,88,65
483,219,80,67
478,216,81,66
476,215,80,68
474,215,82,70
472,215,79,71
473,215,75,73
480,216,68,70
488,220,66,67
487,220,61,76
486,228,65,82
502,234,62,84
499,233,71,85
488,232,78,84
481,231,92,84
460,232,98,94
474,230,118,98
463,234,150,107
549,204,110,115
669,206,72,96
693,213,65,85
701,209,72,69
709,202,70,82
607,208,71,71
611,207,73,75
626,215,76,76
623,209,82,84
626,215,104,72
629,214,94,76
646,214,87,87
668,207,81,79
688,206,66,79
694,210,65,71
699,210,62,64
702,211,60,61
704,212,55,65
698,213,66,57
692,212,67,60
686,213,69,69
683,208,78,72
678,206,87,73
676,208,90,72
682,210,78,74
685,207,71,75
690,210,65,71
694,214,59,69
693,213,58,68
685,216,64,63
673,216,66,67
673,211,65,71
665,214,77,72
663,213,77,74
659,210,79,77
657,211,83,76
659,210,82,76
659,209,81,76
661,204,79,78
659,207,83,77
657,208,91,86
660,202,91,102
785,197,63,103
791,216,58,86
790,226,53,70
786,231,45,69
783,232,47,71
782,232,44,69
782,233,41,63
781,235,39,61
779,235,42,61
780,235,40,60
781,236,40,59
784,235,39,60
787,237,38,60
788,238,39,58
792,240,41,58
800,240,42,61
805,237,44,64
810,238,46,61
816,236,46,55
825,237,45,51
833,237,44,53
837,235,46,57
840,234,49,53
847,236,48,43
853,236,46,58
845,238,43,67
831,230,53,70
831,233,59,74
836,237,54,69
840,240,50,65
832,241,52,62
828,243,48,59
827,245,44,58
824,247,41,59
812,249,49,56
813,250,46,52
805,252,52,50
809,255,40,61
810,256,32,60
810,256,31,63
808,260,33,60
803,261,35,59
796,264,34,63
785,259,37,68
777,254,37,72
770,256,43,72
765,261,44,72
759,263,47,66
756,264,40,68
746,265,43,69
739,265,45,71
734,266,43,72
723,265,46,74
721,263,44,78
717,266,39,76
709,269,35,73
695,268,35,69
690,265,41,73
690,261,38,83
689,267,35,77
672,269,45,81
689,240,54,83
674,255,81,79
670,242,97,77
639,258,99,83
544,252,89,92
502,244,116,111
452,231,80,131
444,236,81,128
456,238,75,110
463,241,74,116
485,244,65,100
475,247,58,97
495,253,53,89
516,258,50,84
512,256,52,85
521,256,51,84
536,257,43,81
538,257,47,84
545,254,48,84
540,247,53,88
538,238,57,94
542,229,58,98
562,230,55,96
559,223,53,98
582,229,53,94
600,227,51,93
609,220,55,97
614,213,55,107
629,207,60,121
646,203,60,122
648,202,58,121
667,195,61,124
666,191,58,121
685,192,58,111
696,193,63,106
715,190,60,108
719,191,61,91
727,190,64,96
738,187,67,99
742,186,74,103
758,177,73,106
765,183,71,94
774,179,67,96
779,178,69,93
790,178,62,89
806,176,61,91
822,172,57,93
842,171,52,89
849,171,49,87
870,169,46,85
885,169,45,86
903,165,50,93
905,165,43,95
897,165,44,87
900,165,47,84
899,158,53,98
882,152,67,123
858,140,79,130
795,146,72,116
808,154,80,116
724,291,95,96
731,253,58,86
740,255,51,68
745,258,50,56
753,260,47,64
763,264,44,65
767,267,45,62
770,265,47,67
771,264,47,67
768,264,49,71
769,262,48,77
768,264,49,74
764,263,51,78
764,265,48,56
754,271,52,56
746,270,53,66
738,272,54,58
729,273,53,57
703,274,68,61
684,277,80,67
673,288,81,75
658,336,64,121
647,309,80,98
661,333,70,108
659,325,68,116
660,318,72,118
684,311,82,104
680,315,86,126
768,285,105,85
770,286,91,79
739,288,102,86
713,299,101,82
668,333,80,126
620,290,87,111
618,302,123,111
591,298,93,105
587,287,68,94
575,292,80,84
619,318,69,80
585,314,81,78
563,295,64,85
561,293,59,96
565,292,59,97
562,294,57,90
571,299,60,82
586,305,80,77
580,305,94,83
552,305,99,91
538,294,112,114
524,292,91,118
518,292,105,122
516,289,108,122
501,295,126,122
500,298,124,117
499,298,128,123
479,306,137,116
472,315,131,105
465,310,124,110
451,309,127,109
433,304,137,121
421,297,142,130
435,290,139,122
396,303,157,126
386,310,169,118
373,309,179,126
365,306,188,124
356,300,197,128
352,307,198,123
343,311,197,120
377,294,171,115
434,289,106,116
445,297,93,93
477,298,67,92
476,302,58,87
481,300,51,91
479,301,50,90
473,303,52,88
469,303,54,88
465,304,60,88
463,303,57,89
461,302,51,90
460,303,50,87
461,305,49,84
462,305,51,85
462,306,51,84
463,306,50,84
465,307,52,84
463,307,54,87
463,305,55,89
458,305,60,91
459,309,67,88
455,306,71,93
456,311,73,87
462,313,73,87
473,312,75,87
469,313,77,87
483,308,65,87
514,347,60,57
519,356,58,47
526,358,55,45
520,358,59,52
498,350,59,72
483,322,44,78
498,309,38,88
499,307,43,91
500,310,49,90
506,310,47,87
502,312,63,87
508,311,67,86
509,310,71,85
508,306,74,89
509,301,76,93
485,307,78,88
483,309,71,85
493,308,59,87
494,311,54,84
495,311,58,94
496,309,62,92
496,314,74,87
497,313,78,89
499,313,84,89
494,313,93,86
493,312,97,88
494,310,97,88
495,309,82,85
497,309,79,87
493,309,78,87
492,307,76,88
493,306,72,88
488,306,65,87
499,308,54,86
492,309,60,84
487,309,75,83
484,308,85,81
484,310,92,79
484,315,97,83
479,318,96,80
469,325,92,69
468,318,78,73
469,298,75,90
470,301,86,84
476,297,81,87
477,297,92,85
483,295,104,85
495,289,111,84
509,273,135,105
505,277,125,106
509,282,114,94
509,290,106,85
506,295,97,75
506,292,87,81
504,291,88,83
506,288,84,85
503,286,88,81
504,277,72,87
512,272,68,86
498,271,67,87
503,269,68,86
512,267,66,84
525,269,68,71
544,269,61,68
562,269,56,64
576,275,57,62
586,280,56,69
604,280,52,79
608,285,63,79
608,283,71,77
609,282,64,74
609,283,77,80
623,281,73,76
636,280,73,76
650,279,68,71
660,279,66,71
667,282,69,74
669,283,73,76
672,282,77,77
669,281,88,74
664,274,80,74
653,268,87,77
647,266,81,76
638,270,77,76
628,277,69,75
625,283,70,79
630,286,73,80
645,289,72,79
644,308,80,62
658,290,66,82
644,300,70,68
633,303,63,61
610,302,51,63
588,300,48,72
572,302,54,80
565,291,74,94
573,298,68,81
573,302,70,73
575,300,67,74
569,289,71,81
570,279,62,85
576,273,63,85
597,269,74,75
627,267,65,71
642,262,50,75
651,263,43,73
647,271,47,67
622,279,46,75
600,289,44,80
584,303,52,79
549,349,79,53
561,333,79,62
590,308,66,76
615,303,59,73
618,302,68,74
638,293,58,79
662,292,58,65
688,289,57,56
714,280,55,58
706,293,71,69
720,283,80,66
712,274,76,76
693,261,66,67
672,266,59,67
638,308,87,82
639,310,75,80
635,305,70,81
634,273,55,82
642,298,67,62
609,308,68,85
558,320,118,74
568,266,65,98
571,316,75,109
542,339,115,75
552,303,61,94
550,298,51,81
551,303,45,64
556,310,41,48
564,312,43,49
573,310,44,43
582,306,47,51
589,304,52,58
592,298,58,73
604,294,48,77
611,296,44,72
610,301,47,65
613,304,48,57
620,305,46,59
620,303,46,63
618,302,45,66
619,300,42,68
618,303,42,65
610,305,47,64
612,305,46,74
611,299,44,82
608,300,44,87
609,300,42,85
610,302,42,84
608,301,43,85
607,301,49,80
609,300,53,90
613,299,54,89
625,295,49,75
636,295,48,80
645,294,45,88
646,292,52,86
651,291,53,82
663,291,51,82
669,293,54,79
672,295,55,77
671,298,54,75
677,298,52,72
683,297,45,71
684,299,46,65
689,299,42,67
693,303,42,62
696,304,42,62
702,305,41,64
709,306,42,60
716,305,41,62
724,303,37,61
725,302,39,54
730,303,39,54
734,304,41,51
740,305,40,48
745,304,36,53
746,301,37,56
746,299,38,59
748,302,39,57
746,302,43,57
747,303,42,57
744,303,43,57
740,307,43,54
736,304,41,60
732,304,42,62
727,301,41,65
722,304,41,61
717,303,39,61
712,303,38,59
706,299,39,61
699,297,35,60
691,295,35,58
684,295,33,56
679,293,32,58
672,293,31,59
663,294,33,59
654,291,32,59
646,292,31,57
639,292,31,57
632,292,29,56
624,294,28,53
617,294,30,53
612,293,28,51
602,292,32,55
598,293,32,55
595,292,32,55
591,292,34,55
588,292,33,57
583,292,35,59
582,291,35,59
578,292,35,56
572,290,34,57
561,290,33,57
556,296,32,48
551,296,32,50
546,293,32,54
539,293,33,54
531,294,34,51
527,298,32,46
521,300,32,46
518,300,33,48
516,297,32,54
511,265,33,72
512,265,31,71
510,264,32,73
512,264,30,66
509,264,31,66
505,263,31,66
480,291,42,54
479,294,40,45
478,295,36,41
475,295,35,42
472,296,32,47
472,294,32,50
470,294,33,51
469,296,33,50
466,297,34,50
464,298,37,46
461,300,36,47
455,300,43,49
448,299,43,51
450,298,43,47
453,302,36,43
453,302,35,41
450,302,36,39
449,304,35,44
446,306,37,47
421,302,56,60
414,263,45,81
412,259,49,91
411,251,55,86
413,247,56,87
417,246,55,89
424,259,53,80
422,249,54,88
399,236,75,96
418,286,66,97
421,272,67,95
421,297,59,72
426,304,57,54
422,306,47,48
424,308,39,41
424,306,35,37
423,308,35,38
421,307,35,43
420,308,37,44
418,308,40,48
422,306,46,51
430,304,52,66
428,304,41,49
465,315,46,58
486,301,43,64
440,304,42,55
446,302,55,65
453,301,51,56
514,284,43,71
509,279,49,82
509,278,54,82
515,270,58,81
512,283,60,73
517,277,58,79
524,267,53,86
534,266,57,91
545,270,49,90
542,265,54,88
543,262,55,93
548,259,56,95
548,252,65,103
622,252,64,94
653,253,50,93
662,260,44,88
664,260,41,84
670,261,39,82
675,263,39,79
675,265,44,82
676,266,43,82
674,267,37,83
656,266,51,83
638,263,55,91
622,261,69,93
603,258,68,96
587,255,67,100
580,256,53,92
597,268,54,82
610,269,43,89
621,276,40,85
632,274,46,87
646,267,42,84
656,258,44,87
662,249,42,85
661,248,45,84
664,247,46,85
673,247,44,84
682,243,47,86
690,238,48,87
692,232,52,85
713,236,40,84
724,239,35,83
727,245,39,82
738,246,35,80
744,244,36,68
751,246,32,69
752,247,33,72
754,252,35,70
759,255,35,71
763,254,36,69
769,252,37,70
775,253,36,74
776,253,41,80
778,255,52,86
785,257,51,89
799,261,45,86
810,261,42,83
815,262,48,82
822,263,37,79
825,265,37,71
828,269,35,76
827,270,44,75
831,266,43,77
829,266,36,77
829,265,37,77
829,266,38,78
830,267,38,74
831,267,38,79
834,265,38,80
837,262,36,77
836,259,35,75
834,258,40,74
833,255,38,75
833,255,38,76
833,254,38,74
833,252,37,78
833,253,37,77
833,253,39,76
834,252,42,77
837,251,44,76
843,255,37,77
849,257,35,72
856,258,34,76
864,258,34,73
869,257,32,69
872,256,33,74
874,257,34,74
878,258,33,73
883,259,34,75
890,260,34,73
897,261,37,75
905,259,37,74
908,258,39,75
914,259,37,72
920,260,33,73
927,260,29,73
928,259,29,68
928,259,28,66
923,257,32,67
925,253,31,76
924,254,32,75
928,255,29,70
929,254,28,68
922,244,35,67
901,223,49,52
906,228,45,44
916,231,34,38
924,231,28,33
935,230,22,33
937,229,19,28
939,227,18,28
938,228,19,27
939,226,18,27
940,226,18,26
941,223,18,35
931,216,25,44
877,223,51,55
852,203,61,92
804,207,101,107
700,235,58,105
616,224,83,89
627,231,83,73
630,224,81,91
630,222,95,94
630,223,100,90
632,226,105,80
638,224,93,78
643,234,96,83
644,232,98,84
642,229,94,83
643,229,91,84
651,229,87,80
658,226,91,88
662,228,94,84
660,224,93,75
666,229,94,78
657,223,92,76
665,218,92,82
659,221,95,82
