0.016808
0.029775
0.034041
0.024369
0.032597
0.032315
0.032129
0.032759
0.027711
0.034231
0.032722
0.033077
0.031994
0.033827
0.032779
0.033446
0.025831
0.033096
0.033814
0.033875
0.032119
0.032942
0.032347
0.032606
0.024563
0.031944
0.032783
0.033312
0.033473
0.031523
0.032203
0.032223
0.033090
0.033073
0.030674
0.033007
0.025868
0.034057
0.031616
0.031450
0.031057
0.035310
0.027653
0.026896
0.034153
0.033671
0.035620
0.033937
0.032547
0.033657
0.033531
0.019561
0.032511
0.033133
0.033162
0.034519
0.034069
0.023206
0.028192
0.033076
0.028535
0.034166
0.024652
0.035619
0.029009
0.020587
0.034078
0.033405
0.018883
0.034964
0.033199
0.022728
0.029857
0.034023
0.032749
0.032625
0.034404
0.027853
0.034787
0.033271
0.033848
0.032306
0.032579
0.034659
0.026784
0.033489
0.021943
0.032351
0.030340
0.025607
0.032218
