94,131,13,19
94,131,14,22
97,135,14,19
99,137,16,17
97,137,14,16
97,135,16,18
97,136,14,18
95,135,15,20
93,137,16,18
90,137,17,18
88,136,20,19
88,136,20,20
87,135,22,22
89,137,20,21
91,139,16,18
98,127,15,27
92,137,17,21
97,125,17,30
86,143,17,17
83,142,18,16
81,141,21,17
80,141,20,18
78,140,21,19
78,140,20,17
80,139,19,18
82,140,18,17
81,142,17,16
90,126,16,32
103,126,18,37
98,125,21,42
97,125,21,41
95,124,21,43
64,144,23,22
64,149,21,16
82,126,18,34
94,126,19,42
91,126,19,46
90,126,19,44
89,127,21,46
88,126,20,43
88,126,21,43
53,144,18,21
50,134,17,21
48,128,21,18
49,128,22,19
49,126,20,18
49,127,18,20
68,129,18,33
82,141,18,34
83,127,19,43
81,129,20,44
81,129,21,47
80,131,20,44
80,129,20,42
79,128,22,46
79,129,22,47
78,128,23,45
78,129,23,46
78,130,23,48
76,130,23,44
78,130,22,46
75,131,22,48
27,152,21,22
25,146,17,20
23,140,19,18
24,133,22,16
25,133,25,15
1,127,14,31
28,137,23,14
45,132,17,33
29,142,20,18
28,141,19,17
28,139,20,16
32,137,27,18
37,135,21,34
25,139,25,21
28,144,21,20
28,151,22,17
30,152,18,15
33,153,16,14
34,153,14,13
49,153,13,14
59,154,13,14
61,153,14,15
59,150,17,17
59,145,17,17
58,142,18,15
54,144,19,19
58,144,17,16
58,147,18,16
63,151,16,16
69,153,15,14
77,140,15,26
71,154,14,14
70,156,14,12
69,158,14,13
67,157,17,14
65,157,19,14
65,154,18,15
64,150,19,17
63,148,19,16
61,143,18,16
60,142,19,14
58,143,25,17
57,144,19,18
57,146,17,16
55,149,18,16
59,155,15,16
61,156,16,15
60,157,16,14
58,158,18,14
58,160,19,13
58,158,14,15
59,159,14,14
59,158,16,15
58,159,16,14
57,163,16,13
57,163,17,14
65,147,16,23
62,146,18,30
53,150,17,30
49,152,18,31
48,149,18,33
50,149,16,32
18,145,22,30
55,146,18,37
27,119,16,40
51,148,19,37
56,148,25,39
41,162,21,20
37,160,17,18
37,158,19,16
36,159,21,17
36,162,22,18
39,165,17,17
42,166,15,16
42,166,17,17
40,168,15,13
35,169,17,13
33,168,16,17
29,167,19,17
32,166,19,17
30,164,22,18
30,167,21,18
31,168,21,16
34,169,18,15
34,171,18,16
34,170,21,19
43,152,16,31
40,153,18,33
40,149,22,38
73,145,24,57
84,146,24,55
99,144,24,58
110,145,25,56
99,143,24,49
112,143,26,49
108,144,19,46
110,144,24,47
110,144,22,46
107,148,17,39
108,147,17,36
114,166,19,31
100,147,16,33
114,151,19,41
109,145,22,44
109,146,19,42
109,146,20,40
109,146,19,39
111,147,19,40
110,147,18,40
108,148,18,40
103,146,25,23
117,174,19,25
116,173,20,25
116,170,19,24
84,150,20,35
90,153,23,39
107,149,24,45
104,147,24,55
108,147,24,49
108,147,24,48
107,146,24,48
108,147,23,47
108,148,23,52
105,147,25,53
106,148,22,52
104,147,23,49
95,149,24,51
83,153,21,45
71,173,21,25
69,176,18,21
71,175,17,22
73,178,18,19
79,159,23,24
101,161,23,31
96,154,21,42
102,146,20,24
80,150,21,28
64,180,20,19
65,179,20,18
65,180,21,20
67,182,18,20
70,182,17,18
71,182,17,16
71,182,16,14
70,182,17,16
68,183,18,20
65,184,20,20
72,183,20,20
87,181,20,22
104,183,19,22
125,182,18,22
136,184,16,18
148,183,19,20
170,186,19,21
178,187,18,16
187,186,17,18
200,187,20,18
211,183,20,22
217,192,20,19
219,192,18,17
220,194,17,15
222,194,16,15
221,197,16,14
220,199,18,15
219,198,18,17
219,197,19,17
219,196,18,18
218,196,19,18
217,199,19,17
218,199,18,15
220,198,18,13
221,199,16,14
222,200,16,15
222,200,16,15
220,202,17,16
219,201,17,17
216,199,17,18
213,199,18,19
214,200,18,20
215,200,18,20
217,202,19,16
219,203,18,16
220,204,17,16
219,206,18,15
218,205,18,16
215,204,17,18
212,202,18,20
208,202,20,22
208,202,19,22
210,206,18,18
214,207,18,18
214,208,17,14
215,210,14,12
213,211,14,12
211,211,16,14
205,210,18,18
200,207,19,19
196,204,22,21
196,206,21,22
197,209,20,20
199,210,18,17
200,209,16,16
200,212,15,15
197,215,14,13
191,214,17,15
186,212,18,19
184,211,18,20
182,209,19,23
179,179,16,32
179,179,19,35
181,178,19,36
180,175,31,50
175,171,23,57
187,177,23,53
185,175,22,47
171,188,24,51
167,192,24,44
160,214,21,22
159,214,20,21
158,215,21,22
159,217,22,21
161,219,20,19
163,217,19,19
163,218,17,20
163,222,17,20
159,222,19,17
154,220,17,20
148,209,19,21
145,201,27,18
144,198,27,16
152,199,18,18
145,198,26,18
172,198,15,27
172,199,17,25
163,203,21,25
138,214,23,20
137,215,24,26
139,214,21,28
167,203,20,36
133,210,26,26
132,214,24,24
131,215,23,24
130,216,23,24
129,219,23,24
127,223,22,24
124,224,21,24
122,221,22,25
120,221,24,24
119,222,25,22
116,226,25,22
114,230,23,24
117,233,20,19
118,230,16,16
127,227,23,19
119,234,19,15
111,235,15,16
106,236,19,19
