511,221,59,120
510,216,61,120
505,213,65,123
501,208,67,126
498,204,73,129
494,206,70,126
491,205,66,128
489,205,65,125
485,206,69,123
487,209,69,120
485,211,69,121
485,210,67,121
485,210,63,122
485,206,61,129
484,205,63,128
484,205,62,130
484,205,63,130
482,204,63,127
479,204,63,127
473,202,67,132
465,199,72,136
460,199,73,139
452,198,74,142
450,195,70,139
448,198,68,136
446,198,68,135
445,201,68,133
442,201,71,134
438,202,72,133
433,201,77,135
434,203,74,134
436,201,69,133
438,199,67,135
436,197,68,140
436,188,64,150
434,173,62,166
426,161,74,180
420,154,74,184
415,147,73,193
413,146,78,196
413,147,83,194
246,189,75,154
252,211,67,129
274,214,61,125
268,216,61,122
269,217,57,123
264,214,58,129
273,215,58,126
273,217,63,124
275,214,58,127
283,216,57,125
285,214,57,126
288,216,55,126
287,214,55,127
287,213,55,129
286,211,56,131
283,210,59,133
287,201,61,140
282,199,60,143
282,198,62,142
280,204,61,139
284,202,62,138
283,207,58,133
285,207,61,131
284,207,66,131
287,208,67,131
287,208,64,129
289,210,66,125
290,212,67,124
290,210,66,125
289,212,66,125
290,211,66,124
284,208,66,128
282,206,71,130
285,206,81,130
314,187,61,148
277,211,67,125
275,214,69,122
283,217,74,119
271,210,72,125
301,216,60,119
270,215,63,120
307,216,61,119
296,209,65,127
271,216,62,119
274,215,62,121
273,215,60,121
271,215,58,122
268,215,57,122
272,215,61,122
266,215,60,124
277,215,60,122
280,221,56,117
284,220,63,116
256,215,56,123
251,219,60,121
249,217,59,122
242,216,61,127
271,214,63,123
275,187,65,151
267,209,68,129
272,191,64,147
266,205,67,134
265,199,65,140
267,192,60,146
232,213,63,127
260,189,63,148
226,212,73,131
247,194,72,148
245,196,72,147
198,212,78,132
248,196,66,145
243,200,71,144
243,201,68,140
238,217,64,124
235,208,63,133
210,220,70,125
215,209,62,135
217,209,66,136
220,193,70,153
211,199,70,150
208,203,72,142
212,197,70,147
195,216,71,129
192,213,71,131
190,215,66,128
194,219,69,127
173,212,76,132
174,211,73,133
172,209,74,136
167,205,74,139
165,206,74,137
166,206,67,139
162,204,66,143
158,201,67,143
116,213,72,132
121,214,72,131
147,214,69,131
142,212,71,133
145,215,69,130
138,211,78,134
97,216,71,131
91,219,67,127
92,220,65,126
90,218,66,128
87,219,67,128
87,214,69,132
83,214,72,132
88,208,81,136
109,215,72,130
78,211,87,137
83,211,86,138
69,205,91,142
77,203,87,147
68,211,82,137
69,206,82,143
68,212,79,137
61,214,80,133
56,208,84,140
57,216,82,134
58,215,82,135
58,224,77,129
68,212,74,137
57,220,67,130
65,215,68,133
74,211,66,139
63,206,71,147
74,208,68,144
61,211,71,139
75,209,65,140
67,208,71,142
69,218,74,133
74,209,69,143
70,208,69,147
79,207,72,145
75,204,74,150
75,200,78,152
69,208,74,141
78,200,85,152
71,206,86,145
96,196,83,157
51,207,80,143
104,198,80,154
97,201,83,150
123,182,78,167
123,202,70,148
156,210,76,138
129,194,69,156
203,245,72,102
136,200,70,150
141,220,75,129
140,204,66,146
137,204,67,145
137,203,72,145
134,205,76,142
132,204,79,143
130,206,79,141
205,204,77,142
197,208,85,137
127,213,86,136
214,213,70,135
131,211,83,137
132,217,81,131
134,217,90,133
216,219,80,129
226,222,74,126
224,222,77,124
228,228,75,118
212,222,80,123
231,229,81,117
228,227,69,120
234,226,67,118
235,225,64,119
239,225,62,117
248,231,69,112
187,221,70,124
191,222,66,121
194,217,65,124
200,220,65,122
197,221,70,121
198,221,74,121
204,221,76,121
209,221,81,121
208,220,82,122
211,221,81,121
210,220,91,122
213,221,99,121
222,220,93,122
221,220,97,121
223,219,95,122
227,220,95,122
238,219,87,121
312,248,63,94
315,242,59,100
320,243,58,101
324,238,56,105
284,217,51,122
287,218,52,122
288,218,52,119
291,217,54,121
301,217,51,122
289,220,53,121
295,221,55,118
299,220,57,118
294,215,58,124
293,211,60,129
295,208,63,129
288,209,68,128
288,208,63,127
291,209,60,127
281,209,63,128
280,208,66,129
281,207,72,130
270,210,71,129
274,208,77,131
265,211,73,127
271,212,71,127
265,211,80,131
264,212,83,129
263,212,83,128
262,212,84,128
263,212,84,129
269,211,74,130
268,210,73,131
271,208,71,134
271,208,70,133
273,209,70,133
273,208,71,132
274,208,68,130
276,209,61,130
274,212,61,128
268,211,70,130
275,215,68,126
269,216,66,125
270,219,72,121
270,221,72,121
279,218,67,123
284,223,69,117
289,222,63,117
285,222,65,117
293,220,62,119
303,219,56,118
306,218,55,121
298,218,61,120
308,216,56,124
312,219,62,118
316,220,59,118
322,226,56,110
322,220,55,115
337,215,58,122
340,225,55,109
342,224,56,110
343,223,59,111
348,222,61,111
352,223,65,112
351,218,67,118
346,213,74,124
343,219,80,118
344,217,77,122
343,214,80,126
346,215,81,122
346,214,83,124
346,216,83,121
347,209,85,127
343,214,90,123
348,217,87,121
351,212,88,125
351,214,94,120
352,213,93,121
357,213,87,121
364,214,86,120
361,215,89,122
366,214,89,120
369,216,85,119
368,213,83,123
376,215,77,120
379,209,76,124
378,203,82,130
381,201,87,131
390,195,111,138
400,196,116,140
401,193,120,143
413,196,114,136
430,197,100,136
430,198,90,134
441,199,89,134
442,197,89,136
440,196,91,137
445,196,90,136
450,199,88,135
448,199,85,134
446,195,86,135
451,196,86,136
551,205,65,124
553,203,58,124
553,202,54,121
551,202,58,125
551,204,55,120
548,204,58,122
545,202,59,123
466,194,68,134
466,196,80,131
465,196,76,134
465,196,76,134
464,196,77,136
458,197,79,136
454,196,70,136
461,195,66,135
458,196,64,136
456,197,61,134
457,195,58,138
480,195,57,146
471,200,64,144
478,199,62,146
452,203,62,146
435,214,64,138
441,212,67,140
422,215,67,138
421,211,60,138
422,215,59,130
422,209,58,136
456,201,65,144
430,198,62,144
423,200,62,140
438,196,63,144
403,203,64,135
396,202,55,136
389,200,53,135
378,201,56,138
366,201,57,133
355,196,67,140
332,205,57,133
327,206,60,129
321,205,63,131
318,204,63,133
317,202,66,136
319,198,69,140
316,194,74,141
314,198,70,137
315,193,69,145
321,201,60,132
325,207,56,131
314,206,54,129
314,192,61,146
312,194,66,146
315,191,69,148
317,192,71,148
313,192,74,147
316,193,73,145
318,193,71,143
320,192,70,148
314,189,81,151
314,190,80,149
313,190,82,149
317,190,80,151
312,189,87,152
313,191,84,150
313,193,79,147
318,191,80,153
306,196,59,142
301,204,53,136
307,203,49,137
292,205,57,132
288,201,55,140
278,206,59,136
269,205,59,133
267,204,58,136
261,203,57,137
253,203,59,136
247,200,62,138
241,202,63,137
234,203,64,140
227,202,70,141
222,205,62,140
213,202,71,141
210,201,66,141
208,207,67,142
207,201,67,145
207,202,69,148
262,193,69,154
265,190,62,158
267,190,58,158
267,189,58,159
269,189,61,159
265,189,64,157
265,189,70,158
270,189,66,156
209,199,72,149
275,187,63,156
210,201,73,146
281,188,58,155
279,190,59,157
271,190,68,154
207,200,77,146
278,189,75,156
274,190,79,154
274,190,82,153
274,190,85,153
272,190,79,153
213,197,74,152
270,191,88,155
265,190,79,156
267,190,78,153
268,190,79,156
268,190,76,153
215,200,67,148
269,193,72,153
268,190,68,156
269,192,62,156
272,192,56,156
276,193,55,154
273,193,59,155
275,193,57,155
268,194,61,153
249,196,78,153
276,193,62,153
283,191,63,154
275,195,70,149
272,194,68,150
270,197,70,147
290,191,72,152
288,191,71,154
286,199,68,145
302,193,73,150
324,190,60,153
301,197,67,144
322,190,70,153
322,190,74,151
320,190,76,152
316,189,76,155
333,184,72,159
334,185,74,155
334,187,78,151
340,186,75,150
341,183,76,153
336,186,80,149
340,186,79,150
337,186,83,152
337,184,86,153
338,183,87,154
338,183,89,155
335,182,92,157
336,184,93,153
336,183,93,153
336,185,94,153
337,184,93,153
337,183,93,154
336,185,94,151
337,184,93,151
338,186,94,149
335,186,98,149
337,187,95,147
327,189,77,144
320,192,66,139
321,191,69,141
328,192,80,140
326,192,80,141
332,190,84,143
330,191,84,143
332,191,87,143
340,192,86,142
343,191,83,146
346,190,80,147
342,192,80,146
341,191,82,146
341,192,79,149
326,194,71,147
324,193,71,146
323,194,67,144
323,194,67,145
323,194,68,142
323,195,67,142
324,195,68,140
324,194,68,140
324,195,68,140
327,194,63,140
326,195,62,140
328,198,60,138
329,199,58,138
325,201,56,134
313,203,62,129
306,206,68,127
302,207,74,127
304,209,75,127
294,200,86,135
280,209,96,127
284,211,87,125
279,203,74,129
276,209,76,124
269,210,85,122
263,206,82,128
263,203,78,130
260,202,74,132
257,197,74,137
256,199,79,135
254,199,79,135
256,199,92,133
320,195,66,135
323,197,69,133
320,197,65,131
320,196,65,134
319,196,63,134
318,196,59,134
319,196,64,134
319,195,65,135
320,193,70,136
322,193,67,135
322,192,66,137
322,193,67,137
320,194,69,136
320,193,71,135
258,202,73,130
264,202,63,130
265,202,60,130
267,203,58,128
270,204,62,125
283,207,68,122
332,213,62,117
333,202,65,127
344,212,61,114
342,205,64,122
353,215,58,112
358,209,58,119
366,211,55,115
368,199,60,127
373,204,57,120
373,196,62,128
372,197,69,128
369,196,72,128
378,198,60,124
379,195,66,128
380,199,62,122
379,199,63,123
387,199,60,122
387,198,59,124
389,198,65,124
392,198,59,124
393,197,60,124
393,199,53,120
395,203,50,120
390,204,45,117
393,207,46,113
390,204,48,117
397,202,59,119
400,196,61,123
397,198,63,122
400,198,61,121
398,197,61,122
397,198,59,122
402,197,59,122
401,196,57,122
406,197,61,123
408,201,56,118
410,199,55,120
412,199,53,119
413,202,47,118
399,201,52,116
417,201,49,116
423,196,68,120
427,203,65,113
428,195,66,120
428,197,60,119
429,196,57,122
428,195,56,124
428,194,57,124
427,193,55,125
424,192,55,126
422,195,54,123
418,195,57,124
366,192,59,125
365,197,59,121
361,192,62,125
356,196,57,124
352,194,54,125
344,194,58,125
339,198,62,122
343,197,66,123
327,197,67,125
324,193,66,127
392,190,52,128
388,191,53,130
384,194,55,127
308,195,72,131
301,199,82,125
382,197,60,125
298,195,73,130
299,197,72,126
299,194,75,129
300,198,74,127
299,198,75,127
296,198,78,127
293,198,80,127
293,198,81,128
292,198,80,128
293,199,76,127
291,196,74,128
290,198,69,128
282,195,67,131
281,194,70,135
281,195,68,132
280,194,71,131
277,195,71,130
272,196,73,129
271,197,73,130
269,196,74,132
266,196,73,133
265,197,67,130
261,195,66,134
257,194,66,135
255,194,67,136
253,195,64,134
253,194,63,138
252,194,66,137
253,194,63,137
251,193,65,139
251,195,64,137
249,196,68,136
247,196,69,137
245,196,64,138
244,195,67,136
241,197,68,136
243,195,68,135
244,195,64,136
243,194,67,137
240,193,71,137
239,193,72,139
236,192,76,141
231,191,78,142
230,193,80,140
228,193,80,140
229,195,80,137
226,193,80,139
222,192,73,140
217,191,69,141
210,188,73,143
207,192,66,141
205,189,67,147
202,188,68,147
197,190,68,146
192,189,72,145
185,192,75,143
181,191,73,145
176,193,76,143
170,191,79,145
164,190,80,147
159,194,82,143
150,190,84,144
143,189,71,148
138,188,77,146
132,189,71,147
124,187,78,153
120,187,81,153
118,190,79,150
115,189,81,151
107,187,87,156
102,187,87,154
96,186,89,157
92,186,86,155
87,186,89,155
81,187,87,155
79,185,85,154
75,184,82,154
70,184,80,157
65,183,82,162
63,182,80,163
61,185,77,157
56,184,78,159
48,185,80,159
41,185,87,157
37,188,82,155
30,183,91,159
23,184,98,160
21,185,101,157
8,180,79,163
2,182,81,165
4,181,76,164
1,185,61,156
1,189,62,154
0,188,57,158
0,201,54,147
0,212,54,139
2,220,51,128
2,241,43,103
0,250,36,94
1,262,32,81
0,255,30,77
0,265,27,77
0,263,28,66
0,270,29,56
0,269,29,56
0,267,28,56
0,263,23,58
1,268,28,57
0,266,25,58
2,266,27,59
0,270,27,52
0,272,28,50
0,272,29,53
0,272,26,53
0,274,26,50
0,275,24,47
0,275,22,45
0,275,22,43
0,276,22,42
0,274,22,43
1,277,25,41
0,279,26,40
0,280,23,39
0,274,23,46
0,270,21,48
1,268,24,53
2,264,29,59
0,268,26,50
0,265,28,56
1,267,30,53
4,266,31,58
0,263,31,58
3,260,30,60
3,263,29,54
11,263,34,53
9,259,40,61
17,254,55,71
82,234,63,101
122,184,71,157
120,174,79,161
118,171,85,167
120,171,84,166
121,171,83,170
123,170,80,168
125,170,82,172
125,170,80,169
129,174,87,162
134,192,81,146
144,213,79,120
141,212,83,124
160,215,75,118
137,213,79,121
142,198,79,140
147,191,83,146
153,205,82,131
154,205,79,129
135,206,86,130
157,184,77,156
156,172,82,165
158,172,76,166
159,172,78,167
161,171,75,165
159,171,77,165
157,171,78,165
155,171,76,164
153,172,77,166
152,173,79,166
150,172,82,167
150,173,80,165
148,173,84,166
149,174,80,164
149,174,81,165
147,174,86,165
146,173,89,165
130,172,107,162
142,175,94,159
147,173,93,165
145,174,94,164
146,175,94,164
143,174,96,165
144,176,93,162
147,175,87,163
152,176,84,164
156,175,83,166
164,174,78,168
168,176,76,164
172,176,73,164
174,176,69,166
174,177,66,166
175,176,64,167
175,175,62,166
175,176,64,166
175,176,66,164
178,175,67,166
180,174,67,164
183,176,67,164
185,176,66,160
187,176,67,162
188,176,67,159
187,177,68,162
187,176,69,159
186,176,72,162
185,176,74,162
183,175,77,161
182,175,80,162
180,175,82,161
179,175,86,160
179,176,85,160
179,174,85,161
177,174,86,162
176,174,87,162
174,174,87,161
174,174,88,160
173,175,88,158
174,174,89,157
173,176,88,157
173,176,89,156
169,177,90,156
171,176,87,157
169,177,85,157
168,174,87,157
166,174,87,158
167,173,87,158
164,174,92,158
165,173,95,158
164,178,97,152
164,177,98,154
167,178,98,153
169,178,98,153
172,177,96,154
178,178,93,155
184,174,91,159
190,176,91,155
194,176,92,154
199,175,90,155
205,176,87,154
209,175,85,155
214,175,82,154
220,176,81,156
229,174,79,157
237,173,77,157
243,172,75,157
250,173,73,156
254,172,71,154
258,172,67,156
264,172,65,157
269,172,63,156
275,172,62,154
280,171,62,154
284,172,58,154
290,172,60,153
295,170,61,153
298,171,58,152
301,170,63,152
305,169,72,154
306,169,78,154
310,169,85,154
312,170,90,151
317,170,90,151
320,172,91,148
322,173,94,147
323,174,92,147
324,178,92,144
326,180,91,143
324,177,91,146
327,177,89,144
329,178,85,145
331,179,81,144
334,178,78,142
342,180,71,139
343,180,65,138
349,179,65,140
350,181,70,136
375,183,68,132
347,178,70,139
384,186,64,126
341,182,65,137
351,187,64,131
338,182,76,137
336,183,70,139
338,184,68,136
337,183,68,135
337,182,66,134
336,183,67,138
336,183,67,138
337,183,68,136
337,182,67,136
336,183,66,135
336,183,67,136
336,182,65,137
337,183,64,138
338,184,65,137
339,186,64,134
338,182,63,139
337,177,63,144
338,184,63,138
337,176,64,144
338,180,64,140
338,178,66,141
339,178,64,143
339,180,66,142
338,178,70,142
338,179,70,142
337,178,74,144
338,177,76,145
342,181,73,140
342,178,71,142
355,178,62,141
356,178,58,140
357,177,60,140
361,185,57,134
363,179,60,141
368,180,55,140
366,178,59,141
371,183,60,135
370,179,61,135
376,187,63,129
380,179,62,136
520,194,57,112
529,192,56,114
530,193,57,113
530,192,58,115
529,192,59,115
530,190,58,117
531,190,58,118
532,190,56,119
534,189,54,119
536,189,52,119
537,190,51,119
538,190,49,118
539,191,47,117
541,190,47,118
541,191,47,117
541,190,48,118
542,190,49,117
544,191,51,117
545,190,51,118
545,191,52,119
544,189,52,121
547,190,51,120
544,190,55,119
548,189,54,123
549,190,54,120
549,189,55,120
551,190,53,121
550,190,54,122
551,189,53,123
548,188,55,125
552,189,51,123
551,189,51,124
553,188,51,127
555,189,50,125
555,189,49,125
552,189,51,124
548,190,55,126
548,189,54,125
552,189,55,123
555,190,58,124
559,188,59,125
558,190,59,125
557,190,59,126
561,190,56,125
562,188,59,125
564,183,61,133
564,186,60,128
564,177,59,140
532,157,76,159
564,170,60,146
562,186,60,133
570,174,59,140
552,167,69,155
561,178,67,141
551,177,69,140
561,181,71,134
509,157,95,163
362,176,66,148
365,176,60,147
365,177,59,148
366,177,58,148
364,177,59,149
361,178,62,148
359,176,64,145
357,178,64,148
354,177,66,146
349,177,70,147
344,177,71,147
341,178,74,148
336,179,75,148
335,179,73,146
332,178,73,147
330,178,71,149
327,179,67,148
322,179,68,149
322,178,65,147
316,181,66,146
312,179,64,147
308,181,64,142
304,182,61,142
299,183,63,142
293,181,74,150
294,183,77,152
277,183,78,148
282,186,76,143
270,190,65,140
275,185,70,139
271,187,66,144
266,188,66,143
266,195,64,132
263,189,62,139
260,191,65,141
256,197,60,133
260,184,62,142
253,192,63,139
257,186,61,143
253,189,63,140
254,189,60,143
252,186,64,145
249,185,64,148
248,183,66,152
245,181,63,155
244,179,60,156
241,180,60,155
237,181,63,152
232,184,65,149
230,183,64,150
230,184,64,150
232,186,63,149
235,185,65,150
237,185,65,150
233,185,65,150
230,187,63,147
231,186,63,150
269,181,83,158
264,180,95,155
225,184,68,151
229,182,64,151
227,185,61,149
230,183,69,151
236,183,76,150
399,196,65,128
402,198,62,121
406,199,58,122
403,199,62,124
400,198,69,126
405,197,71,125
416,198,66,125
425,200,63,120
427,201,63,116
431,201,62,115
438,203,59,113
442,204,58,114
446,205,58,114
448,208,58,111
451,206,57,111
456,207,56,111
459,206,54,112
464,201,51,116
464,200,54,117
467,195,49,122
466,195,49,122
388,190,56,132
388,188,64,133
262,190,88,132
259,188,77,135
266,190,102,135
382,184,66,141
381,183,66,138
378,180,69,141
377,191,68,128
375,187,72,131
377,187,71,131
374,184,72,134
376,189,69,129
268,199,78,124
277,201,77,123
381,194,61,126
379,190,64,127
383,192,62,125
387,191,60,127
393,198,54,121
393,195,55,124
392,191,60,127
393,211,58,106
397,199,58,118
395,194,63,122
396,191,62,125
396,192,62,125
395,189,63,128
396,190,61,128
393,188,64,128
393,191,64,126
396,191,65,124
399,191,63,123
394,191,65,127
382,185,62,132
387,192,61,127
324,195,64,124
336,191,72,128
331,197,73,121
326,190,75,128
320,190,82,128
318,189,91,130
313,190,86,133
301,184,79,138
297,183,86,140
294,183,79,141
281,191,94,133
269,189,86,136
295,196,90,128
423,197,78,127
561,190,60,122
561,196,59,116
559,195,59,116
557,195,58,114
558,195,55,112
555,196,56,112
554,194,55,112
553,195,55,114
552,195,56,112
552,195,56,114
551,195,53,110
551,195,55,117
551,195,53,112
551,195,54,116
551,193,53,114
552,194,54,115
552,194,55,113
553,195,58,116
556,196,56,112
557,195,55,113
557,195,54,113
558,195,55,111
559,196,56,113
559,195,55,110
560,195,56,113
563,195,54,109
567,195,54,115
570,196,52,111
571,195,55,114
575,195,52,113
577,194,54,113
580,195,55,114
583,196,54,111
585,195,54,110
588,195,54,113
590,195,54,109
590,195,55,114
592,194,54,112
593,194,53,115
593,194,54,112
594,193,52,114
595,194,52,114
596,193,51,114
596,192,52,115
597,193,52,114
597,194,52,114
599,194,52,113
599,194,52,114
600,193,50,113
599,194,52,113
599,194,52,115
599,193,51,115
598,193,52,116
598,192,52,118
597,191,52,118
596,191,50,119
595,192,50,118
594,191,51,116
592,192,50,118
592,191,50,120
593,191,50,117
591,191,51,119
592,190,50,117
588,191,51,117
587,191,52,121
586,190,52,119
584,191,51,118
583,190,51,119
581,191,50,119
580,191,49,119
580,191,49,120
579,191,50,121
578,190,50,120
577,190,50,120
577,190,48,118
575,191,48,117
576,191,47,117
575,190,47,117
575,190,46,118
575,191,46,117
575,191,45,117
575,191,45,118
575,191,45,117
576,191,46,117
575,192,47,117
576,192,47,118
576,192,47,118
576,192,47,118
576,192,47,118
578,192,47,118
577,192,48,118
578,191,49,118
578,191,48,121
578,191,48,117
581,191,47,116
579,191,48,118
580,190,49,117
581,190,49,117
582,191,47,117
583,192,48,116
582,192,48,116
583,192,48,116
581,192,47,115
581,192,48,115
580,192,48,116
580,192,49,117
578,192,51,118
578,191,51,118
577,191,52,122
576,191,52,118
575,191,52,119
574,191,53,117
572,191,56,118
568,191,58,115
568,192,59,113
564,194,62,112
562,194,63,110
561,195,64,110
559,197,63,108
557,199,64,106
552,200,67,105
551,201,71,105
550,202,69,105
545,205,67,104
539,207,75,99
541,209,67,100
547,213,67,97
535,207,64,100
532,209,61,98
533,207,67,98
528,205,68,102
525,205,61,102
522,205,60,103
518,205,64,105
517,203,64,107
517,204,65,105
515,203,64,109
511,201,67,112
502,201,75,121
500,197,76,123
502,199,76,121
501,196,79,125
499,196,71,125
501,194,73,125
508,195,70,127
506,195,66,132
510,195,68,126
507,193,69,135
509,190,67,135
506,191,67,140
506,190,68,140
502,190,69,139
508,190,63,134
511,191,61,130
510,192,62,129
426,190,68,125
427,189,62,125
426,189,65,128
425,190,75,132
427,191,78,129
431,194,74,125
435,196,71,127
435,195,70,131
460,196,82,134
469,197,83,134
453,197,61,133
449,196,68,132
454,196,72,130
480,197,75,134
456,199,70,132
478,198,70,132
483,199,64,130
486,197,60,131
487,197,57,130
484,198,56,130
487,208,56,119
487,201,62,121
489,212,72,112
495,225,69,98
495,200,73,119
488,202,80,118
501,219,67,105
501,209,66,114
508,227,59,97
506,219,61,104
500,199,68,122
518,203,55,116
515,203,62,113
498,199,81,123
493,204,91,120
495,198,101,128
493,197,107,129
503,193,95,133
513,196,90,127
532,194,80,126
539,193,82,126
505,192,116,127
515,192,97,130
515,189,97,132
527,191,85,131
534,190,80,126
542,194,81,121
548,192,83,123
553,196,75,116
564,196,71,119
570,193,65,121
590,202,60,112
555,193,85,119
553,194,86,119
564,193,73,120
566,193,75,121
569,192,72,122
571,192,71,122
571,192,68,120
570,193,69,117
571,193,70,117
571,192,71,117
574,192,68,117
572,190,67,118
573,193,66,116
569,193,68,117
568,195,68,113
568,193,67,115
567,191,69,118
568,183,72,125
564,174,68,136
600,186,93,121
566,157,69,155
566,165,66,145
565,166,65,143
594,160,83,147
571,156,68,151
567,159,66,149
583,159,90,148
600,154,79,150
604,150,72,158
495,201,61,109
500,205,57,102
505,204,58,103
508,204,58,102
508,204,66,101
517,200,66,106
531,202,70,105
542,195,76,112
547,200,58,108
540,200,57,106
545,200,61,105
546,201,52,106
547,203,53,102
548,203,57,104
541,202,57,103
539,203,60,101
538,201,62,101
540,203,69,103
534,200,67,107
531,203,68,103
530,203,69,103
530,203,66,104
530,202,62,104
530,201,60,104
532,200,57,105
597,181,62,124
598,180,65,128
598,179,66,127
598,178,66,127
599,178,67,127
600,178,63,128
601,178,60,129
602,178,60,130
601,178,60,130
602,177,60,130
602,178,60,130
598,179,63,129
597,179,66,129
595,179,69,130
592,180,74,131
588,180,74,132
588,179,73,132
588,179,76,131
585,180,79,131
586,181,74,131
585,181,76,131
584,179,76,132
584,179,73,132
584,179,66,130
583,181,58,129
579,180,57,132
577,180,55,132
577,181,51,131
580,180,51,131
575,180,60,131
575,180,62,131
568,178,73,132
568,180,78,130
565,181,83,131
568,180,83,131
567,180,85,132
568,181,85,132
571,182,85,131
569,182,86,132
576,184,82,128
576,184,80,127
577,181,79,129
579,184,74,126
577,184,75,125
580,183,65,125
582,182,59,129
583,183,52,129
585,185,51,125
584,185,57,124
583,181,61,128
676,177,66,130
676,176,62,134
681,175,62,134
581,180,67,132
545,197,74,114
579,197,70,115
535,205,71,104
536,205,72,107
581,182,67,130
581,180,58,132
583,179,46,135
580,181,50,133
575,181,53,133
570,183,59,131
568,185,63,128
566,181,65,132
563,183,69,130
557,183,75,130
556,183,79,131
556,179,80,135
555,180,81,135
552,179,85,135
557,186,83,128
554,184,87,131
561,182,82,131
557,185,89,129
561,180,80,134
566,185,84,128
570,181,82,131
577,184,79,129
580,184,78,128
590,188,72,126
598,183,74,131
605,186,73,128
607,187,79,127
614,186,83,129
620,186,84,129
627,185,83,129
632,184,86,130
634,182,90,132
640,180,91,133
642,178,95,134
648,177,89,136
652,172,89,137
658,173,84,136
649,172,95,135
656,173,72,135
647,169,76,138
642,168,80,139
642,167,82,139
644,168,79,135
651,171,75,132
647,170,79,134
643,169,84,135
642,168,82,135
644,168,84,135
647,169,82,134
646,169,83,135
654,170,78,134
655,170,79,136
661,170,75,137
664,168,74,138
672,170,67,137
672,169,67,137
677,170,64,137
678,169,64,139
678,168,65,139
680,165,64,140
681,164,65,144
681,161,66,143
679,160,67,146
675,159,67,145
669,161,67,144
661,162,71,141
657,162,69,137
651,162,71,142
645,163,72,139
639,164,71,142
631,165,75,141
630,167,71,138
626,164,74,141
621,167,77,140
613,167,79,140
611,168,77,138
607,166,79,140
605,166,79,139
609,166,73,139
605,166,76,144
477,140,82,171
604,168,72,147
471,145,82,168
461,146,82,169
379,169,79,148
378,171,72,145
381,168,75,145
376,168,74,149
377,168,69,149
374,168,72,148
374,168,71,147
376,168,69,148
375,166,71,150
377,168,72,149
379,168,75,149
381,169,78,151
382,171,82,149
383,169,79,151
384,170,71,151
384,169,73,155
383,168,67,154
385,168,70,155
386,168,67,155
385,168,65,154
383,168,66,158
383,168,71,157
388,169,72,155
388,169,69,157
391,171,67,154
394,173,65,155
392,172,66,152
390,170,66,154
388,166,66,155
383,165,68,156
389,163,67,158
370,165,65,156
365,167,67,156
353,167,68,158
343,168,66,157
333,169,68,154
323,167,67,158
306,168,68,155
297,166,65,157
281,169,68,150
273,167,67,158
265,167,66,160
259,165,71,166
250,167,68,167
235,171,76,163
233,166,73,172
220,167,78,171
216,165,76,174
205,167,79,173
211,166,75,173
194,171,82,169
196,167,84,172
241,154,108,186
183,162,100,176
238,149,113,196
244,150,114,191
260,147,103,193
271,144,97,196
208,160,86,178
284,141,97,197
209,157,84,176
283,141,103,196
277,142,108,194
242,150,135,184
201,156,91,182
193,157,90,179
190,162,87,176
188,160,86,175
186,161,89,175
185,158,88,176
185,159,82,177
302,142,83,194
305,139,83,199
297,140,93,199
293,135,98,205
291,136,107,203
286,136,114,204
281,136,118,204
167,163,106,176
278,137,119,203
163,164,114,175
281,141,117,199
450,202,68,123
451,207,61,112
446,207,64,111
439,207,67,110
434,204,68,109
427,207,71,111
422,207,75,109
412,205,86,108
419,203,76,115
411,206,77,115
411,205,65,112
406,205,62,115
398,205,58,116
396,204,64,117
391,206,56,115
386,205,59,113
383,211,62,109
383,206,56,109
381,208,61,113
379,205,60,113
377,209,60,112
376,205,62,116
374,206,59,113
373,201,61,124
362,199,70,128
365,195,70,125
366,197,69,124
366,192,67,129
364,188,66,134
374,190,63,134
374,185,67,141
343,182,72,122
372,183,68,137
380,184,74,142
365,160,94,170
511,165,85,158
507,173,78,148
510,173,72,147
508,175,71,144
511,177,77,149
512,180,65,143
518,177,65,143
511,185,58,134
509,184,54,131
506,184,55,127
504,184,53,121
501,181,53,126
499,181,59,127
494,185,58,125
490,186,58,126
488,191,60,123
484,189,65,130
483,189,64,135
476,193,70,134
338,195,70,144
335,203,70,128
335,205,68,128
337,205,67,120
335,204,74,122
463,207,53,107
462,208,56,108
462,204,56,110
460,208,57,111
459,215,59,105
459,211,59,110
458,217,58,106
456,208,59,111
452,201,60,118
448,205,60,117
446,206,54,114
446,202,56,115
441,204,56,112
440,199,60,116
433,206,58,110
432,203,56,115
430,203,58,115
430,204,57,115
428,202,61,120
426,200,65,125
425,199,63,124
422,204,62,122
424,204,58,118
424,205,54,115
422,204,53,116
421,205,55,112
420,206,59,112
420,205,61,113
420,206,61,112
419,206,63,114
418,207,63,112
417,207,64,111
417,207,62,111
418,207,58,113
418,205,60,114
412,207,57,113
407,205,65,117
396,209,70,115
389,206,67,116
393,206,56,116
385,209,58,114
382,208,56,115
378,208,62,114
367,208,62,119
362,207,66,115
343,245,58,84
335,219,52,106
327,225,57,101
330,224,49,106
322,210,55,117
314,219,55,107
308,228,51,97
305,245,48,78
300,247,50,78
294,250,50,75
292,247,50,79
292,222,49,103
285,207,59,112
278,202,59,119
275,202,60,122
271,201,61,121
270,201,64,120
268,204,64,118
260,212,68,110
259,201,69,121
254,199,67,125
356,194,65,136
342,195,76,133
330,193,79,135
329,196,79,134
316,194,93,135
316,198,92,130
311,197,99,131
311,197,98,130
309,198,98,131
309,198,93,131
307,199,88,129
301,198,79,126
300,195,72,131
288,196,69,128
253,201,59,123
286,201,68,126
255,199,62,125
264,201,62,125
264,200,70,126
268,202,96,126
255,201,85,129
253,202,107,129
245,201,104,130
243,202,91,129
236,203,86,126
228,202,90,130
222,200,94,132
217,197,99,135
218,194,94,138
214,198,94,134
213,195,92,137
206,192,93,140
208,182,88,148
201,177,83,154
202,178,77,151
187,186,81,143
177,183,83,153
176,202,79,126
169,183,86,149
163,199,90,138
168,192,82,143
165,229,90,109
173,243,70,96
173,236,63,104
128,205,68,125
119,199,80,139
116,205,82,130
108,213,92,121
104,213,93,124
104,208,86,128
95,207,89,129
93,206,89,130
87,207,87,129
83,209,79,130
160,178,71,156
157,194,70,142
154,196,69,141
158,194,66,142
158,199,61,137
158,200,61,133
157,200,63,134
158,198,64,135
157,198,66,131
153,200,69,131
85,199,79,133
89,197,80,137
88,199,83,135
91,199,91,135
88,201,89,135
97,202,96,133
95,197,88,141
116,195,80,138
171,187,67,144
175,197,63,137
123,198,79,130
125,198,76,133
131,202,69,128
137,200,64,127
136,201,60,127
140,203,60,126
134,202,68,128
138,200,68,126
134,199,64,130
130,204,76,125
177,194,73,134
165,192,79,137
186,182,74,148
179,184,74,146
174,183,74,144
175,180,69,147
175,182,62,143
171,180,62,144
166,189,65,135
155,192,72,134
150,190,74,136
142,192,76,134
134,179,79,147
128,172,83,154
132,171,93,152
121,176,81,150
176,171,78,158
178,170,73,159
117,171,72,155
112,172,71,154
117,173,64,152
124,177,64,148
128,177,73,147
145,177,70,150
140,182,72,142
143,179,67,145
119,182,64,140
117,184,66,139
117,184,66,139
120,185,69,139
126,181,66,139
140,177,69,147
149,179,73,146
156,177,73,146
161,175,71,148
163,179,71,146
167,176,71,149
169,177,77,148
175,177,75,148
178,174,73,151
182,177,73,147
188,177,78,147
192,177,78,147
202,177,72,148
208,178,71,147
249,184,65,135
230,187,65,136
227,185,67,137
267,189,66,131
277,195,68,125
284,192,73,128
218,188,77,134
235,189,65,137
291,195,79,127
292,192,80,132
286,188,83,134
233,185,77,138
234,186,67,138
228,183,69,141
228,190,69,133
224,190,73,133
223,190,72,135
223,193,69,132
221,187,69,138
220,200,69,126
220,188,72,137
212,181,77,146
212,189,75,135
212,181,68,145
213,190,60,135
212,188,59,138
209,188,58,138
208,189,61,137
208,186,61,140
209,185,61,141
206,187,63,141
204,186,68,139
202,186,68,137
196,187,73,139
199,187,72,138
195,186,70,137
197,187,58,138
194,190,55,137
196,189,57,136
196,193,56,133
195,194,57,132
195,193,57,132
193,196,56,130
193,193,62,133
193,196,63,129
192,196,64,128
181,193,69,132
185,205,68,118
187,200,69,125
192,212,65,114
196,210,62,118
199,213,60,114
207,216,54,110
210,215,52,109
212,216,52,110
214,216,52,111
215,215,53,112
216,213,53,113
216,216,53,111
217,215,54,111
216,211,59,114
217,222,49,101
209,231,53,95
214,231,49,90
227,224,56,96
204,222,56,99
195,224,56,98
193,224,51,98
190,226,49,99
188,223,50,99
186,221,49,100
184,218,50,101
180,214,55,108
176,213,58,107
175,220,55,99
175,222,50,98
174,224,48,95
173,222,49,95
172,218,50,99
173,220,47,97
173,218,48,97
175,219,49,94
175,220,49,93
175,222,50,90
176,225,50,88
176,229,51,83
175,232,54,83
174,231,56,85
190,229,44,84
189,227,47,86
192,226,46,86
192,224,50,86
203,223,44,90
204,222,43,91
205,222,45,91
206,225,45,91
207,228,45,88
210,232,43,84
215,232,40,82
214,231,42,83
219,232,40,82
221,232,40,83
224,229,41,84
225,228,42,86
225,227,45,84
226,228,46,84
227,226,47,85
227,227,47,84
228,228,48,84
231,223,53,89
232,215,57,98
234,218,53,94
238,213,53,97
239,213,51,100
246,210,46,101
242,213,51,99
250,210,48,102
249,210,53,104
251,210,56,101
252,209,57,102
254,210,60,101
253,211,63,104
254,211,64,106
252,211,67,106
254,210,67,106
255,210,66,106
255,208,67,108
262,208,64,106
280,207,51,107
290,207,46,103
292,209,46,100
293,209,49,100
295,209,51,101
294,209,54,101
294,210,55,99
298,207,54,101
301,205,56,104
304,207,55,105
308,206,56,106
311,206,57,107
315,207,56,106
318,205,56,107
324,204,54,107
326,203,56,107
327,205,57,106
329,204,58,106
330,205,58,103
335,206,54,103
337,204,56,106
339,203,58,107
343,204,59,111
348,203,55,110
350,204,56,106
350,202,59,111
355,204,57,110
357,202,58,113
355,203,63,115
363,200,59,118
372,202,55,110
369,208,59,110
380,207,51,106
384,205,55,119
387,203,54,118
393,208,53,120
397,215,54,109
404,203,51,119
406,201,47,121
407,200,49,119
409,200,47,119
411,200,47,119
412,200,52,119
415,199,48,120
416,201,47,123
414,200,49,132
418,202,50,124
420,207,51,120
427,202,57,121
424,201,71,133
532,199,81,132
536,202,74,129
533,201,74,129
535,199,71,129
535,196,66,131
536,196,59,130
538,196,57,134
537,194,61,134
537,195,58,130
540,194,58,131
540,194,63,131
541,193,63,131
544,192,63,136
544,193,65,137
547,196,67,137
552,197,66,139
558,200,59,134
563,202,65,136
562,205,72,134
569,207,72,136
594,207,60,131
594,207,69,131
584,213,87,126
599,212,74,121
606,216,69,111
611,220,65,103
615,227,65,98
618,231,62,92
614,234,65,89
610,232,68,92
608,224,70,101
611,224,63,103
605,229,66,96
594,213,68,106
595,220,60,106
580,219,71,112
570,216,71,124
574,207,70,130
575,208,67,131
577,207,58,124
578,218,53,107
565,216,61,104
573,212,65,115
571,213,64,118
571,203,66,130
568,199,69,139
555,197,80,146
560,196,82,140
557,196,85,137
560,196,88,137
554,192,94,141
486,167,64,162
481,167,72,162
476,172,68,155
479,171,71,155
476,180,64,146
473,178,73,146
471,174,75,152
469,181,75,149
475,167,86,163
467,180,85,160
462,180,91,156
456,182,82,158
488,186,78,153
459,192,85,141
482,188,67,144
495,195,57,139
450,198,58,134
448,198,61,135
448,197,55,134
444,195,57,138
442,194,57,138
438,192,57,140
433,191,61,140
429,192,63,135
428,193,67,138
426,193,67,138
427,195,68,134
426,195,69,132
425,196,69,130
428,197,66,128
426,200,66,130
427,201,67,129
429,196,65,135
428,195,69,138
430,191,71,142
432,191,66,138
436,193,71,131
438,190,70,135
439,188,64,132
446,189,64,133
449,187,54,128
452,188,59,126
452,185,59,129
451,184,59,131
451,183,57,128
451,183,61,127
457,184,66,125
499,178,69,139
498,179,57,134
434,190,80,129
423,188,63,131
431,189,77,135
531,178,67,151
525,175,73,152
525,175,72,152
529,175,73,151
534,173,74,153
472,177,71,143
479,176,67,144
483,173,65,147
487,169,65,149
564,168,76,158
574,164,73,159
579,164,73,158
495,169,58,145
494,168,56,143
488,174,63,143
489,171,64,145
348,181,82,134
340,183,74,133
333,176,74,138
326,180,68,135
320,177,68,134
305,182,71,131
305,185,65,130
302,188,70,121
269,191,64,122
275,191,70,124
257,193,73,124
252,195,77,125
238,195,80,126
233,194,76,127
226,193,68,130
208,189,67,133
202,194,64,129
203,197,69,123
190,193,68,130
150,195,73,128
157,198,68,128
110,203,82,124
91,212,108,120
90,195,101,139
86,197,94,137
77,198,81,135
71,196,73,136
81,194,62,135
76,192,61,140
69,197,57,138
57,197,62,136
43,199,72,138
34,199,77,137
33,202,78,131
29,204,80,129
27,202,79,130
23,200,83,132
22,199,76,132
11,192,80,137
14,194,78,137
14,191,71,139
12,192,71,134
10,195,76,131
4,194,61,129
7,195,74,129
7,197,76,126
2,198,74,126
9,198,76,124
4,197,76,125
5,197,75,126
6,198,69,123
9,197,67,125
37,221,63,103
12,198,65,123
22,200,62,119
6,199,59,118
12,191,67,129
12,192,68,123
15,188,70,127
16,190,72,129
16,187,71,130
18,187,66,131
17,189,62,128
27,192,61,125
46,187,58,127
41,193,67,127
48,195,79,126
54,197,83,128
59,200,81,127
65,203,76,122
69,207,75,118
71,209,72,116
67,208,77,117
68,207,78,119
83,209,67,118
74,204,75,123
70,201,82,126
74,198,84,130
80,202,80,125
87,200,78,126
78,199,98,127
84,205,110,119
86,199,100,125
186,202,67,124
181,203,68,120
179,199,79,120
203,213,75,107
210,211,70,104
226,207,73,107
154,196,97,121
168,196,96,121
174,188,105,130
180,184,105,133
200,183,107,135
191,196,82,123
186,189,77,127
184,187,81,129
173,187,88,132
242,182,75,131
242,178,72,133
244,179,73,132
243,178,73,134
242,179,77,130
254,179,72,129
253,181,73,127
250,178,76,129
252,176,75,132
255,172,74,137
263,172,71,135
273,169,65,141
274,180,61,136
284,181,56,130
289,180,54,135
292,182,53,135
296,192,58,127
297,179,63,136
301,191,61,126
306,179,61,140
307,185,63,138
314,185,58,136
316,186,57,135
316,184,60,138
318,187,67,133
309,187,72,132
456,186,67,128
462,190,63,124
460,193,60,122
455,194,61,120
456,196,53,118
454,200,52,114
451,203,54,111
448,206,53,106
446,209,53,103
444,210,52,104
444,205,53,108
443,203,54,111
442,202,51,111
440,201,50,113
438,202,52,114
437,202,51,115
436,200,51,116
435,201,50,113
435,201,48,113
434,199,49,116
433,197,49,119
433,197,49,116
432,198,50,117
433,198,50,113
431,199,51,114
433,199,51,112
431,198,53,115
435,197,54,115
435,195,56,119
437,192,56,120
440,191,59,122
446,189,56,123
450,189,54,122
455,187,51,121
459,189,49,121
462,188,50,123
466,187,51,123
467,187,51,123
469,186,51,124
469,185,54,125
470,185,52,124
472,184,54,124
471,183,55,126
470,183,58,126
472,182,55,125
473,182,54,123
472,183,58,122
474,181,56,122
475,182,59,122
475,182,57,122
474,182,57,122
477,182,56,122
478,182,55,121
478,182,54,120
479,182,54,120
480,182,54,119
479,183,54,120
479,182,53,120
479,182,53,120
480,183,53,119
480,182,51,119
480,182,52,120
479,183,52,119
480,182,53,120
480,181,53,120
481,181,55,122
484,181,53,121
485,181,52,122
486,180,52,120
488,181,52,121
489,180,54,121
492,179,53,121
496,179,51,122
497,179,50,121
500,179,51,121
501,178,49,122
502,178,49,122
503,178,49,122
503,178,49,121
431,165,56,138
430,164,55,138
429,164,58,138
427,164,55,138
424,166,53,135
418,166,59,135
504,180,49,119
409,167,60,134
503,180,52,119
504,181,52,117
505,181,52,117
506,181,53,118
506,181,53,118
507,181,52,120
509,181,51,121
511,181,51,122
513,182,53,123
513,181,51,122
515,183,52,122
516,182,55,120
518,182,58,121
518,181,58,121
518,181,59,122
518,181,58,122
520,181,56,121
521,181,54,121
522,182,53,121
521,181,53,121
522,181,54,123
521,181,53,123
523,181,52,121
524,181,50,121
525,182,48,121
529,181,48,122
528,182,47,121
529,182,47,122
528,181,46,123
529,182,46,122
528,182,47,122
529,182,47,123
527,182,47,123
526,181,48,123
524,180,50,123
522,181,53,122
518,178,54,126
518,177,51,125
517,177,53,124
515,176,54,126
517,176,51,126
516,176,50,125
516,175,51,125
517,175,50,125
516,174,52,125
519,175,54,125
518,174,60,125
517,173,66,124
517,175,70,122
518,174,73,124
516,174,78,125
516,176,81,125
515,174,82,125
517,176,82,124
519,173,80,126
521,177,75,123
521,175,74,126
528,177,66,124
535,175,57,125
537,176,54,127
539,176,51,127
541,176,52,129
542,176,54,130
542,176,56,128
546,176,57,125
547,179,57,125
552,178,57,127
552,179,57,126
551,178,58,128
552,177,58,130
552,177,58,130
553,178,58,129
554,177,57,130
557,175,57,131
561,175,54,131
565,174,51,134
565,173,51,134
566,173,49,134
566,174,48,134
566,177,54,129
567,175,58,132
564,174,62,131
560,173,67,133
556,175,65,131
549,172,72,134
546,175,69,130
542,176,72,130
539,177,69,128
538,177,68,127
537,176,67,127
539,176,65,126
536,174,66,128
537,175,61,129
538,175,60,128
535,174,58,131
534,176,56,132
532,176,59,131
531,176,59,132
530,175,59,132
529,176,58,132
529,176,59,130
529,175,60,130
528,176,60,130
528,176,62,129
528,178,63,129
527,180,63,126
527,180,61,126
530,178,60,129
528,177,61,130
529,176,63,131
526,175,62,130
526,178,61,126
525,170,63,134
524,170,62,136
525,170,67,132
525,176,61,129
526,171,58,131
527,175,63,129
526,173,61,134
527,173,59,129
527,175,58,130
526,174,57,131
523,174,58,131
519,175,60,130
518,175,59,129
513,172,63,132
512,170,63,130
508,173,62,126
500,171,69,129
490,170,78,131
487,164,90,143
468,171,85,142
482,168,76,142
491,175,65,132
491,177,62,135
489,177,57,138
486,175,59,137
461,171,77,133
463,165,88,147
466,165,92,146
469,165,82,144
472,173,67,131
475,172,64,135
478,171,65,143
481,169,59,147
483,172,62,143
485,171,65,144
493,165,66,147
480,178,60,132
483,172,61,142
483,172,67,142
483,177,79,134
485,176,82,138
483,145,91,170
480,143,88,171
477,140,91,174
630,169,69,136
651,176,54,121
647,173,59,127
647,171,62,131
647,171,66,129
646,174,71,129
646,172,72,127
648,171,70,130
651,169,70,127
654,170,67,127
653,172,68,123
654,170,69,125
651,172,69,125
649,172,73,123
644,172,78,122
637,176,88,119
631,174,94,121
629,174,97,121
630,175,100,119
627,170,98,123
627,171,86,120
627,169,83,123
624,166,80,126
627,167,73,126
628,168,72,124
624,170,77,124
622,172,82,121
620,176,85,118
618,178,87,114
618,176,89,117
610,172,92,122
611,169,78,123
610,171,66,120
504,172,66,128
498,171,62,122
505,167,56,131
504,167,55,128
503,168,56,127
505,167,55,128
507,167,57,127
508,167,57,128
515,166,56,125
506,162,67,128
514,166,58,125
587,163,65,123
516,166,56,124
582,164,62,124
583,164,60,124
576,162,65,125
573,164,70,123
569,165,72,122
567,165,68,122
564,166,69,124
513,166,64,128
511,165,59,130
521,166,55,129
519,167,57,125
521,167,64,125
523,166,78,126
533,166,76,125
534,168,63,119
534,163,61,125
541,167,71,122
539,168,70,128
535,159,73,135
510,157,83,144
520,149,88,150
524,150,80,149
522,154,84,144
510,161,87,138
513,154,88,147
513,149,84,151
506,155,79,145
497,166,72,134
504,166,64,131
504,162,68,133
495,173,62,122
495,167,66,127
498,163,70,130
495,165,68,129
497,165,63,130
495,163,63,132
492,163,66,134
492,160,68,135
494,165,70,132
506,165,62,133
526,171,55,127
511,164,54,136
515,165,56,134
507,163,56,135
513,166,55,133
511,164,59,133
514,164,59,134
509,161,66,138
513,164,60,135
513,162,63,138
515,163,61,136
558,167,79,131
569,172,70,122
573,164,63,126
577,169,59,121
578,168,62,123
582,168,60,122
584,167,62,123
589,169,58,122
591,165,58,126
592,167,57,124
595,165,56,128
595,165,57,126
596,164,59,127
598,164,59,127
600,163,58,126
601,163,58,124
602,163,57,124
604,163,56,124
602,162,58,125
607,163,54,122
525,169,49,125
529,159,57,136
531,160,59,139
608,164,57,129
609,164,60,124
524,171,57,128
525,167,63,132
523,170,57,131
525,169,65,130
523,168,60,131
524,165,63,135
525,164,59,135
526,165,60,135
527,166,59,134
529,167,57,133
530,168,60,132
531,168,62,132
531,168,61,132
535,167,60,133
539,166,59,133
541,166,58,134
541,166,59,134
540,166,55,135
544,166,55,130
543,167,54,131
645,164,61,128
648,159,64,131
649,156,67,136
648,156,69,137
546,169,54,130
549,167,53,127
548,168,53,129
550,167,52,124
551,167,53,127
550,167,55,128
549,167,56,130
549,167,57,131
549,167,59,132
547,166,59,133
547,166,58,131
546,166,58,131
545,165,57,131
545,166,57,132
543,166,57,134
541,167,54,127
539,167,58,127
537,166,56,128
533,166,58,130
532,165,58,130
529,165,59,131
527,165,58,127
526,166,59,129
526,166,59,127
525,165,58,128
524,166,61,128
525,166,59,129
525,167,58,129
524,167,57,127
525,166,56,127
526,167,57,127
526,167,55,125
528,167,56,126
528,167,55,127
529,166,55,127
528,165,56,128
528,164,58,128
528,165,59,127
527,164,59,129
525,163,60,131
525,163,58,130
524,163,61,130
522,162,61,131
522,162,61,130
522,162,63,129
522,162,63,128
522,163,63,128
522,162,63,128
521,163,64,127
520,163,64,129
519,163,65,130
518,162,65,134
517,162,65,134
517,161,64,132
517,161,64,134
516,160,63,134
517,160,61,133
517,161,61,136
517,161,59,131
516,161,59,135
516,162,60,134
516,162,59,131
515,163,59,133
516,163,59,130
515,163,61,134
516,162,63,130
515,160,64,132
516,159,63,134
514,158,65,135
513,156,65,137
508,157,69,135
502,159,71,132
505,158,70,136
504,159,71,135
506,158,71,136
506,156,71,136
505,158,73,133
507,158,76,136
508,157,79,135
514,156,77,136
517,155,76,138
522,155,72,137
525,154,69,139
527,153,68,139
528,153,68,141
529,152,67,141
532,151,65,142
534,151,64,142
539,149,62,143
543,148,63,140
545,147,62,143
543,148,65,145
544,147,72,139
541,148,70,142
550,147,69,138
546,148,67,141
542,147,73,145
540,148,76,141
541,148,77,143
539,145,77,144
537,146,69,142
534,143,70,146
530,143,66,146
524,144,69,148
519,144,71,145
518,144,70,144
520,145,70,141
519,145,73,140
521,145,73,138
520,146,75,139
517,146,78,140
519,144,76,143
518,142,74,143
519,140,70,144
518,139,66,148
518,141,61,148
517,140,58,149
516,139,60,148
514,138,62,151
514,140,62,149
508,139,67,148
499,138,79,148
497,140,81,146
497,140,83,146
497,139,83,147
498,139,84,147
497,140,84,147
496,139,83,148
497,138,81,149
497,136,78,150
499,136,72,149
497,137,63,148
497,139,64,146
494,138,66,147
489,138,70,147
486,136,73,147
487,135,75,145
488,135,76,146
488,135,78,145
488,136,80,144
491,137,78,143
492,136,77,146
493,136,77,150
496,136,74,150
497,137,71,150
503,137,67,150
506,138,63,149
511,138,61,151
513,138,62,149
515,138,59,148
517,138,63,150
517,138,68,151
512,138,77,152
513,136,83,151
513,136,85,153
512,136,85,153
510,138,87,151
509,136,86,152
509,137,86,151
508,135,85,152
510,137,83,151
510,137,80,150
510,138,78,149
508,135,72,152
507,138,78,150
503,135,71,154
501,137,70,149
499,137,71,149
497,136,75,150
496,134,74,151
496,135,78,153
495,135,75,151
496,136,79,151
500,134,77,151
500,131,83,154
502,132,77,153
504,130,78,155
505,129,74,155
506,128,70,157
505,128,72,159
505,127,70,159
509,127,65,157
507,131,70,156
500,128,79,160
492,128,85,159
489,128,86,158
486,128,88,159
484,128,91,159
485,127,88,160
485,128,86,161
486,127,86,161
487,127,83,161
485,127,85,162
484,128,83,160
481,128,77,159
477,130,80,159
479,129,77,159
476,130,78,162
472,128,83,161
471,128,83,161
470,129,87,159
472,128,87,158
470,128,92,158
472,127,90,159
479,127,85,157
480,126,86,160
484,125,85,159
486,123,87,161
488,124,87,161
486,124,86,162
489,122,84,163
487,121,83,164
484,121,84,161
481,122,78,161
479,121,80,162
480,121,81,161
479,122,72,160
481,123,65,162
480,124,65,160
476,123,70,159
467,123,81,161
461,120,87,164
460,120,89,163
460,121,90,162
463,121,92,162
462,122,95,162
466,122,92,162
467,120,90,164
470,118,87,165
471,118,88,166
470,117,86,166
471,116,85,166
473,115,83,166
473,116,74,165
471,117,70,164
465,118,73,163
457,116,76,163
447,115,85,162
443,115,93,161
447,115,92,162
451,118,93,160
457,116,93,160
460,116,94,160
469,115,89,163
476,115,81,165
477,114,78,168
478,112,78,169
475,112,78,170
472,113,73,168
469,113,66,166
469,114,69,166
465,114,72,165
467,114,68,166
467,114,67,168
464,115,68,166
465,116,67,168
463,116,67,169
461,116,68,168
455,115,71,169
452,116,75,170
451,116,76,168
447,116,79,169
451,116,74,167
450,117,77,167
447,115,82,169
442,115,89,170
438,115,78,172
429,117,86,171
425,114,89,173
421,112,95,180
417,103,98,208
416,78,112,238
420,62,157,258
421,59,162,262
421,60,147,261
421,61,133,257
422,61,113,261
422,65,107,255
421,65,103,260
419,66,104,255
411,69,113,255
408,68,112,257
406,70,115,253
407,69,120,254
405,70,121,255
404,72,119,253
402,73,123,251
401,74,123,252
399,72,126,253
392,73,133,249
386,73,137,245
378,73,139,245
368,71,145,244
362,76,146,242
360,72,150,246
356,76,150,242
374,86,141,234
373,85,126,232
390,92,116,222
421,104,82,213
426,112,72,201
424,116,77,191
421,116,78,188
419,118,81,185
422,119,80,181
421,118,78,180
420,119,79,182
420,119,78,182
423,118,79,182
422,119,79,181
423,119,80,179
425,120,77,174
427,119,79,176
429,121,81,174
433,120,84,177
436,123,84,180
440,123,84,180
442,125,82,177
442,124,87,182
446,124,84,181
447,127,84,177
448,127,83,179
448,127,84,177
448,127,84,180
449,127,86,183
451,126,87,187
451,127,88,187
453,126,88,184
453,129,86,183
454,131,84,183
450,135,87,187
307,144,93,191
452,134,82,193
448,139,82,193
448,141,81,192
446,148,83,189
445,153,85,188
446,159,83,185
292,195,81,168
199,149,89,219
196,159,81,212
202,163,96,213
201,167,101,213
203,173,106,214
211,178,95,214
211,174,98,222
217,173,97,221
217,171,98,221
221,182,85,215
224,179,86,213
229,183,88,208
234,184,98,208
239,183,119,212
472,174,85,198
467,174,85,197
465,168,84,200
465,168,83,196
464,169,84,195
463,163,84,199
462,160,83,198
462,160,83,198
459,157,86,201
456,153,88,202
456,152,88,203
455,150,88,204
451,149,90,205
447,148,90,207
444,148,92,207
441,147,93,206
438,147,94,206
436,147,95,206
434,147,94,206
433,146,94,205
433,146,92,205
432,147,92,204
432,147,91,205
431,148,91,204
432,147,92,204
430,148,92,205
429,147,93,205
430,147,93,206
431,145,95,208
428,144,97,209
428,143,96,211
426,143,97,211
424,140,96,214
421,141,98,213
421,141,100,214
419,142,99,213
418,141,98,215
416,140,101,216
415,141,97,214
415,139,97,215
416,140,96,214
415,140,97,216
415,142,96,215
413,140,97,218
413,142,99,216
414,140,99,217
415,139,98,217
415,137,101,219
418,136,99,220
417,135,99,221
419,134,101,220
418,136,102,220
419,134,101,221
418,134,102,223
418,134,103,224
417,134,102,225
415,133,104,225
412,132,107,227
410,135,108,225
409,134,105,227
406,132,107,230
403,133,108,228
401,132,108,230
401,132,107,229
399,131,104,230
398,131,102,231
393,129,102,233
391,130,103,232
389,128,106,233
389,129,107,232
385,126,108,236
383,129,108,233
381,131,105,233
378,129,106,236
378,128,107,235
376,130,108,233
374,131,111,233
377,129,105,236
374,129,108,236
377,131,105,234
375,126,105,240
374,134,107,232
375,124,104,243
375,126,104,239
374,126,103,242
364,126,116,241
372,120,108,246
372,121,104,244
371,121,106,246
368,120,107,245
370,119,105,247
368,117,105,250
367,117,104,250
362,117,109,251
360,120,109,247
354,117,112,251
356,116,111,252
357,122,106,246
350,122,113,248
343,119,120,252
346,123,113,248
335,121,123,252
335,121,122,252
332,124,123,249
273,163,153,210
180,159,96,208
285,171,123,197
176,155,90,217
191,159,99,209
174,153,97,223
206,160,101,212
172,152,92,222
174,153,89,220
172,152,91,221
171,151,85,224
171,153,87,216
170,152,91,219
168,153,92,219
171,152,88,220
187,153,101,222
168,153,100,225
169,154,83,224
170,152,104,219
172,151,87,219
174,149,101,218
176,154,97,214
181,152,91,217
182,151,97,216
184,150,98,222
189,149,93,224
216,142,113,233
242,116,107,263
209,117,125,261
233,116,127,267
222,115,134,270
229,113,141,272
223,113,132,271
218,117,143,269
223,116,138,267
216,116,138,269
209,119,133,263
198,141,139,243
199,117,125,265
134,214,191,171
196,120,120,265
169,202,147,183
200,138,112,243
210,138,115,245
181,130,128,257
174,123,129,263
172,144,136,241
166,116,129,272
165,131,127,255
284,156,132,209
120,148,118,237
147,122,144,269
136,120,149,270
136,119,140,269
128,115,137,273
126,122,139,262
266,144,159,219
277,152,136,213
133,122,126,266
268,157,153,209
278,159,141,204
270,164,148,194
271,166,143,197
284,171,123,190
262,177,125,186
313,166,92,195
255,177,138,181
251,173,127,195
317,163,99,194
321,169,98,185
321,171,91,178
336,169,88,182
333,174,86,171
335,173,83,170
340,167,79,178
334,158,83,187
333,155,82,189
327,155,86,189
322,149,92,191
314,148,94,196
314,147,93,192
309,145,96,198
307,142,96,196
304,140,96,202
301,141,91,199
