0.004681
0.016933
0.016773
0.019962
0.017276
0.016810
0.015738
0.018815
0.019654
0.020805
0.016107
0.018942
0.017134
0.017497
0.017117
0.016487
0.018214
0.016381
0.017018
0.017021
0.017172
0.017677
0.018611
0.017110
0.016951
0.016734
0.019476
0.017474
0.016639
0.016253
0.016178
0.016205
0.017358
0.016870
0.016032
0.016972
0.017759
0.016914
0.020965
0.017532
0.016577
0.018372
0.016494
0.018190
0.016737
0.016668
0.016193
0.018388
0.016720
0.017006
0.015691
0.018209
0.015841
0.017556
0.017391
0.017134
0.016320
0.020878
0.016334
0.018384
0.019427
0.020351
0.016610
0.018172
0.017339
0.021434
0.017101
0.016751
0.017066
0.016160
0.018685
0.017167
0.018086
0.020110
0.018398
0.016524
0.016632
0.015543
0.017465
0.016944
0.018176
0.017553
0.018032
0.016990
0.016621
0.016899
0.016008
0.016657
0.016982
0.016125
0.016128
0.018429
0.020772
0.019641
0.016616
0.016503
0.016576
0.017430
0.017761
0.020986
0.017783
0.016858
0.017270
0.018703
0.017154
0.020427
0.016475
0.017139
0.018219
0.017351
0.018016
0.018279
0.019665
0.018030
0.016336
0.015781
0.018955
0.017971
0.030882
0.016628
0.016681
0.027301
0.025934
0.016995
0.020227
0.017491
0.016501
0.018777
0.017059
0.019708
0.063335
0.020176
0.021572
0.019639
0.032495
0.018961
0.021542
0.019808
0.018141
0.018120
0.016759
0.016224
0.016643
0.016308
0.017697
0.017333
0.018523
0.017197
0.018698
0.016618
0.016575
0.017222
0.018059
0.020216
0.018405
0.017611
0.017752
0.016835
0.016934
0.017845
0.016613
0.019634
0.019934
0.016565
0.016701
0.016947
0.019644
0.016468
0.018492
0.016714
0.018689
0.017262
0.016423
0.016130
0.016566
0.021543
0.022822
0.023684
0.018288
0.020992
0.017660
0.018514
0.016876
0.019462
0.017696
0.018993
0.017203
0.019278
0.017488
0.016753
0.016533
0.017755
0.016699
0.020958
0.017514
0.017780
0.016256
0.018468
0.017153
0.022556
0.018004
0.017777
0.018013
0.017652
0.017895
0.022008
0.018196
0.017885
0.018802
0.017043
0.017732
0.017236
0.016610
0.017363
0.017558
0.017129
0.016682
0.018058
0.016248
0.016396
0.017969
0.020225
0.016970
0.018447
0.019019
0.017611
0.018239
0.017091
0.019401
0.021428
0.017759
0.016630
0.024212
0.017785
0.016017
0.016940
0.017896
0.015659
0.018465
0.015947
0.017956
0.016497
0.017666
0.018435
0.017629
0.016335
0.017751
0.021189
0.019005
0.019452
0.018907
0.017160
0.019581
0.017332
0.017723
0.017913
0.022704
0.017583
0.017173
0.018476
0.019762
0.020232
0.020201
0.017785
0.018640
0.016872
0.016849
0.017152
0.017456
0.017039
0.016843
0.018412
0.015921
0.018378
0.017282
0.016803
0.017855
0.016535
0.016120
0.021565
0.016240
0.016081
0.017312
0.016001
0.015878
0.017159
0.015733
0.016839
0.019166
0.015870
0.021010
0.016579
0.018183
0.016338
0.017819
0.017388
0.016375
0.021053
0.016177
0.020905
0.019120
0.017938
0.016836
0.021088
0.019472
0.016450
0.019346
0.017004
