288,253,90,152
254,244,86,157
242,240,74,154
227,239,66,156
215,236,64,158
211,233,60,156
209,231,65,157
206,230,71,159
207,228,73,154
204,225,75,154
198,219,78,156
191,212,75,161
181,210,74,159
170,210,69,150
163,205,69,152
160,205,61,150
155,207,57,150
150,207,57,154
145,210,59,151
139,208,64,154
131,210,70,150
125,208,74,151
118,211,76,149
108,209,81,149
100,212,82,148
90,208,83,149
82,197,78,152
73,190,75,153
67,185,74,151
66,182,68,149
56,179,69,157
60,179,63,148
50,175,70,154
41,168,67,159
14,169,73,150
1,166,62,161
0,157,51,176
0,164,45,177
0,165,42,184
0,168,42,186
0,198,48,145
3,202,59,141
14,199,63,146
33,197,54,149
27,201,62,144
23,203,64,143
19,204,67,144
8,204,76,147
2,212,80,135
5,207,77,143
2,210,75,141
0,212,75,138
0,210,71,138
0,209,68,136
0,205,63,141
0,203,56,144
1,198,50,146
2,192,49,145
6,195,54,140
5,191,53,145
4,194,54,141
7,194,67,144
9,190,68,145
5,190,74,146
3,186,67,148
1,187,57,143
10,192,72,141
1,189,73,144
5,189,69,150
5,189,66,150
13,191,62,147
13,193,60,143
12,192,67,143
9,186,72,146
13,186,74,142
20,187,75,138
9,186,84,138
9,187,86,135
6,186,86,137
3,181,61,136
3,182,72,136
0,177,61,136
2,180,69,136
2,177,67,134
8,176,67,137
13,177,65,139
20,179,62,139
16,182,66,137
16,184,66,136
10,184,69,136
9,184,68,139
4,188,66,136
0,187,63,137
1,188,60,133
0,187,53,134
0,188,50,133
0,185,43,131
0,183,43,130
0,182,42,128
0,179,45,130
0,180,49,130
0,179,57,132
0,177,57,134
0,180,58,132
0,181,51,133
0,181,50,134
0,182,48,132
0,185,48,130
0,188,50,127
2,189,53,126
3,189,58,124
4,187,68,126
6,184,71,127
13,187,72,127
25,191,62,120
29,191,63,125
38,195,60,123
43,194,61,125
42,190,64,129
45,181,61,135
43,184,55,127
36,179,60,127
34,178,58,124
35,173,55,124
34,175,56,122
35,174,58,123
36,175,58,125
40,178,62,123
39,182,67,123
41,182,69,119
49,174,72,122
62,172,74,121
86,166,68,121
117,164,57,118
134,163,56,119
147,160,58,120
157,160,64,117
167,160,63,115
160,168,66,111
169,169,58,115
168,170,58,113
163,169,63,115
174,171,56,113
172,167,59,115
185,163,53,119
196,161,51,119
206,161,49,116
218,161,45,116
219,161,49,116
215,159,53,119
210,159,57,121
208,159,54,122
204,158,57,124
199,165,59,117
197,164,59,117
194,168,61,116
192,165,60,117
187,166,62,116
186,162,61,117
187,162,59,115
194,160,53,114
201,158,51,116
214,159,50,113
228,159,48,115
197,161,47,108
241,162,52,111
249,164,52,110
246,161,55,111
243,156,56,113
241,154,55,111
241,149,52,115
239,149,49,111
237,147,47,109
237,145,44,112
235,144,46,110
232,143,46,109
229,141,48,109
228,140,46,110
227,142,47,108
230,145,48,107
232,148,49,109
232,152,51,109
229,156,53,109
228,157,53,109
228,156,51,108
226,153,49,110
227,151,48,112
230,152,48,109
233,153,50,110
239,155,48,105
236,155,53,108
243,155,49,110
198,154,48,106
239,153,52,112
235,154,53,112
233,155,53,112
234,154,51,114
233,155,50,111
229,154,49,108
228,153,46,112
227,153,46,113
225,154,47,108
225,153,44,109
228,152,45,113
233,154,44,108
243,153,46,108
250,155,46,109
253,160,47,105
262,167,47,108
273,171,46,108
285,174,45,109
295,180,43,106
306,180,42,109
318,181,41,103
325,182,43,102
328,180,41,104
324,174,46,101
300,159,50,106
294,150,50,104
301,145,47,102
309,140,51,97
324,135,51,97
351,130,50,101
351,126,48,99
358,123,45,95
370,116,42,97
383,109,41,97
415,106,40,96
437,105,41,95
450,104,43,99
449,105,44,104
451,114,46,98
456,123,44,101
452,132,43,95
446,138,47,96
452,139,43,95
452,139,45,100
453,147,44,95
457,144,39,99
458,144,37,99
452,144,42,96
449,143,42,100
380,141,43,92
444,141,42,95
437,147,48,91
434,143,49,96
435,144,46,94
432,145,46,93
433,148,44,92
428,149,42,94
438,150,38,92
441,148,40,95
441,152,39,91
436,153,42,92
434,153,41,94
433,153,42,95
435,155,42,96
431,158,43,93
427,158,42,95
423,157,47,98
420,154,48,97
428,158,42,90
431,155,42,92
431,151,44,95
438,144,42,96
439,141,40,97
440,139,37,94
441,137,35,93
437,137,39,93
436,136,38,95
437,139,37,87
436,142,38,88
430,142,42,90
431,142,41,90
426,141,44,91
427,137,41,91
426,134,41,90
426,131,39,93
421,130,43,94
413,127,44,93
424,127,38,93
422,132,38,91
418,133,41,92
421,138,37,90
374,137,37,87
419,141,39,90
421,141,36,90
415,141,39,91
417,141,38,91
414,141,41,91
414,137,39,93
413,138,40,93
412,136,38,92
410,135,39,92
411,133,39,94
408,133,41,94
408,132,40,95
404,132,44,96
405,133,42,95
404,135,42,91
406,140,40,90
406,137,40,94
406,136,41,94
405,137,40,95
406,135,39,92
406,136,39,90
404,136,40,92
403,136,39,90
406,136,36,92
403,138,36,87
401,139,37,86
396,139,41,88
395,142,42,90
391,138,44,91
393,139,43,90
393,137,42,87
393,141,35,77
393,137,34,79
391,135,35,80
389,134,34,81
388,133,33,83
389,133,34,83
388,131,35,84
388,131,36,84
386,131,37,84
385,130,37,84
385,128,36,85
384,128,35,83
383,126,35,84
382,126,35,83
380,127,34,81
379,127,33,81
377,128,34,81
379,129,33,82
376,129,35,81
377,129,34,82
371,129,37,81
371,132,35,79
373,128,36,80
368,126,36,80
368,125,34,80
365,123,34,78
362,123,34,78
362,122,32,77
358,122,32,78
358,123,32,78
355,124,32,79
354,125,34,80
352,125,36,80
351,125,35,81
350,124,36,80
349,125,37,81
350,127,35,78
350,125,34,80
349,126,34,77
347,125,34,79
346,124,35,79
421,133,40,77
421,128,39,83
418,128,42,83
417,126,43,84
416,129,44,81
416,128,42,81
415,129,40,81
415,127,40,82
416,128,37,80
416,127,33,80
414,127,34,80
411,126,37,81
409,129,39,79
406,130,42,79
404,133,43,79
454,133,37,82
452,132,36,83
401,132,40,80
447,133,37,81
398,132,38,80
396,132,37,80
394,133,38,79
436,138,42,78
433,140,43,81
432,142,42,80
432,141,41,83
430,140,38,81
429,140,37,79
428,136,35,81
381,133,38,78
378,132,38,77
377,129,38,78
376,129,38,78
419,130,40,81
418,134,39,79
416,141,37,77
414,149,38,74
369,149,39,76
414,157,37,76
413,158,35,77
413,155,36,79
413,150,36,80
412,145,36,80
409,140,37,80
409,135,37,79
406,131,38,82
358,126,42,80
362,126,35,76
362,123,34,78
360,121,33,79
361,122,32,77
359,122,34,76
359,122,33,77
359,122,35,77
358,124,35,76
359,124,36,75
359,123,35,75
358,115,36,82
357,114,36,79
356,111,35,80
355,106,33,82
353,101,33,86
352,103,31,81
349,101,34,81
348,98,33,80
346,98,35,80
343,96,37,79
343,94,35,78
341,92,36,78
340,97,37,75
338,100,39,75
334,104,39,76
337,108,35,76
376,113,38,79
336,113,34,76
335,113,31,76
333,114,32,74
332,113,31,74
325,113,38,76
328,116,34,75
321,119,39,75
326,121,35,76
319,124,39,77
325,127,34,74
322,127,35,76
322,127,33,75
320,128,33,75
323,126,30,76
321,123,30,75
318,123,31,75
318,123,34,75
315,122,35,75
346,119,35,79
314,111,37,79
312,104,34,80
343,103,33,78
341,96,34,77
343,92,32,78
337,88,36,79
343,86,33,75
343,85,34,75
344,82,33,76
342,79,35,76
341,76,33,73
334,73,36,77
337,71,33,72
365,69,36,76
425,68,39,82
464,74,38,80
422,68,37,81
466,78,39,80
467,80,38,82
433,78,33,80
433,81,34,79
476,88,36,82
473,88,36,82
471,87,37,83
428,81,39,76
428,74,37,81
426,69,39,81
462,70,41,83
423,66,36,78
462,76,37,77
423,73,32,77
422,77,33,77
423,80,33,77
426,79,38,78
431,79,37,78
431,78,38,79
435,77,35,80
433,75,36,78
433,74,35,78
432,75,35,78
435,76,32,78
433,79,31,76
437,79,33,77
448,81,31,76
451,83,32,77
449,84,33,76
448,85,34,76
446,85,36,74
446,86,37,77
445,86,38,76
444,84,39,76
443,81,37,75
441,77,34,75
437,71,35,78
436,68,33,74
434,66,34,75
433,63,33,76
432,63,35,75
431,62,35,76
429,62,34,77
432,62,34,75
434,64,34,75
435,66,38,75
436,67,33,74
435,70,32,73
434,73,36,73
433,71,30,74
432,70,31,74
431,70,28,73
429,70,29,72
426,70,30,72
424,70,32,72
421,69,34,72
421,70,34,72
420,71,35,74
419,73,35,73
419,75,34,72
422,77,32,72
425,79,31,72
428,78,31,72
431,79,30,71
429,79,32,72
428,79,31,72
427,81,30,73
426,83,30,73
424,83,30,75
423,84,29,75
421,85,29,73
421,86,27,71
420,85,29,70
418,84,27,71
455,86,35,71
508,88,35,77
547,81,38,82
601,81,43,87
599,81,44,89
598,82,44,88
599,83,44,88
539,82,42,83
596,83,41,89
536,84,40,82
593,84,39,88
532,84,41,83
529,85,43,84
528,89,44,80
526,85,44,84
526,85,48,82
522,86,49,82
522,87,47,80
523,85,51,81
526,84,50,81
529,84,50,82
532,83,45,83
533,85,47,82
590,86,40,86
588,85,40,85
586,87,39,85
587,86,37,84
592,86,36,85
595,86,36,85
598,87,37,84
596,86,39,84
595,85,40,84
594,85,40,84
593,85,40,84
592,85,41,84
591,85,40,84
591,85,38,83
534,85,43,76
595,87,37,83
596,88,39,82
538,87,46,79
598,90,37,82
598,89,39,82
597,88,40,84
598,86,41,82
600,85,42,83
603,83,43,86
609,83,42,84
611,83,41,82
557,81,42,76
557,80,39,80
557,81,40,77
557,80,38,78
612,80,37,83
611,81,34,79
612,82,35,79
614,84,37,80
630,90,38,77
674,108,40,77
737,138,40,77
799,169,39,76
829,194,41,78
841,205,43,80
752,190,42,85
668,158,41,82
609,126,37,88
584,96,35,82
582,78,37,76
608,53,38,83
632,57,40,76
651,60,41,81
610,63,45,75
575,69,31,71
581,74,32,72
622,74,43,72
677,70,40,82
677,73,38,78
676,74,38,79
675,74,36,79
674,73,35,80
619,79,41,74
677,80,32,77
674,84,35,80
673,89,37,78
670,92,39,77
668,92,40,77
666,91,41,75
666,87,41,75
666,83,39,77
665,81,39,78
665,80,36,77
663,80,35,78
666,81,34,76
617,82,40,77
625,86,43,74
629,90,42,74
634,90,44,75
637,93,45,75
637,96,44,74
638,95,45,74
682,94,42,78
638,95,43,74
682,93,39,77
683,94,35,76
682,95,34,77
638,97,39,73
679,103,34,72
678,105,34,73
677,106,32,74
676,107,31,73
674,108,34,73
671,111,35,73
630,112,34,69
667,113,38,72
667,113,38,74
668,111,36,74
668,103,35,76
667,98,35,77
666,93,31,77
663,91,33,75
662,88,33,77
659,80,36,77
654,78,39,74
650,77,43,74
652,75,39,78
660,82,34,76
623,91,34,67
627,97,34,67
627,105,36,69
662,113,38,75
629,118,32,68
661,117,33,74
660,119,31,72
658,119,31,71
657,118,29,71
660,119,30,70
663,113,30,72
663,109,33,72
663,108,37,70
662,106,40,72
666,109,40,70
664,111,40,69
661,110,39,74
656,115,36,70
652,115,32,72
648,116,32,72
645,117,32,71
641,118,33,70
640,119,33,69
641,122,32,68
639,125,32,71
637,127,33,70
636,131,33,72
635,133,33,73
632,136,34,72
630,139,35,69
628,142,35,70
627,145,34,67
623,149,36,70
624,156,33,68
622,161,32,68
619,161,33,70
620,161,31,69
620,160,31,69
617,159,32,69
615,158,34,70
616,161,33,68
615,160,32,69
613,160,34,69
612,159,35,71
610,159,36,71
608,160,35,69
606,159,34,70
597,159,37,71
591,160,38,69
583,160,40,67
575,159,38,68
570,160,39,68
567,158,39,69
565,158,37,69
563,158,39,69
562,161,36,67
564,164,35,65
564,171,32,63
563,177,29,65
562,186,33,64
562,194,32,64
560,196,32,66
560,197,27,63
