0.005980
0.018491
0.017497
0.022702
0.018375
0.017901
0.015988
0.024575
0.021943
0.018412
0.019273
0.018761
0.018049
0.020991
0.019827
0.018326
0.016206
0.015416
0.024101
0.035801
0.024980
0.020251
0.016705
0.017745
0.018241
0.022579
0.016071
0.024172
0.021749
0.020896
0.021960
0.025856
0.018698
0.021784
0.018956
0.023766
0.019180
0.032397
0.024125
0.020203
0.019289
0.022531
0.017708
0.017002
0.016799
0.016916
0.016705
0.026343
0.016958
0.017463
0.027272
0.022110
0.028283
0.016502
0.015668
0.015845
0.015683
0.015949
0.016326
0.017320
0.017256
0.020336
0.021031
0.025105
0.035550
0.040192
0.044734
0.029028
0.028994
0.041420
0.020986
0.041214
0.028175
0.057338
0.019721
0.032146
0.017862
0.029721
0.023141
0.030200
0.028399
0.025188
0.032586
0.017675
0.022508
0.041247
0.026423
0.042863
0.029008
0.053776
0.021243
0.047709
0.028022
0.034506
0.046698
0.025457
0.030051
0.024287
0.026484
0.049907
0.025471
0.036380
0.019969
0.026043
0.034194
0.019062
0.030557
0.025258
0.047366
0.024202
0.021754
0.037332
0.037619
0.046181
0.059624
0.034902
0.055408
0.021897
0.039006
0.024006
0.027526
0.028485
0.021958
0.023595
0.017330
0.026221
0.019437
0.018282
0.032402
0.017759
0.021081
0.019935
0.016688
0.015485
0.026594
0.035754
0.051687
0.020656
0.042752
0.019738
0.044012
0.041392
0.028975
0.043236
0.031111
0.051410
0.024395
0.038579
0.023905
0.052340
0.036475
0.020198
0.023015
0.018995
0.018588
0.025954
0.028062
0.019399
0.029758
0.021733
0.031063
0.023910
0.022412
0.035167
0.029162
0.036354
0.023537
0.036476
0.021516
0.023416
0.052202
0.029680
0.037688
0.041677
0.022443
0.019610
0.038819
0.045155
0.049960
0.026606
0.021089
0.048084
0.018792
0.032194
0.017968
0.032870
0.029335
0.043785
0.029125
0.063012
0.021320
0.018927
0.018593
0.019725
0.019321
0.020919
0.020662
0.038539
0.057395
0.038017
0.022498
0.018491
0.017826
0.015952
0.016064
0.020796
0.016425
0.017770
0.018754
0.018752
0.047738
0.025108
0.046224
0.039836
0.036924
0.056150
0.047927
0.037243
0.024287
0.023414
0.022008
0.055833
0.022809
0.018659
0.017449
0.020638
0.034798
0.015771
0.016763
0.018488
0.017129
0.015764
0.015553
0.015124
0.017819
0.017798
0.018136
0.032746
0.047431
0.060474
0.053248
0.057557
0.050973
0.097041
0.040910
0.062708
0.100842
0.066574
0.028082
0.053119
0.044446
0.036739
0.035844
0.020655
0.018447
0.019174
0.020360
0.015128
0.024849
0.020785
0.040628
0.022389
0.042156
0.021303
0.040618
0.022964
0.046819
0.031629
0.026996
0.018471
0.018885
0.035704
0.015525
0.016324
0.016375
0.019493
0.015175
0.020768
0.032347
0.024389
0.042365
0.045083
0.024027
0.051158
0.032923
0.039771
0.024981
0.039905
0.037897
0.022538
0.037554
0.029540
0.051153
0.022555
0.031476
0.034278
0.023458
0.022921
0.033013
0.018230
0.016866
0.028347
0.020576
0.016919
0.020756
0.024981
0.016642
0.018397
0.045924
0.021991
0.018248
0.017714
0.046535
0.020518
0.018373
0.041347
0.040557
0.037205
0.042634
0.021179
0.017407
0.018286
0.017416
0.015399
0.015454
0.016809
0.015454
0.015320
0.015219
0.015304
0.015590
0.015352
0.015114
0.015180
0.015288
0.017693
0.017931
0.016779
0.017771
0.021288
0.023960
0.019929
0.017249
0.018152
0.017076
0.018279
0.022561
0.018779
0.015421
0.015623
0.015885
0.015708
0.015228
0.015505
0.015075
0.015642
0.018096
0.015274
0.015173
0.015108
0.014909
0.015013
0.015141
0.015578
0.014856
0.015470
0.014631
0.014831
0.014992
0.015059
0.018022
0.016366
0.015202
0.018261
0.020575
0.016885
0.019443
0.016620
0.017251
0.018294
0.016491
0.017321
0.016884
0.016104
0.016330
0.018875
0.015651
0.014856
0.015050
0.015205
0.015841
0.015289
0.015307
0.015016
0.015082
0.024705
0.024651
0.020245
0.020765
0.019098
0.016997
0.019860
0.016979
0.016862
0.019631
0.024485
0.015936
0.018251
0.015132
0.015192
0.015172
0.015217
0.015756
0.015557
0.015659
0.015278
0.015339
0.015263
0.015919
0.014697
0.017514
0.015787
0.014971
0.020926
0.020167
0.018707
0.016516
0.020676
0.019898
0.016478
0.019611
0.020362
0.019924
0.017608
0.020743
0.020784
0.016418
0.017938
0.015986
0.016198
0.019685
0.015397
0.019771
0.017338
0.042366
0.025571
0.023367
0.023894
0.028415
0.018335
0.017384
0.017644
0.017911
0.020186
0.021912
0.031803
0.028013
0.019711
0.017980
0.016624
0.016402
0.015485
0.015473
0.014678
0.015084
0.015770
0.020284
0.020695
0.017061
0.015397
0.015209
0.015604
0.016206
0.016401
0.015672
0.015297
0.017758
0.016316
0.020582
0.022477
0.018729
0.017899
0.023080
0.022006
0.023565
0.032447
0.042837
0.038491
0.022126
0.018168
0.017601
0.019799
0.016000
0.015501
0.015836
0.017936
0.021878
0.019284
0.019060
0.015161
0.014910
0.017070
0.015712
0.015777
0.016042
0.019432
0.016538
0.020286
0.018743
0.029780
0.017261
0.019108
0.024598
0.023975
0.030539
0.017565
0.030509
0.026271
0.016933
0.016375
0.015971
0.017038
0.016179
0.031208
0.015281
0.015059
0.014864
0.014826
0.018471
0.025845
0.020705
0.021676
0.024693
0.032129
0.018429
0.025090
0.027383
0.020915
0.018234
0.019956
0.017193
0.018677
0.018449
0.019167
0.015843
0.016608
0.014839
0.014954
0.017500
0.018669
0.015917
0.021911
0.027415
0.023528
0.020159
0.029410
0.018283
0.020009
0.022604
0.024706
0.032187
0.020838
0.051517
0.015859
0.016801
0.016546
0.018433
0.017254
0.015342
0.014984
0.015377
0.028515
0.015613
0.015408
0.015075
0.017478
0.015377
0.017053
0.017446
0.016597
0.016914
0.016334
0.016541
0.016658
0.016387
0.017741
0.021782
0.021890
0.043022
0.018869
0.019872
0.019359
0.018821
0.031950
0.026490
0.017935
0.022279
0.019081
0.022713
0.018224
0.015538
0.015304
0.015270
0.015766
0.016031
0.016052
0.017240
0.017981
0.040972
0.022424
0.030386
0.026068
0.021143
0.019252
0.029303
0.055450
0.024391
0.019287
0.020377
0.018611
0.016248
0.016576
0.016943
0.015183
0.015082
0.015129
0.019026
0.019095
0.016386
0.015881
0.022302
0.019500
0.020243
0.019860
0.021007
0.018314
0.029609
0.024806
0.024237
0.018325
0.020877
0.016275
0.034113
0.017371
0.017653
0.015894
0.014820
0.014750
0.015840
0.014970
0.014843
0.016441
0.014940
0.018941
0.016403
0.027935
0.017710
0.016778
0.016992
0.039233
0.023397
0.018381
0.019346
0.017001
0.018203
0.018641
0.016766
0.016984
0.027147
0.019205
0.016819
0.016765
0.016960
0.016878
0.016167
0.017292
0.018891
0.022310
0.016602
0.019474
0.016511
0.015737
0.016000
0.015799
0.015787
0.015455
0.016810
0.015654
0.016174
0.040223
0.024482
0.020881
0.017079
0.020784
0.021940
0.017070
0.019229
0.018601
0.018798
0.033750
0.035572
0.023994
0.018058
0.018202
0.016738
0.016095
0.017939
0.015970
0.016223
0.018214
0.022096
0.021271
0.016857
0.015070
0.016611
0.019996
0.017021
0.017350
0.017839
0.019233
0.021065
0.041331
0.037109
0.029778
0.021177
0.021303
0.019117
0.018840
0.020180
0.015519
