89,322,39,107
90,324,41,108
86,323,44,109
88,325,45,108
86,326,45,107
84,326,47,106
84,326,48,106
85,327,47,105
85,326,46,105
83,327,44,106
86,325,44,110
82,327,42,107
82,326,44,110
78,326,42,111
76,324,45,113
70,329,44,108
66,325,49,114
72,326,43,111
70,327,45,110
69,328,47,110
67,328,45,109
65,327,48,111
66,327,47,112
66,327,47,114
69,328,46,110
71,329,47,112
71,330,47,111
70,328,46,113
71,330,45,110
71,329,45,112
72,328,44,113
71,330,44,110
72,330,42,111
72,329,43,114
69,330,47,113
71,330,44,114
67,330,44,114
71,330,45,113
68,330,44,113
70,331,44,112
70,332,41,112
71,332,41,112
69,332,41,111
69,333,43,110
67,332,44,111
70,332,42,111
69,332,43,111
68,332,43,112
69,333,43,110
70,332,42,111
72,332,42,111
71,333,43,111
71,334,43,110
71,332,42,110
73,332,41,111
72,332,41,110
73,334,41,108
71,334,41,108
70,333,41,109
72,332,40,110
73,331,38,111
72,332,39,110
72,332,39,111
71,332,39,111
71,331,40,110
71,333,39,110
72,334,39,108
71,332,40,110
66,334,44,109
74,331,37,112
69,333,44,109
68,333,42,99
72,331,34,107
71,335,33,103
73,335,35,104
73,334,33,103
74,332,34,107
74,334,39,107
75,335,40,98
77,336,42,100
74,336,41,104
79,336,39,105
80,333,36,107
76,336,41,104
75,336,40,106
75,337,38,107
81,334,33,109
78,332,36,109
84,333,37,104
81,330,35,111
77,335,35,104
83,332,33,106
78,333,33,109
80,333,33,107
79,331,32,110
74,333,38,107
74,334,36,108
72,335,36,108
78,340,34,100
67,334,39,109
61,332,42,108
66,332,43,111
53,333,46,109
61,336,45,108
66,337,48,104
76,336,39,105
68,336,43,106
82,334,37,110
82,336,41,106
76,331,48,112
78,329,38,111
80,330,39,108
88,329,32,107
91,327,32,112
88,326,37,114
91,325,37,111
91,327,38,111
91,328,39,109
90,329,40,108
92,328,42,110
91,327,41,110
92,328,39,110
95,330,37,108
95,331,35,109
93,331,36,108
91,331,36,109
87,328,38,111
84,344,39,96
84,331,41,111
83,333,38,108
84,333,39,108
80,334,40,108
78,333,43,109
77,334,43,108
78,335,45,107
77,334,42,107
78,335,40,107
77,335,38,107
78,334,38,107
81,334,36,102
84,334,37,106
86,335,36,107
87,334,35,110
88,335,34,109
86,333,38,114
86,333,37,111
85,333,37,111
82,334,38,112
80,334,39,113
78,336,37,109
76,336,40,111
74,337,40,110
71,337,44,111
68,336,42,111
70,336,41,111
67,337,39,112
67,337,35,112
63,338,36,112
67,340,33,109
66,341,33,112
64,337,35,114
66,340,33,112
65,341,35,112
64,341,34,111
65,341,34,111
61,338,36,112
61,341,34,108
58,341,37,111
54,339,39,113
51,341,41,111
51,340,42,110
47,341,45,109
46,340,45,112
49,341,43,111
50,342,40,110
55,342,38,110
55,342,36,111
58,342,37,112
55,342,39,112
61,343,36,111
56,339,37,114
59,343,35,112
55,341,38,111
55,342,40,109
53,341,41,111
54,340,38,112
50,340,44,110
49,339,44,113
48,339,44,113
47,340,43,113
45,341,43,111
44,344,45,112
45,343,44,113
44,344,44,112
48,342,41,113
42,341,41,109
51,341,35,116
50,343,32,112
47,341,36,113
48,342,35,113
46,344,36,113
36,346,43,113
34,344,45,116
32,344,47,116
32,344,49,117
35,345,46,118
43,344,40,118
48,345,35,116
53,347,35,113
53,349,34,117
57,348,36,116
61,348,45,113
65,346,46,116
68,346,44,114
72,344,48,117
76,344,47,115
79,343,47,116
79,342,43,118
83,343,44,116
83,342,43,116
83,342,43,118
82,343,44,118
81,345,47,118
77,346,49,117
68,345,56,119
64,345,61,118
57,346,61,119
53,347,56,117
49,347,50,120
51,349,49,118
46,349,52,117
39,349,44,116
64,348,44,117
103,347,47,118
110,348,48,123
105,351,45,117
97,355,52,115
82,353,53,117
79,349,40,91
107,395,36,81
72,350,33,94
58,353,43,118
60,354,37,119
58,355,37,121
53,356,42,118
47,357,43,117
44,354,43,119
41,320,46,130
34,280,51,126
32,265,44,120
27,266,50,122
22,266,50,122
15,267,55,122
10,269,53,121
6,269,49,122
0,273,53,120
1,273,47,119
0,274,41,120
0,276,37,118
0,276,36,117
0,280,35,113
0,283,32,112
0,280,41,111
14,273,60,121
44,272,58,119
77,272,53,121
105,272,56,121
137,272,56,123
132,271,59,122
139,272,48,121
136,272,51,122
137,272,48,123
138,272,46,123
136,272,46,125
135,272,47,125
132,273,50,128
130,274,51,127
126,274,50,127
124,275,49,126
114,275,55,127
108,275,60,129
102,275,65,129
101,276,60,130
106,278,52,131
106,279,48,129
103,279,49,129
102,279,46,130
100,279,46,130
92,281,52,130
87,282,51,129
88,284,49,127
82,282,50,131
76,283,54,131
66,283,56,134
66,285,50,132
56,286,55,132
55,288,53,131
54,291,53,128
44,291,59,128
43,289,51,130
46,292,44,127
38,291,49,129
31,294,56,126
34,299,52,121
23,295,56,124
20,294,51,128
11,294,45,130
24,299,54,116
42,297,54,121
82,301,56,117
95,300,53,120
115,294,56,125
111,294,54,119
110,295,53,126
112,296,46,123
108,297,45,122
102,300,46,114
96,298,46,120
89,297,46,115
77,298,54,123
74,306,57,110
106,305,52,104
118,309,61,113
165,308,52,101
176,307,55,112
203,315,58,105
190,308,45,115
190,319,46,107
216,321,52,100
203,318,54,116
171,314,48,142
165,316,48,126
165,322,44,112
155,319,51,128
153,328,54,113
145,327,54,118
139,327,55,113
134,328,52,111
133,323,50,124
125,324,49,130
115,332,54,132
119,333,51,131
109,325,48,150
103,327,49,149
95,329,52,149
87,332,48,135
66,334,63,144
63,336,55,141
68,342,59,131
57,337,52,136
88,338,49,135
43,281,60,155
36,280,57,155
30,281,54,154
30,279,49,156
28,282,45,152
29,287,45,149
28,291,37,141
43,302,54,143
56,302,55,131
73,294,57,115
108,291,45,106
96,293,46,140
90,289,54,155
99,289,53,149
83,290,59,153
77,288,56,154
71,291,63,164
65,295,60,154
54,303,57,144
60,304,44,148
112,323,49,121
130,312,54,135
128,311,58,138
166,303,63,144
154,309,56,139
140,307,63,156
137,306,58,156
129,311,69,159
130,311,58,167
119,316,61,161
117,315,56,161
115,313,54,163
105,313,59,160
114,321,58,155
99,318,66,158
92,323,59,153
83,323,56,145
72,320,63,157
68,323,62,152
64,327,67,152
61,332,57,143
54,337,56,142
42,332,57,144
28,331,59,149
27,310,74,168
23,273,59,174
4,275,66,169
1,274,66,174
0,274,51,175
0,279,47,160
34,289,56,118
58,302,56,129
75,294,52,118
59,285,63,154
127,287,58,125
124,301,52,140
70,283,67,161
49,286,73,167
43,282,71,170
28,281,68,182
29,283,58,182
54,286,62,147
69,287,62,182
94,293,67,158
117,288,65,158
146,288,59,177
165,283,58,166
155,278,55,183
138,281,61,172
124,287,70,173
121,285,59,166
113,286,55,182
104,286,55,181
96,288,49,161
84,300,58,153
68,291,65,176
57,295,65,175
51,292,58,177
43,294,56,174
35,297,54,169
67,302,72,156
75,295,59,147
141,313,55,161
160,314,64,144
179,305,58,132
100,296,75,165
104,304,64,150
96,306,67,163
123,317,54,133
75,312,60,163
72,307,58,171
58,309,53,154
44,308,50,159
33,307,57,162
14,306,58,171
8,307,55,169
31,310,56,140
49,308,55,172
74,306,72,134
79,310,72,132
111,310,60,143
132,315,56,150
173,347,62,133
198,314,69,161
196,310,65,150
216,312,61,164
258,307,64,158
264,304,58,168
294,324,65,156
325,336,67,139
357,332,53,143
375,329,49,123
378,327,49,130
338,315,71,156
332,310,64,156
328,313,55,149
321,324,54,141
298,330,58,141
282,318,57,151
264,311,57,145
254,305,57,159
230,312,67,164
218,319,59,152
205,314,63,160
199,314,58,158
188,311,52,147
170,311,61,163
158,303,69,160
144,315,70,158
130,313,68,158
116,310,62,153
124,311,58,161
139,315,60,165
154,320,60,155
171,342,58,138
198,332,59,142
202,330,71,150
213,325,73,144
236,322,82,158
276,311,62,129
279,354,76,126
311,316,71,160
335,313,61,167
356,318,60,162
379,320,54,156
390,321,66,157
402,358,60,122
417,352,65,128
434,313,67,148
461,330,67,146
482,330,57,132
490,342,55,119
486,345,47,126
474,354,47,114
465,354,45,113
446,344,50,126
431,341,51,130
442,311,69,132
445,342,52,130
463,331,53,118
490,343,49,116
513,319,56,130
535,331,59,136
566,296,60,177
568,281,58,145
572,304,58,176
562,309,58,163
546,315,58,156
550,315,66,151
515,323,67,143
534,306,63,156
509,298,71,164
517,295,61,164
461,335,61,140
452,304,66,168
480,294,59,161
422,343,61,132
418,315,64,147
407,312,58,152
419,303,73,165
377,315,63,149
407,301,63,148
394,293,62,161
330,307,56,122
322,309,63,163
359,293,66,158
326,289,69,171
330,283,57,180
314,289,63,170
301,289,66,178
287,284,71,167
