655,267,27,35
657,263,23,42
658,262,23,42
658,263,25,42
659,263,25,42
659,262,25,41
660,262,25,41
660,262,25,41
660,263,27,40
661,263,27,40
661,262,27,41
662,263,26,41
662,265,27,41
663,264,26,39
665,264,25,41
664,264,26,41
666,262,27,40
666,263,26,41
667,261,26,42
668,264,26,42
668,263,26,41
670,264,26,39
671,265,26,39
673,263,26,40
674,264,26,39
674,263,27,40
677,264,27,38
679,263,25,40
679,262,25,40
679,260,26,43
678,260,26,42
678,261,26,41
679,261,27,41
679,261,28,41
680,262,28,41
682,259,27,44
683,260,28,43
682,262,29,41
683,262,28,41
684,262,28,40
686,260,27,41
685,262,29,40
687,262,27,39
689,261,28,41
688,261,30,40
690,261,29,41
690,262,29,41
690,263,30,39
693,261,28,40
692,261,27,41
694,262,27,41
694,261,26,41
693,262,28,40
696,261,26,41
694,261,28,41
697,263,26,40
696,261,27,42
695,261,28,41
698,261,28,42
698,262,26,42
698,260,26,43
700,261,27,43
700,261,26,44
702,260,26,44
703,260,25,44
704,260,26,43
704,260,25,43
705,261,24,42
706,261,24,42
706,262,24,41
706,262,24,41
709,261,24,41
709,260,25,43
710,260,24,43
710,260,25,43
711,260,24,42
711,260,25,42
713,260,24,42
713,260,24,42
714,260,25,42
713,260,24,40
711,262,24,40
712,262,26,41
712,262,26,42
712,262,28,43
712,263,26,43
711,261,28,43
712,262,29,43
711,262,27,43
712,262,29,44
711,262,31,43
711,262,31,44
712,262,31,43
711,261,33,44
712,261,33,44
712,262,33,44
712,262,32,44
712,261,33,45
714,260,33,44
715,261,33,44
715,260,34,45
716,261,34,43
716,260,33,44
718,262,32,43
718,261,33,44
719,261,33,43
719,261,32,43
719,261,33,44
720,260,33,44
722,260,32,46
723,260,33,44
724,260,30,42
724,260,31,44
725,260,31,44
725,261,30,42
726,259,30,44
726,259,29,44
686,253,34,46
683,254,38,47
686,254,35,46
687,254,35,47
687,255,35,46
689,256,35,46
689,256,34,45
690,255,33,47
689,257,35,43
693,256,32,46
692,256,34,47
691,256,35,47
691,256,35,47
691,255,36,46
691,256,36,41
693,256,34,44
693,256,34,46
693,255,34,47
692,256,34,45
694,255,32,47
696,254,32,47
696,255,31,45
697,255,31,46
698,256,30,46
697,255,31,48
698,255,30,49
698,257,30,48
699,257,30,47
701,258,28,46
703,257,27,45
703,257,28,46
704,257,27,44
703,257,29,47
704,256,29,45
705,257,28,47
706,256,28,48
706,256,28,50
706,257,27,47
707,257,27,48
708,257,26,47
708,257,26,46
707,258,26,46
707,257,26,46
710,257,25,46
710,257,25,45
710,257,25,45
710,258,25,45
709,257,27,47
711,256,27,49
710,258,28,46
712,258,27,46
713,258,27,48
714,258,27,48
714,257,28,48
713,258,28,50
713,258,28,49
713,258,28,48
715,259,28,47
716,259,28,47
717,257,29,48
718,257,28,47
722,259,28,48
726,257,29,49
748,258,39,48
750,258,41,48
751,257,41,49
751,257,42,49
753,257,41,50
754,258,41,50
755,257,41,50
756,257,40,49
758,257,38,49
760,257,38,50
760,257,38,49
760,258,38,50
759,258,39,49
763,259,36,50
762,258,38,50
761,258,39,50
764,258,38,49
763,257,39,49
766,257,38,49
766,258,37,49
768,257,35,50
766,258,38,49
769,258,35,49
771,257,32,48
771,256,33,49
770,257,35,49
770,257,36,49
770,257,36,48
770,257,35,48
769,257,37,49
769,257,37,49
769,257,37,49
769,257,38,48
769,257,39,50
768,257,39,48
769,256,39,48
771,256,38,48
771,256,39,48
772,256,39,49
773,256,38,49
774,256,38,50
775,255,38,50
775,256,37,51
776,255,37,51
776,255,37,50
777,256,37,51
777,255,37,52
777,256,36,50
778,256,36,50
777,256,37,50
778,255,37,51
777,256,38,51
778,256,36,52
779,256,37,53
778,256,37,54
779,255,37,53
780,257,37,52
779,255,38,52
779,256,38,50
780,256,37,50
781,256,37,50
781,256,37,50
782,256,37,50
783,257,35,50
784,256,35,49
786,257,34,50
787,257,33,51
787,256,33,49
788,257,32,49
789,256,33,54
789,256,33,50
792,256,31,51
793,255,29,53
794,255,29,52
797,255,27,52
798,255,26,52
797,256,26,51
799,256,25,51
798,257,26,51
798,256,26,51
799,257,26,50
799,256,26,51
798,256,27,51
798,256,27,51
798,256,27,49
798,255,28,51
797,256,28,51
796,255,30,50
797,255,30,53
796,254,30,54
796,255,31,54
796,255,31,53
795,255,31,55
796,254,31,53
795,255,32,53
795,255,32,51
794,256,33,50
794,255,33,51
794,255,33,52
794,256,33,52
794,256,33,52
793,256,34,51
793,257,34,49
793,257,33,50
793,257,34,49
793,258,34,50
790,257,36,50
791,257,35,50
790,257,35,50
790,257,36,49
790,258,36,49
790,257,36,49
789,258,37,48
788,258,37,48
788,258,38,49
788,259,39,49
789,258,38,48
789,258,38,49
787,258,40,49
785,258,42,47
766,258,59,48
769,259,58,47
770,258,58,48
770,257,56,49
772,257,55,48
772,258,54,48
774,257,53,48
774,257,53,48
774,257,54,49
773,256,53,49
772,255,55,50
773,256,54,49
772,255,54,50
773,256,55,49
771,255,55,50
772,256,55,50
773,255,55,51
772,256,55,50
774,256,54,49
773,255,55,50
772,254,55,51
774,255,54,49
773,256,54,50
774,256,53,50
773,256,54,49
776,256,52,49
776,255,52,50
777,255,51,51
777,256,49,50
778,256,49,51
783,256,43,52
788,256,39,51
787,257,40,52
786,257,41,52
784,257,42,53
785,257,42,53
783,258,42,50
783,257,43,51
783,257,43,53
783,256,43,52
783,257,42,54
782,257,43,52
782,256,42,52
782,257,42,52
782,257,43,52
782,257,42,51
782,257,44,51
781,257,44,50
782,256,44,51
781,256,44,51
780,256,44,49
781,256,44,50
781,256,45,49
780,256,45,48
781,255,45,50
781,255,45,50
781,255,45,50
782,255,45,51
782,255,45,50
783,255,45,50
782,255,43,48
780,255,43,47
768,254,44,47
766,254,45,48
766,253,45,51
764,253,46,50
762,253,48,50
762,253,48,52
760,253,48,50
761,254,48,50
760,253,49,53
761,253,47,55
758,253,50,52
760,252,47,50
759,253,47,49
758,254,47,50
758,253,46,49
758,254,46,49
759,254,46,49
759,254,45,50
760,254,45,50
759,254,45,49
760,255,43,48
761,254,43,49
762,254,41,50
761,253,42,51
762,253,40,49
763,253,39,51
761,253,41,49
761,254,39,49
764,254,38,48
762,253,39,49
762,254,38,49
764,255,36,49
763,256,36,50
762,255,37,50
764,255,36,49
763,254,36,50
763,254,36,50
763,254,36,49
764,255,35,50
765,254,34,51
767,254,33,50
766,254,33,51
766,253,34,50
766,253,34,52
767,254,34,51
768,253,33,52
768,253,32,51
769,254,31,52
769,254,31,51
768,254,32,51
768,254,32,53
768,255,32,52
769,254,31,52
768,253,32,55
769,254,31,54
768,254,31,53
768,254,31,54
768,254,31,54
769,253,31,53
768,254,31,55
768,255,31,52
767,255,31,52
767,255,32,52
766,255,31,53
766,254,32,52
764,255,34,53
764,256,34,52
764,255,34,51
764,255,34,52
764,256,34,52
763,256,35,51
764,256,34,50
763,256,36,50
763,256,36,49
762,256,37,51
761,256,36,50
760,256,36,49
760,256,37,50
759,256,37,50
759,255,36,50
758,255,37,51
758,255,37,50
759,255,36,49
759,256,36,49
759,256,36,50
758,256,36,49
758,255,36,49
758,256,36,48
759,256,35,47
758,256,35,49
759,256,35,48
757,256,35,49
757,255,36,50
756,255,36,49
757,256,36,49
757,256,35,49
755,256,36,48
754,256,37,49
754,256,37,49
756,256,37,50
755,257,37,48
754,256,38,49
753,255,38,52
754,255,37,51
754,255,37,50
754,255,36,50
751,255,38,50
753,254,37,49
752,254,37,49
753,255,36,48
750,255,39,49
751,255,38,49
750,255,38,50
751,254,38,51
749,256,39,51
749,256,39,53
747,256,40,53
745,256,42,53
745,257,42,55
744,255,42,56
743,256,43,54
742,257,44,53
742,256,43,53
741,258,42,52
739,257,41,52
737,258,42,51
736,257,43,51
733,258,45,49
732,258,45,50
732,256,46,52
731,257,46,53
730,254,45,54
730,255,46,53
730,255,46,52
730,255,45,52
730,254,45,54
731,255,44,53
731,255,44,54
732,254,44,53
734,253,43,55
735,252,42,53
736,251,40,54
736,251,38,52
740,251,37,52
732,251,38,51
728,252,37,51
724,250,37,51
724,250,33,54
722,250,35,54
723,250,34,55
719,251,35,53
718,251,33,55
717,248,33,55
711,249,34,57
705,251,33,53
700,251,36,55
699,251,36,54
698,251,36,54
696,251,38,53
695,251,38,53
695,251,37,56
693,250,40,56
692,251,41,56
691,252,43,53
689,254,40,50
683,253,40,52
676,253,41,53
675,254,40,50
675,250,39,54
673,252,42,52
671,250,43,52
672,251,42,51
670,251,43,52
669,250,45,54
668,251,45,53
668,251,44,53
668,250,43,52
668,251,42,51
667,250,43,51
667,252,42,49
666,252,41,49
665,252,41,50
664,251,42,52
661,251,43,52
659,252,46,51
653,253,51,51
651,253,52,51
652,252,52,52
650,252,51,53
650,251,51,54
650,251,52,53
650,251,50,54
649,252,49,53
650,251,46,54
649,251,46,54
650,252,45,51
649,252,45,52
648,252,44,52
647,252,46,53
648,252,42,53
647,252,43,53
647,252,42,53
648,252,42,53
649,252,39,53
650,252,38,53
651,251,37,53
651,253,36,53
652,252,36,53
652,252,34,53
653,252,34,53
653,252,33,54
654,253,33,53
654,253,32,53
656,253,31,54
656,252,30,54
655,254,31,53
655,253,31,52
652,254,33,54
655,253,32,53
653,255,32,53
653,253,32,54
653,252,32,55
653,254,32,54
654,253,31,54
653,253,31,55
652,253,32,55
650,254,32,54
650,255,31,53
651,254,31,54
650,256,30,52
648,256,31,52
647,254,31,52
647,254,31,53
647,255,31,53
647,256,30,51
645,256,31,52
646,256,30,51
644,255,31,52
645,256,31,51
643,256,31,51
643,256,33,50
641,255,33,53
641,254,34,54
638,255,34,53
638,257,35,49
637,254,36,51
636,256,36,52
634,255,38,54
630,255,41,55
629,255,43,53
629,256,42,53
628,257,43,54
628,256,43,54
627,257,39,52
626,256,37,53
626,254,37,54
625,256,37,54
625,254,37,54
625,255,37,53
625,256,36,53
626,254,35,53
626,255,36,54
624,255,36,53
623,253,37,54
623,253,37,54
622,254,38,53
622,253,39,52
621,253,39,53
622,252,39,53
621,253,39,53
621,252,39,54
622,253,38,53
623,252,38,53
622,254,38,53
623,253,39,54
622,253,38,54
623,253,37,54
623,254,35,54
625,252,33,55
627,253,34,54
626,251,31,55
629,252,31,56
629,251,29,56
630,253,28,55
630,252,27,56
630,251,27,57
630,252,26,58
629,252,27,57
629,251,27,58
627,252,27,57
627,252,28,57
626,252,28,56
625,252,28,57
624,253,29,57
623,254,29,56
623,253,30,57
621,253,31,57
618,255,32,55
619,254,32,56
616,255,34,55
616,253,34,55
615,253,35,55
613,255,35,54
615,255,34,54
614,255,34,53
611,256,37,54
612,255,36,53
611,256,36,53
611,257,35,52
612,257,35,51
611,258,36,50
610,257,36,51
611,257,35,51
611,258,35,51
611,257,34,51
611,257,35,52
612,256,34,52
612,257,34,51
611,258,34,51
612,257,33,50
612,257,32,51
612,257,32,51
612,257,31,51
612,257,31,51
614,257,30,51
613,257,31,52
615,257,29,52
613,256,30,52
613,258,30,50
613,256,29,52
612,257,29,51
611,257,29,52
610,258,28,51
611,258,29,51
608,258,31,51
608,258,30,51
606,259,30,50
605,257,31,52
604,258,32,50
603,256,32,51
601,256,32,53
601,255,32,51
601,254,31,53
602,255,31,53
601,256,31,53
600,256,32,54
600,254,32,54
600,255,31,53
599,254,32,54
599,255,33,52
598,256,32,53
598,256,33,53
597,256,32,53
597,255,33,56
597,256,33,54
597,255,33,56
598,256,32,55
597,255,31,54
598,255,31,53
598,256,31,53
595,255,32,54
596,255,31,53
595,255,31,54
595,255,31,53
595,255,30,53
594,255,31,54
593,254,32,54
592,255,32,54
592,255,31,54
591,253,31,54
592,254,32,55
591,253,31,55
591,254,31,54
591,253,31,55
590,253,32,56
589,253,32,56
590,253,31,57
589,254,32,56
589,254,32,56
589,253,32,56
589,253,33,57
588,254,33,56
587,253,34,56
586,253,33,57
586,253,35,57
585,253,35,57
584,254,35,57
584,252,35,58
582,254,36,58
582,253,35,59
582,254,35,59
582,252,35,59
583,255,35,57
582,253,34,58
582,254,36,55
582,254,35,56
581,254,35,55
580,253,37,56
580,254,36,54
581,251,36,56
581,251,38,55
581,251,38,55
580,250,38,56
530,262,37,47
529,263,39,45
527,263,41,45
501,270,32,45
500,271,30,45
503,271,28,44
505,271,28,43
506,271,27,43
506,270,28,42
505,271,30,41
505,271,27,42
505,271,27,42
504,272,28,43
506,271,28,42
507,273,29,43
507,273,26,43
511,275,25,40
509,275,24,40
512,275,24,40
513,277,24,42
513,277,26,41
514,276,26,43
514,278,26,39
516,278,24,40
518,276,25,43
518,276,27,44
518,277,26,43
519,278,26,44
518,280,28,54
517,279,29,53
519,279,29,52
521,279,29,50
523,279,26,44
524,281,26,51
525,279,28,48
524,281,27,50
526,283,27,49
526,280,29,51
526,282,27,49
527,282,28,51
529,284,30,51
533,279,31,56
570,253,38,57
568,252,46,62
566,252,47,62
566,251,46,64
565,251,47,64
567,251,45,64
566,252,44,62
565,252,44,62
565,253,45,60
564,252,45,61
566,251,44,63
564,250,44,66
567,250,42,65
566,248,42,68
565,249,42,68
566,248,42,69
566,248,42,69
567,248,43,70
572,247,43,68
576,245,44,70
584,247,42,68
596,246,43,69
607,247,41,65
624,248,43,65
632,248,44,65
648,245,39,68
657,246,38,69
663,248,38,65
665,248,35,66
662,247,36,68
663,250,34,64
661,250,34,64
663,249,44,65
663,247,46,67
664,249,43,64
665,252,44,65
666,249,44,66
667,251,44,65
673,251,40,65
653,249,38,65
655,248,37,64
657,246,35,65
657,248,35,65
656,247,35,65
655,249,36,66
653,247,38,69
652,249,38,74
655,247,37,73
655,249,38,72
686,256,39,57
687,259,37,56
688,259,38,53
692,260,45,52
689,260,45,52
687,261,52,48
689,260,48,53
689,261,49,52
689,260,49,53
690,259,49,53
689,259,50,52
688,260,50,51
690,260,48,51
690,261,48,48
690,261,46,49
691,262,45,49
692,261,46,49
694,263,42,49
640,256,39,62
635,255,43,63
637,255,42,63
637,256,40,62
636,253,44,65
634,253,46,65
634,253,46,65
634,253,47,65
636,252,44,66
636,252,45,65
636,252,44,66
639,251,43,67
638,252,41,67
641,249,40,68
644,251,37,66
648,248,33,65
650,248,29,65
652,247,29,67
654,250,31,64
648,250,33,65
644,247,34,68
650,249,30,65
647,250,33,64
646,250,32,63
651,249,27,61
650,251,27,62
650,250,27,61
648,251,27,65
648,253,27,63
645,254,27,62
646,256,30,61
645,252,28,64
642,251,31,68
643,251,30,68
645,249,28,65
640,254,32,68
639,254,33,66
638,253,33,67
636,253,34,68
636,251,35,71
637,251,34,69
637,248,34,73
640,255,32,61
638,252,32,60
632,254,36,60
632,250,36,64
629,252,38,67
635,248,35,67
630,248,38,69
629,251,39,67
626,249,41,65
626,249,43,67
624,248,43,67
624,247,44,69
624,247,44,70
625,247,42,71
629,247,40,68
633,247,36,70
635,245,33,68
632,248,37,64
633,247,36,65
631,246,38,67
633,247,35,68
632,248,36,67
631,248,38,74
631,248,35,74
630,247,36,77
631,246,36,79
631,246,35,79
686,262,30,51
685,264,30,51
684,264,32,49
685,263,33,51
683,265,35,50
682,264,36,48
682,264,38,49
682,266,38,48
682,265,40,49
681,264,40,50
681,263,41,50
681,264,43,49
681,263,42,50
681,263,43,52
680,264,44,52
682,264,41,51
685,264,41,50
683,264,42,51
684,263,39,52
686,264,41,52
687,262,38,52
688,264,37,51
689,262,37,53
688,264,37,51
690,265,37,49
688,263,36,51
697,273,34,43
700,274,32,41
707,275,27,41
709,275,25,39
709,277,26,39
712,276,24,39
710,276,25,38
712,276,23,38
712,275,23,38
714,274,23,40
714,277,23,38
715,276,23,38
716,278,23,39
714,277,23,38
719,278,23,37
717,276,24,39
717,276,24,38
717,276,25,39
718,277,24,38
719,277,25,37
720,276,25,37
720,277,25,38
720,277,25,36
720,276,24,38
721,277,24,38
720,277,25,37
722,275,24,37
721,275,24,38
723,276,24,38
723,275,24,39
723,275,24,38
724,275,25,39
725,276,25,38
726,278,25,37
726,276,24,38
726,277,25,39
727,276,26,40
727,276,27,40
770,267,30,49
771,267,30,48
770,267,30,47
771,266,30,49
770,267,31,50
771,267,30,51
771,267,31,52
770,267,30,52
771,267,30,51
770,266,30,55
771,268,30,52
771,269,30,52
772,268,28,50
772,269,28,50
772,269,28,50
773,269,28,52
773,270,27,50
772,270,29,51
773,270,27,50
773,269,29,51
772,268,27,55
773,269,27,50
773,268,26,52
773,268,28,53
772,267,26,51
773,268,28,51
772,267,27,52
772,268,28,52
773,267,28,52
773,267,28,51
772,268,28,50
773,266,29,51
773,267,29,50
773,267,30,50
772,266,30,50
772,267,30,50
772,267,30,49
772,268,30,51
773,267,30,50
772,267,30,49
773,267,30,48
773,268,30,50
772,268,29,49
772,268,28,49
773,268,28,49
772,269,28,50
772,269,27,48
772,269,27,49
773,270,27,50
773,268,27,51
773,268,28,51
773,269,27,51
774,269,27,50
774,270,27,49
774,271,27,49
773,272,27,50
773,273,27,46
773,274,27,46
772,273,28,45
772,272,28,48
773,272,27,46
772,273,28,45
771,273,28,45
772,273,29,44
769,273,30,44
770,274,30,46
764,274,34,43
761,274,35,43
750,272,41,44
750,273,44,44
749,273,44,45
750,272,43,44
750,271,42,45
751,272,40,44
752,272,41,44
753,271,39,45
752,271,39,44
753,272,39,43
753,272,39,43
753,272,38,43
754,272,39,43
754,271,36,43
754,272,37,45
754,271,35,44
755,271,36,46
754,271,35,46
755,272,34,45
755,272,32,44
755,272,31,43
753,271,31,47
753,271,31,43
752,270,30,46
753,270,31,44
752,271,32,46
753,270,32,44
751,270,31,45
750,271,32,45
747,270,31,44
736,271,33,45
725,270,34,46
723,270,34,46
723,270,34,48
724,270,33,47
725,270,31,47
718,266,37,46
708,263,40,45
697,262,35,44
675,261,35,45
658,259,37,46
643,257,39,46
627,257,42,48
614,257,43,47
608,256,42,48
602,258,44,49
596,260,43,50
593,261,43,48
591,260,42,50
589,255,42,54
588,249,42,53
589,243,41,51
587,240,42,49
582,235,44,51
578,234,42,51
575,233,41,52
574,232,43,52
574,232,43,51
571,235,44,47
568,237,45,47
566,240,43,49
564,243,43,48
563,245,42,47
564,245,41,49
567,245,39,50
567,243,40,50
566,242,41,48
566,242,40,48
564,241,41,48
564,242,40,48
565,246,40,48
562,249,43,50
560,252,45,48
562,256,43,54
560,260,43,52
562,263,43,50
578,264,30,51
583,265,31,47
582,265,32,45
586,264,28,44
584,264,29,47
583,264,32,46
586,264,28,48
581,266,31,45
576,264,36,48
583,264,33,48
580,264,35,48
584,265,32,48
580,265,35,46
579,264,34,47
567,265,28,46
567,265,28,44
566,265,28,45
565,266,28,44
565,266,27,43
564,266,27,44
565,266,25,43
564,267,26,43
565,266,26,44
565,267,25,45
565,266,26,43
564,267,26,43
563,268,26,44
565,267,25,42
564,267,25,43
564,267,26,42
565,266,25,41
563,266,25,42
564,266,26,41
564,266,26,42
564,265,26,43
563,265,26,44
565,265,27,43
588,265,31,43
590,266,31,43
590,266,31,42
589,265,33,43
589,265,33,41
563,263,27,45
563,263,28,45
562,262,29,46
563,262,27,46
563,262,28,47
563,262,28,47
562,261,29,49
562,261,29,48
562,261,29,47
562,262,29,49
562,261,29,48
585,264,38,44
583,263,40,44
561,263,29,47
561,262,29,48
562,262,28,46
563,263,28,46
563,263,26,45
562,263,28,46
564,264,29,45
571,264,35,44
574,264,36,44
564,265,29,43
585,266,35,43
593,264,43,43
602,263,43,43
593,264,40,43
607,264,36,44
615,264,35,42
602,263,26,44
609,266,27,45
625,264,35,43
631,269,35,40
639,268,33,40
642,267,34,41
649,268,33,42
647,267,35,41
651,267,31,40
655,268,29,39
653,269,29,38
655,271,29,37
658,271,27,38
636,269,23,41
636,267,24,44
637,267,24,43
635,266,24,46
636,267,25,47
635,268,23,44
634,267,24,45
634,266,23,44
633,267,23,43
632,269,23,42
632,269,23,43
633,270,23,41
630,270,24,42
629,273,24,40
628,272,24,41
626,273,25,41
625,274,25,40
625,274,28,41
658,270,29,43
658,272,30,39
658,272,30,38
659,273,29,39
658,272,29,38
657,272,29,39
658,273,27,39
658,273,28,39
659,272,27,40
660,272,29,40
663,273,28,37
667,272,28,39
672,272,29,38
682,272,30,37
692,271,28,37
697,273,28,40
700,273,29,39
702,272,29,40
702,274,28,37
703,272,29,39
703,272,28,40
704,271,29,38
705,269,28,39
705,269,29,39
705,269,28,39
704,268,29,39
707,269,29,40
656,259,36,50
660,260,35,50
683,260,35,49
692,261,36,47
704,259,35,49
697,262,42,48
692,263,44,51
694,258,47,54
690,266,42,47
693,261,46,51
692,261,43,51
691,262,41,52
692,261,40,53
721,257,29,45
720,257,32,45
718,259,30,44
717,257,28,45
711,257,29,46
710,257,28,45
709,258,27,44
708,259,29,42
707,258,29,43
705,258,29,43
704,258,30,44
703,258,29,43
702,257,33,45
717,259,33,48
708,262,40,46
708,259,39,49
701,260,39,49
701,259,38,50
696,262,39,46
696,261,35,46
692,260,38,47
692,260,37,46
689,260,37,47
687,259,38,48
688,259,35,48
687,262,34,45
687,260,33,47
685,260,35,48
683,260,35,48
683,263,35,45
680,260,38,48
682,260,35,48
684,261,34,47
682,260,36,48
683,262,33,46
685,261,32,47
681,261,35,46
682,262,32,47
680,263,32,46
679,262,33,47
678,263,33,46
679,261,34,47
677,259,36,50
679,255,38,53
676,256,38,52
677,256,39,51
675,258,40,53
677,252,40,58
676,255,42,59
675,253,43,58
673,253,46,59
675,254,42,57
674,257,42,55
674,254,45,56
674,261,40,51
675,254,46,55
674,259,43,52
677,256,41,52
675,257,45,53
679,259,41,50
679,261,40,51
633,256,33,59
631,257,30,57
630,260,31,54
630,260,29,53
629,262,28,52
629,263,29,52
628,261,30,54
627,262,29,53
627,259,30,55
626,258,29,56
624,254,29,60
623,259,30,56
622,254,30,58
619,258,30,55
619,258,31,55
617,259,31,53
617,260,31,54
617,258,29,54
616,257,29,58
616,261,32,53
617,255,29,56
616,256,29,56
615,255,29,54
615,258,30,53
614,256,30,53
614,255,29,52
614,256,29,52
614,254,28,54
613,254,28,55
615,252,28,57
613,253,28,58
614,252,30,57
613,252,28,58
612,252,29,57
613,252,29,58
613,252,27,58
613,253,29,58
614,255,27,55
614,254,26,54
614,255,27,58
614,257,26,53
614,255,27,59
614,255,27,58
615,255,27,58
614,256,28,60
614,258,28,56
614,257,27,56
614,257,28,57
613,258,28,56
614,259,28,54
613,256,28,57
613,259,29,53
612,257,30,56
611,258,30,55
611,256,30,56
610,257,31,55
610,259,32,54
609,255,31,59
608,255,31,58
607,259,31,56
609,258,30,58
608,260,32,55
638,268,34,46
604,256,33,59
605,258,32,59
605,259,32,57
603,256,31,62
603,256,31,63
603,257,31,61
602,259,32,61
602,258,32,62
600,259,32,62
598,260,33,63
600,257,31,64
598,258,32,65
600,258,32,65
599,258,31,66
632,268,34,48
631,268,37,49
630,267,37,49
631,266,36,50
668,265,25,43
670,267,24,40
666,268,26,39
666,266,25,40
665,265,25,42
664,265,26,40
663,265,26,41
662,265,26,41
662,265,24,39
660,266,25,40
660,265,25,41
659,266,24,41
658,266,25,41
657,265,26,41
656,266,26,40
656,266,26,43
656,267,27,42
654,267,26,41
653,268,27,41
653,268,27,42
650,269,27,41
649,270,28,41
650,269,27,41
648,270,29,41
648,270,29,41
649,269,29,41
649,269,29,43
648,269,29,42
649,270,28,42
648,269,29,46
648,270,28,44
647,270,29,42
649,270,27,42
649,271,27,41
647,270,27,43
648,269,28,43
648,269,29,45
647,269,30,44
644,269,32,44
645,270,32,45
647,268,30,44
648,267,30,44
647,267,31,44
646,267,32,46
647,267,32,47
646,267,34,45
645,268,35,44
645,267,34,45
646,268,34,45
645,267,36,45
646,268,36,44
642,268,39,46
640,268,40,47
643,267,38,47
645,268,37,46
644,269,39,46
645,268,38,46
647,267,37,45
649,267,35,45
650,266,35,45
653,265,31,44
652,266,31,44
652,266,32,43
652,265,32,45
653,266,32,45
649,265,37,46
649,266,37,46
650,265,35,46
653,265,34,45
650,266,36,46
651,265,35,46
648,266,38,48
650,264,36,48
650,264,36,48
650,265,36,48
650,265,37,47
649,264,38,47
647,265,39,47
650,265,38,48
650,265,36,47
651,264,36,46
649,264,38,48
651,265,35,47
651,266,35,47
651,265,35,47
652,265,34,46
652,266,34,46
653,267,33,46
653,267,32,46
654,266,31,45
654,267,30,45
655,267,30,44
654,268,30,44
653,268,30,43
653,268,29,44
652,268,30,45
653,268,28,44
652,268,28,46
654,267,27,45
653,268,27,48
652,268,28,45
651,268,29,48
651,268,27,45
650,269,27,47
650,269,27,46
650,268,26,47
649,269,26,48
648,269,26,47
651,270,26,46
652,269,26,46
655,268,26,46
655,268,24,46
655,269,25,45
655,270,25,43
654,271,24,43
653,272,25,42
651,271,24,43
651,271,24,43
651,271,26,43
650,271,26,43
647,271,27,45
646,271,25,44
648,271,24,45
653,272,25,44
663,271,24,44
670,272,24,44
676,272,25,44
680,273,26,43
685,275,26,42
685,274,25,43
686,274,24,40
687,274,26,44
685,276,26,44
682,276,26,42
684,275,27,43
686,274,27,45
688,274,28,45
689,274,27,45
691,274,27,46
692,274,26,45
690,275,27,45
688,274,28,44
684,275,30,45
687,273,27,44
683,275,29,46
683,275,29,46
683,275,30,43
683,275,28,42
686,275,28,42
682,276,27,42
682,275,28,42
680,275,30,42
679,274,32,43
676,273,32,44
675,274,34,46
673,273,36,46
674,273,36,44
670,274,35,46
674,273,32,44
671,273,32,46
631,273,27,47
593,269,28,44
594,267,29,44
593,266,28,46
592,267,28,46
594,267,28,44
592,267,27,46
592,265,27,47
591,266,29,46
591,267,28,42
591,267,28,47
589,264,25,48
585,265,28,48
583,264,27,48
582,265,27,47
582,265,27,49
583,265,28,48
582,264,27,49
583,264,28,51
581,264,28,55
582,263,31,52
582,263,29,50
584,263,28,50
583,263,28,50
581,261,27,51
580,261,28,53
580,261,27,50
580,260,26,51
582,261,27,50
581,263,26,48
580,262,27,47
580,260,26,50
580,260,26,50
579,261,27,47
579,261,26,48
579,260,26,48
578,261,27,48
580,261,27,46
579,260,25,48
579,259,24,49
578,260,25,50
576,259,27,52
574,261,29,55
574,260,27,55
578,262,27,47
575,263,28,53
575,265,29,52
577,264,26,47
581,267,27,45
578,267,27,44
576,265,27,48
577,266,27,47
577,264,27,48
578,267,26,45
577,267,26,46
577,266,25,46
577,266,27,48
578,268,26,47
579,265,25,50
607,272,28,45
607,272,29,48
608,272,30,49
607,273,30,48
610,273,32,48
605,274,31,52
606,274,29,54
606,273,31,53
607,273,32,52
642,273,28,43
641,274,27,43
641,273,30,44
640,273,30,44
639,273,30,44
639,274,30,44
639,273,32,42
639,274,31,41
640,274,30,40
639,274,30,39
637,274,33,40
637,273,33,42
636,273,33,46
637,273,31,44
636,274,33,44
635,274,32,44
634,273,33,45
634,274,34,44
633,274,34,43
631,273,35,46
629,273,35,48
635,272,33,44
633,272,33,46
632,273,32,47
632,274,33,44
630,275,33,46
632,274,32,46
627,275,34,47
631,273,32,49
630,273,31,50
625,273,36,48
598,274,32,53
544,261,32,55
546,258,32,60
545,260,33,62
545,256,34,64
544,258,34,66
545,257,36,71
545,256,37,75
546,257,39,74
545,256,40,76
547,257,40,69
547,256,40,77
550,257,40,74
551,257,38,76
552,256,40,78
553,257,41,81
556,257,41,78
558,259,41,76
560,261,42,75
565,258,42,78
568,261,42,75
573,258,40,78
582,260,38,74
591,261,37,70
600,259,38,71
613,257,37,74
622,257,37,73
626,257,39,72
633,257,38,73
638,258,36,71
642,261,37,67
647,260,35,69
655,260,35,64
665,264,33,56
683,268,30,49
711,273,28,48
758,281,28,45
809,288,30,47
849,286,28,49
864,280,30,52
870,274,31,56
869,266,33,57
866,263,33,57
868,260,31,62
870,262,30,64
872,259,31,66
874,264,31,62
872,261,33,67
874,267,33,62
876,262,34,70
879,266,35,65
881,268,36,63
884,271,35,60
882,273,38,68
884,270,36,76
877,270,42,94
