560,375,57,142
552,374,64,148
552,376,66,150
553,375,65,150
551,376,67,150
551,377,65,145
551,377,63,151
546,378,66,148
544,378,64,148
542,378,64,150
541,378,62,144
533,377,65,152
531,380,67,146
525,382,70,151
519,384,73,144
516,382,73,149
516,382,71,149
514,378,74,165
515,388,68,143
514,380,69,148
511,380,76,161
506,384,74,156
505,382,74,157
501,385,79,151
501,385,80,151
504,383,76,157
500,384,78,154
504,382,77,163
505,385,78,157
501,386,76,156
494,381,75,161
493,383,67,158
488,384,61,153
492,384,60,146
489,381,61,160
467,388,71,143
534,396,80,143
578,403,73,142
583,406,73,139
626,411,74,130
582,404,73,141
515,397,77,147
538,396,73,145
444,380,71,156
441,379,71,160
444,378,66,157
438,379,70,154
434,381,65,157
433,380,66,152
424,382,74,156
422,383,72,153
422,384,67,151
418,384,70,153
417,386,67,149
414,384,67,150
413,383,66,150
409,384,68,153
409,383,66,155
409,383,64,155
407,383,64,157
406,385,63,152
405,389,59,151
386,391,71,148
372,395,86,149
370,406,82,141
385,391,74,154
374,397,77,144
376,393,75,155
380,401,69,141
382,396,70,154
380,390,72,158
376,398,72,151
335,369,66,171
337,368,80,178
374,391,79,152
371,394,76,154
369,393,65,152
369,382,64,158
368,387,66,158
368,379,65,162
366,381,65,167
347,376,75,166
346,385,72,165
362,394,68,152
362,392,65,152
358,388,68,160
331,386,87,167
303,391,77,167
351,397,74,162
268,381,60,158
309,376,77,175
308,379,78,165
302,378,76,169
296,374,75,170
349,393,72,161
337,392,82,152
313,386,67,159
331,386,67,161
329,385,74,165
295,377,68,153
323,384,60,157
321,388,63,142
321,387,66,142
310,382,75,158
209,378,80,175
310,382,67,153
303,379,70,165
302,384,62,161
301,380,68,138
304,388,61,133
258,371,57,142
300,384,63,135
252,369,61,151
242,370,73,158
209,379,89,166
206,382,93,166
212,375,91,170
209,375,97,170
204,375,97,179
210,385,84,161
219,377,94,168
208,387,93,171
210,389,90,168
210,386,90,170
255,379,67,159
258,379,68,158
255,381,70,164
251,378,75,168
246,387,76,158
242,386,73,156
240,388,78,158
245,392,70,150
247,390,66,161
239,390,68,156
256,390,69,164
240,397,72,143
217,391,87,166
235,399,76,154
274,397,69,153
211,396,88,145
266,398,69,150
214,392,88,154
216,396,94,149
216,393,99,155
261,397,81,157
215,388,76,157
213,387,84,160
207,386,77,159
210,384,80,164
232,394,85,153
208,386,74,158
207,381,71,168
212,382,76,167
211,386,77,162
212,387,72,161
213,384,77,168
244,394,84,157
218,395,86,156
215,391,82,161
214,388,74,166
208,388,80,167
205,382,73,167
221,385,82,167
236,391,81,163
215,383,71,164
212,383,71,165
221,383,71,167
213,383,71,170
217,382,71,169
225,386,71,169
215,385,69,167
241,393,77,162
207,388,69,158
210,393,83,165
245,394,90,161
251,398,87,161
251,395,92,165
245,396,97,164
193,390,81,170
182,387,79,165
178,389,83,167
178,390,85,163
177,389,87,165
176,394,88,159
176,395,88,157
268,400,80,160
377,399,71,163
381,402,70,155
381,400,72,158
381,400,73,159
381,398,74,160
381,404,81,155
378,400,71,160
371,406,79,156
379,402,74,158
371,400,78,157
381,399,70,159
379,398,73,156
378,401,79,153
267,401,78,158
378,396,69,162
270,399,74,158
278,398,87,159
382,400,68,158
381,401,72,156
378,400,71,157
381,400,73,157
487,406,79,152
573,404,87,155
639,411,63,145
641,404,63,142
640,406,65,144
634,409,67,142
645,412,60,133
588,406,66,145
641,410,61,139
641,410,67,139
629,408,70,139
580,403,76,154
537,408,101,154
491,417,80,147
559,409,84,154
542,409,100,155
491,414,74,142
535,407,94,154
565,403,93,164
495,411,76,158
555,406,85,154
544,411,87,153
546,406,81,155
569,403,84,162
562,402,85,160
555,403,92,163
555,403,91,163
559,403,88,165
560,403,84,167
563,402,83,164
559,404,87,160
568,403,80,159
565,403,78,163
565,404,76,159
565,406,76,158
575,404,77,160
576,404,76,162
582,404,72,162
588,402,67,155
591,403,66,155
587,405,68,152
588,404,64,153
591,402,62,156
592,402,61,155
589,400,63,157
585,402,66,156
594,402,60,149
590,408,65,144
587,405,67,150
589,405,65,149
591,407,64,146
588,408,66,146
588,408,66,143
582,407,68,144
591,406,61,141
591,404,61,144
590,406,61,142
592,408,59,142
595,406,59,146
592,408,64,146
595,407,59,140
601,406,56,142
600,406,58,137
597,406,61,136
594,405,62,140
597,405,62,145
600,405,62,142
601,403,62,140
600,404,61,143
591,403,69,153
600,405,61,146
590,406,72,153
599,405,62,149
595,406,67,146
596,406,62,147
592,407,66,152
597,405,63,149
590,407,68,153
598,406,62,148
593,407,66,151
596,407,61,148
591,407,66,150
600,405,59,148
593,406,67,154
596,405,63,152
590,406,69,152
596,407,67,146
593,404,67,152
592,405,64,151
594,406,63,152
596,407,65,146
590,405,68,152
598,406,62,148
592,407,66,152
594,407,65,149
