624,201,84,146
637,172,82,159
639,158,85,165
648,161,83,159
654,161,83,161
659,170,99,138
668,172,87,152
706,203,82,152
725,201,78,166
723,208,79,142
725,205,74,154
706,203,95,168
699,198,93,160
694,204,80,150
690,190,79,146
687,195,76,144
688,181,73,141
684,175,75,158
684,187,76,149
687,196,76,147
686,188,80,142
707,186,80,149
727,195,70,143
719,188,74,152
716,186,77,154
714,190,81,159
712,194,79,160
712,201,76,158
713,192,75,166
704,214,75,151
695,194,80,153
683,198,77,158
672,203,102,145
645,221,88,128
640,218,95,138
645,220,79,150
636,228,87,149
639,223,77,146
643,226,77,154
643,220,77,148
640,224,78,150
638,213,85,148
634,225,77,140
636,194,73,150
643,187,70,148
644,169,70,159
647,162,71,151
656,156,64,144
648,145,66,143
649,144,60,140
635,142,74,158
606,159,86,154
610,150,76,147
609,156,80,142
604,170,73,140
605,199,68,133
608,206,63,132
609,195,69,128
604,181,78,137
606,186,77,141
593,195,89,142
589,202,86,144
589,214,76,134
572,198,92,147
590,206,74,140
592,200,68,136
595,204,65,128
594,224,62,135
526,205,108,180
566,154,98,187
543,159,91,161
514,180,70,138
512,209,90,170
469,198,106,190
434,181,130,135
472,199,75,154
475,178,71,142
477,177,68,139
476,174,69,135
473,189,72,140
459,203,67,144
407,213,78,156
414,215,113,167
400,238,99,161
415,249,98,162
399,267,110,156
403,256,117,177
399,289,140,162
396,280,87,165
404,277,76,152
399,262,81,174
385,251,83,180
389,242,79,163
379,233,93,197
382,225,88,179
366,230,117,225
413,234,120,147
307,184,132,218
78,216,231,160
101,222,223,187
134,243,278,178
294,260,191,189
237,256,172,199
124,256,181,222
151,278,154,202
172,268,136,204
178,266,159,187
208,264,143,183
157,260,149,178
172,245,128,194
171,247,148,175
237,233,131,189
192,251,132,188
194,272,122,176
233,275,145,184
239,267,145,191
230,259,158,204
208,260,195,207
187,263,195,220
158,273,159,200
211,254,127,213
186,240,123,210
153,240,123,196
131,250,132,190
129,263,144,168
130,249,134,197
65,286,159,158
127,268,178,164
213,247,160,176
251,258,227,171
289,244,176,173
187,304,137,207
180,305,128,197
195,255,121,220
198,257,123,150
171,263,148,150
222,267,131,143
254,267,153,136
244,267,162,136
274,265,174,134
132,272,168,143
16,274,118,136
6,289,106,113
18,282,91,124
21,294,111,112
11,287,96,106
13,293,102,108
10,278,113,110
25,275,92,137
4,274,94,110
0,278,87,123
15,272,85,119
19,280,97,116
30,286,94,124
21,290,109,104
29,306,136,92
30,309,136,98
27,284,135,131
64,263,154,162
145,272,149,145
113,270,135,140
139,265,161,165
35,253,140,173
35,238,149,171
10,292,176,121
33,262,132,164
63,264,101,161
70,261,116,122
75,270,135,111
52,271,143,110
11,291,122,122
36,274,104,117
57,284,94,126
106,297,110,133
139,310,139,147
172,348,101,148
182,350,82,153
160,353,83,141
167,350,77,134
150,338,94,153
159,332,96,165
101,324,89,165
125,312,86,153
128,297,104,167
258,267,102,163
272,259,94,167
261,245,96,187
255,261,103,180
223,261,134,191
229,261,110,194
203,264,127,186
193,252,123,196
178,250,119,199
153,245,114,186
150,251,109,179
117,278,131,194
129,282,151,196
58,299,149,186
77,313,116,182
49,329,107,170
62,338,94,168
73,324,94,172
130,314,113,172
132,308,126,157
127,298,129,169
162,287,125,175
165,287,94,180
223,292,87,154
185,261,108,164
233,248,99,174
226,241,121,173
215,240,117,181
219,258,123,179
196,277,143,160
280,262,128,172
308,251,124,177
321,244,107,170
368,232,104,176
356,223,104,181
395,209,123,186
303,228,119,200
329,237,175,182
434,232,171,194
393,237,154,190
478,239,164,183
572,244,133,188
614,233,108,219
581,242,120,219
584,244,123,214
561,240,133,221
447,229,117,195
480,227,115,193
507,233,107,182
439,229,116,179
441,223,130,177
459,221,188,184
643,248,117,191
672,214,90,215
646,258,120,190
670,237,101,197
673,214,117,198
525,221,126,181
515,219,124,181
501,218,120,184
471,231,98,182
523,228,101,167
575,221,96,170
602,198,107,180
607,185,122,192
617,175,122,201
572,168,146,197
578,187,167,198
699,169,104,227
695,169,103,210
580,166,135,171
590,163,144,175
591,162,170,165
561,172,209,156
600,162,149,182
595,174,125,171
690,159,176,191
798,168,119,207
831,150,106,217
796,150,108,199
810,146,98,191
759,151,98,184
809,124,111,203
778,117,123,203
823,113,110,199
804,105,121,189
790,104,111,187
836,99,96,188
830,104,95,168
717,106,118,152
689,107,148,151
662,111,221,152
659,100,193,184
739,110,190,183
750,115,159,200
727,130,135,189
739,132,120,189
757,140,110,179
743,138,134,180
695,144,146,191
699,129,129,177
695,119,127,185
677,109,124,185
699,100,110,176
622,122,75,147
627,130,84,140
563,122,101,162
599,130,87,150
586,134,87,146
567,139,92,143
634,133,95,146
649,119,145,169
577,133,134,166
646,107,125,188
591,104,153,194
603,91,145,199
621,92,160,187
661,86,139,198
796,79,118,249
803,77,98,254
760,117,99,186
675,118,116,192
752,144,114,200
612,146,144,194
628,152,121,189
643,152,119,196
679,149,112,194
673,158,115,198
696,145,118,208
633,147,143,212
664,138,136,204
656,132,126,192
699,129,123,188
751,113,107,198
807,108,107,201
790,99,122,225
717,105,122,195
710,112,109,189
658,107,115,193
587,132,105,181
631,130,119,181
561,145,100,175
584,153,97,174
580,141,96,165
601,145,105,172
627,134,126,194
641,142,126,208
788,146,108,207
719,154,152,216
770,160,121,214
776,151,113,209
782,153,99,193
770,152,106,197
758,151,103,187
722,154,116,201
579,156,132,189
522,169,136,170
561,167,151,167
544,162,136,173
571,153,130,178
534,156,149,168
558,141,144,190
528,149,179,189
597,125,122,187
574,130,117,180
544,131,128,174
559,129,111,170
561,125,113,172
564,122,116,166
579,125,136,169
578,125,132,165
586,134,158,155
575,148,218,149
578,160,254,145
620,142,244,189
708,155,204,198
811,147,112,214
823,146,107,188
817,149,100,187
812,156,94,173
721,160,106,163
767,154,94,183
748,153,98,182
787,148,96,189
789,150,94,182
808,148,90,189
802,147,88,184
778,152,90,169
797,158,87,173
743,162,107,162
777,153,93,173
771,159,92,170
711,166,95,153
682,175,91,140
676,168,94,148
714,168,86,152
666,176,98,160
633,174,93,158
690,171,105,168
646,170,111,183
611,173,115,188
631,170,121,197
627,168,109,200
569,166,207,200
503,197,426,172
453,203,461,176
387,180,479,190
601,135,193,236
624,123,125,217
518,119,128,205
443,121,131,196
447,132,150,182
471,151,147,172
656,175,100,209
666,154,103,177
678,149,99,169
702,148,100,176
541,176,161,140
547,173,99,159
592,177,92,150
623,184,94,141
621,187,97,144
655,173,92,152
714,162,93,151
767,146,111,159
838,117,96,187
750,119,98,163
705,127,95,146
737,124,93,161
753,130,96,172
771,137,95,184
792,134,95,188
760,141,102,180
799,149,88,179
763,149,106,182
722,157,114,165
829,167,108,215
835,167,110,225
855,167,91,228
868,167,87,209
824,164,97,181
850,173,98,223
824,177,110,229
737,189,123,212
679,191,131,205
651,187,141,206
669,183,121,193
585,186,113,173
570,188,102,162
556,191,91,151
548,194,99,148
550,193,87,150
553,185,95,157
572,175,106,169
545,177,110,169
551,180,126,182
552,189,214,219
669,182,155,214
560,186,162,205
660,184,121,197
580,188,105,192
594,179,107,192
591,187,103,185
529,179,105,177
560,177,105,182
556,178,115,184
539,168,110,190
544,177,136,202
576,183,124,200
562,188,159,186
605,186,134,189
584,187,150,189
724,186,115,177
787,180,98,175
764,172,102,178
630,184,97,169
606,187,96,158
633,186,92,150
624,189,107,167
646,196,97,152
664,198,100,163
668,197,98,157
685,198,90,185
701,203,98,186
701,208,87,178
742,206,133,177
825,205,104,212
819,201,101,218
833,205,101,216
709,204,111,182
804,205,93,194
793,207,97,182
794,203,95,188
792,199,108,202
802,202,115,209
795,201,107,217
788,201,111,219
781,200,123,222
805,193,120,239
795,196,114,197
798,195,101,214
781,193,101,216
788,196,105,219
791,189,124,221
777,195,113,210
783,188,125,228
685,185,140,197
659,189,154,198
727,180,112,219
735,194,132,199
707,201,128,194
843,209,99,200
868,208,82,185
800,223,104,149
848,206,93,174
825,207,88,158
835,199,95,167
859,185,89,192
857,185,92,188
