0.002341
0.018911
0.023668
0.016933
0.017131
0.022333
0.019228
0.017219
0.019266
0.017758
0.018448
0.016595
0.017583
0.018494
0.020330
0.015692
0.015559
0.016549
0.020228
0.017789
0.017778
0.016255
0.016746
0.016859
0.019808
0.016777
0.016492
0.017002
0.015997
0.015813
0.016551
0.015478
0.015359
0.016032
0.015618
0.017581
0.015482
0.014929
0.017847
0.021347
0.015024
0.015953
0.015576
0.018453
0.016531
0.017282
0.016578
0.017915
0.020234
0.016863
0.016499
0.016557
0.019077
0.017648
0.020085
0.016292
0.020112
0.014987
0.015026
0.015039
0.015053
0.014709
0.015248
0.015237
0.014543
0.015113
0.015282
0.015179
0.015497
0.015612
0.015537
0.016145
0.015622
0.015669
0.015347
0.015041
0.015337
0.015304
0.015631
0.014956
0.015327
0.015356
0.015369
0.015017
0.014737
0.014966
0.015099
0.019566
0.016434
0.020125
0.017092
0.020278
0.015843
0.016377
0.017473
0.016253
0.015940
0.016091
0.015054
0.017160
0.015425
0.021333
0.017977
0.025948
0.015515
0.023170
0.015615
0.019515
0.015741
0.022878
0.014994
0.020499
0.017339
0.026280
0.015612
0.017030
0.018396
0.018923
0.016649
0.014845
0.016075
0.015038
0.015897
0.014229
0.015419
0.014596
0.016113
0.016042
0.018712
0.014926
0.017731
0.015008
0.017123
0.014681
0.015793
0.015188
0.015421
0.014801
0.017056
0.015612
0.014911
0.014310
0.014942
0.015731
0.018997
0.015882
0.018315
0.035939
0.019528
0.019275
0.015927
0.018753
