0.001643
0.020710
0.023233
0.019582
0.023207
0.018971
0.016997
0.017256
0.020641
0.018339
0.028224
0.023325
0.018653
0.022870
0.022404
0.017887
0.016582
0.016499
0.016002
0.017797
0.016502
0.021000
0.015845
0.019936
0.016212
0.016253
0.016569
0.018385
0.018134
0.021717
0.024240
0.031181
0.017537
0.017984
0.017828
0.017648
0.016999
0.017520
0.016886
0.016956
0.017051
0.016850
0.020506
0.017813
0.018138
0.019569
0.015897
0.017611
0.020832
0.018715
0.018454
0.021549
0.026305
0.018932
0.018882
0.020015
0.019758
0.016402
0.017376
0.016132
0.018785
0.015825
0.015797
0.015850
0.018042
0.017155
0.015720
0.015016
0.019787
0.017901
0.017615
0.017372
0.020193
0.018021
0.018017
0.017544
0.019077
0.022701
0.019163
0.019933
0.019584
0.017152
0.016645
0.016439
0.016342
0.020314
0.025714
0.019836
0.023915
0.017617
0.017811
0.017157
0.016799
0.015904
0.017233
0.016304
0.017062
0.017066
0.017371
0.017443
0.017489
0.017715
0.018949
0.018702
0.020975
0.022684
0.018154
0.025162
0.021226
0.021627
0.018565
0.018349
0.017463
0.017527
0.020543
0.018088
0.019163
0.017425
0.017902
0.018646
0.019066
0.017751
0.017299
0.017670
0.018811
0.018666
0.019030
0.019648
0.018969
0.018774
0.021552
0.021280
0.021170
0.026080
0.024146
0.019662
0.018054
0.017541
0.017944
0.020522
0.017243
0.017797
0.017296
0.016841
0.017072
0.025704
0.025159
0.025250
0.022506
0.023921
0.021242
0.018172
0.018892
0.019110
0.020218
0.019249
0.019439
0.017542
0.019059
0.017387
0.017140
0.017167
0.016792
0.016884
0.017205
0.018168
0.019992
0.023735
0.020136
0.020828
0.024797
0.027080
0.021266
0.026811
0.026260
0.019315
0.021724
0.019540
0.031512
0.018284
0.018506
0.018003
0.017540
0.016888
0.016486
0.016268
0.017023
0.016656
0.016715
0.016853
0.016570
0.016718
0.016339
0.016495
0.016476
0.016237
0.016584
0.016932
0.016488
0.016642
0.019481
0.017453
0.020523
0.017898
0.021770
0.020378
0.025810
0.021710
0.021539
0.018350
0.019873
0.019770
0.017266
0.017859
0.017272
0.017428
0.016282
0.016852
0.016594
0.016919
0.016410
0.016256
0.016943
0.021162
0.019705
0.017290
0.018115
0.020927
0.028879
0.024271
0.022005
0.021684
0.027643
0.017821
0.017837
0.016288
0.016167
0.019640
0.016702
0.016895
0.017040
0.017448
0.018224
0.017678
0.019292
0.020623
0.019876
0.019155
0.017365
0.019537
0.018796
0.017951
0.018773
0.018788
0.018564
0.019001
0.022597
0.016723
0.020900
0.015933
0.016441
0.016247
0.015636
0.015986
0.017115
0.016982
0.016484
0.028919
0.020223
0.017438
0.017763
0.017498
0.020142
0.020604
0.020008
0.020029
0.022674
0.022589
0.019801
