0.010246
0.032502
0.032260
0.046956
0.032705
0.027001
0.023148
0.016703
0.018626
0.016471
0.016077
0.021104
0.017381
0.020646
0.019148
0.018438
0.030782
0.035214
0.033774
0.032576
0.029207
0.026966
0.030774
0.030299
0.032500
0.023070
0.020838
0.024738
0.033341
0.032684
0.020761
0.033618
0.023921
0.025667
0.034359
0.030336
0.037179
0.034619
0.029098
0.029467
0.033269
0.037219
0.033357
0.033605
0.024759
0.032979
0.039376
0.029533
0.030999
0.019344
0.035898
0.032578
0.020025
0.016515
0.018352
0.030703
0.032039
0.019504
0.015795
0.015211
0.019466
0.015916
0.015320
0.019603
0.017952
0.019259
0.014648
0.015119
0.017433
0.017211
0.017330
0.033715
0.030885
0.031724
0.031759
0.028357
0.025220
0.021280
0.019970
0.017190
0.021778
0.028841
0.016855
0.020904
0.029765
0.019377
0.016123
0.038021
0.028905
0.031935
0.033513
0.033253
0.032815
0.029507
0.031954
0.031182
0.033142
0.035134
0.032507
0.032674
0.032380
0.022062
0.031970
0.028874
0.033974
0.031505
0.029715
0.032583
0.029365
0.031657
0.025532
0.031855
0.031806
0.032736
0.047798
0.035281
0.018767
0.021944
0.018128
0.041112
0.035291
0.025039
0.024946
0.037695
0.017712
0.033307
0.017596
0.018955
0.026007
0.042593
0.038406
0.034633
0.048375
0.034829
0.047752
0.031781
0.029863
0.034299
0.047871
0.032091
0.033331
0.041427
0.029835
0.032137
0.021040
0.036691
0.040958
0.035621
0.017547
0.025937
0.039141
0.041392
0.026646
0.045212
0.047149
