0.001803
0.016466
0.018460
0.017926
0.021785
0.017185
0.021071
0.020558
0.021217
0.020771
0.023150
0.022808
0.019070
0.018749
0.020098
0.018033
0.018003
0.026585
0.020358
0.016878
0.019885
0.014992
0.014980
0.015170
0.020116
0.015343
0.014748
0.016313
0.020807
0.027843
0.018800
0.022305
0.019505
0.016760
0.019378
0.021661
0.019486
0.017778
0.020310
0.017851
0.016181
0.015138
0.016438
0.016691
0.016094
0.014839
0.015049
0.015654
0.020540
0.020272
0.016657
0.016540
0.016245
0.015840
0.015461
0.015453
0.015729
0.020870
0.021842
0.020842
0.015562
0.015503
0.014931
0.024727
0.018251
0.019472
0.021182
0.020366
0.018754
0.023084
0.025797
0.021880
0.022633
0.020725
0.018825
0.021904
0.021029
0.019517
0.016917
0.016131
0.016469
0.015700
0.016175
0.016133
