0.014285
0.029638
0.030671
0.031912
0.030823
0.017601
0.027285
0.031982
0.024944
0.030616
0.030286
0.030884
0.031807
0.032270
0.030769
0.029226
0.031782
0.032372
0.030459
0.030695
0.021480
0.031651
0.018610
0.033888
0.032265
0.031147
0.031220
0.023456
0.031105
0.031476
0.034236
0.032593
0.032317
0.032101
0.032212
0.031946
0.028017
0.032194
0.030819
0.014890
0.031564
0.031947
0.031418
0.031419
0.029511
0.031612
0.022678
0.031763
0.031499
0.025610
0.031695
0.031300
0.023487
0.014799
0.017848
0.019583
0.017761
0.017030
0.018303
0.018036
0.014422
0.014351
0.032747
0.031795
0.022145
0.031661
0.030689
0.030643
0.022388
0.033723
0.030796
0.031946
0.023642
0.030677
0.034788
0.032202
0.032531
0.032671
0.031356
0.031691
0.030565
0.031420
0.031630
0.022799
0.017730
0.015582
0.014694
0.017032
0.016258
0.015234
0.018542
0.015034
0.014054
0.014096
0.014153
0.019008
0.017414
0.016220
0.014728
0.014786
0.015146
0.015751
0.031199
0.023574
0.031862
0.023074
0.031597
0.019389
0.031450
0.031353
0.031914
0.033507
0.021094
0.033006
0.032823
0.024405
0.031527
0.030585
0.032087
0.030188
0.015308
0.032504
0.030385
0.032605
0.031467
0.024225
0.031897
0.018607
0.030748
0.032231
0.031527
0.024983
0.015980
0.018533
0.015823
0.017399
0.029745
0.026688
0.032169
0.031272
0.022075
0.032893
0.025408
0.035464
0.027995
0.032098
0.032265
0.030398
0.024146
0.021426
0.032360
0.030753
0.033528
0.031777
0.025884
0.026038
0.032792
0.033377
0.032009
0.015451
0.033202
0.033766
0.031058
0.019864
0.023766
0.029021
0.031676
0.031866
0.020234
0.030246
0.031872
0.025294
0.032558
0.030470
0.032078
0.024877
0.032043
0.031684
0.032115
0.024796
0.031528
0.024233
0.032201
0.031635
0.031642
0.023808
0.026028
0.031500
0.032028
0.028061
0.031708
0.030861
0.031314
0.030454
0.029109
0.027817
0.032148
0.026411
0.030793
0.027721
0.032217
0.032405
0.034149
0.029366
0.032353
0.024024
0.031045
0.028282
0.029310
0.031136
0.026444
0.032466
0.032304
0.033767
0.033756
0.031776
0.031502
0.014653
0.017499
0.014985
0.016494
0.018128
0.024549
0.017924
0.015740
0.033837
0.032061
0.030554
0.032422
0.026777
0.033875
0.032084
0.017270
0.032489
0.031586
0.032796
0.015700
0.015434
0.018455
0.015340
0.015558
0.032175
0.031863
0.026513
0.034129
0.032493
0.026208
0.032076
0.018795
0.030162
0.023619
0.032448
0.020057
0.021803
0.031491
0.033388
0.031909
0.026076
0.032778
0.031308
0.030044
0.031180
0.030930
0.031869
0.031698
0.032790
0.032251
0.031433
0.031481
0.023051
0.032319
0.031287
0.021615
