0.013531
0.034521
0.020247
0.033228
0.032208
0.033258
0.031402
0.019716
0.032280
0.032078
0.033371
0.033353
0.026877
0.019646
0.033033
0.033035
0.032486
0.032948
0.026035
0.026515
0.017490
0.017049
0.016981
0.016012
0.015497
0.018546
0.015709
0.015982
0.019794
0.017052
0.038389
0.022658
0.020007
0.019373
0.021329
0.017460
0.015801
0.019118
0.015605
0.016702
0.015647
0.019073
0.016180
0.015989
0.020393
0.017429
0.021507
0.023615
0.017783
0.032686
0.033805
0.032318
0.017723
0.032676
0.034639
0.025424
0.029262
0.031823
0.031465
0.032941
0.031369
0.034365
0.031801
0.028364
0.017660
0.015851
0.016834
0.015455
0.031515
0.028141
0.033407
0.033959
0.032754
0.033636
0.020013
0.020375
0.028277
0.030067
0.031566
0.032685
0.032224
0.026632
0.024345
0.031395
0.016284
0.035622
0.033437
0.032259
0.033864
0.033344
0.025120
0.032920
0.018914
0.031682
0.031172
0.023922
0.032325
0.032959
0.032941
0.017907
0.020851
0.032284
0.031869
0.028600
0.016804
0.024373
0.032593
0.031005
0.026710
0.027738
0.018465
0.016145
0.031897
0.032694
0.031931
0.023119
0.015665
0.031296
0.018905
0.032706
0.033016
0.032875
0.032652
0.015790
0.020463
0.016973
0.019020
0.033974
0.033696
0.031111
0.027766
0.030596
0.031631
0.032356
0.033385
0.032325
0.031463
0.033381
0.029788
0.033339
0.031687
0.030304
0.023706
0.033491
0.028808
0.023087
0.016669
0.033756
0.027757
0.033626
0.024494
0.031676
0.033903
0.032396
0.026531
0.034467
0.031421
0.031286
0.021739
0.029161
0.031031
0.031139
0.027831
0.023514
0.033865
0.033332
0.015603
0.020531
0.019495
0.015723
0.033213
0.033666
0.018423
0.030471
0.031212
0.032888
0.033803
0.032509
0.018292
0.032312
0.032168
0.035210
0.019355
0.034125
0.027852
0.034128
0.016522
0.032014
0.034387
0.030102
0.029956
0.024197
0.034553
0.031646
0.033620
0.033424
0.017682
0.016601
0.016140
0.032331
0.033914
0.034448
0.030878
0.032459
0.032113
0.032792
0.016541
0.025806
0.032335
0.032917
0.032311
0.033072
0.032698
0.032362
0.021844
0.027575
0.032391
0.031942
0.020674
0.020948
0.032079
0.016637
0.019089
0.024990
0.021319
0.021898
0.032662
0.033122
0.020163
0.033767
0.032510
0.033439
0.031020
0.015638
0.018227
0.016664
0.032488
0.032283
0.032414
0.029319
0.033350
0.032493
0.025608
0.032361
0.033263
0.034891
0.023865
0.032755
0.022518
0.032024
0.031945
0.032459
0.033048
0.032521
0.033378
0.031961
0.023846
0.033495
0.032622
0.030445
0.016151
0.017677
0.016374
0.034078
0.023204
0.032008
0.031697
0.029419
0.029307
0.033453
0.032778
0.031868
0.022329
0.032085
0.031799
0.028013
0.033063
0.031967
0.035603
0.023731
0.032194
0.019611
0.032661
0.033908
0.025524
0.032167
0.033168
0.017489
0.032276
0.031708
0.031484
0.032713
0.022187
0.032933
0.016384
0.017391
0.020177
0.025544
0.024709
0.034685
0.027952
0.016026
0.019553
0.036509
0.032934
0.032276
0.033170
0.032238
0.024396
0.033420
0.032480
0.032484
0.032621
0.032576
0.019419
0.032714
0.030395
0.016857
0.024264
0.029862
0.021409
0.018173
0.027308
0.037408
0.034180
0.026538
0.035260
0.029727
0.029069
0.032753
0.031748
0.022651
0.015351
0.026880
0.025424
0.021018
0.017120
0.034509
0.023261
0.019779
0.019503
0.034559
0.027937
0.025205
0.033518
0.032136
0.036795
0.027719
0.034555
0.033945
0.026093
0.032051
0.032860
0.026107
0.038341
0.019677
0.032850
0.032902
0.018650
0.033611
0.034179
0.028260
0.037826
0.024197
0.032532
0.032794
0.019313
0.036701
0.032311
0.029724
0.033789
0.025889
0.033009
0.032159
0.032597
0.027731
0.032536
0.032827
0.031374
0.033631
0.032547
0.033025
0.034503
0.032833
0.019491
0.032801
0.031961
0.032942
0.016651
0.030788
0.032155
0.032113
0.024753
0.033498
0.028776
0.033222
0.031799
0.033015
0.023696
0.034621
0.034432
0.031974
0.031356
0.032194
0.035678
0.028530
0.031225
0.031693
0.028292
0.033077
0.033359
0.017300
0.029953
0.032117
0.022512
0.029409
0.034190
0.033442
0.032103
0.020258
0.017210
0.034000
0.033807
0.032338
0.032019
0.036261
0.025586
0.036403
0.029119
0.031909
0.030445
0.022627
0.025880
0.016271
0.019922
0.019108
0.033156
0.030389
0.034537
0.028418
0.032125
0.032998
0.032076
0.033754
0.031675
0.032357
0.032680
0.020618
0.032382
0.032597
0.033020
0.019150
0.020368
0.030220
0.030192
0.032208
0.019089
0.032306
0.033609
0.031512
0.032856
0.022932
0.016793
0.034505
0.028546
0.032653
0.032519
0.030288
0.021417
0.033552
0.025430
0.033692
0.032647
0.033146
0.026612
0.033788
0.032503
0.019796
0.022470
0.032536
0.026934
0.032581
0.032068
0.031917
0.018473
0.030691
0.032033
0.032257
0.035048
0.032875
0.032176
0.033355
0.032769
0.028498
0.032344
0.019433
0.020773
0.031998
0.024105
0.032059
0.032768
0.034096
0.031453
0.032776
0.023312
0.027982
0.033627
0.017388
0.018736
0.017611
0.031220
0.031992
0.033139
0.032722
0.031529
0.034091
0.023559
0.031747
0.030168
0.031397
0.018390
0.025308
0.019662
0.033645
0.033516
0.033142
0.023676
0.033486
0.025816
0.017180
0.032493
0.027127
0.033222
0.035083
0.031653
0.025109
0.025282
0.015844
0.016094
0.032895
0.020875
0.029800
0.033113
0.018719
0.034159
0.027226
0.032535
0.033669
0.034510
0.033984
0.033230
0.032174
0.033900
0.032228
0.030511
0.031113
0.034342
0.034422
0.031756
0.033128
0.031709
0.033420
0.032333
0.033497
0.033975
0.020060
0.034381
0.017501
0.032976
0.033271
0.034788
0.020835
0.028081
0.030620
0.026305
0.032963
0.033051
0.019696
0.017348
0.035572
0.033332
0.033082
0.028720
0.020465
0.031114
0.016821
0.034611
0.034293
0.026303
0.025392
0.031742
0.033351
0.026032
0.032404
0.034270
0.034463
0.024976
0.031676
0.017241
0.020346
0.033859
0.033921
0.032557
0.037286
0.022924
0.028351
0.034064
0.017189
0.028191
0.019892
0.036631
0.034271
0.031660
0.032149
0.017365
0.033235
0.035705
0.034909
0.031524
0.033235
0.024282
0.033388
0.032900
0.033230
0.034829
0.034751
0.033423
0.033353
0.032154
0.031882
0.033078
0.016984
0.034091
0.033669
0.033960
0.032177
0.034027
0.035295
0.033481
0.031909
0.033746
0.032605
0.031564
0.032703
0.032823
0.033412
0.032410
0.037384
0.016719
0.032763
0.018262
0.032359
0.027025
0.030496
0.025107
0.025813
0.031076
0.017656
0.017102
0.034061
0.032850
0.033231
0.033923
0.034967
0.032994
0.025249
0.031899
0.032945
0.027950
0.031702
0.030072
0.036045
0.033021
0.023818
0.028311
0.034702
0.033616
0.029217
0.033120
0.023214
0.033685
0.031216
0.032615
0.032458
0.028089
0.034779
0.023186
0.033750
0.023813
0.030665
0.032255
0.029417
0.030842
0.032326
0.033612
0.033338
0.031210
0.035751
0.033621
0.029597
0.025049
0.033211
0.021263
0.026346
0.033386
0.029985
0.035788
0.025818
0.032606
0.016008
0.026561
0.028584
0.032838
0.032030
0.022479
0.016642
0.034041
0.034379
0.034542
0.032296
0.030308
0.033697
0.032981
0.026239
0.034300
0.035239
0.032238
0.028890
0.017222
0.033613
0.033058
0.035899
0.029495
0.020577
0.033187
0.033438
0.035248
0.020413
0.025144
0.019773
0.032306
0.033875
0.032520
0.031250
0.021393
0.034993
0.035168
0.032729
0.018441
0.032978
0.034970
0.035441
0.033218
0.032709
0.032439
0.032786
0.034937
0.018878
0.021589
0.030007
0.033343
0.019502
0.030115
0.034442
0.033284
0.029313
0.021340
0.032418
0.034491
0.028504
0.030552
0.035509
0.034047
0.029443
0.017127
0.025728
0.018933
0.032663
0.032188
0.016563
0.018815
0.032592
0.032550
0.018722
0.034418
0.022294
0.033281
0.018277
0.030381
0.032881
0.033760
0.033210
0.027120
0.016021
0.018022
0.032682
0.031610
0.017137
0.032407
0.023894
0.032717
0.033155
0.032679
0.033242
0.031967
0.021547
0.032428
0.033978
0.033394
0.032590
0.030518
0.021096
0.026944
0.032404
0.027339
0.033242
0.031542
0.033921
0.021081
0.033382
0.026035
0.032799
0.031869
0.019944
0.035882
0.034138
0.017114
0.033778
0.033881
0.033673
0.032027
0.034430
0.020398
0.035901
0.019068
0.030681
0.034417
0.034240
0.032049
0.017146
0.017739
0.033550
0.033046
0.034223
0.032290
0.032467
0.020013
0.032458
0.032491
0.028137
0.025907
0.025698
0.032657
0.030810
0.024467
0.033768
0.034337
0.032594
0.033270
0.032856
0.024568
0.030512
0.037004
0.031870
0.031381
0.028463
0.033346
0.032538
0.031770
0.031997
0.032465
0.032304
0.022661
0.017658
0.024513
0.031780
0.032742
0.025307
0.033172
0.032772
0.031568
0.034643
0.016429
0.029797
0.026955
0.028362
0.021745
0.028848
0.028521
0.019598
0.032261
0.035378
0.022037
0.032570
0.029568
0.031781
0.032510
0.031592
0.034408
0.025983
0.033273
0.032196
0.029443
0.029191
0.016322
0.026512
0.032808
0.033631
0.032141
0.032880
0.034038
0.033035
0.019336
0.032928
0.032682
0.034095
0.030455
0.026961
0.021717
0.028395
0.031059
0.016030
0.017722
0.032417
0.031624
0.028904
0.032408
0.033710
0.016597
0.017371
0.032444
0.030737
0.030783
0.033577
0.033507
0.030339
0.015810
0.017072
0.022870
0.032301
0.033020
0.035071
0.033539
0.035684
0.032591
0.020385
0.015492
0.034265
0.033249
0.032869
0.031115
0.016579
0.027650
0.016154
0.017761
0.032947
0.033529
0.031659
0.031586
0.033023
0.020472
0.016726
0.017984
0.028530
0.035650
0.035013
0.027498
0.032116
0.033568
0.016864
0.034758
0.031864
0.034561
0.026322
0.032459
0.016437
0.016113
0.019416
0.017635
0.032916
0.031648
0.032319
0.032358
0.032605
0.034003
0.015980
0.033084
0.028726
0.032153
0.031886
0.033442
0.031539
0.017575
0.019691
0.031723
0.031935
0.030386
0.032104
0.017207
0.026781
0.033882
0.021430
0.034703
0.034741
0.032917
0.032809
0.030523
0.032031
0.030849
0.020964
0.028872
0.034497
0.023386
0.032755
0.033657
0.030804
0.018500
0.031588
0.033440
0.032720
0.032287
0.018330
0.033855
0.031883
0.031247
0.016313
0.032200
0.032256
0.036540
0.033054
0.018490
0.034205
0.031877
0.026126
0.033715
0.025959
0.018378
0.020054
0.033906
0.032859
0.033728
0.033589
0.030218
0.033382
0.018658
0.024124
0.025091
0.033256
0.023106
0.033411
0.031549
0.031211
0.015751
0.032066
0.032027
0.026018
0.027229
0.020725
0.032782
0.035505
0.032055
0.026116
0.027449
0.025744
0.032148
0.027736
0.035926
0.032843
0.029774
0.033246
0.030933
0.033861
0.033628
0.031045
0.032241
0.029109
0.027232
0.032376
0.021260
0.034317
0.033140
0.027955
0.034582
0.032286
0.032762
0.017269
0.017806
0.034848
0.034469
0.032294
0.016328
0.020044
0.017131
0.027220
0.030920
0.032299
0.017609
0.018073
0.032619
0.032690
0.032472
0.032851
0.033318
0.032082
0.031030
0.032934
0.032783
0.032187
0.033487
0.032431
0.033455
0.033127
0.032119
0.034388
0.032518
0.033252
0.033313
0.033541
0.033813
0.031338
0.018202
0.018950
0.016266
0.025954
0.032842
0.033462
0.032566
0.021710
0.033259
0.035583
0.016856
0.032050
0.032634
0.032778
0.031598
0.022067
0.024041
0.019190
0.030010
0.034336
0.025219
0.033338
0.027788
0.015574
0.034785
0.033667
0.019347
0.032103
0.030155
0.031331
0.031624
0.032617
0.026364
0.030907
0.033472
0.034947
0.032056
0.026101
0.032543
0.034501
0.024085
0.032819
0.017913
0.033707
0.020178
0.027005
0.015158
0.033460
0.032903
0.030713
0.033608
0.040797
0.033682
0.032465
0.033362
0.032393
0.017388
0.016278
0.033080
0.021537
0.019228
0.033416
0.032997
0.018280
0.032034
0.034942
0.033235
0.022711
0.031121
0.036097
0.018101
0.029731
0.032813
0.016122
0.033416
0.032321
0.024669
0.017210
0.032783
0.021703
0.025735
0.032184
0.032006
0.024217
0.033113
0.029083
0.033372
0.033585
0.032100
0.033356
0.033123
0.032670
0.035771
0.034052
0.033081
0.033534
0.024675
0.032405
0.027043
0.033322
0.033113
0.034709
0.036633
0.018548
0.018356
0.016948
0.016577
0.017205
0.017236
0.025726
0.022335
0.031826
0.031882
0.029035
0.032267
0.034687
0.030523
0.023115
0.032203
0.029159
0.020288
0.028830
0.029249
0.021576
0.033237
0.023927
0.031459
0.032525
0.017136
0.017237
0.033760
0.019218
0.019544
0.016988
0.015784
0.018968
0.018502
0.020314
0.032816
0.031401
0.025727
0.015870
0.032316
0.020929
0.033858
0.032915
0.024110
0.032433
0.035750
0.016512
0.033308
0.032505
0.031776
0.030898
0.034197
0.016963
0.024396
0.034573
0.033605
0.031823
0.032836
0.034120
0.025822
0.034533
0.031176
0.032016
0.029461
0.025878
0.032081
0.031776
0.026722
0.030772
0.035599
0.021405
0.032877
0.033363
0.033461
0.021747
0.030299
0.035981
0.035080
0.025310
0.027487
0.032619
0.032541
0.031488
0.032710
0.028560
0.021478
0.027578
0.032837
0.031903
0.034243
0.024049
0.033081
0.034282
0.033232
0.032993
0.031929
0.034680
0.032813
0.019248
0.033330
0.036461
0.033497
0.026696
0.032562
0.034360
0.032910
0.029629
0.028723
0.021600
0.032804
0.033498
0.032214
0.016073
0.027988
0.033086
0.033118
0.030380
0.031894
0.016339
0.022778
0.027817
0.033113
0.031657
0.031425
0.027007
0.033714
0.024637
0.032056
0.033863
0.020195
0.032249
0.022652
0.032687
0.033490
0.032659
0.029691
0.032990
0.031747
0.031898
0.032521
0.031579
0.027967
0.033368
0.017371
0.018559
0.030352
0.027380
0.016208
0.034480
0.017168
0.034583
0.028628
0.021746
0.033051
0.022905
0.025539
0.031588
0.028396
0.032881
0.032801
0.032613
0.032001
0.033129
0.019177
0.032765
0.033461
0.027832
0.032360
0.034104
0.033655
0.025978
0.033066
0.020656
0.031486
0.032742
0.033677
0.032388
0.032982
0.028806
0.019513
0.018079
0.015622
0.033660
0.023811
0.023586
0.031598
0.021381
0.033152
0.033593
0.031878
0.034080
0.030497
0.034234
0.025451
0.033283
0.024520
0.033426
0.033714
0.017595
0.027779
0.033289
0.023249
0.032136
0.018986
0.016168
0.016978
0.035438
0.034525
0.031339
0.033960
0.018410
0.032338
0.017121
0.016287
0.017680
0.017238
0.030527
0.031918
0.033332
0.033574
0.033782
0.033329
0.032158
0.019556
0.021226
0.033931
0.032739
0.028536
0.026885
0.030217
0.021026
0.033980
0.031702
0.033431
0.033331
0.018918
0.032323
0.031515
0.025372
0.032416
0.024612
0.016711
0.015467
0.018893
0.017211
0.020360
0.017449
0.031576
0.032494
0.031932
0.024440
0.020833
0.029124
0.025948
0.031837
0.033069
0.031767
0.031362
0.017496
0.033736
0.034498
0.020290
0.017032
0.032519
0.034191
0.033902
0.031877
0.033262
0.016887
0.032548
0.034807
0.032014
0.034085
0.032911
0.036202
0.016630
0.033349
0.023237
0.026289
0.018960
0.036528
0.024955
0.022030
0.033105
0.019993
0.024412
0.019138
0.033026
0.022955
0.032679
0.032286
0.034205
0.023370
0.028392
0.020056
0.024167
0.031141
0.028937
0.024787
0.031107
0.032314
0.032589
0.032738
0.034776
0.035017
0.026538
0.022731
0.030368
0.027946
0.031698
0.032591
0.032123
0.033589
0.031489
0.033010
0.031889
0.033431
0.031361
0.032254
0.032365
0.028579
0.034355
0.034337
0.033975
0.033932
0.036193
0.026038
0.031385
0.032710
0.026319
0.031527
0.032401
0.034073
0.033820
0.032696
0.025290
0.034774
0.019897
0.031249
0.031651
0.032779
0.031260
0.033367
0.032823
0.030443
0.033697
0.033422
0.016519
0.035816
0.032312
0.034216
0.029419
0.031442
0.024791
0.033526
0.030138
0.032856
0.034451
0.031861
0.031787
0.025081
0.016766
0.025865
0.032837
0.027342
0.019921
0.033105
0.032311
0.034867
0.028578
0.032843
0.032963
0.031883
0.032379
0.036154
0.032794
0.033133
0.032354
0.031067
0.019656
0.029155
0.033251
0.032408
0.031830
0.032478
0.029220
0.032539
0.017765
0.034153
0.029866
0.033140
0.031940
0.020341
0.031380
0.031990
0.032509
0.032842
0.033114
0.017102
0.032752
0.033122
0.031823
0.024837
0.032596
0.030695
0.034933
0.032031
0.030761
0.032074
0.032871
0.032532
0.032545
0.032485
0.031887
0.030640
0.022906
0.033158
0.031830
0.021863
0.030205
0.027832
0.018775
0.031751
0.027712
0.016008
0.032410
0.032960
0.032507
0.022265
0.016510
0.035835
0.016855
0.021014
0.025254
0.032357
0.032764
0.032146
0.032896
0.034245
0.034992
0.031884
0.030844
0.029234
0.032155
0.034878
0.033834
0.024765
0.018381
0.019887
0.032810
0.020943
0.033763
0.021595
0.033140
0.032088
0.032111
0.032718
0.030496
0.018451
0.017651
0.032051
0.032269
0.032561
0.032035
0.031480
0.032357
0.030832
0.022072
0.032993
0.033328
0.032471
0.031996
0.016812
0.034288
0.034347
0.019603
0.019143
0.016955
0.015677
0.017120
0.033703
0.024650
0.032975
0.031827
0.031858
0.023430
0.032969
0.034953
0.035217
0.021182
0.031805
0.032030
0.033218
0.015929
0.015618
0.032860
0.034089
0.022148
0.033932
0.035266
0.032347
0.016267
0.015754
0.030066
0.031433
0.033277
0.032238
0.032225
0.033926
0.032473
0.034334
0.032307
0.032766
0.033159
0.033484
0.032026
0.020472
0.032709
0.030502
0.024591
0.031049
0.017394
0.033448
0.029610
0.033726
0.030807
0.033063
0.019940
0.015527
0.021374
0.016416
0.025368
0.031040
0.036270
0.023432
0.032262
0.031336
0.028105
0.034086
0.031482
0.031603
0.034310
0.019118
0.032586
0.031641
0.030729
0.033266
0.032508
0.031791
0.034568
0.031032
0.020686
0.032167
0.031051
0.032226
0.032985
0.032166
0.033013
0.034207
0.032832
0.032423
0.032149
0.027662
0.032697
0.032606
0.031838
0.025424
0.032254
0.031401
0.032785
0.026259
0.021615
0.033214
0.033161
0.032562
0.033269
0.034105
0.035058
0.015687
0.015539
0.031330
0.032053
0.032897
0.034237
0.017669
0.031063
0.032607
0.033823
0.029338
0.034623
0.031302
0.035122
0.018128
0.015488
0.016226
0.033891
0.032968
0.032600
0.026144
0.033218
0.022901
0.016992
0.034318
0.035660
0.031907
0.032284
0.027571
0.032847
0.032327
0.033129
0.026191
0.032254
0.018655
0.032213
0.031846
0.032283
0.032299
0.025834
0.030607
0.031508
0.031526
0.035308
0.031629
0.017788
0.014681
0.015403
0.014798
0.014856
0.019185
0.019429
0.034223
0.023281
0.035558
0.032838
0.022236
0.024583
0.032974
0.021625
0.034057
0.034810
0.032246
0.025032
0.032402
0.034289
0.033638
0.033278
0.029395
0.032841
0.018490
0.034122
0.030680
0.034150
0.032363
0.034235
0.032166
0.032939
0.018771
0.016948
0.021159
0.032959
0.019276
0.016531
0.018703
0.032566
0.031607
0.029152
0.035914
0.032751
0.032305
0.032540
0.033088
0.033055
0.016108
0.017663
0.033487
0.016739
0.016316
0.033667
0.034008
0.021859
0.032269
0.020148
0.035775
0.033695
0.034592
0.036134
0.033351
0.029630
0.024539
0.022620
0.033228
0.034306
0.019747
0.016453
0.031656
0.032287
0.031787
0.018210
0.015707
0.031684
0.026788
0.020866
0.022273
0.033711
0.019111
0.016970
0.026995
0.033267
0.028527
0.033298
0.028203
0.032199
0.016119
0.015636
0.020399
0.032978
0.033943
0.034587
0.032551
0.032251
0.032315
0.021284
0.032044
0.027399
0.021509
0.032482
0.017031
0.028804
0.032460
0.018844
0.032001
0.020304
0.020531
0.019513
0.016483
0.031419
0.032380
0.027526
0.034777
0.034402
0.020872
0.022191
0.031492
0.032703
0.020952
0.032006
0.027192
0.024273
0.026033
0.031835
0.020452
0.030116
0.033083
0.017145
0.033175
0.033806
0.035217
0.034565
0.031750
0.033789
0.034329
0.028767
0.026024
0.031904
0.032925
0.017233
0.017361
0.016461
0.033288
0.023389
0.033016
0.032126
0.032191
0.032539
0.019964
0.029940
0.034775
0.028346
0.033041
0.032154
0.025365
0.022193
0.025559
0.034643
0.033566
0.032940
0.033752
0.017184
0.033735
0.033542
0.032339
0.017006
0.033108
0.032428
0.017442
0.020645
0.015425
0.032213
0.033819
0.020642
0.034620
0.033661
0.032170
0.018916
0.020040
0.020579
0.020361
0.018744
0.033183
0.033124
0.032797
0.035279
0.033296
0.019565
0.017892
0.023586
0.033579
0.026698
0.018288
0.029429
0.017378
0.020474
0.016433
0.015417
0.030133
0.031200
0.032286
0.032517
0.033096
0.033870
0.032967
0.030757
0.033792
0.019356
0.028561
0.031910
0.032323
0.031825
0.032300
0.032537
0.031700
0.035376
0.032031
0.032000
0.019098
0.032862
0.026867
0.031567
0.033458
0.032530
0.032339
0.031807
0.032729
0.033144
0.031754
0.032102
0.033926
0.035463
0.036778
0.034195
0.018006
0.034346
0.033247
0.018048
0.032765
0.033872
0.032302
0.033328
0.016653
0.032650
0.031080
0.031407
0.029729
0.035776
0.024080
0.015733
0.033863
0.032547
0.017814
0.018897
0.033289
0.024894
0.033885
0.033759
0.033566
0.033412
0.021342
0.032107
0.034577
0.031502
0.019282
0.023522
0.022718
0.019228
0.016748
0.020730
0.033015
0.031423
0.017470
0.018536
0.019440
0.016558
0.036272
0.031891
0.035181
0.035886
0.034267
0.035437
0.037199
0.021323
0.029635
0.019884
0.025652
0.032740
0.031399
0.023185
0.031166
0.032422
0.020735
0.031794
0.019005
0.030966
0.031875
0.020334
0.020091
0.033720
0.034636
0.032236
0.034435
0.032064
0.032740
0.031784
0.031756
0.025112
0.021136
0.031155
0.019593
0.016260
0.015707
0.033073
0.032893
0.034970
0.032137
0.025464
0.024863
0.032466
0.032609
0.030722
0.028644
0.033290
0.036182
0.024543
0.032353
0.034907
0.032163
0.032196
0.024092
0.031308
0.032588
0.033284
0.033464
0.016716
0.032414
0.032194
0.032065
0.021159
0.032845
0.026367
0.031963
0.019394
0.031714
0.017402
0.031301
0.024261
0.032661
0.032025
0.032316
0.016401
0.020083
0.032631
0.017876
0.026049
0.034320
0.032045
0.024573
0.021681
0.028292
0.021956
0.022036
0.031678
0.020026
0.016576
0.032406
0.031543
0.033641
0.022917
0.032057
0.031595
0.032726
0.031871
0.031072
0.033760
0.032979
0.025437
0.031955
0.031107
0.031485
0.017402
0.021214
0.034503
0.023169
0.035432
0.034390
0.034299
0.026013
0.032589
0.033389
0.031683
0.032912
0.032598
0.030001
0.029521
0.033268
0.033564
0.031725
0.031765
0.032215
0.032769
0.031077
0.034064
0.033628
0.033637
0.033066
0.033221
0.020205
0.025369
0.032517
0.031273
0.030873
0.033300
0.032470
0.030926
0.019228
0.026240
0.031061
0.034305
0.032713
0.023688
0.023260
0.034242
0.032410
0.032411
0.032322
0.031485
0.032176
0.018172
0.033353
0.035645
0.018526
0.032091
0.033286
0.032139
0.033043
0.018573
0.033710
0.032154
0.019609
0.024555
0.032543
0.028101
0.031606
0.015827
0.020697
0.017024
0.034713
0.024683
0.032722
0.032795
0.032950
0.028392
0.030685
0.034688
0.016637
0.033263
0.018722
0.015679
0.031340
0.027184
0.031288
0.031611
0.030565
0.031602
0.031385
0.019775
0.034969
0.016003
0.029980
0.032984
0.020521
0.020298
0.033765
0.033848
0.029496
0.018812
0.032017
0.017103
0.016547
0.015848
0.033815
0.031654
0.033275
0.022814
0.032657
0.024528
0.032031
0.032375
0.031128
0.032761
0.020503
0.016090
0.033283
0.025920
0.034883
0.032306
0.032498
0.033264
0.034381
0.016398
0.036020
0.017807
0.022901
0.033302
0.032459
0.033608
0.034808
0.033035
0.019412
0.017342
0.022771
0.016664
0.026247
0.033330
0.025285
0.033175
0.032849
0.028654
0.034357
0.030160
0.031690
0.031597
0.033044
0.021078
0.032951
0.032336
0.031819
0.026837
0.032417
0.024226
0.032658
0.016583
0.031186
0.033045
0.033705
0.031912
0.034137
0.029574
0.033760
0.026263
0.016680
0.015740
0.033341
0.016128
0.016778
0.032160
0.032855
0.033836
0.032415
0.033241
0.024968
0.030962
0.028860
0.027407
0.032782
0.027170
0.027322
0.032755
0.034327
0.033551
0.024532
0.032678
0.032942
0.019220
0.032183
0.032468
0.032477
0.031666
0.028960
0.033038
0.033036
0.034178
0.033373
0.028499
0.032654
0.021491
0.033612
0.033877
0.033700
0.034584
0.035921
0.029244
0.028841
0.033337
0.032479
0.032892
0.033667
0.026062
0.034466
0.034338
0.021392
0.033304
0.040276
0.025579
0.030439
0.032913
0.033246
0.036077
0.023541
0.030507
0.030156
0.032314
0.026208
0.034332
0.026294
0.017789
0.031961
0.032442
0.033781
0.016703
0.033424
0.025146
0.033183
0.037209
0.033966
0.033306
0.032569
0.032120
0.031754
0.021487
0.020219
0.032193
0.029432
0.032205
0.030713
0.031414
0.027807
0.032291
0.018715
0.018077
0.032169
0.032799
0.035308
0.032408
0.025032
0.031172
0.015988
0.031890
0.033506
0.031036
0.020385
0.017755
0.033284
0.032249
0.034839
0.032620
0.036093
0.032755
0.019164
0.033705
0.032221
0.032587
0.033232
0.018013
0.018873
0.021764
0.033592
0.032579
0.036848
0.021519
0.033509
0.032040
0.033715
0.033252
0.028124
0.031306
0.033243
0.016022
0.025568
0.032410
0.034151
0.032467
0.025144
0.031736
0.033102
0.031167
0.031631
0.016865
0.033399
0.022131
0.033966
0.033782
0.034187
0.031527
0.019345
0.031579
0.032634
0.031616
0.017191
0.019573
0.023255
0.019784
0.019833
0.018612
0.015498
0.020155
0.036916
0.033828
0.019864
0.015484
0.019577
0.033419
0.032946
0.023108
0.031885
0.032400
0.029553
0.019804
0.033579
0.036180
0.016829
0.019717
0.032328
0.033944
0.033215
0.022322
0.034141
0.033396
0.020968
0.033316
0.033053
0.033932
0.032508
0.033800
0.018717
0.027716
0.029659
0.019105
0.032600
0.033137
0.033434
0.033336
0.035425
0.024429
0.018338
0.019862
0.033901
0.031255
0.032035
0.033119
0.033708
0.033321
0.016625
0.032177
0.035280
0.032799
0.021995
0.032379
0.022514
0.032065
0.028862
0.032754
0.031569
0.024887
0.032329
0.016240
0.016906
0.029949
0.034072
0.032073
0.032313
0.031273
0.032158
0.018158
0.015673
0.032090
0.027738
0.032388
0.020476
0.035769
0.031936
0.032196
0.032715
0.031440
0.032963
0.029612
0.033409
0.032504
0.031934
0.035414
0.032557
0.032151
0.032422
0.036085
0.032957
0.025637
0.032734
0.031941
0.032930
0.018437
0.034437
0.032186
0.031406
0.032466
0.031971
0.028844
0.018733
0.031119
0.029214
0.030394
0.031801
0.033394
0.018841
0.034118
0.030890
0.035300
0.022615
0.032465
0.025703
0.032824
0.033857
0.026519
0.033265
0.031661
0.034042
0.016294
0.025257
0.033133
0.017997
0.033855
0.032577
0.031533
0.030214
0.017687
0.015886
0.035605
0.021393
0.031205
0.017001
0.021590
0.033960
0.019595
0.032315
0.030504
0.031805
0.033280
0.017709
0.015821
0.035345
0.028477
0.021050
0.032147
0.033452
0.031502
0.024781
0.031909
0.022971
0.020791
0.034947
0.019645
0.016015
0.020798
0.032658
0.031877
0.032099
0.029897
0.031963
0.033602
0.027758
0.032834
0.022823
0.026201
0.034926
0.032980
0.034019
0.033154
0.035031
0.025628
0.031169
0.034992
0.034684
0.032237
0.033724
0.016156
0.027942
0.034063
0.031272
0.033072
0.032833
0.031821
0.032202
0.017633
0.033112
0.032714
0.023591
0.031939
0.029119
0.020173
0.016004
0.016042
0.032175
0.032093
0.031858
0.023060
0.034058
0.033626
0.029415
0.031676
0.034256
0.031394
0.019164
0.029903
0.028906
0.032007
0.034663
0.033795
0.032727
0.030948
0.031121
0.031499
0.025294
0.023589
0.031726
0.034174
0.022178
0.034728
0.021184
0.026232
0.033464
0.017596
0.035377
0.031712
0.016636
0.031265
0.031749
0.034248
0.033838
0.033103
0.034649
0.023256
0.033379
0.031376
0.031342
0.022212
0.032309
0.032488
0.018897
0.019063
0.016989
0.033543
0.035153
0.033178
0.031789
0.030446
0.033158
0.022629
0.030019
0.032456
0.032340
0.032946
0.033618
0.031254
0.025633
0.032455
0.034307
0.033190
0.033318
0.033646
0.028498
0.031154
0.032665
0.033155
0.020473
0.027017
0.032299
0.031983
0.018359
0.031896
0.018447
0.034599
0.034445
0.033644
0.032804
0.032038
0.028118
0.032105
0.034111
0.033653
0.032203
0.032903
0.020091
0.033031
0.019759
0.028672
0.031103
0.034750
0.032375
0.034860
0.028282
0.032851
0.034496
0.033221
0.033795
0.029386
0.020449
0.032408
0.019766
0.031507
0.032928
0.031924
0.035843
0.033600
0.032155
0.029900
0.032716
0.031593
0.031397
0.020185
0.027022
0.021623
0.032857
0.033785
0.035489
0.031481
0.030538
0.026055
0.032972
0.033501
0.017859
0.019044
0.016309
0.016482
0.018660
0.018756
0.032747
0.032637
0.033003
0.032746
0.031903
0.031916
0.032906
0.030135
0.032331
0.033872
0.020391
0.016156
0.032784
0.034345
0.032967
0.033144
0.032117
0.032942
0.016654
0.019950
0.032634
0.034290
0.035475
0.020995
0.033571
0.034145
0.032556
0.031924
0.032648
0.023572
0.033026
0.023711
0.031857
0.018903
0.017236
0.023156
0.031261
0.032116
0.031756
0.033347
0.016150
0.025214
0.032179
0.034190
0.029189
0.017433
0.017041
0.015264
0.015229
0.037816
0.027305
0.019783
0.030602
0.033068
0.022604
0.031423
0.031151
0.030466
0.029970
0.032625
0.018071
0.034256
0.023321
0.032312
0.019213
0.032061
0.018327
0.031578
0.018955
0.021143
0.032811
0.024281
0.032278
0.025928
0.033442
0.033218
0.031725
0.019825
0.018640
0.026177
0.020742
0.019659
0.017567
0.016415
0.026989
0.031564
0.033825
0.031202
0.029761
0.033923
0.033380
0.027355
0.032628
0.032586
0.032261
0.033371
0.031765
0.016544
0.019466
0.022890
0.016539
0.036550
0.033901
0.024614
0.035110
0.030014
0.024130
0.030013
0.033463
0.016327
0.019477
0.017903
0.031543
0.031667
0.029939
0.033628
0.035593
0.031979
0.036309
0.031856
0.032729
0.031972
0.033657
0.020307
0.033070
0.032560
0.029960
0.016964
0.016639
0.023899
0.029418
0.034327
0.035071
0.026357
0.033477
0.034042
0.032897
0.020315
0.033478
0.032282
0.034227
0.019395
0.020614
0.030348
0.016492
0.017537
0.034451
0.034053
0.032422
0.031652
0.028333
0.031610
0.031540
0.029320
0.031424
0.017484
0.020497
0.034220
0.031722
0.026562
0.032610
0.032905
0.027339
0.027702
0.032959
0.027825
0.032071
0.032104
0.031446
0.033866
0.031941
0.034120
0.032004
0.023084
0.033269
0.033501
0.032661
0.032074
0.033287
0.034971
0.033633
0.033132
0.031830
0.033842
0.032443
0.033481
0.032532
0.022132
0.034123
0.031572
0.019488
0.016918
0.032926
0.033509
0.036680
0.023475
0.018282
0.032177
0.033461
0.034181
0.030955
0.025875
0.036901
0.028294
0.020873
0.032961
0.023567
0.031856
0.034962
0.022610
0.033938
0.033027
0.031333
0.028544
0.031726
0.033760
0.028943
0.034454
0.028600
0.036632
0.032182
0.033478
0.034493
0.030287
0.019929
0.029588
0.026762
0.027519
0.032977
0.035555
0.028726
0.018182
0.032040
0.018251
0.027864
0.031791
0.026064
0.031430
0.031869
0.033008
0.037799
0.016770
0.029026
0.032072
0.033376
0.034424
0.016947
0.031249
0.034743
0.032439
0.031733
0.019186
0.037176
0.033184
0.029862
0.031887
0.018198
0.016082
0.032755
0.032954
0.024592
0.018013
0.016354
0.032592
0.024173
0.033647
0.032854
0.020785
0.032650
0.031825
0.033518
0.031673
0.032215
0.030391
0.033562
0.032219
0.032832
0.018145
0.034105
0.031802
0.035460
0.036235
0.020082
0.024680
0.034322
0.019564
0.016792
0.032154
0.034801
0.032343
0.027587
0.033378
0.016521
0.017371
0.019116
0.017651
0.030167
0.032351
0.018408
0.033098
0.032245
0.025080
0.033660
0.021041
0.027754
0.034755
0.034336
0.018621
0.017987
0.023038
0.031592
0.036439
0.028032
0.016654
0.015733
0.018003
0.033446
0.033291
0.028696
0.036079
0.033698
0.034239
0.032489
0.021323
0.034667
0.034392
0.032238
0.032154
0.031630
0.032819
0.032341
0.017076
0.018080
0.016178
0.033352
0.033011
0.032908
0.026699
0.030746
0.033816
0.019215
0.033566
0.016714
0.019120
0.016632
0.018196
0.030631
0.019661
0.017780
0.025215
0.016386
0.015099
0.031904
0.033845
0.032639
0.033683
0.025717
0.029959
0.017085
0.032976
0.031989
0.032396
0.033003
0.033695
0.019154
0.031370
0.029532
0.032868
0.024480
0.031595
0.034008
0.031380
0.027985
0.033864
0.031413
0.031759
0.033851
0.033885
0.020971
0.031952
0.033582
0.032147
0.019792
0.029810
0.033212
0.033719
0.035747
0.029550
0.033207
0.032653
0.028883
0.033418
0.033595
0.030529
0.032888
0.032355
0.032318
0.024469
0.031893
0.033802
0.017156
0.016721
0.030335
0.035958
0.028929
0.027536
0.031793
0.019093
0.020929
0.018820
0.034604
0.034499
0.033239
0.033269
0.032957
0.032450
0.022089
0.032810
0.030688
0.020838
0.019517
0.034089
0.032233
0.016073
0.018443
0.017583
0.032490
0.031521
0.031373
0.032729
0.032707
0.016392
0.017685
0.027386
0.022839
0.027078
0.026637
0.031910
0.032746
0.033101
0.032692
0.031690
0.027726
0.031678
0.033555
0.031733
0.031984
0.018944
0.015733
0.100267
0.031848
0.026067
0.033320
0.032788
0.017184
0.027664
0.034218
0.019357
0.031133
0.021124
0.016478
0.016716
0.032482
0.015973
0.033028
0.034629
0.028245
0.020247
0.016250
0.030433
0.023875
0.032067
0.028993
0.033598
0.032449
0.033662
0.034490
0.035481
0.017522
0.034420
0.032333
0.019578
0.033446
0.018973
0.034525
0.026572
0.033212
0.032069
0.017219
0.033187
0.033577
0.033372
0.032534
0.033110
0.032213
0.035469
0.020573
0.033627
0.031440
0.032983
0.030385
0.029844
0.031992
0.026900
0.032644
0.026589
0.036307
0.031535
0.031680
0.032546
0.022730
0.032737
0.035490
0.032035
0.015661
0.031206
0.021127
0.032923
0.033521
0.033755
0.016985
0.022148
0.029635
0.032628
0.032859
0.017309
0.015223
0.031855
0.017050
0.035313
0.017964
0.024702
0.029757
0.032106
0.029204
0.031559
0.034277
0.032883
0.020012
0.018595
0.020475
0.016431
0.031014
0.034176
0.018328
0.029907
0.033153
0.027282
0.019239
0.021793
0.032119
0.025386
0.025506
0.032245
0.025843
0.016234
0.016634
0.020252
0.019827
0.032394
0.032137
0.020926
0.031632
0.032449
0.035316
0.016836
0.016075
0.032170
0.018416
0.029189
0.017194
0.033050
0.032673
0.033704
0.016776
0.016973
0.032561
0.034071
0.031379
0.017239
0.032739
0.024431
0.019375
0.017827
0.018550
0.033221
0.035477
0.033112
0.032676
0.033118
0.031731
0.028780
0.031873
0.031981
0.030825
0.036079
0.033994
0.024716
0.032435
0.033988
0.032581
0.033372
0.032718
0.031440
0.032106
0.031713
0.033426
0.032999
0.033142
0.031724
0.029070
0.031663
0.033488
0.033939
0.019959
0.014783
0.015043
0.017874
0.032557
0.031092
0.028687
0.034420
0.033227
0.016338
0.032021
0.031679
0.017509
0.032760
0.032412
0.033590
0.027956
0.032884
0.017653
0.018600
0.015144
0.030015
0.032180
0.031174
0.018811
0.016312
0.032916
0.028412
0.032249
0.033106
0.033448
0.020233
0.032882
0.019835
0.033183
0.031251
0.026150
0.034200
0.033788
0.027695
0.034448
0.032870
0.027643
0.031029
0.024493
0.024204
0.032641
0.032111
0.032807
0.032366
0.018261
0.032159
0.035156
0.031816
0.033237
0.031526
0.033667
0.027836
0.032796
0.025730
0.035830
0.033940
0.016850
0.023060
0.032201
0.015997
0.025562
0.027464
0.033278
0.027231
0.032559
0.020040
0.033845
0.037766
0.032346
0.025070
0.032642
0.032457
0.031345
0.025369
0.033815
0.032305
0.034366
0.019251
0.017557
0.034421
0.022869
0.033603
0.032516
0.032304
0.034255
0.020874
0.034079
0.033694
0.025939
0.028115
0.031280
0.019995
0.016383
0.033708
0.033625
0.035984
0.032730
0.019705
0.026146
0.016490
0.018104
0.016213
0.036612
0.030562
0.017113
0.031609
0.032854
0.034724
0.033391
0.023783
0.033306
0.025591
0.032153
0.034473
0.020087
0.033215
0.029360
0.017958
0.035767
0.019425
0.032043
0.032378
0.034203
0.023157
0.032175
0.017027
0.016210
0.031353
0.026789
0.034247
0.032744
0.034594
0.027833
0.032005
0.033279
0.030766
0.021744
0.031613
0.033863
0.019996
0.016830
0.031982
0.032682
0.032106
0.015989
0.028613
0.018606
0.031665
0.020310
0.019688
0.035424
0.019227
0.029271
0.034985
0.020870
0.034506
0.025302
0.033206
0.032800
0.032791
0.032621
0.034128
0.031717
0.035547
0.033868
0.028163
0.037092
0.017715
0.018492
0.026794
0.032486
0.019737
0.034003
0.032151
0.030133
0.032682
0.031037
0.028050
0.025442
0.032688
0.031026
0.033208
0.033116
0.034512
0.018723
0.016339
0.026562
0.034393
0.030752
0.033961
0.030171
0.033120
0.018294
0.019372
0.031760
0.032614
0.032863
0.019752
0.018465
0.017109
0.016649
0.018847
0.030268
0.033725
0.034912
0.026342
0.026533
0.032082
0.024837
0.033983
0.031630
0.030848
0.032187
0.031964
0.018658
0.017507
0.033931
0.030609
0.025902
0.032283
0.036120
0.033249
0.033263
0.028571
0.023262
0.020438
0.024267
0.033227
0.018088
0.015915
0.018916
0.017646
0.037195
0.019608
0.015974
0.025286
0.033593
0.032475
0.033777
0.032125
0.032194
0.019456
0.018040
0.016242
0.033651
0.031925
0.033361
0.033256
0.033752
0.035603
0.034229
0.033584
0.034643
0.029469
0.033499
0.033653
0.016343
0.016979
0.033194
0.027956
0.035740
0.031467
0.033959
0.024114
0.032008
0.033349
0.032267
0.016644
0.032855
0.019889
0.035213
0.029871
0.029040
0.021584
0.033155
0.034102
0.025176
0.031540
0.030891
0.019571
0.020472
0.024442
0.028545
0.033133
0.023976
0.029763
0.032622
0.033210
0.029798
0.015876
0.015465
0.015059
0.032448
0.020033
0.032482
0.032415
0.029524
0.021260
0.024791
0.031852
0.031815
0.033660
0.031802
0.037153
0.031175
0.031879
0.033589
0.033124
0.032151
0.033405
0.016519
0.033393
0.022060
0.016931
0.032892
0.019106
0.027602
0.032839
0.034219
0.033179
0.035387
0.033109
0.028699
0.027640
0.016229
0.032142
0.032974
0.034137
0.031168
0.030574
0.032661
0.032578
0.033343
0.032159
0.034270
0.033061
0.031619
0.033710
0.034452
0.035872
0.030185
0.033021
0.027313
0.033247
0.033298
0.017536
0.016965
0.032571
0.030901
0.031524
0.025537
0.031881
0.030466
0.037050
0.032421
0.017193
0.031913
0.032755
0.033440
0.027817
0.025155
0.032984
0.033151
0.026234
0.032539
0.018348
0.016326
0.022984
0.032784
0.032096
0.025464
0.020048
0.032258
0.027837
0.032038
0.032808
0.032912
0.035615
0.031513
0.032962
0.032202
0.022177
0.026509
0.033725
0.033355
0.030356
0.030576
0.035840
0.022795
0.022264
0.026622
0.034383
0.032273
0.032805
0.021301
0.032845
0.034900
0.032312
0.030225
0.033633
0.032938
0.034343
0.033165
0.035949
0.031890
0.021828
0.033581
0.033335
0.031180
0.029285
0.034461
0.033834
0.017030
0.032857
0.034617
0.032653
0.031246
0.032959
0.033275
0.033283
0.034198
0.017250
0.016804
0.032649
0.033586
0.019592
0.030403
0.023803
0.033023
0.030967
0.034584
0.024876
0.030998
0.032459
0.028784
0.027344
0.033522
0.031283
0.034727
0.024729
0.034350
0.027339
0.030015
0.031797
0.019697
0.025437
0.033894
0.028145
0.016349
0.032276
0.027010
0.032062
0.032309
0.033024
0.029450
0.031106
0.033787
0.018198
0.033102
0.031784
0.031719
0.031664
0.032008
0.023908
0.033110
0.028125
0.020742
0.033240
0.034182
0.031044
0.031374
0.019361
0.015860
0.018460
0.019011
0.019974
0.033312
0.032025
0.031236
0.016498
0.017244
0.034577
0.026402
0.026447
0.033353
0.030057
0.019495
0.027018
0.032082
0.028341
0.032778
0.032114
0.023895
0.018309
0.024809
0.032828
0.015867
0.016102
0.030014
0.034975
0.033868
0.031910
0.016457
0.019917
0.015866
0.019087
0.033283
0.027278
0.031468
0.032526
0.035596
0.019428
0.018383
0.016977
0.016917
0.028592
0.032810
0.032460
0.032382
0.032105
0.016775
0.033986
0.024011
0.033836
0.023962
0.032068
0.033032
0.026288
0.032554
0.033544
0.032805
0.032760
0.023309
0.028642
0.016630
0.017764
0.018837
0.017701
0.020090
0.030061
0.033190
0.032018
0.034112
0.029457
0.033692
0.033510
0.033527
0.033323
0.033926
0.032847
0.027731
0.030262
0.031522
0.034198
0.034206
0.019327
0.028832
0.033484
0.017166
0.031179
0.020017
0.017201
0.017002
0.016424
0.030655
0.033188
0.023701
0.033190
0.032313
0.032186
0.027195
0.033035
0.025826
0.034265
0.032435
0.021735
0.032288
0.016217
0.033411
0.020459
0.017698
0.031549
0.032212
0.034057
0.032503
0.032810
0.033430
0.033972
0.033136
0.030115
0.016361
0.030170
0.033221
0.024703
0.019127
0.031158
0.032952
0.032764
0.017267
0.030246
0.036473
0.024377
0.033047
0.033059
0.022902
0.036682
0.022636
0.033435
0.019851
0.035417
0.033305
0.032635
0.032746
0.032255
0.032924
0.031994
0.033389
0.035875
0.025734
0.032363
0.016780
0.020526
0.031603
0.034414
0.033890
0.032664
0.033520
0.022536
0.034046
0.032119
0.032819
0.032510
0.017081
0.035250
0.027735
0.024703
0.032406
0.032852
0.032859
0.017357
0.016062
0.032333
0.016416
0.017006
0.019044
0.016441
0.032899
0.032995
0.032266
0.033201
0.031986
0.033349
0.032933
0.031651
0.033381
0.032409
0.031065
0.031922
0.032000
0.027187
0.033219
0.035092
0.026953
0.034884
0.033749
0.033212
0.020516
0.032978
0.026547
0.032578
0.016919
0.034198
0.029524
0.028722
0.033801
0.035327
0.017709
0.032937
0.032665
0.035903
0.031664
0.032814
0.031858
0.033138
0.033313
0.036117
0.024775
0.036967
0.017570
0.020122
0.015271
0.031918
0.034257
0.032761
0.038350
0.034656
0.024413
0.031190
0.033272
0.019909
0.024706
0.034914
0.032183
0.031679
0.032580
0.035590
0.033140
0.020222
0.031924
0.024546
0.020371
0.033317
0.030255
0.019319
0.019150
0.033691
0.032390
0.033602
0.031156
0.032445
0.032940
0.025994
0.031550
0.020230
0.033397
0.034096
0.026173
0.032345
0.032516
0.033759
0.033854
0.028677
0.028960
0.016164
0.016796
0.031703
0.032557
0.034239
0.018634
0.033867
0.031433
0.033460
0.032903
0.033447
0.019307
0.031865
0.019501
0.032533
0.024131
0.034436
0.034635
0.033176
0.033152
0.031427
0.031887
0.030459
0.035359
0.029156
0.033480
0.035159
0.035046
0.024878
0.018600
0.031991
0.018748
0.033129
0.032971
0.019207
0.034814
0.032693
0.033675
0.035052
0.018968
0.034189
0.032132
0.018281
0.028393
0.032344
0.018768
0.015829
0.020119
0.032371
0.020490
0.033876
0.032814
0.028152
0.032090
0.036064
0.027691
0.033909
0.019464
0.033702
0.028401
0.037406
0.025468
0.016236
0.025971
0.032882
0.032646
0.033742
0.034597
0.033079
0.034481
0.029537
0.024137
0.033454
0.032719
0.033226
0.031874
0.033907
0.032187
0.026163
0.028285
0.019643
0.016020
0.034436
0.032029
0.029700
0.033070
0.034821
0.017653
0.033661
0.032541
0.031663
0.032775
0.032703
0.032417
0.034669
0.031944
0.018617
0.018427
0.033567
0.022998
0.025312
0.034170
0.027316
0.031182
0.032351
0.032406
0.032251
0.033773
0.031478
0.032792
0.021992
0.027309
0.031484
0.033577
0.032418
0.022079
0.033008
0.032349
0.033742
0.025252
0.031574
0.032822
0.027261
0.016946
0.016396
0.032899
0.032465
0.032246
0.024611
0.031622
0.031741
0.033207
0.032536
0.033018
0.019976
0.017666
0.015780
0.015594
0.019281
0.031542
0.033165
0.033023
0.020307
0.028544
0.032015
0.029291
0.032889
0.033730
0.021762
0.032629
0.017928
0.028504
0.032782
0.018729
0.033634
0.022955
0.035092
0.031786
0.033975
0.019311
0.033407
0.037749
0.033301
0.034232
0.031951
0.036554
0.033356
0.033408
0.033496
0.019336
0.028743
0.031009
0.017184
0.015529
0.015969
0.019160
0.016187
0.033019
0.032921
0.033270
0.031149
0.032718
0.032206
0.032391
0.024459
0.024542
0.033028
0.019846
0.033435
0.033347
0.029457
0.035736
0.030810
0.031728
0.034521
0.032827
0.034416
0.032304
0.020231
0.016014
0.015910
0.028572
0.016224
0.034778
0.025804
0.031400
0.033653
0.035873
0.027324
0.034100
0.016357
0.019617
0.030710
0.033372
0.027656
0.033932
0.036106
0.030215
0.032328
0.032381
0.034042
0.032389
0.017310
0.034066
0.021584
0.015699
0.017254
0.028011
0.029521
0.016499
0.024210
0.033475
0.032040
0.019716
0.020188
0.017942
0.021751
0.032056
0.032036
0.031783
0.032888
0.016663
0.016380
0.020839
0.034935
0.031977
0.032006
0.033095
0.030558
0.032650
0.033032
0.032248
0.033539
0.033781
0.024942
0.016266
0.032300
0.028066
0.032115
0.017264
0.016247
0.023296
0.033551
0.032759
0.032067
0.022752
0.031461
0.030912
0.034671
0.032455
0.015326
0.014994
0.027220
0.026436
0.028726
0.032695
0.028227
0.033179
0.018699
0.037559
0.032501
0.028373
0.034826
0.029999
0.023203
0.033028
0.033179
0.017426
0.033167
0.032590
0.032086
0.034231
0.031542
0.031146
0.032392
0.033519
0.025746
0.032575
0.035944
0.027482
0.033087
0.031979
0.032935
0.031323
0.021307
0.024668
0.018070
0.033494
0.034334
0.033434
0.020481
0.032069
0.032699
0.023823
0.027126
0.032176
0.019421
0.016411
0.019148
0.028717
0.032240
0.018610
0.016320
0.031771
0.031998
0.015663
0.019845
0.032828
0.020080
0.015953
0.019385
0.019840
0.031301
0.031994
0.023129
0.030311
0.032444
0.026214
0.032583
0.025518
0.036489
0.032928
0.031423
0.028644
0.022793
0.020855
0.033087
0.031273
0.019027
0.016322
0.017712
0.017967
0.017823
0.019913
0.034186
0.032542
0.033596
0.031836
0.032192
0.026449
0.028578
0.032878
0.032001
0.031838
0.015810
0.033582
0.031058
0.033030
0.021419
0.027139
0.026322
0.033257
0.016414
0.017389
0.033093
0.021353
0.017047
0.017437
0.024699
0.016579
0.023054
0.016300
0.019357
0.015521
0.016566
0.016889
0.020265
0.032743
0.027316
0.019617
0.015968
0.018511
0.026359
0.033432
0.028058
0.016889
0.034043
0.032557
0.016712
0.026083
0.032566
0.019937
0.015888
0.031842
0.020388
0.016408
0.017506
0.017983
0.032843
0.026043
0.019607
0.020938
0.016369
0.019566
0.027828
0.032784
0.031389
0.031945
0.031939
0.033450
0.022276
0.033074
0.034366
0.016029
0.029304
0.035647
0.027062
0.019176
0.036352
0.031445
0.020152
0.034956
0.033593
0.032759
0.018431
0.030855
0.024437
0.031972
0.023779
0.033730
0.032137
0.031078
0.032111
0.032625
0.016002
0.035321
0.032049
0.028222
0.032229
0.033737
0.015269
0.016693
0.016632
0.017634
0.031070
0.034771
0.034126
0.034054
0.026069
0.034103
0.017855
0.039165
0.033603
0.024049
0.033502
0.033103
0.032836
0.028595
0.031821
0.033366
0.032294
0.033377
0.032220
0.032162
0.032935
0.017171
0.018325
0.016766
0.033029
0.035778
0.018747
0.026843
0.033096
0.038254
0.035179
0.032522
0.031563
0.016542
0.031493
0.033764
0.033041
0.032685
0.017107
0.018168
0.033545
0.032516
0.032215
0.033486
0.018911
0.032974
0.017345
0.031756
0.033041
0.032190
0.030101
0.031815
0.033599
0.022369
0.032137
0.033257
0.027068
0.032004
0.033359
0.034239
0.025872
0.033110
0.031134
0.032714
0.018524
0.032928
0.032672
0.030442
0.032991
0.030479
0.032079
0.029072
0.031144
0.037178
0.018324
0.032171
0.017361
0.020643
0.032692
0.032121
0.018673
0.016258
0.015914
0.017149
0.019180
0.015421
0.017392
0.033113
0.024829
0.033263
0.025668
0.031899
0.032284
0.034175
0.033636
0.032907
0.031984
0.021398
0.032509
0.026795
0.024893
0.032168
0.031880
0.033029
0.015692
0.017691
0.034854
0.028652
0.032376
0.031453
0.031350
0.034175
0.019060
0.023522
0.016589
0.016439
0.016151
0.028621
0.030196
0.033115
0.031892
0.031947
0.020658
0.024223
0.033962
0.034239
0.024489
0.033665
0.032490
0.031793
0.032282
0.034043
0.034554
0.034373
0.017934
0.033750
0.033524
0.032818
0.029840
0.033176
0.034228
0.025165
0.028541
0.033883
0.031296
0.018247
0.033919
0.033077
0.033431
0.030652
0.032335
0.032662
0.022074
0.036063
0.032364
0.032243
0.022721
0.032713
0.027237
0.032691
0.016121
0.031849
0.033374
0.030730
0.017141
0.028164
0.031034
0.033368
0.033875
0.033667
0.019009
0.017789
0.016238
0.015738
0.032841
0.033844
0.033464
0.032383
0.032906
0.032813
0.032411
0.031579
0.034414
0.031647
0.018657
0.032258
0.035102
0.033566
0.033853
0.016840
0.030642
0.035154
0.026239
0.033491
0.023127
0.029727
0.031989
0.031714
0.032523
0.031410
0.029730
0.033903
0.019081
0.016827
0.018981
0.017848
0.032647
0.032794
0.030278
0.031991
0.031645
0.030668
0.032678
0.016534
0.016433
0.035527
0.030789
0.031069
0.028479
0.018693
0.034668
0.032698
0.032454
0.032324
0.015827
0.034064
0.037130
0.031935
0.035578
0.032120
0.033675
0.031092
0.029479
0.018853
0.016305
0.033735
0.032131
0.030979
0.022635
0.021190
0.030973
0.032829
0.031878
0.017457
0.031823
0.032461
0.032182
0.031026
0.019339
0.031234
0.027590
0.032750
0.018061
0.017502
0.014657
0.028745
0.020984
0.033191
0.024341
0.031392
0.017247
0.019315
0.024298
0.031830
0.030937
0.026798
0.018904
0.032048
0.030731
0.015876
0.018120
0.016700
0.032326
0.030683
0.020574
0.032210
0.026714
0.018092
0.034209
0.035079
0.036004
0.032285
0.032573
0.026403
0.020714
0.018711
0.021016
0.033943
0.033520
0.032881
0.033645
0.022418
0.029727
0.032442
0.019878
0.016533
0.033698
0.034226
0.033473
0.018994
0.032230
0.024267
0.034531
0.031699
0.032784
0.034576
0.019674
0.015595
0.032211
0.033379
0.033284
0.029789
0.021470
0.031347
0.032466
0.034067
0.019329
0.033076
0.017845
0.032958
0.032419
0.034219
0.033085
0.032653
0.032517
0.032306
0.033354
0.028374
0.033562
0.032662
0.031773
0.031726
0.015742
0.016120
0.026178
0.016784
0.033369
0.033075
0.016092
0.020095
0.032233
0.032876
0.025863
0.027681
0.032058
0.030350
0.031778
0.034275
0.032980
0.032579
0.032894
0.032819
0.023740
0.031626
0.017169
0.032602
0.025953
0.016939
0.037379
0.031994
0.031538
0.031750
0.017579
0.016895
0.032938
0.019520
0.031068
0.027192
0.033534
0.034071
0.025170
0.034628
0.033757
0.024630
0.027540
0.031800
0.026668
0.016866
0.016247
0.016414
0.033313
0.032734
0.031429
0.031409
0.035884
0.030313
0.027788
0.032293
0.032976
0.031377
0.031170
0.031162
0.032012
0.023620
0.029099
0.021126
0.031786
0.031796
0.031845
0.031623
0.033331
0.033061
0.031109
0.033665
0.032769
0.033220
0.030102
0.032994
0.033707
0.018420
0.018733
0.017495
0.033832
0.035121
0.035818
0.036692
0.036689
0.032833
0.032125
0.016498
0.019464
0.032567
0.031863
0.031538
0.032851
0.030283
0.035400
0.030096
0.019713
0.021123
0.033708
0.032872
0.033490
0.026875
0.032864
0.026706
0.032303
0.033581
0.033538
0.027340
0.032432
0.033394
0.020850
0.026151
0.031514
0.028223
0.031905
0.032220
0.032754
0.017633
0.034453
0.033536
0.036370
0.028952
0.032712
0.032010
0.033212
0.026517
0.030280
0.033994
0.032943
0.035136
0.033087
0.035669
0.025961
0.033072
0.032731
0.034749
0.021717
0.027567
0.030892
0.021077
0.025345
0.031893
0.034183
0.031908
0.030757
0.034380
0.032012
0.035324
0.034129
0.033881
0.022468
0.033641
0.024742
0.034241
0.029773
0.033207
0.027088
0.029180
0.033859
0.018871
0.015872
0.032692
0.035927
0.025708
0.033894
0.033339
0.020625
0.021177
0.031743
0.019081
0.015276
0.033760
0.016826
0.016203
0.024194
0.032305
0.032299
0.022732
0.033252
0.018106
0.018478
0.032195
0.029209
0.032773
0.036593
0.028124
0.028170
0.033805
0.033955
0.034030
0.032414
0.016263
0.022867
0.028043
0.034921
0.030242
0.033479
0.033131
0.023586
0.031499
0.026724
0.018531
0.032864
0.033170
0.033955
0.034693
0.032647
0.033763
0.028131
0.033682
0.029682
0.029123
0.017918
0.031520
0.034213
0.025743
0.034347
0.033379
0.030850
0.035249
0.032954
0.033655
0.028765
0.019838
0.016784
0.016153
0.030267
0.033362
0.019000
0.026424
0.023000
0.019582
0.030658
0.019222
0.018642
0.017647
0.032771
0.031961
0.029870
0.032159
0.031726
0.032592
0.037191
0.033533
0.031959
0.033475
0.017790
0.016162
0.032450
0.024519
0.024580
0.021109
0.032284
0.028714
0.031758
0.033898
0.027182
0.023718
0.030136
0.020127
0.015983
0.018807
0.024928
0.032519
0.031692
0.032214
0.016699
0.033387
0.031474
0.017121
0.034155
0.027288
0.033461
0.033293
0.032874
0.018494
0.032244
0.032197
0.034540
0.020349
0.031947
0.027705
0.025152
0.034240
0.034334
0.025543
0.033707
0.031982
0.033605
0.032021
0.019088
0.034706
0.033311
0.036499
0.028673
0.032249
0.034856
0.033104
0.017104
0.033387
0.032876
0.033296
0.033317
0.022690
0.029804
0.021041
0.031736
0.026954
0.016379
0.031495
0.033308
0.018090
0.031446
0.019045
0.016087
0.027235
0.034327
0.034172
0.017602
0.031905
0.032067
0.032151
0.032811
0.016152
0.034870
0.033535
0.019171
0.016038
0.020546
0.018834
0.018404
0.017171
0.019734
0.032411
0.019681
0.032544
0.015952
0.016449
0.016134
0.021327
0.016341
0.020604
0.016194
0.018496
0.018855
0.016098
0.016366
0.015492
0.036434
0.032888
0.029979
0.033296
0.033962
0.020472
0.017221
0.019788
0.032476
0.024423
0.033224
0.034146
0.028486
0.027848
0.032415
0.029419
0.034757
0.031360
0.032364
0.018794
0.033901
0.033222
0.028790
0.021133
0.032196
0.024650
0.025460
0.033277
0.034616
0.037249
0.032626
0.033076
0.032127
0.034683
0.031893
0.027522
0.028855
0.025752
0.031619
0.031719
0.032704
0.025811
0.033556
0.030093
0.032230
0.034074
0.015491
0.033516
0.032340
0.031814
0.030025
0.018466
0.032090
0.019392
0.034497
0.031855
0.032258
0.032829
0.025172
0.033188
0.022233
0.029203
0.033117
0.032555
0.029096
0.033327
0.034559
0.019193
0.030445
0.032969
0.029642
0.033353
0.034176
0.031498
0.031203
0.032090
0.021628
0.016661
0.024467
0.033684
0.028779
0.027495
0.033704
0.035748
0.022236
0.030287
0.032665
0.034238
0.033233
0.032700
0.031118
0.030272
0.032743
0.032753
0.016700
0.028320
0.034760
0.027980
0.020022
0.015880
0.019243
0.026752
0.023123
0.017081
0.017257
0.028667
0.028718
0.023540
0.034694
0.015976
0.015703
0.022310
0.032597
0.024098
0.030704
0.032267
0.034323
0.031131
0.032524
0.031491
0.033509
0.032835
0.019895
0.017228
0.034644
0.032391
0.033670
0.026956
0.021270
0.032207
0.033171
0.034243
0.030527
0.032577
0.017440
0.032478
0.031282
0.032088
0.017108
0.016661
0.027173
0.033455
0.016287
0.032919
0.035553
0.027671
0.032872
0.025127
0.032418
0.025148
0.029145
0.032747
0.032451
0.029194
0.029870
0.031669
0.031410
0.033169
0.034140
0.019500
0.033639
0.028018
0.033232
0.036027
0.035005
0.034508
0.032434
0.034396
0.032212
0.032716
0.033646
0.017550
0.018481
0.032871
0.019983
0.039720
0.032464
0.016982
0.024898
0.033083
0.025142
0.019224
0.033514
0.027062
0.032634
0.032328
0.016380
0.033970
0.016267
0.033316
0.025880
0.033608
0.028752
0.033370
0.018265
0.016872
0.019862
0.032716
0.031601
0.025840
0.031332
0.032673
0.017539
0.031506
0.032862
0.020508
0.038480
0.033153
0.032663
0.020646
0.028623
0.019621
0.032395
0.031660
0.026154
0.031567
0.031724
0.031493
0.027470
0.028640
0.030237
0.033156
0.017679
0.035158
0.032711
0.017176
0.032883
0.031996
0.023199
0.035552
0.021067
0.022632
0.030450
0.033638
0.033400
0.020664
0.021865
0.030696
0.034279
0.032364
0.032691
0.019749
0.032543
0.033086
0.032659
0.031467
0.032561
0.032472
0.029035
0.029270
0.028305
0.032827
0.033192
0.032767
0.016642
0.024704
0.028493
0.016205
0.024170
0.032795
0.021281
0.033475
0.032387
0.032107
0.033324
0.035768
0.032505
0.031816
0.033155
0.032982
0.032528
0.020319
0.029111
0.032507
0.032271
0.033005
0.027296
0.027987
0.033816
0.024897
0.032163
0.022967
0.018108
0.016736
0.025854
0.032867
0.032159
0.026898
0.022011
0.032952
0.031976
0.032927
0.031603
0.030731
0.022671
0.027811
0.032651
0.029388
0.025258
0.031610
0.031137
0.031357
0.028431
0.035668
0.017022
0.016910
0.016667
0.031833
0.033662
0.020548
0.020796
0.033463
0.032116
0.018222
0.018664
0.016487
0.031538
0.027751
0.035335
0.019465
0.022170
0.031916
0.020106
0.015844
0.027590
0.032296
0.031228
0.030013
0.029444
0.026481
0.018035
0.034785
0.031330
0.015139
0.028670
0.015600
0.029150
0.030734
0.024643
0.031742
0.031965
0.032261
0.014992
0.018965
0.030743
0.020226
0.018227
0.017293
0.017384
0.033437
0.026464
0.035421
0.029633
0.032023
0.020866
0.032970
0.023075
0.034796
0.031942
0.031832
0.032790
0.033025
0.022040
0.024345
0.032569
0.032974
0.031837
0.033304
0.032343
0.033162
0.024371
0.034414
0.034625
0.016723
0.033675
0.031917
0.036057
0.035457
0.034531
0.024950
0.030568
0.036565
0.032769
0.019246
0.016526
0.027548
0.031624
0.019010
0.032811
0.033991
0.019237
0.020393
0.032630
0.032229
0.031858
0.032804
0.019373
0.019797
0.034033
0.032502
0.032788
0.018320
0.016628
0.019708
0.020117
0.015979
0.017659
0.034952
0.034982
0.034517
0.036066
0.027406
0.031883
0.016627
0.033691
0.033945
0.027012
0.020262
0.016006
0.017494
0.016814
0.032145
0.021542
0.031705
0.031296
0.033052
0.032770
0.037971
0.034389
0.032925
0.036107
0.033463
0.039984
0.025244
0.031473
0.033504
0.033211
0.032843
0.021480
0.020229
0.015112
0.016869
0.031582
0.034194
0.031867
0.031986
0.033881
0.030793
0.033166
0.032723
0.033301
0.019245
0.027529
0.017337
0.032690
0.029961
0.032646
0.031831
0.032597
0.029972
0.026131
0.026958
0.018755
0.032590
0.034084
0.022674
0.029381
0.032686
0.023073
0.025547
0.025684
0.031619
0.020725
0.031945
0.032415
0.032058
0.018935
0.015692
0.017085
0.018110
0.016124
0.016004
0.015814
0.015153
0.016630
0.017087
0.017204
0.023671
0.018199
0.017129
0.017165
0.017347
0.016593
0.017164
0.017040
0.016959
0.016115
0.016289
0.016713
0.016057
0.018899
0.019401
0.016189
0.016392
0.018371
0.034179
0.032996
0.034147
0.033129
0.033448
0.034604
0.015955
0.024122
0.016967
0.015761
0.016256
0.016369
0.019633
0.022519
0.023143
0.029334
0.031741
0.035722
0.022206
0.029593
0.033365
0.031983
0.034290
0.035844
0.022712
0.031348
0.033038
0.024214
0.019495
0.019385
0.026697
0.034215
0.032375
0.021047
0.025857
0.034066
0.033186
0.031896
0.033175
0.032124
0.031119
0.027525
0.036381
0.032781
0.023045
0.032934
0.033082
0.021331
0.033631
0.035322
0.031493
0.035773
0.030537
0.028671
0.025104
0.033038
0.033146
0.017360
0.022381
0.034938
0.034574
0.035811
0.034110
0.034862
0.033481
0.016288
0.033147
0.020615
0.033417
0.031609
0.031042
0.031454
0.027755
0.021168
0.032634
0.032669
0.031147
0.033040
0.026923
0.015847
0.018968
0.031870
0.032066
0.030093
0.033586
0.032139
0.033209
0.032296
0.033941
0.016497
0.034271
0.032931
0.032834
0.024832
0.031793
0.019217
0.035789
0.017017
0.024747
0.027013
0.016839
0.032487
0.033240
0.034201
0.032931
0.033710
0.034413
0.016331
0.032633
0.032687
0.033685
0.033364
0.033972
0.024697
0.017224
0.031259
0.032408
0.031568
0.020465
0.032982
0.027865
0.034191
0.019917
0.020876
0.033607
0.032044
0.034983
0.020830
0.034632
0.028214
0.032375
0.016941
0.019912
0.017399
0.017907
0.031986
0.033268
0.031330
0.027143
0.031012
0.026827
0.033625
0.033841
0.033463
0.035193
0.031962
0.031234
0.040121
0.018307
0.021602
0.021854
0.032957
0.034971
0.028820
0.034715
0.015912
0.016916
0.033324
0.017099
0.025359
0.031452
0.026400
0.032430
0.024118
0.031754
0.031768
0.032591
0.027853
0.016911
0.032656
0.032726
0.032849
0.032125
0.033406
0.026664
0.031756
0.033441
0.024659
0.032709
0.031954
0.028982
0.016847
0.032727
0.034412
0.019480
0.034619
0.034513
0.031215
0.033428
0.031414
0.030499
0.016406
0.032974
0.034028
0.024110
0.026995
0.018960
0.022965
0.032254
0.035387
0.032198
0.031533
0.019270
0.029742
0.033492
0.029367
0.031085
0.034609
0.033951
0.033417
0.020094
0.016061
0.016473
0.036223
0.029350
0.032940
0.032636
0.025142
0.033584
0.034137
0.027587
0.033564
0.032256
0.029947
0.018068
0.016167
0.015462
0.019351
0.016838
0.032916
0.016531
0.019360
0.017836
0.034171
0.020398
0.021745
0.032577
0.034938
0.028094
0.031689
0.016739
0.027393
0.031634
0.032735
0.033008
0.031321
0.017507
0.029951
0.032403
0.031453
0.030173
0.024219
0.031696
0.027915
0.032412
0.034575
0.033982
0.017186
0.017282
0.033851
0.018494
0.019427
0.020022
0.032580
0.033297
0.033236
0.034937
0.019880
0.032303
0.032072
0.016484
0.016532
0.034916
0.034413
0.035107
0.028943
0.033619
0.034083
0.019935
0.018262
0.024439
0.016865
0.020979
0.033049
0.032764
0.033355
0.032504
0.026499
0.028020
0.016647
0.018138
0.016533
0.020777
0.019060
0.018604
0.032171
0.032660
0.015862
0.025285
0.031536
0.023245
0.032728
0.034221
0.032844
0.019749
0.033300
0.033976
0.038688
0.033178
0.032626
0.031611
0.032742
0.031771
0.032718
0.023088
0.033111
0.026501
0.017509
0.025297
0.031086
0.029942
0.032963
0.033188
0.032217
0.015525
0.019061
0.015739
0.018266
0.019389
0.019777
0.017030
0.032978
0.031616
0.020834
0.033036
0.020936
0.033017
0.026903
0.032841
0.034144
0.032467
0.031852
0.031469
0.033137
0.030946
0.033742
0.031758
0.028538
0.023782
0.035219
0.032580
0.025642
0.025053
0.032089
0.024125
0.032748
0.033530
0.033439
0.027862
0.033430
0.032934
0.034513
0.031929
0.020069
0.030602
0.034382
0.035268
0.030202
0.020716
0.031873
0.025185
0.031946
0.032122
0.020400
0.014985
0.018262
0.033218
0.032782
0.031775
0.033525
0.034388
0.036612
0.034027
0.026778
0.023166
0.034109
0.015958
0.031994
0.033340
0.032093
0.018910
0.032705
0.033620
0.033523
0.025790
0.026505
0.026577
0.026890
0.025844
0.019790
0.033258
0.026993
0.033418
0.033179
0.026735
0.033318
0.031894
0.017958
0.017046
0.033679
0.032369
0.033514
0.032858
0.018758
0.018166
0.016020
0.018513
0.032566
0.032526
0.031633
0.016901
0.032839
0.034208
0.032298
0.018435
0.029813
0.032240
0.034312
0.031645
0.035141
0.032731
0.020312
0.018891
0.031804
0.033978
0.035025
0.026209
0.018945
0.016285
0.035534
0.033276
0.019383
0.019249
0.028874
0.026275
0.034644
0.031118
0.033551
0.033217
0.029714
0.030893
0.031951
0.033115
0.016698
0.026553
0.025562
0.033333
0.031742
0.014681
0.018253
0.017054
0.019748
0.015453
0.020133
0.025188
0.020577
0.016434
0.018674
0.018040
0.028962
0.032081
0.018752
0.030997
0.031517
0.032416
0.018327
0.018611
0.032182
0.031311
0.021756
0.016911
0.019547
0.015852
0.032230
0.032218
0.033434
0.018584
0.033203
0.033003
0.034281
0.032089
0.030102
0.032834
0.034225
0.032789
0.021773
0.031709
0.016219
0.019674
0.018899
0.016506
0.017837
0.034877
0.033157
0.033050
0.021090
0.021183
0.029174
0.033163
0.020423
0.032565
0.032334
0.019550
0.017509
0.015589
0.016453
0.032014
0.028690
0.032099
0.027693
0.021692
0.019424
0.016156
0.032797
0.034029
0.016603
0.023415
0.033894
0.032782
0.032238
0.021032
0.021046
0.016471
0.028702
0.033367
0.027576
0.032308
0.033216
0.033355
0.016493
0.018306
0.032007
0.033567
0.032753
0.016405
0.021007
0.033805
0.027156
0.031536
0.033504
0.030052
0.032578
0.031977
0.025175
0.022201
0.033713
0.032900
0.032275
0.016545
0.033727
0.031909
0.031590
0.031394
0.030132
0.029834
0.034499
0.032124
0.029889
0.017775
0.025450
0.033963
0.016787
0.032925
0.032406
0.016717
0.033539
0.032377
0.032269
0.031952
0.031989
0.022056
0.032650
0.032747
0.021351
0.018651
0.016343
0.035637
0.030694
0.024690
0.026126
0.033461
0.031412
0.025903
0.033851
0.022939
0.032095
0.032950
0.031671
0.032419
0.031098
0.018335
0.033878
0.032768
0.032814
0.033444
0.031176
0.033473
0.033384
0.030738
0.034048
0.021504
0.028130
0.032368
0.033586
0.034273
0.031560
0.032521
0.016871
0.017286
0.031635
0.030758
0.033470
0.036857
0.033276
0.032642
0.032573
0.024422
0.032258
0.031880
0.032609
0.032494
0.020789
0.023009
0.036104
0.025429
0.033173
0.032059
0.029429
0.032960
0.029378
0.033011
0.015748
0.020317
0.033939
0.033075
0.024184
0.028788
0.032687
0.033075
0.032530
0.028156
0.034414
0.030955
0.032601
0.031576
0.031950
0.030433
0.035188
0.019652
0.032714
0.028987
0.031290
0.032929
0.024104
0.033480
0.034437
0.017495
0.032010
0.019608
0.033242
0.020045
0.033264
0.030343
0.031891
0.032519
0.031475
0.031889
0.016295
0.029207
0.032409
0.031591
0.016828
0.015523
0.031909
0.033115
0.029592
0.031458
0.029598
0.032186
0.024270
0.033314
0.023151
0.032708
0.032350
0.018455
0.020567
0.018952
0.019551
0.019195
0.032548
0.032874
0.028757
0.036994
0.023805
0.031211
0.019622
0.031503
0.033134
0.034009
0.026854
0.031201
0.031864
0.019680
0.033713
0.028046
0.033925
0.033432
0.033645
0.027310
0.025422
0.031948
0.020103
0.015436
0.017134
0.033813
0.032619
0.032936
0.032507
0.034356
0.031912
0.033427
0.029632
0.031764
0.018950
0.034415
0.033455
0.033524
0.037776
0.030764
0.033664
0.025030
0.027800
0.032375
0.033629
0.031727
0.019809
0.035051
0.033389
0.026633
0.016115
0.015428
0.031590
0.033268
0.031407
0.032627
0.027024
0.034931
0.033690
0.034636
0.030942
0.032065
0.033116
0.021040
0.033397
0.032315
0.031314
0.033651
0.034737
0.033889
0.033363
0.032964
0.031976
0.032620
0.033255
0.030132
0.031803
0.033320
0.028844
0.032936
0.031658
0.022081
0.032119
0.024351
0.029422
0.035208
0.032316
0.031902
0.033099
0.023872
0.017016
0.016943
0.032980
0.022690
0.034235
0.020788
0.035282
0.027822
0.034716
0.015982
0.032461
0.018446
0.031860
0.035853
0.033145
0.032837
0.032805
0.033832
0.033740
0.018161
0.019784
0.028270
0.033124
0.018816
0.026475
0.035660
0.033489
0.033171
0.020107
0.017459
0.017662
0.032683
0.032328
0.032676
0.032253
0.032974
0.018697
0.033369
0.032847
0.035824
0.031270
0.033871
0.032937
0.036602
0.029866
0.017094
0.033931
0.031969
0.035676
0.033963
0.029214
0.031686
0.034582
0.017669
0.030753
0.026335
0.033106
0.023166
0.033256
0.016986
0.015619
0.018629
0.032402
0.034649
0.034794
0.033784
0.023867
0.029862
0.017292
0.033059
0.030409
0.032136
0.032453
0.032778
0.033849
0.016287
0.033851
0.032853
0.020686
0.033399
0.033511
0.032196
0.026630
0.032709
0.026302
0.033697
0.032098
0.032438
0.028721
0.021359
0.032993
0.033559
0.032986
0.033728
0.032752
0.035604
0.033878
0.033571
0.033293
0.026701
0.034328
0.032940
0.023871
0.032780
0.031811
0.031841
0.021981
0.034347
0.017664
0.019061
0.016566
0.015389
0.032940
0.034405
0.024269
0.032521
0.031379
0.032593
0.032218
0.033612
0.016135
0.032631
0.033840
0.034835
0.019281
0.016512
0.032738
0.023023
0.034813
0.033883
0.025901
0.033392
0.031903
0.032097
0.032182
0.032469
0.035159
0.025218
0.033110
0.033877
0.033314
0.032890
0.032126
0.018022
0.017157
0.035445
0.034227
0.025940
0.033317
0.035306
0.021301
0.026101
0.032484
0.021463
0.029544
0.033366
0.031691
0.034370
0.031612
0.031445
0.025276
0.022007
0.032300
0.030836
0.031707
0.033941
0.027996
0.031531
0.028518
0.034639
0.031786
0.034419
0.019050
0.017135
0.026947
0.032978
0.033469
0.034373
0.017125
0.033085
0.034897
0.028531
0.018190
0.032581
0.026369
0.031792
0.032674
0.032102
0.028552
0.027728
0.027039
0.032149
0.022347
0.032529
0.032462
0.021115
0.032840
0.020281
0.034366
0.025805
0.032691
0.032264
0.032140
0.019285
0.031236
0.031823
0.032192
0.033549
0.022073
0.016783
0.018509
0.033604
0.030993
0.034028
0.029548
0.034272
0.021243
0.033587
0.018937
0.034611
0.034569
0.018320
0.021688
0.019379
0.032736
0.028944
0.033077
0.031578
0.029526
0.032335
0.033012
0.031628
0.032880
0.028210
0.026753
0.033461
0.032226
0.028436
0.029872
0.035738
0.020529
0.019138
0.019080
0.018927
0.019128
0.028687
0.034476
0.033628
0.035433
0.020871
0.035596
0.032273
0.027411
0.035750
0.032980
0.035282
0.029946
0.033308
0.030825
0.032067
0.031620
0.034076
0.032747
0.033596
0.031249
0.032202
0.032497
0.033686
0.033490
0.032192
0.033502
0.032973
0.031925
0.033958
0.036504
0.031995
0.020382
0.033233
0.026694
0.016518
0.017055
0.035978
0.033180
0.032495
0.036754
0.028305
0.033950
0.027904
0.020722
0.015588
0.015826
0.029024
0.032449
0.033397
0.031426
0.031615
0.032845
0.031247
0.034402
0.029776
0.033073
0.023221
0.017338
0.029626
0.032490
0.032198
0.016761
0.032037
0.017318
0.021929
0.031807
0.033889
0.032724
0.033428
0.033719
0.033317
0.021390
0.035049
0.033744
0.032445
0.032330
0.027431
0.032555
0.032377
0.017525
0.016317
0.015521
