117,242,78,87
115,240,87,88
108,239,85,91
81,236,90,92
40,234,91,94
18,235,92,92
22,237,93,93
26,239,93,92
35,239,91,94
43,239,91,97
50,239,91,96
58,239,90,98
65,239,93,99
73,237,93,102
82,240,93,101
82,236,94,105
77,239,96,103
67,238,98,106
53,237,100,108
40,239,99,108
29,241,102,108
30,238,101,111
30,237,102,112
43,240,101,113
52,240,102,113
50,232,107,120
24,238,113,115
0,232,99,123
2,237,67,118
0,242,51,119
0,246,37,116
0,245,36,82
0,245,28,113
0,248,36,111
0,244,51,120
0,243,65,122
0,241,80,124
0,236,95,128
1,233,100,132
0,227,113,137
0,225,121,141
0,232,131,134
0,234,133,135
0,235,121,133
0,236,110,134
0,233,105,138
1,243,108,136
0,240,112,142
0,236,126,144
0,239,145,142
3,236,159,147
9,236,163,151
9,241,165,149
5,234,170,154
2,241,172,150
4,238,172,155
6,239,175,154
12,236,177,156
16,238,179,155
29,243,178,153
49,245,183,151
69,247,171,150
84,248,157,149
95,245,158,150
108,249,135,149
116,250,113,146
118,281,122,123
216,307,105,96
218,291,114,117
201,250,138,156
182,251,167,156
179,252,177,158
166,247,188,160
166,247,192,164
171,245,191,165
175,248,197,170
184,243,194,166
206,247,190,171
213,247,191,171
223,245,191,175
230,247,190,173
240,249,187,170
255,257,189,163
264,255,187,165
275,257,187,164
287,257,184,167
303,262,184,161
317,262,183,162
330,264,182,160
336,262,178,162
343,265,179,160
346,269,173,156
350,271,175,154
357,271,177,153
362,274,179,153
373,274,174,149
382,276,167,152
376,271,166,152
358,265,165,152
316,276,165,145
301,273,158,146
296,273,154,142
317,280,151,143
340,282,149,143
355,283,148,142
368,280,145,143
364,279,150,144
362,275,143,139
353,282,136,136
351,288,130,128
363,284,127,131
372,283,131,132
390,281,125,135
390,285,116,130
393,287,122,125
397,285,121,126
392,292,125,124
410,295,112,121
423,297,114,115
439,301,106,110
452,303,107,106
462,299,105,102
457,298,98,99
463,297,106,102
468,296,103,104
482,295,99,104
484,295,91,102
489,299,101,101
488,299,98,91
481,299,108,98
475,297,101,87
484,300,92,92
491,299,99,99
509,303,92,97
516,304,95,91
523,306,96,89
528,299,100,98
546,301,88,96
553,299,89,98
561,299,86,97
565,295,87,101
578,300,81,96
579,296,83,96
592,300,78,95
597,292,79,99
601,293,82,98
611,290,75,99
609,293,81,97
616,292,79,96
624,292,75,94
633,293,73,96
628,293,83,96
641,294,70,94
643,295,73,92
645,296,72,92
650,297,69,90
650,298,72,91
655,301,70,88
660,301,69,87
657,300,71,86
661,302,71,86
664,301,70,86
669,303,67,84
669,303,69,85
672,304,70,83
673,303,67,83
675,305,69,82
677,305,68,81
678,305,66,80
683,307,63,76
679,306,67,77
684,306,62,76
686,307,62,75
684,306,62,77
682,307,67,75
682,306,65,74
682,307,64,71
683,307,64,74
682,308,63,72
683,308,65,73
685,308,63,73
684,308,62,74
685,308,62,72
684,308,61,73
681,307,64,72
682,308,61,70
681,307,61,70
682,307,60,72
681,307,60,72
682,307,58,71
681,308,58,70
680,308,56,70
679,308,56,66
678,309,57,68
675,309,59,64
679,309,54,67
672,309,60,66
675,310,55,67
670,310,60,65
672,309,57,66
667,310,60,66
670,310,57,66
666,309,59,65
662,311,59,64
664,309,56,66
661,306,61,70
661,310,59,65
660,308,58,66
656,304,59,68
654,310,60,63
653,307,59,67
650,306,63,68
649,307,63,66
649,308,63,67
649,312,63,62
646,310,68,62
645,308,65,65
644,305,61,67
643,311,68,63
642,313,61,62
638,310,65,64
635,313,62,64
635,315,54,62
636,316,54,62
635,313,58,66
630,315,58,65
632,312,54,65
628,318,60,61
627,315,58,61
626,315,57,65
622,313,63,67
618,296,63,77
618,322,57,55
619,320,49,56
615,306,57,72
615,324,51,56
613,323,48,52
611,320,55,57
614,320,48,54
608,319,52,54
606,320,53,55
604,319,51,55
603,316,50,58
599,318,54,56
596,320,53,55
596,318,51,57
593,317,52,58
592,318,51,57
589,317,51,57
586,316,51,56
583,315,54,57
579,314,51,56
578,312,51,56
578,310,51,55
