0.014062
0.031543
0.031239
0.031976
0.031468
0.032043
0.018295
0.025006
0.031398
0.028395
0.015116
0.031790
0.031478
0.019458
0.031898
0.035985
0.030652
0.029282
0.032316
0.022873
0.018471
0.016821
0.023153
0.030492
0.030998
0.030029
0.034212
0.029732
0.034475
0.016895
0.016340
0.018324
0.032498
0.031746
0.025880
0.031969
0.030594
0.021797
0.029959
0.031418
0.032131
0.015937
0.016358
0.031997
0.031295
0.019454
0.015931
0.017585
0.016194
0.015569
0.031996
0.031066
0.031098
0.032797
0.028105
0.030321
0.031564
0.033525
0.030493
0.028263
0.032905
0.037199
0.030682
0.032848
0.031282
0.024636
0.026982
0.031508
0.026674
0.023254
0.031486
0.033678
0.031793
0.031028
0.031599
0.030528
0.033152
0.031388
0.031607
0.027601
0.033374
0.022917
