0.002926
0.016792
0.018571
0.016032
0.017607
0.019823
0.026845
0.020041
0.023974
0.018388
0.017643
0.019269
0.022663
0.017367
0.016281
0.016790
0.019011
0.023992
0.017429
0.018176
0.014894
0.014889
0.016528
0.016816
0.015397
0.015263
0.014921
0.015189
0.015877
0.016136
0.015232
0.015646
0.019203
0.015063
0.015321
0.015024
0.016469
0.017866
0.018628
0.021922
0.016181
0.016892
0.018742
0.018091
0.029427
0.019922
0.018066
0.017221
0.016884
0.016302
0.015261
0.016813
0.016927
0.017401
0.018010
0.020168
0.019611
0.016906
0.015887
0.016648
0.017202
0.017325
0.021990
0.020701
0.022666
0.020145
0.018559
0.022214
0.015422
0.017287
0.019432
0.018568
0.030243
0.031769
0.020121
0.018050
0.016645
0.017003
0.016114
0.016036
0.017656
0.015400
0.016790
0.015734
0.020990
0.017449
0.018975
0.033452
0.021768
0.021605
0.022107
0.021904
0.022572
0.022904
0.016193
0.015924
0.022638
0.017147
0.015934
0.017538
0.017508
0.015960
0.015621
0.016132
0.017743
0.015317
0.015514
0.016020
0.017869
0.018707
0.019641
0.018144
0.018656
0.017581
0.019351
0.019953
0.018440
0.018439
0.018012
0.018483
0.016793
0.018626
0.024234
0.016663
0.015992
0.016142
0.016322
0.016363
0.015472
0.015599
0.015907
0.017708
0.017343
0.015977
0.015859
0.015591
0.015608
0.015349
0.015451
0.016073
0.015336
0.018300
0.019368
0.017162
0.017379
0.017614
0.018827
0.022358
0.022429
0.017704
0.018910
0.026385
0.025440
0.016237
0.015766
0.015715
0.015722
0.015497
0.015946
0.015647
0.015410
0.015620
0.015732
0.016708
0.015557
0.015477
0.020268
0.020181
0.021122
0.018019
0.018776
0.021053
0.017324
0.022541
0.018377
0.017595
0.018508
0.018392
0.018566
0.016718
0.016483
0.017048
0.015402
0.015820
0.015567
0.016507
0.015460
0.015710
0.016105
0.015674
0.017005
0.019152
0.017308
0.019439
0.017720
0.017505
0.017318
0.016356
0.020457
0.020822
0.016774
0.017445
0.020204
0.015264
0.015375
0.015393
0.024532
0.015544
0.015678
0.017008
0.017139
0.015411
0.015698
0.015862
0.015857
0.018605
0.041659
0.029102
0.034692
0.034797
0.021821
0.019270
0.019818
0.019788
0.022224
