0.003608
0.018403
0.019257
0.025100
0.018458
0.017190
0.016610
0.023672
0.016788
0.015002
0.024720
0.016816
0.016726
0.026989
0.022726
0.017381
0.019903
0.017418
0.017945
0.016956
0.016006
0.020985
0.016094
0.015372
0.018289
0.018409
0.019126
0.018607
0.017830
0.022514
0.016983
0.014997
0.016541
0.016520
0.022190
0.017944
0.017261
0.016598
0.015878
0.019482
0.017898
0.017996
0.020360
0.015808
0.022808
0.016640
0.018596
0.016792
0.016983
0.024642
0.018271
0.015618
0.021299
0.016582
0.018597
0.017195
0.017598
0.015017
0.020977
0.017167
0.018486
0.015679
0.015611
0.024262
0.017298
0.015886
0.019836
0.016501
0.016621
0.022372
0.016674
0.018365
0.016891
0.014831
0.022537
0.016680
0.016770
0.015149
0.015379
0.024434
0.018992
0.016520
0.020838
0.014996
0.028242
0.015475
0.015747
0.015529
0.016724
0.027588
0.017500
0.016210
0.028404
0.020664
0.016653
0.015708
0.016382
0.025259
0.020158
0.014976
0.015811
0.014562
0.015588
0.014491
0.018394
0.015770
0.014912
0.016294
0.014256
0.028286
0.015989
0.017188
0.017020
0.014650
0.018220
0.014742
0.018697
0.015921
0.014681
0.016855
0.014697
0.021430
0.015315
0.017693
0.017504
0.015633
0.025872
0.019792
0.016770
0.018516
0.019322
0.015267
0.021079
0.017112
0.014316
0.029593
0.016213
0.015321
0.024672
0.017913
0.016367
0.019714
0.016283
0.015805
0.020791
0.016897
0.016162
0.024553
0.017969
0.018774
0.018385
0.015810
0.015029
0.028339
0.015803
0.025389
0.016711
0.019864
0.021840
0.018245
0.020552
0.017536
0.018509
0.023667
0.017223
0.016835
0.025347
0.016507
0.015429
0.027086
0.017053
0.017027
0.029563
0.016314
0.016130
0.027537
0.017963
0.015827
0.015440
0.016758
0.027094
0.018656
0.016745
0.016579
0.015861
0.025668
0.016982
0.014888
0.030185
0.016532
0.024784
0.016375
0.016211
0.023076
0.020560
0.014780
0.016061
0.014889
0.022549
0.014982
0.015896
0.016238
0.014821
0.016306
0.015200
0.021077
0.016500
0.014704
0.019680
0.014865
0.018663
0.017831
0.016848
0.017384
0.017303
0.016790
0.016032
0.014640
0.015133
0.014791
0.022662
0.014874
0.018414
0.017795
0.014554
0.016114
0.015043
0.015694
0.014451
0.018770
0.015316
0.017736
0.015459
0.014898
0.017995
0.018954
0.018744
0.015481
0.014720
0.027357
0.022434
0.015634
0.018106
0.014799
0.019222
0.014986
0.014419
0.014813
0.017633
0.019852
0.015032
0.015683
0.015435
0.015506
0.015315
0.015697
0.016851
0.015025
0.019516
0.016107
0.025894
0.018769
0.016372
0.019307
0.015841
0.016556
0.018493
0.014705
0.017314
0.015795
0.019018
0.028458
0.016073
0.014191
0.018519
0.016191
0.021719
0.017199
0.017265
0.018248
0.016864
0.017537
0.019210
0.015776
0.014967
0.016439
0.018216
0.018114
0.018208
0.016593
0.024145
0.017573
0.015908
0.019027
0.016904
0.017735
0.016421
0.015370
0.016122
0.014632
0.019232
0.014879
0.016876
0.023270
0.017419
0.016324
0.016687
0.015764
0.025244
0.017620
0.017281
0.030197
0.016355
0.018534
0.019867
0.014863
0.017774
0.015235
0.014576
0.028155
0.015996
0.017755
0.015263
0.014793
0.014984
0.014227
0.015613
0.014363
0.015419
0.014978
0.020795
0.015878
0.015479
0.015675
0.016239
0.023974
0.014863
0.015549
0.016890
0.015494
0.019364
0.014375
0.014032
0.014943
0.014082
0.015312
