0.013356
0.036936
0.032339
0.035132
0.034462
0.041389
0.018338
0.019706
0.018716
0.017979
0.020604
0.017398
0.016523
0.035073
0.035578
0.033665
0.036557
0.031813
0.033092
0.033635
0.033965
0.031323
0.032377
0.020499
0.021557
0.021084
0.016596
0.019982
0.017534
0.018832
0.032534
0.034661
0.033401
0.031938
0.025885
0.032377
0.032576
0.032508
0.020474
0.024819
0.023430
0.027636
0.035759
0.032005
0.034434
0.016977
0.017176
0.016854
0.015856
0.020373
0.035782
0.034343
0.035227
0.033000
0.029522
0.030842
0.031040
0.030654
0.033040
0.033425
0.033001
0.016031
0.015389
0.033600
0.032569
0.030073
0.019044
0.020233
0.016217
0.019959
0.016363
0.017408
0.017123
0.016845
0.033790
0.032784
0.032161
0.031992
0.033857
0.034611
0.030663
0.024472
0.017728
0.014778
0.016019
0.034938
0.033208
0.031783
0.030904
0.031096
0.033685
0.017349
0.015587
0.017271
0.019395
0.032385
0.032390
0.025664
0.032488
0.035041
0.035599
0.031870
0.017853
0.015424
0.017437
0.015472
0.018212
0.016959
0.017181
0.015117
0.031939
0.026730
0.030809
0.044393
0.045148
0.034698
0.041809
0.031102
0.034644
0.024299
0.037578
0.021791
0.027054
0.021466
0.017534
0.043255
0.044318
0.033980
0.031785
0.031033
0.040106
0.030599
0.033280
0.041331
0.033540
0.032346
0.029277
0.027527
0.028416
0.045684
0.042038
0.049280
0.026457
0.028856
0.016942
0.020790
0.034855
0.038402
0.033850
0.032808
0.031783
0.031302
0.034347
0.019773
0.019418
0.018652
0.015387
0.020322
0.018381
0.028540
0.032060
0.029088
0.033738
0.034279
0.031975
0.031531
0.030775
0.031202
0.032955
0.032036
0.042889
0.016293
0.018165
0.016863
0.017094
0.030451
0.026974
0.034368
0.033449
0.023802
0.031639
0.032681
0.033681
0.031843
0.028456
0.030853
0.024438
0.030125
0.036011
0.032877
0.016276
0.020571
0.020126
0.018979
0.021735
0.035427
0.033678
0.035793
0.031732
