312,161,104,161
312,159,105,157
318,158,108,160
328,158,112,163
336,160,112,159
347,166,112,155
359,170,112,153
367,172,116,154
380,171,114,156
395,175,114,154
406,176,121,155
426,177,125,157
447,183,124,154
461,185,126,155
474,181,114,161
481,182,118,163
489,187,115,159
504,183,111,166
508,189,118,166
514,186,125,169
521,182,122,171
523,181,122,172
527,178,120,168
526,177,117,173
521,174,119,174
518,172,118,172
515,167,116,176
512,163,117,181
508,161,120,183
507,161,117,184
509,164,117,178
510,161,115,184
510,165,114,183
509,164,113,185
509,163,114,186
507,163,117,186
507,164,117,183
507,161,116,186
502,161,119,184
496,159,126,187
499,155,122,193
501,154,116,191
500,152,119,191
498,154,119,192
497,154,117,193
493,156,121,192
491,154,116,192
485,158,118,190
481,162,116,186
478,164,118,184
472,165,120,184
475,161,122,188
472,161,123,188
475,160,128,188
473,157,129,193
473,156,131,193
479,162,125,188
480,164,125,187
485,169,129,187
486,169,128,191
489,170,134,193
490,176,134,192
484,176,132,195
487,178,128,189
482,178,132,193
489,175,130,191
483,173,132,201
482,171,126,197
476,172,131,198
473,164,130,204
473,165,127,201
472,163,127,202
468,167,131,199
462,164,133,205
464,163,128,202
462,164,119,202
454,167,115,197
448,171,120,206
448,167,110,199
442,169,120,211
442,165,120,210
441,161,112,218
442,155,116,217
444,143,110,225
450,144,114,215
442,131,123,223
436,132,125,222
428,131,133,227
419,122,143,231
423,136,143,215
437,127,141,224
444,125,149,227
463,140,135,210
459,134,151,218
455,134,163,223
450,143,163,218
450,143,156,214
450,144,156,222
455,143,132,218
443,143,142,214
437,147,137,210
439,151,128,207
433,159,128,202
430,159,127,207
433,163,124,210
431,152,131,216
441,151,130,219
443,155,133,209
430,155,134,207
435,168,130,200
428,165,121,200
396,167,148,198
412,174,137,195
416,187,133,184
409,198,144,174
412,186,143,187
410,208,134,166
428,211,121,165
423,213,110,162
438,217,112,162
441,205,119,169
449,199,113,180
446,207,107,172
447,194,115,184
449,220,114,148
467,237,100,130
452,226,120,133
473,207,121,144
505,193,105,160
526,217,100,134
535,231,95,128
506,205,137,173
520,213,130,176
540,235,119,162
550,247,119,153
558,251,125,152
550,275,125,124
540,261,119,142
541,269,111,129
527,261,123,129
521,244,116,150
521,264,120,121
493,239,105,144
493,227,97,145
491,221,109,147
485,224,99,141
486,241,102,125
476,242,107,122
428,226,98,131
431,211,109,144
435,209,113,149
433,197,116,165
444,208,98,148
392,184,107,162
393,196,105,154
360,175,114,178
345,181,117,166
341,176,116,169
336,178,110,171
328,182,103,168
319,187,99,160
314,180,106,168
315,181,104,167
307,184,104,167
299,186,106,163
292,186,96,164
282,180,109,166
258,177,118,168
251,184,124,157
240,180,122,160
235,178,122,164
231,180,121,163
234,180,123,163
231,191,114,152
236,183,111,159
229,182,105,164
237,172,94,172
240,178,101,169
237,184,86,162
230,183,101,165
237,182,101,167
230,185,101,168
225,191,107,166
237,200,103,159
220,207,123,154
214,182,130,180
216,188,138,181
227,193,127,176
237,196,127,178
229,195,100,184
239,206,95,172
240,204,97,174
247,201,93,175
256,205,97,176
261,202,98,177
269,196,97,181
276,192,97,183
290,193,96,182
304,194,94,179
317,196,99,183
339,197,99,179
358,198,98,181
367,200,100,179
382,197,103,183
392,199,99,179
400,200,104,178
405,197,105,185
405,195,104,181
404,190,105,181
400,189,100,187
392,183,109,194
385,182,117,191
377,179,126,191
371,178,119,192
361,177,123,184
356,182,115,176
353,178,111,180
347,178,114,179
348,176,110,178
340,174,109,180
338,173,106,182
336,175,104,180
329,174,112,181
326,173,111,181
326,174,104,177
327,177,98,175
320,179,101,171
319,182,99,170
314,184,104,171
308,180,109,172
306,187,104,165
302,181,99,171
301,185,94,165
296,183,98,167
291,180,97,168
281,173,93,175
277,172,94,175
266,173,105,179
258,171,107,174
253,171,104,177
248,171,104,177
244,170,104,187
246,169,99,186
244,173,97,178
234,172,113,182
227,177,116,174
224,176,110,174
214,176,111,176
214,177,106,174
216,180,100,172
217,178,95,180
221,182,90,173
222,172,100,190
224,159,108,209
235,178,115,192
242,181,117,193
266,196,105,175
272,201,106,166
289,214,100,157
288,230,107,149
301,255,104,119
309,250,95,122
300,243,87,124
303,250,89,118
330,248,80,122
337,280,76,90
309,276,75,92
339,266,73,103
284,143,83,180
245,151,132,206
238,176,133,179
238,186,136,172
334,256,103,111
330,268,92,98
271,225,109,132
259,172,127,184
277,152,125,208
284,214,135,145
295,233,142,129
312,213,131,148
313,220,156,150
324,196,137,175
339,212,137,155
355,206,128,161
357,217,123,150
370,237,136,135
358,223,107,143
353,212,109,154
351,239,120,125
351,230,106,133
360,226,86,131
367,220,92,135
370,216,92,134
378,208,93,139
386,206,92,142
389,199,89,148
398,214,97,133
396,211,84,135
401,219,93,127
409,213,90,136
413,216,89,132
419,212,84,134
420,217,83,131
428,211,85,135
423,212,92,132
431,205,88,138
437,207,95,141
433,205,94,145
436,206,92,146
432,207,92,144
435,203,91,148
431,202,94,148
428,201,94,149
427,198,95,150
420,196,99,147
425,196,91,145
419,193,94,152
416,195,98,145
423,194,92,146
414,197,98,148
414,198,95,144
417,199,96,141
415,200,99,134
421,202,93,132
422,208,94,124
427,209,91,123
433,209,94,125
436,211,90,124
453,208,100,126
458,212,91,127
465,216,92,123
460,220,101,117
467,218,110,120
470,214,91,123
473,226,89,109
470,213,87,123
474,223,100,111
472,228,81,117
471,226,81,113
476,225,90,112
479,228,87,105
476,225,83,111
578,226,76,109
580,239,78,100
574,242,77,97
568,227,83,110
571,249,79,94
538,215,92,128
521,196,108,145
505,197,128,145
483,205,142,133
490,191,140,140
500,193,149,143
501,197,128,138
494,177,118,151
461,186,118,136
497,192,142,138
495,185,128,145
455,193,131,134
464,181,125,142
461,187,130,134
472,188,122,135
462,191,137,131
499,193,133,138
497,192,135,144
503,168,145,171
500,183,139,156
501,161,113,179
501,189,101,149
503,189,97,158
508,195,94,152
512,192,87,160
509,193,87,157
509,191,85,160
514,190,85,160
508,192,84,158
502,187,86,163
495,185,87,165
488,185,88,163
481,182,90,167
477,179,91,169
473,185,89,160
470,195,89,146
465,187,93,160
467,190,91,157
474,200,88,146
457,185,93,158
457,172,93,173
446,183,100,162
446,187,100,157
449,182,94,163
442,179,102,173
435,180,104,168
435,183,102,165
425,174,101,173
426,181,109,161
423,178,107,165
424,174,102,170
414,171,103,173
415,178,92,167
406,175,96,170
398,172,97,170
401,177,94,163
398,167,95,175
392,167,94,175
394,174,93,167
394,169,88,172
394,172,84,170
381,172,92,174
373,172,100,171
368,168,103,174
372,171,96,169
365,170,98,172
360,168,92,173
358,167,99,177
357,170,99,174
358,171,98,175
355,170,103,177
355,171,94,175
351,166,89,181
347,169,88,177
346,172,100,180
343,174,98,179
340,177,102,178
338,176,98,178
338,180,102,174
339,180,100,174
335,178,105,177
334,177,102,176
330,177,105,175
330,177,103,177
335,178,100,174
326,176,104,174
328,177,97,176
323,173,96,177
320,174,95,174
312,173,100,176
304,172,96,178
301,173,96,173
297,174,99,172
294,175,97,171
293,174,93,173
285,177,97,173
288,182,89,167
286,183,88,173
282,181,89,173
276,180,93,171
273,177,94,171
271,185,95,168
263,181,102,172
256,183,106,171
256,194,104,159
255,192,101,163
249,189,103,166
245,188,96,163
242,189,99,164
242,186,100,164
241,184,101,167
244,185,101,166
242,182,98,171
243,178,102,177
241,177,106,179
237,178,111,177
241,175,108,181
245,175,109,177
240,175,117,174
246,173,113,172
253,175,107,170
253,172,107,170
256,168,104,169
259,176,103,161
266,174,103,163
274,174,104,166
280,175,105,166
298,176,106,165
308,175,108,162
323,180,102,158
326,174,102,167
327,176,98,162
326,175,98,161
319,174,99,162
314,170,104,163
308,170,106,165
303,168,107,169
303,178,106,156
299,178,109,155
294,178,113,157
288,176,113,161
283,176,111,161
277,175,110,158
273,174,111,163
266,171,117,164
262,170,116,164
257,170,113,165
264,171,110,164
256,173,114,161
259,174,113,160
257,176,110,156
257,182,102,155
269,184,97,153
262,186,107,154
267,191,108,149
272,192,102,149
270,192,101,150
269,192,103,150
275,191,102,152
278,190,100,151
282,192,96,148
284,190,92,149
287,190,92,149
288,190,92,150
291,191,96,150
293,191,95,149
297,192,92,148
296,191,94,147
296,190,93,149
300,197,91,145
301,196,91,146
303,195,93,145
301,202,93,139
303,200,92,141
303,195,91,144
302,194,95,147
304,195,93,144
307,201,92,138
307,200,89,139
311,201,87,137
317,203,86,134
316,202,90,139
323,201,85,140
323,204,88,140
323,206,93,139
325,205,94,136
319,207,94,135
327,211,93,129
324,205,99,137
324,215,102,127
330,211,96,130
333,206,99,135
331,215,101,127
339,213,91,130
354,213,84,128
361,206,78,136
368,197,74,138
366,192,79,136
370,198,71,120
368,204,77,135
370,203,83,134
363,229,94,105
373,248,92,101
370,221,79,115
375,218,79,121
380,208,78,125
382,205,74,124
385,211,75,118
393,204,71,119
400,199,69,106
400,208,65,96
406,203,62,107
402,198,66,110
400,196,67,112
406,196,71,110
402,200,72,116
407,200,66,116
407,202,70,117
414,203,65,119
414,204,76,124
415,204,73,126
422,205,72,121
424,205,72,129
422,204,78,125
422,203,80,127
417,202,79,128
414,203,79,128
410,201,77,129
405,201,77,131
401,199,81,131
399,196,80,133
399,193,84,137
397,191,86,136
404,193,80,133
402,186,85,138
402,190,81,135
399,181,87,138
395,183,79,133
400,176,83,140
399,179,81,133
401,172,84,136
404,169,89,138
406,174,90,133
408,173,85,131
413,173,82,130
418,168,83,132
425,172,81,126
422,165,86,132
423,165,85,129
423,168,87,125
425,165,89,127
432,166,87,124
436,173,87,114
428,179,90,110
452,165,81,120
451,165,80,120
455,160,95,125
469,161,89,123
463,160,97,125
465,157,98,129
465,151,98,133
467,155,86,129
467,155,96,127
473,150,111,131
468,149,122,134
463,183,107,106
476,173,109,109
490,151,90,133
484,155,95,126
493,153,92,128
492,154,86,129
490,151,91,131
495,150,85,133
503,157,92,126
513,145,93,141
502,151,81,134
500,157,80,131
501,164,77,123
491,166,85,122
485,155,95,132
477,163,89,122
465,169,85,118
461,155,95,131
454,151,104,134
451,143,115,139
440,157,111,124
420,157,92,125
409,157,104,124
394,156,119,123
398,144,118,128
389,151,116,125
379,122,109,151
353,159,109,115
344,157,129,118
341,142,125,130
334,155,131,121
323,147,124,127
324,148,116,122
287,140,116,131
339,147,111,120
358,136,92,130
325,118,111,147
337,142,103,123
361,144,84,126
352,147,90,124
365,146,87,129
367,148,79,126
359,150,83,126
363,149,86,128
371,150,77,126
382,159,72,123
387,161,71,120
389,160,72,122
393,162,71,124
396,160,75,124
401,164,76,120
403,164,77,122
405,165,79,119
402,166,83,119
415,165,78,118
404,167,88,117
419,172,82,118
412,174,93,113
415,177,92,114
413,182,94,111
417,181,96,111
414,193,93,101
440,178,87,114
442,183,86,110
448,179,89,111
448,183,94,110
467,181,85,112
477,183,75,109
486,183,66,108
491,183,64,110
496,184,64,112
503,182,65,112
508,184,68,111
513,189,67,107
521,190,66,102
525,193,67,98
518,198,66,93
440,216,81,83
442,180,82,118
446,199,87,101
360,170,110,121
349,71,115,224
346,89,125,208
343,95,124,196
335,110,126,187
339,146,125,143
424,192,96,100
415,181,92,116
345,158,105,135
341,160,113,133
333,166,122,128
342,169,118,126
342,164,111,133
338,171,107,127
325,160,118,129
316,170,122,123
321,132,115,150
323,138,108,147
319,156,104,133
299,172,129,120
316,124,119,166
315,148,110,139
314,147,117,142
306,163,124,125
299,149,125,136
311,138,105,148
391,200,93,99
315,163,107,118
296,112,113,173
291,121,114,159
290,126,109,156
290,131,111,155
288,137,104,149
285,137,111,151
287,149,105,138
280,154,109,135
279,158,112,129
271,152,120,138
266,129,122,158
262,143,117,145
268,127,115,160
259,139,115,149
269,119,112,169
260,139,114,150
264,117,119,170
256,128,113,158
262,123,119,160
251,137,122,144
265,110,114,171
257,107,113,181
248,107,120,182
245,120,125,171
240,115,122,173
241,110,114,179
213,130,126,153
216,66,130,222
217,87,124,202
218,137,127,148
194,112,129,178
225,120,113,164
211,121,126,163
217,132,113,151
208,102,114,185
205,103,112,184
203,100,114,187
201,92,112,198
202,103,112,184
203,106,111,179
192,118,116,168
196,121,118,159
192,136,113,148
189,112,128,173
192,111,108,166
193,130,123,153
180,152,127,130
182,128,132,154
179,123,123,160
175,129,118,155
183,123,122,155
187,107,108,174
179,123,113,153
185,132,115,150
180,138,115,147
174,123,137,160
188,108,111,175
194,109,103,176
184,145,107,137
172,148,130,132
183,129,133,154
184,147,119,139
196,135,97,141
179,76,108,208
183,137,110,142
172,148,112,136
153,132,128,146
158,121,126,154
166,125,110,152
152,131,120,147
145,117,132,157
151,126,114,150
164,117,113,160
168,120,103,161
138,122,126,156
134,127,133,142
149,144,120,128
142,120,126,151
154,115,113,157
154,121,113,152
146,116,116,158
157,121,107,148
133,46,123,227
129,126,135,148
138,112,121,159
139,122,115,148
109,123,142,148
123,56,140,218
128,108,134,161
126,117,123,149
136,122,121,141
99,131,140,131
133,132,117,130
132,122,124,139
120,137,128,127
145,122,118,138
117,134,133,131
130,119,127,141
132,119,119,143
129,125,121,140
131,135,123,130
132,112,117,145
108,126,126,135
105,105,118,150
105,129,111,128
87,117,113,142
90,117,121,131
87,108,116,151
75,114,120,147
72,126,121,131
82,81,118,173
77,109,117,139
60,92,113,151
70,121,116,119
70,121,108,123
44,118,130,125
59,106,121,129
58,111,128,124
64,93,125,138
69,48,119,188
59,55,126,183
72,80,129,154
104,81,122,156
149,79,117,158
193,87,139,164
218,34,116,219
225,25,126,216
226,43,146,195
244,51,135,178
284,68,122,155
322,92,114,131
369,126,89,101
314,92,97,132
312,137,105,103
275,115,129,129
268,123,133,134
274,135,134,134
275,143,139,134
273,134,120,153
263,126,122,167
332,198,103,121
248,164,132,150
297,190,116,132
237,175,106,142
236,176,120,144
241,182,134,149
286,222,101,123
202,202,120,133
172,196,132,143
149,155,128,186
120,185,124,149
99,159,122,173
88,174,114,150
71,131,120,178
53,149,130,171
41,174,122,136
18,180,150,134
3,126,123,185
3,114,100,191
4,115,106,207
49,175,128,150
44,173,118,148
24,151,122,165
1,152,80,148
2,115,74,200
2,139,99,190
6,167,63,131
2,173,86,161
9,157,88,178
4,122,113,209
3,150,123,194
10,153,142,186
28,169,137,171
38,186,141,158
48,199,135,149
49,170,116,181
65,172,128,178
58,162,127,187
51,181,127,166
51,149,113,193
50,155,129,169
50,143,126,173
52,105,126,215
51,104,129,211
39,134,147,170
19,137,140,166
0,89,132,201
6,140,119,149
0,135,106,140
93,129,93,126
209,151,85,99
254,154,78,94
348,139,77,108
327,60,91,171
450,65,126,152
641,92,100,139
633,112,90,126
604,119,77,127
561,127,75,119
508,117,81,128
457,110,103,136
398,110,107,136
358,104,108,136
324,86,107,154
301,90,103,153
291,95,93,149
281,111,94,141
280,109,98,154
281,125,89,144
265,131,91,153
259,139,91,155
260,149,93,157
245,149,112,166
251,170,112,156
253,191,114,141
285,204,93,134
302,217,99,131
341,221,88,132
384,231,83,126
418,237,84,130
457,248,77,123
491,251,80,127
522,259,88,121
552,254,99,129
585,246,106,136
619,242,111,132
659,237,100,131
688,232,93,135
721,234,84,123
738,230,75,128
753,229,82,128
764,227,82,131
777,227,84,133
797,225,95,136
816,231,100,129
842,209,100,145
848,215,97,137
867,211,82,138
860,219,89,126
855,213,89,133
842,222,86,124
834,222,92,123
828,225,96,124
838,226,86,127
846,228,82,126
832,231,83,127
816,229,99,132
802,230,102,133
776,235,90,129
758,231,98,133
735,223,101,141
722,227,102,133
714,213,91,146
691,207,98,148
688,215,88,138
674,194,92,157
655,210,92,141
634,217,91,135
614,217,91,143
594,220,99,151
569,219,109,159
546,255,91,130
518,267,86,125
505,273,77,123
477,271,78,126
458,260,78,132
452,254,81,133
458,273,78,118
465,274,80,123
475,272,77,127
474,273,79,124
475,273,80,123
489,271,86,128
498,274,81,122
503,275,88,121
509,268,97,129
519,248,97,148
530,265,99,135
535,274,92,132
540,285,91,128
541,293,92,129
555,301,83,131
556,303,88,129
576,303,80,130
578,301,87,133
582,304,83,133
585,300,87,139
592,300,85,141
597,301,87,142
601,305,91,139
610,306,92,141
617,309,92,142
631,310,87,140
640,315,83,137
638,319,88,136
640,327,84,132
634,327,82,136
624,325,84,142
615,331,85,141
599,339,86,135
582,337,85,139
555,330,88,144
529,326,87,144
495,307,90,153
470,304,94,143
452,295,100,142
454,287,92,145
464,286,100,139
490,282,96,141
509,284,97,135
535,270,90,146
569,263,93,146
593,251,92,148
620,247,90,143
634,243,92,141
650,238,95,142
652,242,102,140
657,246,112,146
657,259,108,148
659,282,104,142
657,297,100,150
652,299,105,165
658,303,102,158
657,313,88,135
648,293,86,136
625,252,92,154
600,233,100,149
582,201,101,159
563,140,109,203
549,159,109,173
543,170,95,162
542,201,99,150
538,213,97,155
537,256,95,167
540,277,92,167
544,294,89,175
546,334,89,154
529,339,108,170
522,337,112,187
533,337,111,192
528,328,100,190
519,312,107,186
522,302,106,179
517,252,101,179
492,198,103,194
486,185,104,189
475,152,108,208
462,153,110,196
447,163,114,190
462,177,103,182
457,187,106,187
468,208,106,185
479,226,109,188
485,264,106,200
485,340,101,146
490,369,90,136
491,376,95,137
493,379,95,142
495,373,89,142
499,357,84,150
485,339,95,150
487,316,96,142
491,276,95,147
483,245,97,140
467,206,97,142
444,154,98,158
422,105,105,170
269,91,87,157
400,76,110,163
396,77,110,154
393,98,95,139
398,111,93,145
393,124,92,156
390,186,96,154
390,236,91,141
384,283,95,143
388,322,86,141
388,359,87,146
383,400,87,143
382,425,81,141
377,432,85,139
378,422,88,148
374,414,89,150
369,362,100,159
373,335,103,157
360,298,108,162
338,258,124,164
312,199,136,175
321,143,114,169
314,126,99,159
304,99,92,160
306,101,85,147
302,108,85,146
301,130,85,149
288,152,99,157
294,189,95,146
276,218,115,148
275,249,109,155
264,278,113,151
263,285,111,158
269,281,114,162
268,277,109,160
274,256,106,171
274,235,105,164
273,206,103,165
270,163,104,175
259,131,102,169
252,106,102,165
242,84,95,160
229,64,94,158
219,52,90,161
208,51,92,159
205,61,94,156
207,67,94,167
205,109,95,155
203,147,88,156
207,183,84,154
210,221,85,159
216,259,89,163
219,297,95,162
215,314,103,163
218,333,105,152
226,331,102,157
236,312,108,169
236,295,107,169
244,271,98,165
256,245,94,165
260,199,92,175
269,145,102,193
263,133,97,180
256,119,95,179
252,130,90,165
250,140,100,156
262,154,102,154
287,176,112,157
299,204,114,144
318,224,113,143
332,250,115,142
359,283,100,139
390,352,101,137
409,378,88,130
427,379,85,150
433,385,87,153
436,385,96,160
447,387,95,160
460,381,94,155
461,349,97,175
456,325,101,178
447,304,107,173
445,247,111,187
442,211,111,200
446,213,100,176
439,192,105,176
436,171,99,174
434,159,107,172
435,153,106,170
441,154,105,168
452,161,103,163
461,174,102,161
479,211,95,158
481,226,102,167
494,260,102,157
500,285,94,165
506,323,100,159
513,358,91,158
516,352,92,172
519,368,93,169
519,366,91,175
520,365,90,164
519,342,90,170
516,327,98,168
509,303,102,165
505,279,100,156
511,254,94,154
500,199,83,158
500,158,80,169
489,141,83,170
481,132,83,172
470,135,88,165
469,146,85,155
467,150,85,163
466,169,91,165
469,187,94,168
471,209,88,169
469,233,91,170
466,248,93,179
462,263,93,175
449,268,100,186
445,288,99,182
426,304,97,188
418,308,102,190
412,329,95,168
400,307,93,184
369,320,93,163
352,322,88,154
334,318,86,156
316,304,89,165
290,303,91,160
256,308,84,149
219,289,87,163
184,288,84,157
161,264,90,171
148,256,88,171
160,256,85,166
203,242,85,164
245,242,91,171
291,241,89,170
334,241,86,165
374,241,87,165
444,239,87,161
465,238,85,160
484,230,86,163
501,224,91,166
519,221,86,167
514,221,88,166
505,221,88,163
485,220,89,170
459,223,94,168
427,227,94,162
389,224,88,169
345,226,89,168
295,208,94,181
259,220,87,165
238,204,86,164
221,202,89,175
221,194,99,183
253,204,88,163
280,197,100,180
311,197,111,181
352,197,110,180
365,200,131,179
432,204,101,172
459,207,98,169
480,204,100,172
489,198,109,177
490,196,106,181
486,196,101,180
462,191,111,185
447,194,103,180
384,194,104,179
345,190,105,180
319,183,105,186
283,181,111,186
255,182,107,181
223,180,108,186
205,181,113,181
205,182,110,182
204,175,115,190
225,176,107,188
251,175,107,186
283,174,105,184
323,174,105,185
364,176,102,184
406,179,102,183
444,180,109,185
456,185,104,185
460,181,108,188
473,181,111,190
477,180,106,188
464,187,104,182
448,187,106,182
427,182,103,187
401,188,105,181
363,187,106,184
320,187,96,182
282,199,109,170
260,194,99,178
237,189,95,180
212,189,96,179
184,193,101,173
172,187,94,176
159,188,97,174
161,178,104,183
164,188,95,171
167,176,105,183
190,181,105,179
215,180,103,177
237,181,103,179
271,176,100,184
296,173,102,185
348,170,106,187
313,154,126,200
396,171,105,181
408,156,99,193
427,166,101,182
445,157,100,189
437,156,116,189
444,158,109,186
431,152,110,192
421,159,109,183
381,160,107,185
347,158,112,187
319,162,110,185
283,159,116,188
252,161,118,185
193,163,111,180
169,154,116,189
154,164,105,178
140,161,117,177
146,155,112,179
135,146,99,190
143,148,113,189
157,150,106,187
178,149,98,190
204,154,102,184
237,165,113,180
289,165,106,182
325,166,123,186
346,170,105,178
349,160,97,183
347,172,109,175
376,167,106,183
377,161,99,189
371,158,98,191
345,160,105,188
312,154,107,194
270,155,110,193
239,148,109,194
210,154,106,188
199,148,101,189
194,158,107,173
194,156,102,177
196,150,108,183
200,143,118,195
227,154,113,181
282,146,119,193
324,156,111,184
366,159,113,187
403,167,102,177
462,174,111,171
495,177,110,172
539,180,107,170
563,200,118,152
552,194,115,163
518,171,117,191
486,183,112,173
457,161,111,194
429,157,109,189
402,149,105,190
406,154,115,182
410,158,113,178
424,145,106,193
442,147,111,187
467,150,114,183
501,153,120,178
548,163,112,165
600,169,101,163
629,175,100,158
631,182,112,158
649,175,93,172
614,182,98,165
580,188,100,162
543,195,99,159
500,200,104,157
474,200,93,158
448,204,103,162
431,205,97,164
415,201,96,169
404,208,93,164
407,198,96,173
416,187,95,176
428,188,95,168
450,184,93,172
473,182,94,170
506,183,97,168
557,179,107,177
582,195,103,163
585,188,98,170
595,197,103,161
582,209,100,147
545,206,106,150
515,200,102,158
479,187,103,169
430,187,118,168
399,188,113,163
348,192,123,156
319,188,117,160
284,188,120,160
268,184,105,162
263,195,106,149
266,178,99,169
256,175,113,171
274,186,99,164
291,186,88,166
309,198,86,149
327,187,86,166
378,203,88,163
401,198,91,172
412,206,88,165
415,209,91,168
381,208,92,167
351,211,96,167
310,206,96,171
271,204,99,172
234,202,101,176
200,198,99,174
174,189,107,172
157,177,110,177
