0.001395
0.016641
0.015667
0.015898
0.022405
0.016638
0.016211
0.016758
0.016809
0.017811
0.017338
0.015682
0.016219
0.015924
0.015414
0.015757
0.016728
0.015245
0.015506
0.015868
0.016687
0.015650
0.016330
0.020609
0.015834
0.017693
0.020245
0.015962
0.016807
0.017164
0.015472
0.015813
0.016535
0.015479
0.015396
0.016052
0.015073
0.014928
0.015483
0.017167
0.015176
0.016092
0.025475
0.015887
0.016404
0.018466
0.015202
0.015580
0.023934
0.015588
0.015493
0.015930
0.015357
0.015392
0.015854
0.015726
0.015851
0.016538
0.018437
0.016052
0.019188
0.016559
0.015655
0.015843
0.021353
0.016987
0.016078
0.016443
0.018719
0.019286
0.017931
0.015064
0.016436
0.022826
0.015827
0.022051
0.018138
0.017951
0.016854
0.019012
0.016008
0.016476
0.021767
0.015751
0.016509
0.016958
0.016045
0.016198
0.017302
0.017011
0.016165
0.017583
0.016064
0.016369
0.016676
0.016473
0.017024
0.016185
0.021950
0.016572
0.016783
0.022018
0.016365
0.016283
0.024860
0.017190
0.017249
0.019856
0.015948
0.016650
0.023104
0.016199
0.016123
0.026176
0.015599
0.015693
0.016805
0.017284
0.017209
0.017009
0.017605
0.017039
0.017208
0.015668
0.015682
0.015826
0.021341
0.015851
0.016097
0.015196
0.015342
0.016247
0.016929
0.015223
0.015799
0.017121
0.015197
0.018307
0.017509
0.016023
0.015936
0.015331
0.015725
0.015504
0.016285
0.016644
0.016135
0.016294
0.017038
0.016901
0.018019
0.017949
0.016454
0.016362
0.017154
0.017409
0.015189
0.016073
0.021665
0.016245
0.015658
0.017013
0.015626
0.015647
0.015841
0.015760
0.015460
0.015549
0.016712
0.016095
0.016697
0.016223
0.016065
0.015846
0.016021
0.015657
0.019674
0.017753
0.015387
0.016427
0.018569
0.014529
0.015550
0.016259
0.015413
0.015419
0.015934
0.015941
0.016080
0.015962
0.015449
0.015180
0.015778
0.016172
0.017259
0.016602
0.017882
0.015430
0.015772
0.020911
0.014788
0.015400
0.016891
0.016132
0.016073
0.017672
0.015086
0.015873
0.016905
0.017808
0.015774
0.016793
0.015963
0.015860
0.015923
0.016603
0.016141
0.016272
0.017510
0.016021
0.016030
0.022248
0.016439
0.015689
0.020037
0.017752
0.016991
0.016180
0.016608
0.015658
0.015983
0.014859
0.015965
0.019759
0.016038
0.016069
0.028897
0.020657
0.015557
0.026119
0.015837
0.016797
0.022018
0.016332
0.016101
0.021024
0.016407
0.016360
0.015772
0.018446
0.016302
0.018087
0.015571
0.015797
0.018695
0.015882
0.019342
0.017255
0.016571
0.015862
0.016246
0.016596
0.016571
0.020031
0.016334
0.018076
0.016794
0.018716
0.015380
0.015920
0.015789
0.016653
0.017231
0.016278
0.016100
0.019504
0.016160
0.016062
0.018325
0.016472
0.016422
0.018156
0.017947
0.015881
0.018419
0.016084
0.016381
0.016826
0.016614
0.016193
0.016032
0.020604
0.016274
0.015830
0.015803
0.015267
0.015871
0.016554
0.015317
0.017531
0.016676
0.016774
0.017391
0.016371
0.016494
0.017405
0.016268
0.017291
0.017290
0.016239
0.016974
0.019083
0.019382
0.016557
0.016306
0.016080
0.016183
0.019151
0.015365
0.021793
0.015851
0.016136
0.019026
0.015526
0.016826
0.016568
0.016267
0.016103
0.015818
0.018023
0.015951
0.017841
0.016815
0.016906
0.016641
0.016531
0.016292
0.015215
0.018193
0.015958
0.015405
0.016178
0.015664
0.015630
0.017298
0.016489
0.016508
0.015180
0.015848
0.016124
0.016056
0.017553
0.018775
0.016292
0.016999
0.017170
0.017513
0.016881
0.015956
0.015240
0.019055
0.016572
0.015502
0.018698
0.016691
0.016580
0.018283
0.015935
0.017093
0.018395
0.017054
0.018422
0.020746
0.016223
0.015908
0.019593
0.017392
0.016946
0.017940
0.016724
0.017646
0.020158
0.015348
0.015682
0.020792
0.015644
0.015543
0.016902
0.015089
0.016103
0.016665
0.015668
0.016027
0.018177
0.016656
0.016098
0.016676
0.016181
0.015812
0.017684
0.016083
0.016334
0.017603
0.016230
0.016080
0.016138
0.016251
0.018365
0.016213
0.017899
0.015467
0.015857
0.017770
0.015654
0.016164
0.021945
0.016415
0.015987
0.018299
0.015574
0.015846
0.020492
0.015939
0.016791
0.015998
0.016926
0.016272
0.015845
0.018009
0.017390
0.017589
0.019893
0.016239
0.016204
0.016186
0.018622
0.016067
0.016130
0.018011
0.016243
0.016768
0.016433
0.015563
0.015767
0.015572
0.015992
0.015613
0.016513
0.016470
0.015530
0.015436
0.019699
0.015726
0.016053
0.017773
0.015723
0.016303
0.016589
0.016429
0.017251
0.015911
0.016165
0.015640
0.015430
0.015521
0.015482
0.015710
0.016703
0.016038
0.016121
0.018484
0.016595
0.017075
0.020076
0.020170
0.016234
0.016995
0.016569
0.016917
0.017662
0.016592
0.016633
0.018261
0.015875
0.017007
0.017478
0.017930
0.017329
0.016627
0.015781
0.017364
0.016796
0.015771
0.018652
0.015966
0.016837
0.017032
0.016583
0.015932
0.016891
0.016598
0.017131
0.017969
0.017526
0.017408
0.016527
0.016435
0.016545
0.016564
0.016609
0.016124
0.016122
0.016270
0.015765
0.015737
0.017022
0.015737
0.017794
0.018046
0.016270
0.015971
0.017008
0.017799
0.017336
0.017454
0.016598
0.017339
0.016897
0.015757
0.030409
0.017801
0.020079
0.017482
0.017620
0.018085
0.019013
0.018911
0.021538
0.018838
0.020127
0.020476
0.016398
0.016773
0.017133
0.017369
0.017894
0.019643
0.017869
0.016705
0.016973
0.016865
0.016117
0.016951
0.015874
0.016310
0.017802
0.016725
0.016168
0.016737
0.016682
0.016865
0.016277
0.018256
0.017018
0.016492
0.016307
0.017345
0.016583
0.016512
0.017902
0.016020
0.016493
0.017534
0.015780
0.015697
0.017818
0.015711
0.016491
0.017600
0.016539
0.016699
0.017833
0.015846
0.017045
0.017493
0.016068
0.016134
0.016995
0.015990
0.016127
0.017618
0.015657
0.015534
0.016957
0.016034
0.016024
0.016289
0.019676
0.015974
0.016915
0.016164
0.016118
0.017488
0.016186
0.016750
0.018115
0.016093
0.015797
0.017298
0.016383
0.016304
0.016421
0.016349
0.016371
0.016412
0.016153
0.015913
0.016091
0.015687
0.015621
0.015651
0.015960
0.016029
0.016164
0.016838
0.016677
0.016286
0.017347
0.015418
0.015815
0.016016
0.015999
0.016001
0.019479
0.017991
0.018218
0.016032
0.016997
0.016977
0.017558
0.017129
0.016827
0.020364
0.018047
0.017817
0.016368
0.015928
0.016231
0.020135
0.016983
0.017249
0.018173
0.015638
0.016568
0.020478
0.015896
0.016632
0.018057
0.016293
0.016300
0.017261
0.016939
