0.009851
0.018645
0.016971
0.018350
0.018056
0.034709
0.034602
0.033242
0.030085
0.034846
0.033963
0.020741
0.017489
0.033752
0.018067
0.020379
0.017857
0.020492
0.018509
0.033364
0.018114
0.021783
0.019588
0.021374
0.017622
0.020504
0.017354
0.017329
0.020772
0.016902
0.019827
0.019719
0.017488
0.017029
0.019243
0.034511
0.035043
0.036427
0.019949
0.030010
0.031790
0.025450
0.035040
0.021684
0.017515
0.016327
0.021804
0.017383
0.019402
0.020969
0.017449
0.017889
0.041006
0.035841
0.033723
0.026077
0.018106
0.032092
0.016878
0.019717
0.015822
0.020103
0.017178
0.023435
0.016867
0.020662
0.017637
0.016124
0.015623
0.018146
0.017143
0.018549
0.017860
0.017380
0.017153
0.017637
0.017336
0.017364
0.033393
0.031721
0.027157
0.033975
0.034598
0.017058
0.018005
0.037459
0.020931
0.033892
0.032278
0.033296
0.028306
0.034547
0.035242
0.020170
0.019883
0.018245
0.017606
0.018688
0.018958
0.033380
0.040391
0.022884
0.036207
0.034243
0.030688
0.034836
0.029948
0.019254
0.018472
0.032970
0.032222
0.019623
0.021645
0.019706
0.017422
0.017218
0.016444
0.019358
0.018384
0.017003
0.034230
0.033296
0.034191
0.033323
0.018601
0.018505
0.017972
0.019862
0.017347
0.021022
0.019450
0.035599
0.034227
0.027696
0.028503
0.033919
0.035453
0.021698
0.018076
0.018643
0.018862
0.016233
0.034248
0.032938
0.031727
0.031975
0.034173
0.034655
0.034197
0.033944
0.018704
0.016879
