466,333,74,174
449,326,83,213
445,326,79,215
438,329,79,211
422,323,81,192
404,322,82,202
384,324,82,206
371,326,80,206
369,324,79,209
366,324,80,209
361,323,85,211
349,324,87,214
330,326,87,212
322,320,81,207
312,315,81,210
301,306,85,211
297,300,86,208
299,299,88,206
294,297,86,207
291,300,89,206
303,307,92,204
310,311,91,208
314,313,87,209
318,316,86,209
320,318,78,211
323,320,75,210
329,318,71,209
325,318,68,209
324,315,70,211
323,314,66,209
327,312,69,208
332,309,69,208
337,306,71,214
335,306,65,209
337,313,66,208
342,314,68,205
343,311,66,210
343,308,67,209
341,309,66,206
339,304,65,208
342,305,65,205
346,302,66,205
350,299,73,206
351,306,63,205
352,302,70,216
346,313,63,203
341,306,62,209
343,307,68,206
342,313,68,209
341,317,70,206
344,313,73,206
345,320,64,204
346,318,63,208
346,320,65,211
347,324,63,205
349,324,66,205
347,326,61,206
346,325,61,206
344,324,61,206
342,325,58,205
342,323,59,205
345,323,59,204
344,325,58,204
344,327,59,204
342,327,59,206
342,329,57,203
341,328,56,202
341,329,57,164
429,330,68,159
413,331,71,156
331,329,68,202
333,330,73,200
329,333,73,199
335,330,78,197
324,331,71,195
325,331,75,200
322,332,82,202
318,332,83,203
315,332,84,202
316,331,83,201
314,330,86,198
316,328,85,201
320,325,89,185
315,325,85,201
317,325,87,202
318,326,87,201
320,329,87,200
318,328,87,200
320,329,85,199
319,329,87,198
319,327,87,197
319,324,82,197
419,316,69,166
320,316,86,196
322,313,86,191
323,311,85,194
322,309,84,194
323,308,85,193
322,307,84,192
326,306,85,191
325,304,85,192
326,302,85,190
323,299,88,191
322,296,88,190
320,296,90,191
322,296,89,189
321,296,89,189
322,297,87,188
320,296,87,187
319,295,89,187
319,294,89,185
317,292,87,184
316,293,85,185
313,293,81,183
312,292,81,184
313,291,79,182
311,290,77,183
312,290,77,183
311,289,79,184
313,289,78,183
313,288,75,182
318,288,73,180
318,288,74,178
320,287,72,178
323,286,74,174
323,285,71,175
328,284,70,172
330,282,75,172
330,281,74,174
330,279,74,175
481,271,72,181
331,279,69,175
335,280,69,170
478,269,75,179
335,279,65,172
337,278,69,169
478,268,75,181
464,272,79,179
336,276,69,170
336,277,68,168
334,277,69,168
332,277,69,169
334,276,71,169
470,275,73,176
467,273,76,183
462,273,80,181
464,271,77,192
459,274,82,192
459,274,80,193
333,279,65,165
335,278,65,169
336,278,65,166
