0.002748
0.016743
0.016256
0.016685
0.023767
0.021281
0.017390
0.016609
0.015360
0.015914
0.015857
0.016387
0.017029
0.015870
0.014946
0.016020
0.015689
0.016375
0.019861
0.014560
0.017183
0.018415
0.025937
0.023147
0.016145
0.022593
0.018630
0.018873
0.024289
0.022948
0.024385
0.018703
0.015790
0.016916
0.016919
0.015381
0.016484
0.014966
0.014882
0.016273
0.015018
0.014682
0.015197
0.014641
0.014776
0.014857
0.014639
0.014943
0.015820
0.017310
0.016133
0.014762
0.014694
0.014152
0.015124
0.014180
0.014293
0.017762
0.019973
0.016107
0.021518
0.016832
0.020672
0.018014
0.015505
0.018264
0.031081
0.025233
0.025393
0.021921
0.019217
0.022557
0.020678
0.018132
0.015115
0.015934
0.015082
0.015737
0.017334
0.016873
0.014670
0.014145
0.014448
0.014476
0.014895
0.014938
0.014123
0.015309
0.014749
0.014736
0.015428
0.017617
0.015770
0.016306
0.015149
0.015889
0.016206
0.018070
0.019673
0.015820
0.021985
0.015986
0.018457
0.018917
0.015834
0.017077
0.015738
0.016862
0.016967
0.014942
0.014530
0.015155
0.015890
0.014530
0.016089
0.014546
0.015005
0.014719
0.015251
0.015111
0.014406
0.015308
0.016623
0.017571
0.022793
0.020571
0.020090
