0.001071
0.018278
0.017663
0.016258
0.016153
0.018426
0.015476
0.014711
0.014848
0.015535
0.014541
0.028909
0.015207
0.017075
0.026513
0.017497
0.016361
0.017388
0.017504
0.016363
0.023302
0.016259
0.016317
0.017815
0.016818
0.017446
0.015211
0.014677
0.024658
0.028600
0.015053
0.016393
0.015898
0.017237
0.016088
0.030493
0.015571
0.015013
0.014964
0.014796
0.029335
0.016207
0.014976
0.018232
0.016472
0.015282
0.020686
0.015366
0.023689
0.015832
0.017499
0.021630
0.020134
0.015721
0.029383
0.017092
0.015506
0.024279
0.015524
0.014724
0.014981
0.017554
0.018815
0.015192
0.020082
0.016849
0.015478
0.021758
0.019091
0.018934
0.022474
0.016406
0.016358
0.017014
0.016335
0.016085
0.017197
0.030299
0.014780
0.020880
0.017396
0.015038
0.026585
0.022466
0.016722
0.018406
0.020596
0.022415
0.015598
0.016966
0.018747
0.014954
0.018929
0.018007
0.017042
0.015408
0.017145
0.015839
0.015961
0.015790
0.015162
0.017025
0.014621
0.017580
0.026033
0.015805
0.019567
0.022281
0.022271
0.018142
0.018872
0.015749
0.014858
0.026864
0.017558
0.015284
0.016626
0.023857
0.017915
0.016974
0.026174
0.016611
0.015291
0.023427
0.017381
0.015237
0.024556
0.015395
0.015273
0.022585
0.015048
0.021703
0.015024
0.017559
0.015743
0.016323
0.016001
0.016569
0.017013
0.016933
0.018889
0.017144
0.016742
0.022867
0.018563
0.018012
0.026401
0.021601
0.019943
0.021129
0.021736
0.017847
0.029102
0.017323
0.015811
0.024059
0.015589
0.018437
0.015305
0.014962
0.029692
0.019051
0.017314
0.017420
0.015062
0.019948
0.019583
0.015037
0.030612
0.017678
0.018843
0.023332
0.017989
0.016323
0.019637
0.017144
0.015375
0.026042
0.017976
0.019202
0.017615
0.018559
0.014657
0.018374
0.018779
0.018102
0.018369
0.016103
0.015215
0.026773
0.026201
0.017090
0.015703
0.018430
0.018616
0.016224
0.017631
0.016865
0.018599
0.016632
0.017419
0.016326
0.018822
0.016322
0.015914
0.017654
0.016066
0.016895
0.018904
0.015574
0.015365
0.016625
0.015793
0.016006
0.024517
0.015388
0.016500
0.015432
0.015379
0.023334
0.020442
0.015070
0.015720
0.018598
0.018675
0.017203
0.021356
0.014842
0.020259
0.020056
0.016616
0.017874
0.015866
0.019850
0.017936
0.015446
0.014553
0.016414
0.014824
0.017878
0.016312
0.016964
0.019528
0.015586
0.016172
0.018216
0.016383
0.016185
0.022696
0.017481
0.019046
0.017278
0.015894
0.026839
0.020140
0.018900
0.017988
0.018492
0.018488
0.016697
0.015628
0.017270
0.028936
0.019131
0.016934
0.017739
0.017568
0.017262
0.016868
0.017726
0.016627
0.025085
0.017396
0.016267
0.018128
0.026031
0.016410
0.017164
0.016775
0.016323
0.020026
0.025920
0.017275
0.016483
0.021352
0.016463
0.015901
0.022317
0.014714
0.016259
0.016125
0.019768
0.016569
0.019631
0.015387
0.014887
0.020844
0.015635
0.018293
0.021237
0.016069
0.016858
0.025833
0.014687
0.018975
0.024543
0.018074
0.017991
0.018310
0.014864
0.015015
0.026450
0.016868
0.017325
0.014717
0.019025
0.016068
0.014771
0.018659
0.018595
0.014846
0.016011
0.023540
0.022276
0.015686
0.019257
0.015792
0.018180
0.015998
0.016922
0.018337
0.015367
0.015617
0.020059
0.016337
0.016524
0.017096
0.014564
0.018797
0.014734
0.016142
0.018971
0.014514
0.014502
0.015390
0.014576
0.024028
0.015516
0.015532
0.020970
0.015593
0.016380
0.018085
0.015630
0.016477
0.026496
0.017078
0.016101
0.024175
0.014989
0.015222
0.016802
0.017359
0.015428
0.017061
0.014807
0.017915
0.017114
0.015431
0.018023
0.015748
0.016661
0.017330
0.016601
0.014521
0.023983
0.016236
0.016165
0.017521
0.017209
0.015798
0.018620
0.016377
0.016946
0.016216
0.015567
0.019289
0.015666
0.014719
0.018674
0.016108
0.021686
0.022815
0.015069
0.016278
0.022756
0.016179
0.015733
0.024634
0.014900
0.014960
0.016060
0.015213
0.025953
0.017249
0.016574
0.018842
0.017419
0.016452
0.015866
0.018482
0.019814
0.015832
0.016655
0.015565
0.019547
0.016382
0.015430
0.016931
0.017087
0.015543
0.018688
0.018401
0.022085
0.019614
0.016620
0.016763
0.016415
0.016985
0.015785
0.019169
0.017161
0.015722
0.018262
0.016452
0.015448
0.015808
0.014724
0.019770
0.015702
0.016767
0.016654
0.015551
0.021400
0.017836
0.015773
0.016437
0.015610
0.015120
0.018145
0.015845
0.015177
0.016224
0.015869
0.017918
0.028804
0.016985
0.016848
0.024017
0.016770
0.015530
0.019103
0.017296
0.017003
0.018692
0.016702
0.015775
0.018708
0.016108
0.018169
0.018421
0.019367
0.015932
0.017444
0.015833
0.015054
0.018613
0.020960
0.016407
0.018411
0.016426
0.015803
0.019033
0.026045
0.016435
0.015894
0.018396
0.026115
0.016248
0.025655
0.015778
0.014907
0.024274
0.019378
0.018878
0.016959
0.016315
0.015588
0.018640
0.014912
0.014671
0.015264
0.017052
0.018565
0.020329
0.016675
0.015224
0.015863
0.016620
0.016982
0.017820
0.016214
0.024047
0.019050
0.021108
0.016678
0.017133
0.016203
0.017282
0.025233
0.015455
0.016027
0.016447
0.015786
0.020020
0.016840
0.016136
0.019746
0.015062
0.016685
0.018240
0.017764
0.016309
0.020391
0.020703
0.017852
0.016799
0.017987
0.017226
0.016129
0.017043
0.017331
0.015158
0.016429
0.016181
0.016223
0.025577
0.018957
0.019983
0.022503
0.015809
0.016146
0.018047
0.018632
0.018222
0.018586
0.015883
0.030308
0.019181
0.016379
0.017070
0.016557
0.018524
0.016261
0.016162
0.018316
0.018079
0.015989
0.025084
0.016876
0.016078
0.018239
0.017546
0.015214
0.020516
0.017169
0.016863
0.017622
0.015690
0.015229
0.025030
0.017600
0.016224
0.025002
0.015690
0.015561
0.030797
0.016356
0.015311
0.017008
0.015557
0.018121
0.017888
0.016534
0.017234
0.015673
0.015307
0.018488
0.017504
0.014817
0.019489
0.016434
0.019024
0.016739
0.018631
0.016532
0.015774
0.025956
0.017650
0.014972
0.022524
0.017476
0.015602
0.016771
0.021857
0.017058
0.015896
0.030403
0.017844
0.022533
0.016174
0.015617
0.016596
0.016404
0.019197
0.020405
0.019091
0.017290
0.027349
0.016252
0.019103
0.025667
0.019826
0.015200
0.028719
0.015876
0.015728
0.024050
0.019975
0.015089
0.018611
0.019316
0.015460
0.020023
0.015174
0.016127
0.029043
0.014796
0.017475
0.015546
0.015516
0.019646
0.015891
0.018141
0.019098
0.017760
0.016922
0.017108
0.016365
0.014978
0.015457
0.029546
0.016407
0.016280
0.015725
0.015498
0.024708
0.015677
0.015566
0.027176
0.018576
0.016578
0.026074
0.017560
0.016006
0.022699
0.018879
0.016060
0.018564
0.016750
0.015995
0.019214
0.016467
0.015970
0.027010
0.022594
0.016495
0.022294
0.016764
0.018517
0.015913
