842,312,16,43
838,310,21,44
838,310,21,45
837,310,21,46
836,307,22,49
836,307,22,47
836,307,22,49
836,307,23,49
836,308,23,47
835,309,22,48
834,308,24,48
834,309,23,47
833,309,23,48
832,308,22,47
831,309,21,45
830,309,21,44
830,310,22,44
829,309,22,44
828,310,22,43
828,310,22,42
828,309,22,45
825,310,22,43
826,309,22,45
824,309,22,45
824,309,22,46
823,308,22,47
822,308,23,48
821,308,23,47
821,308,22,48
820,307,23,48
820,308,21,47
820,309,22,45
819,309,22,45
820,308,22,46
819,309,22,46
818,310,22,45
817,311,22,46
816,310,22,45
815,311,23,45
815,310,23,45
815,310,22,45
814,309,23,46
814,310,23,46
813,310,23,46
812,310,23,45
811,309,24,47
812,309,23,47
810,310,23,45
810,311,23,45
810,312,22,45
808,311,23,46
808,311,22,45
809,311,22,44
807,311,23,45
807,311,22,45
808,311,22,45
808,312,22,45
807,312,21,45
817,312,21,44
804,311,21,44
803,313,21,45
804,312,21,45
804,313,22,46
803,313,22,45
802,312,21,47
801,312,22,47
801,312,22,45
800,312,22,47
800,312,22,47
799,313,22,47
799,313,23,48
799,313,21,47
800,312,21,48
801,311,22,49
809,313,20,46
801,312,21,47
801,313,22,47
800,314,22,47
799,314,23,48
799,314,22,47
798,313,23,48
798,313,23,48
799,312,24,48
799,313,23,47
798,313,23,47
798,314,24,46
798,313,24,48
798,315,23,46
796,313,23,48
798,314,23,48
796,313,24,49
795,315,23,47
796,313,24,49
795,314,22,47
796,313,22,47
795,313,22,48
794,314,22,50
795,313,24,51
793,313,25,51
793,313,25,51
794,315,24,50
793,313,24,51
792,314,25,50
793,314,25,51
793,314,25,51
793,313,25,51
793,314,25,50
792,315,25,51
792,314,25,50
792,315,25,50
791,316,25,49
791,316,25,49
792,315,25,49
791,316,23,48
790,317,23,48
791,316,23,48
789,316,23,48
790,316,23,49
788,316,23,47
789,316,23,48
790,315,24,49
790,316,23,49
790,316,23,48
789,315,23,48
790,316,23,49
788,317,23,48
791,316,23,49
790,316,24,49
788,317,24,50
788,316,22,50
788,316,23,51
787,316,24,50
788,315,25,51
788,315,24,52
786,317,24,51
785,317,24,51
785,317,24,51
785,316,24,51
784,317,23,50
783,317,25,51
783,317,23,52
783,317,23,52
782,316,25,53
782,316,25,54
781,316,26,54
783,316,25,54
782,316,26,54
782,316,26,55
784,316,26,54
783,317,25,53
783,317,25,53
783,317,25,52
783,317,25,53
784,316,26,54
782,317,24,53
782,316,24,54
782,315,25,56
781,316,26,54
780,315,27,54
780,314,27,54
782,316,25,51
784,314,27,54
837,311,23,49
835,309,25,52
833,310,26,51
834,312,26,48
835,311,25,51
833,309,25,52
833,310,24,51
833,310,23,52
831,310,25,54
830,310,27,55
774,315,28,55
774,314,30,52
827,311,26,52
826,310,25,55
824,309,25,54
772,316,27,55
769,316,27,48
773,318,25,53
771,317,24,48
772,318,24,55
770,317,24,47
771,318,23,52
770,315,24,50
770,319,23,54
764,318,23,46
770,320,23,48
766,319,24,46
767,322,23,49
766,319,24,54
769,319,25,54
777,320,25,51
784,319,25,50
795,317,25,52
808,315,26,55
827,314,26,53
847,312,26,55
854,316,25,53
853,319,25,51
856,317,24,52
852,320,24,51
851,318,24,52
845,320,25,52
842,320,25,52
843,318,26,54
843,319,25,52
842,319,25,55
844,319,25,53
842,321,24,53
841,320,25,55
839,320,25,55
838,319,25,54
844,320,24,52
836,323,24,53
834,320,24,55
832,322,23,54
834,320,24,55
832,321,24,56
834,320,25,57
833,320,24,56
831,320,25,57
832,320,26,59
830,321,26,58
829,320,27,59
829,320,26,60
825,319,27,61
834,319,26,58
829,322,27,58
828,321,27,60
830,320,27,60
830,321,26,60
830,322,26,59
830,323,26,58
830,324,26,58
829,324,26,58
830,321,25,59
828,324,24,56
829,323,27,59
827,323,25,58
824,322,26,60
827,323,25,57
825,323,25,59
826,323,27,61
824,323,27,61
824,321,27,62
825,322,26,63
824,323,26,63
824,323,28,64
825,323,30,62
825,324,28,59
823,325,27,62
823,324,28,64
823,325,27,62
822,325,27,63
822,325,28,62
823,327,28,61
821,326,29,62
829,326,30,61
825,325,32,62
822,327,31,61
854,327,30,59
833,324,30,62
861,322,31,59
822,326,30,62
818,327,28,63
816,328,28,61
817,327,27,62
816,327,28,63
815,328,28,62
814,328,30,64
814,329,27,61
813,327,29,64
813,328,27,63
811,327,29,63
811,328,30,63
811,328,28,62
811,329,29,63
809,331,30,61
811,329,29,62
809,329,29,64
810,327,29,64
809,328,27,65
807,328,29,66
813,327,33,65
809,331,32,63
805,331,30,62
801,329,30,65
801,332,32,64
800,330,30,65
799,329,32,65
798,332,30,65
796,330,30,65
798,331,28,65
796,329,29,63
795,330,30,65
794,330,30,66
797,333,27,63
795,330,28,67
794,331,32,66
794,329,34,67
861,319,30,65
882,319,31,62
896,317,29,63
865,316,34,66
914,315,29,62
859,319,32,67
856,320,32,66
829,323,38,66
792,328,35,70
842,326,33,63
912,318,27,61
916,318,27,61
916,316,28,63
915,317,27,61
915,318,27,61
915,318,28,62
915,317,27,63
915,316,28,63
913,317,28,63
913,317,28,63
912,318,28,63
887,322,29,62
889,322,28,61
888,322,27,61
884,321,29,62
871,320,28,64
912,320,27,59
886,321,30,61
871,321,30,64
869,321,32,64
909,322,29,60
912,321,26,59
909,319,26,60
907,320,28,60
907,320,27,58
878,321,29,62
881,322,30,62
908,321,27,59
905,322,27,60
908,322,26,58
908,320,25,60
906,320,26,60
905,322,27,60
906,320,28,62
880,321,33,63
879,322,32,63
878,322,30,62
886,322,33,63
902,319,28,61
900,322,26,61
903,320,27,63
901,322,27,63
902,322,28,61
899,322,28,64
899,318,29,66
898,319,27,65
900,319,29,65
898,320,26,64
899,321,28,63
897,319,27,62
897,320,28,62
901,318,27,61
897,319,26,65
897,319,31,64
893,320,28,65
893,320,28,65
893,320,27,65
893,319,28,65
901,320,27,61
902,318,25,62
892,321,27,62
902,319,26,64
894,321,28,63
893,321,29,65
902,318,27,64
887,321,29,65
861,322,35,73
862,321,31,76
864,322,30,73
864,321,29,74
864,320,32,73
861,321,31,72
864,322,31,72
874,321,35,73
895,321,28,66
890,321,28,67
893,322,29,68
890,323,28,67
891,324,29,67
894,323,27,65
888,326,29,65
892,327,26,62
857,329,32,67
892,325,28,67
889,327,28,64
885,325,30,68
888,330,27,63
887,324,29,70
890,326,29,68
881,330,33,68
883,331,28,66
887,326,29,71
883,328,30,67
884,329,28,66
868,329,33,71
856,332,32,71
881,322,29,70
884,325,28,66
857,330,33,71
887,323,28,66
884,328,29,63
856,333,33,73
888,324,27,65
883,332,27,58
881,328,29,63
873,331,31,63
882,328,29,64
870,331,34,64
881,330,29,62
864,329,35,65
872,332,32,66
856,332,33,74
833,339,39,72
853,333,35,76
830,344,39,70
830,340,37,75
852,334,36,78
879,329,32,60
849,334,36,74
847,334,41,79
850,334,37,79
851,335,36,78
852,335,32,76
853,337,37,75
922,333,28,54
923,330,26,58
923,328,27,60
922,332,26,56
921,330,26,60
934,329,24,61
919,332,26,58
917,330,27,60
915,327,27,63
914,327,28,62
876,340,33,67
866,335,39,71
853,338,36,80
854,338,31,77
851,341,33,73
853,339,35,79
853,340,32,75
855,338,40,79
855,338,36,81
856,338,37,80
858,341,37,79
855,339,39,81
854,339,40,80
856,338,40,81
851,339,40,80
857,337,38,82
857,336,39,83
860,336,42,83
855,338,38,79
822,340,42,81
828,338,41,84
855,337,39,84
822,341,40,80
823,341,42,81
859,340,38,82
857,339,38,83
848,342,37,80
840,342,37,79
835,340,38,83
834,338,38,82
838,339,48,82
836,338,37,82
830,338,50,81
820,340,41,81
804,337,40,83
792,339,36,79
772,338,38,81
756,338,39,81
751,340,40,79
748,342,36,78
736,339,36,81
738,341,35,79
733,338,35,81
721,338,41,81
723,339,43,82
721,336,41,86
719,333,40,87
722,330,45,78
718,315,39,84
710,309,43,82
714,302,40,86
709,299,39,88
703,300,38,87
706,308,36,80
700,303,40,86
692,311,42,89
702,318,42,83
698,318,43,86
689,325,44,85
697,323,42,87
748,336,31,69
815,320,32,75
817,319,33,75
817,318,35,76
817,319,35,75
817,318,35,76
816,319,35,74
817,323,35,75
817,329,35,77
817,332,34,73
820,335,38,76
818,336,37,77
824,338,35,77
826,336,34,77
831,335,32,78
896,339,30,69
897,338,29,70
830,339,31,76
880,341,33,72
874,340,31,73
870,339,35,74
928,339,30,76
922,339,32,76
870,342,32,73
830,342,36,76
831,342,35,75
901,343,31,71
830,342,33,76
829,341,37,78
828,343,35,75
829,343,35,76
828,343,35,75
829,342,35,76
828,343,35,76
828,343,35,75
829,344,35,74
883,342,34,75
829,343,35,77
883,342,32,76
829,343,36,78
829,341,37,79
829,343,36,77
829,343,35,78
829,342,37,78
909,341,35,82
908,342,34,80
899,343,39,78
877,341,36,80
898,342,39,79
863,341,40,79
829,345,35,75
830,345,34,76
832,344,34,77
833,343,35,77
835,342,38,79
866,342,40,80
833,341,35,81
833,342,34,80
832,342,35,81
831,341,35,81
832,342,34,81
833,341,34,82
832,342,35,82
831,341,35,82
830,343,35,81
869,344,36,78
830,344,34,81
873,342,36,81
829,342,34,83
828,342,36,83
828,343,35,83
830,342,34,83
829,342,34,84
828,342,34,83
831,342,34,83
829,342,36,84
830,342,34,83
837,343,33,80
843,342,33,81
848,343,33,80
851,344,33,80
850,341,35,83
853,343,36,82
859,343,35,82
867,342,35,82
875,340,34,83
880,341,37,83
887,342,35,81
893,342,35,82
899,342,35,82
905,341,35,85
909,340,35,84
911,341,37,86
910,344,40,86
913,344,37,89
912,343,37,90
912,345,37,88
908,343,38,91
910,344,41,91
909,343,40,93
909,344,41,91
909,344,40,90
909,342,39,92
910,343,38,89
911,344,37,88
911,342,36,90
910,343,38,90
909,342,39,93
909,346,38,89
911,344,37,92
908,340,41,96
908,347,39,90
909,344,37,93
879,330,38,61
881,332,30,56
869,332,27,55
876,328,33,60
883,332,38,55
886,331,29,56
878,327,31,59
864,327,28,59
878,329,32,58
863,324,32,61
887,330,28,58
888,324,32,65
892,331,29,58
885,323,34,66
842,321,27,58
847,319,27,50
865,323,27,53
865,322,29,53
869,320,23,52
880,320,25,56
872,320,28,54
879,318,29,53
929,324,29,65
918,320,27,70
933,323,26,66
915,323,30,65
931,325,27,64
918,323,27,68
917,329,27,60
894,324,23,65
938,325,19,57
923,322,21,53
928,325,24,56
911,332,22,51
904,335,22,47
907,332,22,49
904,333,23,53
906,334,22,49
907,332,22,47
915,334,25,51
921,329,25,56
916,335,28,51
899,339,32,63
902,347,43,78
875,372,45,120
869,367,54,132
851,377,59,138
843,374,64,128
851,374,56,136
845,375,62,138
844,374,58,135
847,370,66,141
850,380,53,130
849,374,60,140
838,374,68,144
837,373,67,147
838,374,64,148
837,377,63,144
836,372,64,145
830,372,66,149
827,375,64,150
823,374,67,153
822,376,64,154
821,379,64,153
820,378,66,156
819,379,63,150
818,375,66,153
815,376,68,155
814,380,67,154
820,380,61,154
815,381,65,154
816,383,69,153
813,380,67,150
