641,330,38,91
629,339,52,66
631,336,44,72
629,338,41,71
629,337,43,71
634,340,41,68
627,340,37,70
622,341,46,73
632,344,50,68
623,340,47,75
623,341,45,74
621,340,45,75
623,340,46,75
618,344,45,74
620,338,43,78
612,341,45,76
615,339,46,76
610,342,46,73
612,340,46,77
607,343,44,76
611,341,45,75
614,337,51,79
623,340,54,77
615,330,56,86
630,344,62,72
629,338,56,75
626,332,52,81
623,342,53,68
627,341,48,72
625,340,40,71
627,337,40,77
629,338,42,76
626,336,39,74
628,332,41,78
627,331,46,76
629,328,48,79
623,329,50,83
623,330,48,79
619,330,45,88
622,332,41,86
620,334,42,79
619,333,41,81
620,334,45,82
624,332,48,89
632,335,54,87
633,329,53,87
648,338,61,80
663,348,64,74
660,339,61,79
670,352,63,69
667,339,56,79
675,344,61,72
677,346,50,75
678,335,52,81
683,344,56,70
688,335,51,80
688,331,48,80
687,334,47,78
690,334,44,77
692,333,42,78
693,334,42,79
692,335,44,79
694,336,43,79
696,335,41,79
698,335,41,81
697,333,42,82
698,331,42,84
699,330,42,88
698,332,45,87
699,333,42,85
702,332,40,85
703,332,39,82
705,331,39,82
705,333,39,82
709,332,38,81
710,335,38,79
712,334,37,78
714,335,37,79
716,334,38,79
716,330,38,83
718,330,37,83
716,329,39,84
717,329,38,81
716,328,39,84
716,329,41,86
714,329,42,85
715,331,42,82
714,333,42,81
715,331,42,85
715,332,42,83
716,334,41,83
716,329,41,88
718,330,42,87
720,328,41,88
721,328,42,88
724,329,43,85
724,327,44,88
726,327,44,88
727,327,45,86
730,327,43,83
733,326,41,82
738,330,38,81
737,327,39,85
738,326,38,85
740,330,37,84
738,329,39,82
738,332,38,82
735,333,40,80
730,334,42,83
725,331,46,88
722,333,49,86
720,336,48,85
718,343,46,75
715,336,46,85
713,339,45,84
710,340,46,82
708,337,46,86
705,338,47,87
704,339,45,85
706,336,41,87
706,336,41,84
709,339,38,79
709,338,38,79
713,337,37,82
715,333,37,87
715,330,41,91
720,326,41,89
718,320,46,96
720,317,52,103
722,323,53,95
727,324,50,92
728,321,49,95
727,326,48,91
732,327,44,89
730,328,44,86
729,326,43,87
726,324,43,88
725,326,44,86
726,326,42,85
722,326,43,86
721,326,43,87
723,329,41,81
721,328,41,83
720,330,41,81
720,328,40,84
721,328,40,83
723,325,40,86
724,326,40,87
725,328,39,85
725,324,39,89
725,323,40,89
725,322,40,91
724,320,41,92
723,318,43,94
723,317,43,94
721,321,43,88
721,325,42,85
722,322,41,90
721,319,43,93
720,319,43,95
718,320,45,93
717,319,45,93
717,321,44,89
716,318,42,90
715,317,42,91
713,314,45,98
712,313,46,97
710,317,48,92
713,318,45,93
713,320,48,91
717,318,45,92
715,316,47,98
720,315,44,95
719,317,44,95
723,316,43,97
723,319,43,91
724,321,42,86
725,323,41,88
726,315,42,98
727,316,44,97
728,316,46,97
730,315,45,98
732,313,46,99
731,315,46,97
733,313,45,96
732,321,44,89
734,316,42,98
735,314,41,99
732,315,43,97
732,312,43,99
731,312,43,95
731,316,44,91
730,313,44,97
730,316,44,95
728,316,45,99
727,320,46,97
726,321,45,95
727,323,45,96
726,319,44,105
724,322,47,106
722,319,49,111
721,324,53,96
721,320,47,105
720,318,47,112
718,318,48,103
721,317,46,107
721,316,45,109
722,317,45,104
725,318,43,101
726,321,43,99
725,317,45,104
724,317,46,103
721,318,48,108
718,319,51,112
718,320,49,102
720,321,47,101
722,323,46,95
728,328,47,90
734,321,45,100
738,322,48,94
741,316,44,101
743,316,49,103
743,313,46,104
745,315,46,107
744,314,46,106
743,316,46,108
740,317,48,112
739,317,48,114
739,318,49,116
744,317,47,115
747,314,46,117
749,311,46,123
754,313,45,118
756,312,46,120
757,311,48,117
761,316,47,118
761,310,48,126
762,310,49,129
765,314,48,124
766,314,48,122
764,313,48,124
765,316,46,121
764,315,47,124
765,315,47,124
763,315,48,126
762,314,48,126
761,313,48,128
760,313,48,126
758,312,49,125
755,311,50,125
755,312,49,127
754,310,50,125
757,311,51,124
762,311,51,122
765,312,51,121
768,310,50,121
771,310,53,125
770,309,52,126
770,309,51,127
769,307,50,130
766,308,48,121
762,313,47,108
760,309,47,128
756,304,49,137
755,305,49,136
754,306,49,137
753,307,50,135
752,307,50,136
749,308,49,133
749,308,53,140
748,309,51,137
752,307,52,131
750,306,51,143
752,304,53,135
751,302,52,142
753,302,54,135
751,299,52,141
749,300,53,137
750,301,52,131
748,300,52,136
750,302,51,134
746,301,53,141
750,302,52,138
748,302,51,139
752,302,52,138
752,302,51,139
754,301,53,139
752,300,54,138
754,298,58,140
755,297,57,141
754,296,57,140
753,295,58,143
752,295,57,141
757,297,51,142
753,299,53,138
753,299,52,140
751,301,55,142
750,302,55,138
751,302,55,141
748,303,54,142
748,301,54,145
747,303,52,137
746,302,53,140
744,302,54,138
744,301,54,136
744,300,55,145
746,300,54,146
748,300,54,148
752,301,54,145
751,302,56,146
756,303,55,139
754,303,55,144
760,301,53,146
756,300,53,151
759,299,55,142
759,299,55,151
757,296,57,158
758,298,56,152
757,299,56,156
759,299,61,150
760,301,57,151
761,301,61,149
761,302,60,149
761,303,61,148
760,303,62,146
761,301,61,149
761,302,62,149
763,300,61,152
764,299,60,152
763,299,60,154
761,299,59,154
760,301,59,151
759,299,59,153
756,303,58,152
754,306,58,147
751,307,57,152
753,302,55,152
748,305,55,154
751,304,54,152
750,302,53,154
748,302,56,165
745,304,59,160
746,301,60,164
746,298,61,171
746,297,61,173
746,296,63,175
744,296,66,178
743,296,69,180
744,296,68,167
747,295,66,161
750,295,67,155
750,293,70,161
753,294,67,158
754,295,67,158
753,296,70,165
757,297,70,161
753,298,69,157
754,303,70,155
754,304,70,157
753,300,70,166
754,299,71,168
757,298,72,165
759,303,64,164
766,299,65,160
772,298,68,164
774,300,58,168
777,299,60,168
780,299,60,179
779,298,61,172
780,296,64,173
779,294,60,169
777,294,61,174
777,299,58,157
777,296,59,168
779,292,57,165
779,296,61,159
783,294,61,158
782,297,62,159
781,298,65,154
778,299,66,154
780,298,66,158
786,296,62,159
784,298,62,154
786,294,60,155
786,314,59,125
785,310,59,124
780,308,66,126
784,313,59,113
772,301,66,125
790,303,55,119
779,277,57,130
758,285,69,137
689,353,95,104
682,334,100,109
676,310,105,113
776,237,73,158
743,245,91,155
760,215,82,172
776,221,67,149
776,224,66,149
774,233,66,133
785,225,57,122
783,219,57,127
779,213,58,126
774,198,62,142
782,189,54,136
783,185,51,133
785,168,50,139
