0.001498
0.022297
0.024818
0.014840
0.014596
0.016563
0.024127
0.016304
0.016152
0.015720
0.018755
0.018733
0.015608
0.015136
0.015718
0.017430
0.017303
0.016541
0.015058
0.016243
0.016813
0.015166
0.015248
0.016943
0.015554
0.014890
0.014965
0.021072
0.018698
0.014973
0.016512
0.015447
0.014499
0.015568
0.015284
0.017112
0.019820
0.015015
0.015754
0.015235
0.015059
0.017853
0.021516
0.016618
0.016768
0.016378
0.015102
0.015973
0.014794
0.016223
0.022928
0.014966
0.018416
0.014560
0.015837
0.015613
0.016674
0.016983
0.017054
0.017730
0.015608
0.016602
0.015080
0.019581
0.015810
0.017182
0.015961
0.015046
0.014839
0.014722
0.021114
0.015527
0.014684
0.015303
0.016914
0.015817
0.019822
0.015597
0.015482
0.016143
0.016716
0.018451
0.021322
0.018318
0.016293
0.015444
0.017945
0.022462
0.015085
0.014410
0.014516
0.016438
0.023085
0.014832
0.014471
0.014571
0.015521
0.015632
0.014673
0.014559
0.018558
0.017089
0.015577
0.015335
0.014679
0.014857
0.017067
0.027029
0.023956
0.015792
0.016109
0.014550
0.014943
0.014735
0.014301
0.020275
0.015401
0.017594
0.019560
0.016418
0.015770
0.017852
0.015515
0.015309
0.015557
0.015020
0.019124
0.016881
0.015330
0.017123
0.014320
0.015350
0.015399
0.015791
0.015028
0.014464
0.014628
0.014963
0.014976
0.017443
0.017206
0.015633
0.018350
0.015438
0.014623
0.015723
0.015958
0.014421
0.017458
0.018839
0.018495
0.015683
0.015337
0.018700
0.018922
0.015445
0.014767
0.021307
0.015232
0.014790
0.014805
0.016281
0.017923
0.015716
0.015550
0.015783
0.019900
0.016470
0.016997
0.017702
0.025142
0.017326
0.017144
0.017001
0.023342
0.022312
0.016711
0.016425
0.026210
0.024592
0.015703
0.017301
0.016479
0.016808
0.020111
0.015904
0.017011
0.015360
0.023402
0.017278
0.015237
0.015148
0.026944
0.015681
0.015547
0.015401
0.016796
0.020629
0.018129
0.021096
0.020041
0.016996
0.016217
0.016094
0.019855
0.017027
0.017297
0.015993
0.021806
0.016183
0.018749
0.017451
0.015819
0.017441
0.016971
0.021413
0.015706
0.017584
0.019745
0.016180
0.018107
0.021095
0.016201
0.016620
0.016886
0.015323
0.019253
0.017837
0.018893
0.015393
0.015342
0.016053
0.016570
0.016064
0.014532
0.015816
0.017642
0.019301
0.015446
0.014476
0.015144
0.017376
0.015450
0.015084
0.016387
0.014855
0.015717
0.024797
0.015534
0.015328
0.016069
0.014828
0.017056
0.025111
0.015320
0.015139
0.014941
0.015276
0.016576
0.020131
0.014902
0.014684
0.015813
0.015662
0.017385
0.022568
0.019964
0.015437
0.015344
0.018055
0.014813
0.016514
0.019611
0.015302
0.016331
0.020068
0.015921
0.018356
0.022431
0.015011
0.016142
0.015049
0.016925
0.015539
0.015996
0.017000
0.015550
0.014734
0.015249
0.016846
0.020795
0.015395
0.014868
0.015135
0.015588
0.020060
0.014355
0.014489
0.014606
0.015321
0.015892
0.017785
0.014764
0.015978
0.014871
0.016673
0.016643
0.025076
0.022021
0.015204
0.017493
0.025063
0.015165
0.015087
0.016906
0.016819
0.017496
0.026140
0.025018
0.023334
0.020935
0.017306
0.015155
0.016756
0.019403
0.016352
0.015443
0.019752
0.018091
0.014830
0.027569
0.017981
0.015138
0.014667
0.021123
0.015072
0.014525
0.016318
0.017055
0.020079
0.016758
0.017292
0.022094
0.016331
0.015449
0.016453
0.022976
0.019079
0.016072
0.016094
0.029906
0.019041
0.018892
0.017002
0.017150
0.017992
0.017513
0.018670
0.016901
0.017590
0.017632
0.015446
0.017045
0.020716
0.022493
0.020058
0.018617
0.018743
0.018552
0.015378
0.015352
0.022261
0.019230
0.021603
0.018666
0.016770
0.016848
0.024833
0.021590
0.016818
0.015210
0.018529
0.020504
0.022497
0.018764
0.016995
0.017684
0.017820
0.017063
0.015248
0.017786
0.019027
0.020239
0.018178
0.025248
0.017752
0.017778
0.019685
0.017849
0.021087
0.022015
0.016820
0.017196
0.018359
0.021580
0.018294
0.018916
0.016241
0.023635
0.020809
0.020100
0.019041
0.016957
0.020236
0.020234
0.016464
0.019813
0.018119
0.018363
0.018001
0.016634
0.019826
0.015922
0.018534
0.015777
