528,435,82,102
513,437,80,106
501,438,78,104
494,440,74,105
484,442,75,106
479,442,73,105
474,442,74,105
470,442,76,103
465,441,80,107
461,442,81,105
458,442,84,104
454,444,81,100
450,445,82,103
445,442,84,104
444,444,84,100
441,447,85,99
439,445,87,99
438,447,87,97
437,448,88,95
440,449,88,93
447,446,83,97
447,445,82,97
449,444,78,94
447,443,76,97
446,441,77,100
443,440,84,101
442,438,82,106
440,437,83,105
438,438,80,103
438,439,78,100
444,441,76,101
450,439,76,101
456,441,76,101
463,443,78,100
470,444,79,99
478,447,77,95
483,446,78,96
488,449,80,93
490,453,83,88
494,456,85,86
496,457,87,86
497,459,88,85
502,457,90,83
509,458,88,84
517,458,88,83
527,459,91,85
536,459,94,88
549,457,94,88
555,459,100,87
563,459,104,75
570,455,107,71
576,451,108,71
573,448,113,64
571,442,114,67
563,436,113,67
551,435,112,68
530,431,117,72
514,436,109,71
489,430,116,80
493,421,104,78
493,403,108,84
501,379,112,89
508,367,118,77
516,355,123,72
539,347,115,60
552,348,119,54
562,354,119,59
578,366,119,59
590,382,108,69
585,398,109,69
586,419,103,80
581,418,103,91
583,426,96,93
583,431,93,91
587,435,90,88
593,437,88,90
599,438,86,91
603,437,83,93
607,439,82,93
612,439,80,94
617,441,80,92
618,444,78,94
624,446,72,90
631,443,74,92
635,434,85,93
640,421,88,92
638,408,86,89
630,394,83,89
617,382,82,89
605,377,82,92
596,377,77,91
585,378,74,95
559,379,69,97
534,373,68,99
532,364,72,97
544,354,76,94
568,346,76,90
595,356,78,71
622,356,81,74
645,369,81,81
666,382,81,85
678,396,88,88
684,408,95,93
684,422,94,97
669,426,94,97
663,431,89,100
657,440,83,95
648,443,77,96
635,445,77,95
624,444,72,96
615,443,71,94
607,441,72,93
609,438,67,93
610,437,67,92
613,434,67,92
618,433,68,92
624,434,69,92
632,436,70,91
641,439,69,90
649,442,67,89
655,445,68,87
660,448,69,86
663,450,67,86
665,450,69,85
665,450,70,84
665,450,70,84
663,451,71,85
662,451,70,84
660,452,68,84
658,453,65,83
653,455,66,83
650,455,63,83
648,456,61,83
646,457,63,83
644,456,65,83
643,454,66,84
643,452,69,84
644,449,69,86
646,446,68,86
647,445,68,86
651,444,67,87
655,444,67,87
660,442,67,90
664,439,65,90
667,438,65,89
669,435,67,89
670,432,68,90
667,431,72,89
670,430,73,89
667,428,77,88
666,427,79,85
665,424,83,83
664,420,84,81
660,419,91,74
655,416,86,72
650,415,88,74
646,412,84,77
640,412,84,77
634,411,82,78
628,414,82,77
622,415,85,79
618,417,86,75
614,416,88,78
604,412,91,77
598,409,91,73
590,407,95,72
582,409,98,69
578,405,95,69
579,412,88,64
574,404,88,72
564,408,90,68
559,412,79,67
554,411,74,74
547,415,71,76
542,417,69,78
538,419,68,81
535,422,66,81
533,422,68,83
532,423,68,84
530,423,68,85
529,422,67,87
529,421,67,87
532,423,67,89
533,424,67,89
535,424,67,88
539,428,68,89
542,428,67,89
544,428,67,90
544,428,67,89
545,428,67,89
544,429,66,90
542,431,66,90
541,434,65,89
540,435,66,90
539,436,67,89
542,436,70,90
545,437,70,87
548,436,84,87
552,437,96,81
550,436,102,74
542,437,104,72
530,435,103,75
514,433,98,80
495,433,95,87
482,432,86,97
454,430,88,103
447,412,72,105
440,387,83,95
453,364,85,78
480,347,83,63
512,337,82,48
538,333,80,43
581,336,71,44
607,345,74,44
621,353,81,51
633,363,81,67
640,383,84,71
636,389,93,81
637,407,92,87
638,414,88,88
639,421,84,90
641,422,80,91
636,426,79,90
631,429,77,92
627,435,79,88
627,440,74,91
627,445,72,93
627,451,70,91
629,455,70,91
626,460,68,90
621,462,62,91
607,462,60,101
586,457,59,92
556,448,67,90
520,437,78,88
496,425,89,82
480,418,92,79
486,412,91,73
482,408,88,73
480,408,87,73
485,409,83,76
498,410,73,77
514,414,71,79
532,416,67,82
547,420,67,83
563,423,69,85
576,426,74,88
588,429,74,89
595,432,74,88
603,431,73,91
608,431,72,93
613,429,73,94
616,428,71,96
617,427,72,98
621,425,70,97
619,421,71,98
621,418,69,98
620,414,68,97
622,412,69,95
626,410,67,94
628,408,69,93
631,405,70,95
633,406,70,92
634,405,71,91
636,406,72,92
633,404,72,93
629,405,72,96
624,406,72,93
618,406,73,96
611,406,72,95
600,408,73,94
589,409,73,94
576,411,73,93
563,411,74,94
550,413,73,94
536,416,73,94
518,418,73,94
503,418,74,96
489,421,72,95
475,423,73,96
463,425,73,94
455,429,72,89
450,429,72,92
447,429,72,92
446,429,73,92
448,429,74,91
451,428,76,90
453,428,76,91
456,428,75,93
459,431,75,92
460,431,76,92
465,432,76,96
468,432,76,97
472,433,77,95
476,434,77,98
484,435,75,95
493,435,76,88
506,437,84,84
520,438,92,85
533,441,103,79
544,434,111,81
552,433,114,74
552,434,118,74
544,438,126,76
545,443,115,71
538,447,114,72
541,436,112,88
549,420,113,89
572,390,120,78
596,351,118,75
611,328,121,58
624,310,115,57
633,311,101,59
631,298,107,61
627,299,116,58
635,304,116,60
650,325,113,51
660,350,98,57
636,387,104,64
621,397,103,75
605,407,105,76
600,414,100,78
588,418,103,80
582,421,91,85
569,418,92,94
560,429,84,87
556,433,79,86
552,438,75,84
556,442,75,87
560,446,76,91
574,450,69,89
578,451,73,89
590,454,73,87
607,454,77,86
616,451,75,89
620,450,72,93
622,451,65,90
629,459,58,94
632,462,54,87
617,452,61,94
583,434,80,89
561,413,99,80
546,394,104,76
537,389,101,70
513,387,102,75
489,398,99,79
480,407,91,92
476,417,83,96
485,418,78,96
498,417,80,100
523,421,88,96
548,429,81,100
580,446,75,95
611,463,69,91
623,478,66,78
627,488,61,66
624,492,64,53
622,502,57,52
622,501,56,49
621,500,57,49
621,500,58,52
621,502,62,55
619,501,61,49
619,505,60,61
621,505,57,65
620,504,57,69
619,498,57,77
619,502,56,70
617,503,59,71
616,504,60,65
615,505,58,65
612,507,59,63
608,507,58,58
608,506,54,56
608,509,51,59
607,508,50,55
607,514,51,58
603,510,50,55
603,514,49,56
597,512,51,54
600,510,44,55
595,510,46,55
596,517,46,57
592,522,45,53
592,526,41,49
588,526,42,46
585,529,43,46
583,529,40,46
581,529,42,44
584,529,39,46
587,526,36,49
588,523,41,50
585,520,41,51
586,519,40,52
579,512,41,51
565,513,55,49
563,509,54,58
538,501,69,58
520,495,75,61
489,483,75,73
485,471,68,95
474,460,72,90
466,450,74,98
464,444,71,94
453,442,72,91
450,443,71,91
447,447,71,93
444,450,73,94
440,452,73,98
438,451,75,99
436,451,75,100
435,451,75,100
433,451,78,100
432,449,77,100
429,449,78,99
425,450,95,99
423,449,87,101
419,452,95,99
421,452,81,99
425,454,83,94
428,453,90,94
431,451,97,89
436,451,99,85
441,449,101,74
446,449,106,73
440,445,110,70
437,441,111,71
429,439,113,74
418,436,115,77
406,442,107,74
384,436,119,79
403,425,100,88
412,402,104,90
436,390,102,77
445,365,114,72
468,342,115,62
486,334,109,56
497,339,104,55
504,334,109,64
522,340,111,62
531,358,106,54
531,376,103,67
535,390,102,75
550,401,85,79
543,409,80,80
537,416,76,82
539,421,72,84
541,426,72,87
541,433,70,91
544,440,68,93
548,451,66,94
549,460,67,94
557,468,60,91
560,472,64,89
566,477,65,96
574,477,66,89
578,477,68,84
586,469,63,96
596,475,59,87
606,473,60,87
615,473,62,87
623,471,58,90
629,470,55,90
631,465,56,92
629,464,57,93
625,463,58,94
620,463,61,92
615,463,63,92
612,463,63,92
609,464,62,92
607,464,64,93
607,466,65,93
605,466,64,93
607,466,66,93
611,464,67,93
616,464,71,94
622,463,70,95
631,461,74,94
641,456,76,93
658,451,78,88
684,439,87,89
704,447,113,73
760,403,105,105
772,411,119,80
778,400,111,72
774,381,102,80
753,370,111,87
715,371,133,92
707,386,115,93
654,434,101,71
588,433,94,81
534,422,80,120
505,378,88,72
497,352,94,53
497,329,90,48
500,318,80,40
511,317,72,36
521,323,77,50
511,336,89,40
525,353,84,48
523,369,93,45
521,386,76,56
527,401,70,64
531,415,68,77
535,423,65,81
540,428,62,84
543,433,62,85
548,436,60,85
551,439,58,84
554,440,57,84
558,443,55,84
560,446,55,84
558,453,61,86
551,460,65,90
541,471,65,88
534,484,60,86
529,498,52,64
532,511,45,58
534,520,52,50
555,523,46,42
566,528,50,36
581,527,56,35
593,499,51,59
597,514,120,44
597,504,67,63
578,497,84,57
564,499,83,50
546,482,79,48
519,461,77,49
507,430,97,53
496,401,105,55
493,364,98,58
514,320,105,76
541,294,111,70
573,286,92,73
589,285,73,69
569,217,80,84
569,232,78,86
569,217,83,79
569,214,85,81
574,215,83,78
574,210,86,82
576,213,87,78
580,211,87,76
583,213,88,80
585,212,89,85
587,213,84,93
595,232,79,89
623,273,79,77
615,273,69,78
596,264,66,61
597,262,62,60
585,251,68,49
581,227,72,66
586,216,88,77
582,214,85,76
573,218,87,67
566,217,86,69
556,218,84,63
547,218,81,58
533,217,84,60
521,218,82,52
510,215,85,49
501,215,82,73
488,213,87,76
479,211,86,75
471,211,86,75
466,210,86,75
458,211,85,78
450,209,88,68
442,210,85,74
434,208,92,75
428,210,89,83
428,210,87,87
428,209,86,95
462,288,83,101
379,434,72,86
373,444,75,98
371,449,74,95
370,451,76,97
370,453,75,99
369,453,76,99
368,452,76,101
367,452,76,101
364,453,79,100
365,453,77,100
364,452,78,101
364,452,78,101
366,452,78,100
366,453,79,100
367,453,78,100
370,454,78,100
371,455,78,100
376,454,79,100
384,454,79,99
396,454,78,97
407,454,75,94
420,455,74,90
432,456,76,87
441,459,79,87
444,460,88,85
448,461,91,83
450,462,93,83
456,463,99,83
463,464,105,80
488,463,109,77
499,462,114,67
510,456,114,68
507,452,121,64
504,448,125,64
499,447,124,64
486,448,125,64
458,451,132,66
448,447,112,75
430,444,104,87
407,426,93,99
397,402,76,97
392,376,87,78
403,359,90,59
424,351,80,49
445,350,77,37
460,352,77,36
468,358,86,41
477,362,80,60
485,358,78,84
484,398,92,83
493,409,82,89
488,422,82,88
486,429,79,85
486,431,75,86
488,433,77,85
492,433,79,84
498,434,80,83
504,436,82,82
509,439,87,83
512,443,91,85
517,445,92,85
525,451,92,84
529,454,98,83
531,455,97,85
530,455,97,88
523,449,95,92
508,442,96,88
493,436,91,91
474,435,86,94
448,436,76,94
401,440,92,96
394,438,71,94
377,424,87,94
377,406,95,81
392,385,83,75
405,376,88,57
425,373,92,47
438,373,100,47
449,377,91,48
461,382,81,61
469,384,79,84
475,396,77,94
473,416,79,84
474,419,78,83
472,426,77,82
472,430,75,84
473,433,74,86
476,437,75,87
481,442,76,87
487,446,79,87
489,450,84,86
490,453,93,84
492,455,96,83
491,456,97,81
486,456,101,79
477,455,104,78
468,454,105,78
457,452,107,77
441,448,106,78
423,447,105,80
399,445,109,76
375,442,111,78
350,439,112,81
331,427,107,89
325,404,86,95
322,382,83,93
329,360,88,83
340,352,93,59
353,347,103,49
376,350,105,42
405,356,94,46
422,368,99,52
430,381,103,57
442,373,96,83
451,410,99,83
452,425,88,87
447,428,86,88
440,432,82,93
432,439,83,90
422,440,81,91
413,444,80,86
405,445,77,85
392,451,90,80
383,453,83,81
374,455,81,85
368,456,84,85
365,459,78,89
361,463,82,87
356,464,84,90
353,466,81,89
340,466,94,87
331,466,98,90
323,467,80,85
334,467,67,86
327,469,74,91
332,467,72,81
332,468,84,86
331,467,82,88
330,465,85,95
332,465,86,86
333,463,89,90
334,460,89,91
338,455,86,99
340,461,83,92
343,458,86,95
349,459,84,96
356,455,84,97
368,449,84,95
384,447,85,89
408,443,90,88
441,440,93,81
489,441,107,77
528,434,116,70
558,425,120,67
554,419,141,58
581,401,120,66
585,390,114,66
563,383,136,66
553,372,143,83
544,377,140,94
534,386,94,111
484,434,80,90
440,414,54,90
399,387,106,60
379,349,123,57
384,315,110,77
395,295,92,73
401,294,79,73
402,298,75,65
403,315,84,61
402,341,81,56
398,368,96,53
394,387,99,59
400,398,84,58
406,406,79,71
411,414,84,77
420,420,83,75
429,424,71,76
436,428,70,79
442,431,72,79
450,435,70,81
454,439,79,81
456,443,69,76
456,448,70,83
452,452,68,86
448,457,70,91
448,462,67,100
449,465,67,90
451,472,69,85
460,478,69,79
467,482,84,60
518,484,59,83
555,479,56,69
587,471,57,63
598,453,61,58
597,456,60,50
555,426,69,73
493,423,75,68
428,400,87,67
338,375,102,67
312,299,140,76
491,238,88,147
604,333,114,119
641,333,133,92
658,356,112,82
705,340,64,105
812,395,80,79
810,426,86,81
783,445,79,76
768,448,74,62
755,447,89,57
742,452,90,56
672,423,128,79
693,428,83,88
602,403,128,74
609,396,97,82
603,397,90,81
599,389,89,89
589,380,91,84
580,403,84,84
577,402,71,103
571,398,82,100
576,397,80,99
581,395,78,103
596,393,72,101
611,393,67,103
627,388,58,103
644,387,53,104
661,385,49,105
675,385,49,111
688,388,53,83
699,400,54,77
