0.002988
0.015698
0.016409
0.015260
0.016365
0.016409
0.015988
0.015440
0.015923
0.015993
0.018085
0.018540
0.021041
0.025118
0.020850
0.018306
0.020345
0.023010
0.021330
0.016425
0.016753
0.016111
0.016437
0.015773
0.015452
0.015241
0.015382
0.015374
0.015392
0.015256
0.019980
0.018372
0.017937
0.021990
0.020594
0.017262
0.017840
0.017925
0.018718
0.016963
0.018664
0.020402
0.022730
0.016727
0.016301
0.015727
0.015563
0.016458
0.015558
0.015493
0.015291
0.015241
0.015278
0.015846
0.015394
0.021047
0.018318
0.022981
0.018435
0.019916
0.018581
0.018800
0.020487
0.019485
0.018125
0.019806
0.020971
0.016654
0.016984
0.016240
0.020875
0.015701
0.016021
0.016102
0.015497
0.019308
0.016347
0.016469
0.021228
0.016870
0.022427
0.018214
0.018280
0.018882
0.017415
0.018101
0.018851
0.021121
0.022819
0.017183
0.017944
0.019868
0.017230
0.019490
0.021632
0.016804
0.015681
0.015647
0.015589
0.016388
0.016629
0.015782
0.015498
0.015759
0.015493
0.015799
0.016273
0.015609
0.016002
0.015998
0.021692
0.015598
0.015476
0.016311
0.016257
0.015954
0.016247
0.017509
0.020887
0.017360
0.019414
0.018921
0.018402
0.019592
0.022427
0.016640
0.017833
0.019167
0.018030
0.015801
0.015330
0.017350
0.015187
0.015232
0.014826
0.014783
0.014931
0.014980
0.015058
0.015359
0.014980
0.015046
0.015490
0.018225
0.022906
0.017287
0.017852
0.018769
0.020761
0.018402
0.018460
0.023135
0.018984
0.017071
0.017014
0.017678
0.018444
0.015414
0.016088
0.015390
0.016027
0.015903
0.016225
0.015337
0.015864
0.015320
0.015416
0.016413
0.016239
0.017280
0.018323
0.022189
0.018437
0.017127
0.018794
0.017153
0.017501
0.019744
0.017064
0.026131
0.023817
0.016976
0.017189
0.016790
0.016730
0.016697
0.020617
0.015353
0.015282
0.015067
0.015493
0.015980
0.015918
0.015572
0.016721
0.019511
0.017396
0.020064
0.018600
0.018515
0.018919
0.017686
0.021266
0.017705
0.018518
0.017056
0.016870
0.017152
0.016832
0.016187
0.015617
0.015378
0.015339
0.015325
0.016181
0.015782
0.015958
0.015607
0.018706
0.015805
0.016177
0.015839
0.016082
0.015242
0.015839
0.016084
0.015639
0.015611
0.015548
0.016881
0.018772
0.015562
0.016596
0.016478
0.017982
0.022400
0.019114
0.028755
0.015729
0.021181
0.016559
0.024253
0.015206
0.017842
0.015711
0.015235
0.015594
0.015617
0.016481
0.017596
0.015254
0.017627
0.015752
0.015480
0.015972
0.015115
0.015400
0.015080
0.025113
0.020799
0.017482
0.018714
0.020475
0.019693
0.018333
0.023470
0.016570
0.018516
0.018697
0.017749
0.016633
0.016371
0.016732
0.016658
0.015988
0.015973
0.015844
0.015712
0.015962
0.015763
0.015706
0.015543
0.018199
0.017313
0.019747
0.018542
0.018476
0.019434
0.018165
0.018079
0.015909
0.022126
0.018968
0.019040
0.021001
0.016725
0.015437
0.015218
0.015180
0.015391
0.015893
0.015569
0.015646
0.015537
0.015365
0.015362
0.015081
0.015438
0.017132
0.016840
0.019565
0.019234
0.019409
0.017816
0.018445
0.018286
0.016627
0.022579
0.019392
0.019424
0.018062
0.016743
0.015363
0.015766
0.016685
0.015797
0.016087
0.015820
0.018366
0.015841
0.015527
0.015769
0.016345
0.014979
0.015746
0.015812
0.016670
0.015925
0.016561
0.016351
0.016456
0.016193
0.016680
0.016279
0.016381
0.020224
0.017318
0.017247
0.021536
0.019024
0.017952
0.019226
0.018484
0.018489
0.020007
0.016891
0.018062
0.022299
0.015983
0.016765
0.016889
0.015399
0.015272
0.014686
0.014606
0.016393
0.014755
0.014622
0.014823
0.014663
0.014530
0.014573
0.015507
0.022335
0.019116
0.025838
0.016016
0.021341
0.016239
0.018088
0.021410
0.016311
0.019288
0.022420
0.019491
0.016057
0.016098
0.015936
0.016140
0.015707
0.015990
0.015625
0.015754
0.019446
0.015556
0.016241
0.018735
0.017232
0.016375
0.016329
0.018358
0.021039
0.019886
0.019544
0.018320
0.018655
0.020657
0.018427
0.021217
0.015854
0.021694
0.016155
0.015962
0.016525
0.015681
0.014904
0.015528
0.015901
0.016517
0.015343
0.015867
0.015419
0.016602
0.017159
0.021082
0.017235
0.016993
0.017473
0.017246
0.017939
0.018416
0.016682
0.016984
0.026718
0.021425
0.022254
0.021448
0.017601
0.016419
0.020043
0.015839
0.015505
0.016095
0.015747
0.015949
0.016994
0.015137
0.015564
0.015554
0.015591
0.015587
0.015650
0.015494
0.015518
0.016178
0.014847
0.017066
0.016189
0.016954
0.021130
0.017423
0.019161
0.020145
0.018754
0.019707
0.020225
0.019265
0.018830
0.017479
0.016150
0.015844
0.015393
0.015191
0.014992
0.015270
0.015213
0.015203
0.015185
0.015325
0.014965
0.015326
0.016639
0.015771
0.018353
0.017500
0.016311
0.019736
0.019177
0.018479
0.018800
0.017541
0.020167
0.019473
0.018147
0.018305
0.020169
0.016704
0.016602
0.015425
0.015297
0.015843
0.015215
0.015069
0.014915
0.016020
0.015130
0.014916
0.016125
0.017155
0.016979
0.020531
0.017838
0.018998
0.019121
0.017920
0.021237
0.020715
0.019366
0.022441
0.016766
0.016056
0.016455
0.015312
0.016019
0.015049
0.015992
0.015549
0.015866
0.015177
0.015095
0.015391
0.018876
0.015489
0.015759
0.015797
0.016373
0.016481
0.018072
0.019586
0.021103
0.016404
0.019614
0.019780
0.019436
0.017355
0.017472
0.018607
0.016834
0.015626
0.015554
0.015228
0.015006
0.015050
0.014914
0.015992
0.015507
0.018440
0.015594
0.015079
0.014887
0.014994
0.015024
0.014975
0.015064
0.015082
0.015251
0.015321
0.014981
0.015145
0.015498
0.016044
0.015338
0.020095
0.020195
0.023902
0.018654
0.018725
0.018242
0.018927
0.019490
0.020566
0.018299
0.018508
0.015935
0.016062
0.015419
0.015692
0.015895
0.015772
0.016567
0.015849
0.016931
0.015619
0.015704
0.015467
0.015766
0.015431
0.020084
0.020373
0.017604
0.019138
0.018945
0.019810
0.018958
0.019011
0.019118
0.019459
0.018353
0.019037
0.017182
0.017038
0.016120
0.020230
0.015890
0.015658
0.016652
0.016740
0.016871
0.016158
0.017677
0.015204
0.016497
0.016761
0.020679
0.017442
0.019753
0.019706
0.019278
0.017474
0.018555
0.017494
0.018445
0.018898
0.019877
0.017466
0.018597
0.016396
0.015757
0.015504
0.016054
0.015535
0.015640
0.015513
0.019944
0.015547
0.015114
0.015476
0.018043
0.019530
0.015760
0.023822
0.017569
0.015334
0.016663
0.016610
0.020406
0.019146
0.026169
0.020141
0.020330
0.015970
0.017668
0.014907
0.015574
0.015297
0.015212
0.016065
0.017360
0.015495
0.015404
0.015664
0.016231
0.016628
0.015883
0.015990
0.015248
0.015742
0.019110
0.016179
0.015560
0.015414
0.015664
0.015893
0.019193
0.016340
0.016355
0.016240
0.016315
0.021904
0.020249
0.022723
0.019776
0.021244
0.027555
0.018611
0.018518
0.017104
0.016701
0.016715
0.016341
0.016373
0.017227
0.016665
0.016320
0.017115
0.016905
0.016713
0.017067
0.016368
0.018875
0.016344
0.022083
0.017404
0.018378
0.018950
0.018931
0.019045
0.022082
0.019042
0.019430
0.019161
0.020774
0.019207
0.017500
0.016006
0.016113
0.016062
0.016832
0.017850
0.015538
0.015577
0.016109
0.016231
0.017460
0.017050
0.020427
0.016580
0.018097
0.018776
0.019881
0.019449
0.020526
0.019911
0.020701
0.016793
0.018546
0.018664
0.016683
0.015591
0.015453
0.015170
0.015939
0.015563
0.015422
0.015481
0.016514
0.015087
0.015328
0.015889
0.015498
0.015628
0.019385
0.021266
0.018741
0.019221
0.018548
0.017654
0.018290
0.016154
0.020068
0.017488
0.018245
0.017704
0.017467
0.018325
0.015263
0.015862
0.016882
0.017633
0.018091
0.016415
0.015430
0.015487
0.015946
0.015800
0.015304
0.015131
0.017186
0.015309
0.015812
0.015614
0.016343
0.016937
0.018393
0.015209
0.015502
0.015323
0.018970
0.017246
0.019324
0.016147
0.017688
0.018867
0.017885
0.019439
0.023246
0.019128
0.019502
