0.012779
0.030948
0.033481
0.032262
0.033813
0.016037
0.017958
0.019716
0.025534
0.018416
0.018377
0.033460
0.033866
0.032862
0.028507
0.032091
0.032495
0.021329
0.034262
0.032088
0.033301
0.026237
0.032642
0.019925
0.018711
0.020687
0.016160
0.015545
0.033276
0.033593
0.033074
0.035691
0.031427
0.030204
0.031548
0.031396
0.017336
0.018067
0.017886
0.016179
0.019895
0.017838
0.015253
0.016584
0.018580
0.015983
0.017337
0.020880
0.019217
0.017555
0.032716
0.032254
0.032211
0.019927
0.031344
0.030730
0.025571
0.029094
0.032680
0.027455
0.031051
0.033228
0.019029
0.016815
0.018233
0.016844
0.021841
0.033827
0.031147
0.031412
0.026750
0.034014
0.032365
0.033428
0.033950
0.016773
0.027930
0.021711
0.017479
0.016563
0.017390
0.044202
0.041039
0.040987
0.034058
0.034911
0.031880
0.038114
0.033282
0.027867
0.030591
0.031645
0.023026
0.017662
0.016027
0.026862
0.036265
0.046045
0.032817
0.033700
0.020257
0.030936
0.017466
0.017877
0.016253
0.033637
0.035929
0.031108
0.034751
0.023897
0.029463
0.033888
0.030281
0.034044
0.024361
0.029768
0.021568
0.019090
0.020425
0.017585
0.018706
0.019673
0.019916
0.015434
0.032948
0.033044
0.025303
0.030894
0.032319
0.034317
0.032630
0.016683
0.033131
0.016587
0.033170
0.034009
0.024099
0.032314
0.020012
0.033262
0.016064
0.018899
0.020516
0.017032
0.016246
0.021654
0.016353
0.029263
0.016246
0.022080
0.020194
0.016349
0.017262
0.018355
0.033675
0.033347
0.033101
0.033915
0.018206
0.021023
0.017262
0.016583
0.018753
0.018234
0.032441
0.032496
0.033137
0.033674
0.023954
0.021568
0.023264
0.018016
0.016982
0.016250
0.016646
0.020049
0.018358
0.034447
0.032027
0.035620
0.021105
0.033265
0.036662
0.032141
0.033224
0.034176
0.030193
0.031270
0.032029
0.031961
0.019913
0.031863
0.042303
0.016773
0.016874
0.026182
0.032565
0.032250
0.031869
0.031921
0.018277
0.033485
0.020177
0.016636
0.019722
0.019157
0.015543
0.032576
0.031916
0.032179
0.033770
0.033914
0.034347
0.022206
0.033628
0.019360
0.022201
0.016155
0.017580
0.017424
0.032456
0.033911
0.043328
0.025300
0.029263
0.034330
0.031814
0.017832
0.032839
0.033101
0.032998
0.031008
0.033140
0.016901
0.017595
0.032468
0.017071
0.019610
0.033127
0.032069
0.031786
0.032214
0.028564
0.030995
0.019569
0.032094
0.032539
0.016598
0.027132
0.033390
0.030845
0.016573
0.019107
0.030514
0.040674
0.034284
0.039927
0.027263
0.031629
0.019720
0.030956
0.032038
0.015864
0.040148
0.036027
0.032982
0.019860
0.039440
0.033689
0.020902
0.030644
0.021274
0.016164
0.032691
0.037139
0.016055
0.031366
0.024796
0.027337
0.016876
0.021017
0.027828
0.021322
0.017383
0.021776
0.021953
0.019221
0.033412
0.019105
0.019106
0.017861
0.015842
0.030995
0.019625
0.022928
0.032154
0.033439
0.015807
0.016204
0.034484
0.039604
0.019877
0.038345
0.028786
0.031117
0.031432
0.020801
0.033366
0.016926
0.034433
0.024168
0.032949
0.017446
0.016650
0.017086
0.029607
0.031815
0.025450
0.034420
0.018115
0.032629
0.015584
0.018046
0.016590
0.014776
0.016508
0.017038
0.032571
0.030456
0.023513
0.033001
