0.003301
0.019513
0.034369
0.024350
0.034564
0.029775
0.037260
0.037052
0.021888
0.031145
0.033918
0.034185
0.020952
0.021839
0.039349
0.033207
0.033622
0.021199
0.022652
0.038047
0.037515
0.021683
0.031866
0.035586
0.017384
0.017724
0.020733
0.018759
0.017330
0.034499
0.032737
0.021511
0.020237
0.022524
0.018181
0.038139
0.035671
0.020223
0.033712
0.035716
0.033673
0.036389
0.019995
0.022028
0.019005
0.022851
0.019383
0.018951
0.034999
0.028478
0.031041
0.044876
0.027025
0.034148
0.035051
0.035491
0.024430
0.028198
0.023693
0.020011
0.020756
0.018734
0.032531
0.036973
0.035379
0.036715
0.035042
0.022412
0.034038
0.035749
0.031308
0.019989
0.018875
0.026941
0.024897
0.036454
0.028091
0.030506
0.035452
0.037093
0.030183
0.025712
0.034157
0.034981
0.027577
0.036052
0.036786
0.050164
0.024932
0.036900
0.028797
0.051265
0.039430
0.024563
0.019808
0.034524
0.033113
0.022025
0.038062
0.037704
0.036690
0.040196
0.024514
0.037611
0.037153
0.020697
0.040070
0.024269
0.021517
0.023545
0.022250
0.020304
0.031900
0.031675
0.031326
0.038885
0.037283
0.035506
0.034665
0.036180
0.018595
0.019321
0.021583
0.031287
0.034746
0.036247
0.029652
0.024644
0.021271
0.019246
0.037751
0.035042
0.036234
0.029487
0.033983
0.038944
0.025519
0.023424
0.025202
0.030789
0.035496
0.020474
0.024010
0.019656
0.036327
0.020663
0.031672
0.028179
0.036848
0.035312
0.018711
0.022042
0.021493
0.037163
0.035596
0.038241
0.020895
0.019952
0.043261
0.023109
0.023550
0.023011
0.022204
0.019436
0.021632
0.020933
0.022882
0.019277
0.021085
0.022166
0.021736
0.019485
0.022359
0.036902
0.028417
0.033730
0.036145
0.036046
0.042315
0.045889
0.028935
0.040452
0.028868
0.037155
0.022432
0.036386
0.034549
0.035899
0.025390
0.036909
0.024260
0.033081
0.037561
0.028929
0.022288
0.021314
0.021896
0.019672
0.021885
0.036734
0.036947
0.032436
0.021048
0.038522
0.020634
0.020108
0.018606
0.020732
0.021152
0.019591
0.047649
0.034525
0.027941
0.042407
0.034342
0.019147
0.021073
0.048327
0.036129
0.032476
0.034889
0.044294
0.041887
0.033494
0.048260
0.033278
0.023002
0.036642
0.022305
0.024568
0.037243
0.032551
0.023555
0.036282
0.035688
0.034337
0.035356
0.036374
0.019284
0.018014
0.023829
0.022931
0.029036
0.035149
0.034815
0.033970
0.035823
0.023100
0.036378
0.022215
0.028573
0.020356
0.021824
0.019078
0.021826
0.033756
0.027417
0.035800
0.018657
0.035182
0.036646
0.031093
0.035340
0.033492
0.036987
0.019610
0.021976
0.020834
0.018831
0.028593
0.026784
0.035042
0.032869
0.033464
0.037337
0.023023
0.019047
0.020571
0.017448
0.020553
0.021592
0.033550
0.018113
0.017917
0.031684
0.034087
0.027803
0.034979
0.018969
0.020573
0.017761
0.021941
0.021098
0.021050
0.032581
0.028974
0.033448
0.034666
0.034571
0.023172
0.034629
0.019017
0.027202
0.026273
0.027364
0.027902
0.035204
0.034462
0.035020
0.017450
0.018661
0.019980
0.019650
0.023026
0.017881
0.034602
0.032216
0.036742
0.035555
0.037947
0.018493
0.020930
0.034614
0.018282
0.018830
0.018173
0.034498
0.032976
0.037024
0.037793
0.025207
0.017511
0.018693
0.018784
0.017160
0.019598
0.016759
0.016416
0.024516
0.018532
0.034043
0.031806
0.034306
0.018870
0.034567
0.031036
0.019506
0.037470
0.035325
0.032681
0.029780
0.017194
0.024940
0.039629
0.023350
0.034224
0.038767
0.033556
0.046677
0.028510
0.040483
0.019280
0.035203
0.031688
0.021161
0.019108
0.037199
0.033488
0.034030
0.045410
0.040054
0.048616
0.035445
0.033436
0.017480
0.037807
0.051888
0.038543
0.035364
0.036231
0.036829
0.050210
0.036853
0.035764
0.019584
0.019017
0.020986
0.020906
0.023420
0.020367
0.026243
0.033726
0.035054
0.038216
0.037153
0.024860
0.020107
0.018842
0.017812
0.020583
0.022478
0.038011
0.035571
0.030564
0.033607
0.035727
0.035711
0.035227
0.034522
0.027909
0.035404
0.033930
0.025228
0.027705
0.022331
0.019325
0.019720
0.034156
0.026320
0.036384
0.035754
0.034330
0.026808
0.034994
0.040035
0.023687
0.027331
0.039209
0.020780
0.019716
0.023436
0.022320
0.037968
0.025068
0.026166
0.036942
0.036486
0.036334
0.036215
0.037392
0.034806
0.031520
0.034003
0.034534
0.041351
0.034504
0.020192
0.037184
0.018379
0.035215
0.032995
0.036517
0.035736
0.033591
0.033448
0.021356
0.021211
0.020078
0.032771
0.035964
0.024817
0.037460
0.019557
0.020433
0.018682
0.019127
0.018404
0.018568
0.019068
0.018803
0.018278
0.025576
0.024815
0.033436
0.034829
0.034195
0.040920
0.034039
0.035681
0.020691
0.037532
0.033089
0.034398
0.036600
0.034875
0.037735
0.035514
0.024317
0.037324
0.033337
0.040070
0.032165
0.020817
0.019623
0.020032
0.021864
0.021566
0.021434
0.020617
0.034518
0.037293
0.035754
0.034211
0.036149
0.035084
0.019598
0.034551
0.033655
0.030340
0.024039
0.037305
0.034201
0.036575
0.033672
0.034460
0.035966
0.039155
0.019776
0.025172
0.045975
0.026741
0.019339
0.021632
0.020294
0.047196
0.052093
0.039917
0.037956
0.036823
0.037554
0.022498
0.020133
0.042066
0.027088
0.029909
0.043895
0.032028
0.034862
0.035139
0.036505
0.025593
0.022765
0.021804
0.038430
0.038369
0.021997
0.020825
0.019821
0.021941
0.021971
0.036003
0.036545
0.037754
0.035843
0.020466
0.020174
0.037026
0.037022
0.035941
0.037979
0.019789
0.019424
0.019736
0.038103
0.025871
0.036407
0.021574
0.024308
0.026867
0.023247
0.026679
0.021372
0.022414
0.023728
0.023160
0.022028
0.037339
0.038617
0.035639
0.038151
0.042307
0.030506
0.036939
0.034351
0.037434
0.037510
0.035475
0.038287
0.023728
0.035337
0.037910
0.021431
0.023606
0.022834
0.022316
0.023273
0.043567
0.029468
0.039893
0.038553
0.038450
0.022619
0.020750
0.023393
0.024383
0.021052
0.039626
0.030495
0.036160
0.019850
0.020900
0.021356
0.027066
0.040341
0.031960
0.044967
0.022300
0.021851
0.023245
0.035805
0.026294
0.036037
0.025452
0.034724
0.033751
0.036021
0.019349
0.023137
0.022774
0.037056
0.021459
0.036446
0.024200
0.024994
0.020653
0.022560
0.021864
0.022626
0.022444
0.022924
0.019317
0.037401
0.027758
0.044513
0.038454
0.020984
0.038426
0.021385
0.024088
0.029143
0.019665
0.019821
0.027826
0.037478
0.025248
0.037959
0.020882
0.036026
0.022669
0.035642
0.025198
0.020540
0.022229
0.020835
0.021234
0.020551
0.037491
0.034946
0.035350
0.024437
0.020874
0.019407
0.021656
0.021616
0.023623
0.024922
0.032210
0.034723
0.038146
0.036381
0.037185
0.035526
0.035169
0.027006
0.034395
0.038059
0.020085
0.021940
0.020352
0.019036
0.020685
0.036893
0.040827
0.021751
0.020588
0.021232
0.020495
0.020320
0.020569
0.025181
0.020478
0.020298
0.035608
0.035862
0.038600
0.020297
0.019370
0.020478
0.018970
0.024179
0.021196
0.022736
0.028632
0.021388
0.025425
0.020976
0.021134
0.021771
0.020629
0.018929
0.026854
0.035321
0.038857
0.036006
0.040083
0.032411
0.021617
0.025795
0.021884
0.019966
0.038291
0.033402
0.037528
0.039835
0.036788
0.019415
0.022460
0.025214
0.031908
0.033641
0.036495
0.036071
0.028535
0.038350
0.025450
0.034810
0.035011
0.018614
0.047200
0.026645
0.022536
0.020335
0.036668
0.031860
0.022375
0.021134
0.035749
0.029128
0.037843
0.041298
0.035089
0.031120
0.039807
0.035586
0.027504
0.022133
0.017163
0.019150
0.017804
0.054227
0.037176
0.033744
0.021597
0.034888
0.020902
0.042040
0.022651
0.051066
0.063933
0.026496
0.030434
0.042032
0.034933
0.031487
0.043414
0.041898
0.040990
0.023926
0.032430
0.046116
0.048948
0.042827
0.026770
0.020840
0.022296
0.022803
0.020299
0.018190
0.021153
0.035913
0.036127
0.033300
0.020014
0.022198
0.018206
0.024572
0.019720
0.021803
0.018736
0.020536
0.025138
0.018910
0.017694
0.019945
0.018863
0.019878
0.036034
0.034793
0.032428
0.033020
0.033695
0.017845
0.035658
0.029601
0.033979
0.032262
0.035704
0.034422
0.049452
0.028270
0.032978
0.036191
0.021264
0.018479
0.023983
0.020345
0.020858
0.021937
0.022787
0.034556
0.035619
0.025090
0.033680
0.029602
0.033851
0.024333
0.042959
0.029927
0.037980
0.030999
0.020913
0.036127
0.038693
0.018687
0.036537
0.022678
0.019221
0.018124
0.017284
0.022604
0.017555
0.017704
0.021856
0.017639
0.017372
0.018011
0.023687
0.020589
0.018574
0.025183
0.034759
0.032690
0.034470
0.033481
0.035256
0.018436
0.021272
0.018543
0.020980
0.019412
0.017727
0.018875
0.017320
0.023244
0.035671
0.034117
0.034342
0.028559
0.022995
0.043968
0.033042
0.032918
0.024002
0.036692
0.023472
0.026114
0.038347
0.034822
0.027071
0.034255
0.033603
0.035778
0.019283
0.022405
0.020947
0.035256
0.032967
0.021275
0.019148
0.029899
0.034609
0.037768
0.040948
0.021312
0.038358
0.034424
0.032281
0.020907
0.017725
0.038534
0.046203
0.047799
0.048542
0.033978
0.036707
0.035100
0.022003
0.032538
0.017969
0.020384
0.025984
0.019550
0.033962
0.037039
0.021011
0.034077
0.034056
0.037760
0.028981
0.026573
0.019933
0.017769
0.022595
0.019353
0.019707
0.019868
0.035724
0.020649
0.020608
0.021415
0.018290
0.018350
0.018224
0.024263
0.035640
0.024661
0.025755
0.033296
0.028991
0.035952
0.046251
0.023799
0.034847
0.034345
0.017560
0.019919
0.018673
0.017841
0.018781
0.020605
0.021574
0.018840
0.032798
0.039252
0.035394
0.034141
0.036639
0.046320
0.036129
0.035743
0.023177
0.040326
0.031974
0.034717
0.041199
0.032908
0.040449
0.035562
0.034483
0.019884
0.020865
0.023412
0.033773
0.023329
0.046971
0.029445
0.034910
0.021619
0.018897
0.019487
0.019468
0.024043
0.019116
0.021594
0.020854
0.025379
0.023065
0.020414
0.035759
0.036000
0.026933
0.037544
0.040762
0.035452
0.034099
0.035251
0.035391
0.034942
0.025060
0.029954
0.032471
0.036110
0.024091
0.019629
0.035941
0.036978
0.024500
0.018960
0.021240
0.020268
0.024574
0.018400
0.020922
0.021001
0.035345
0.035285
0.035837
0.033262
0.038967
0.029757
0.032996
0.038719
0.028363
0.036449
0.020299
0.027752
0.043379
0.023602
0.029147
0.049249
0.054569
0.037495
0.039408
0.037985
0.026815
0.033596
0.019746
0.038344
0.019899
0.022693
0.032726
0.018545
0.034793
0.029566
0.046150
0.031902
0.046865
0.035413
0.036589
0.030806
0.024228
0.035930
0.049479
0.033447
0.036497
0.021304
0.019304
0.023151
0.035149
0.035393
0.034585
0.034077
0.020437
0.026641
0.019922
0.017821
0.017203
0.021359
0.029093
0.019147
0.018966
0.019860
0.018460
0.019733
0.018333
0.032351
0.026363
0.020264
0.039654
0.031526
0.020445
0.018616
0.019682
0.018417
0.029383
0.031617
0.023757
0.021238
0.024833
0.021086
0.018753
0.019499
0.036684
0.030456
0.029307
0.031478
0.028545
0.036200
0.030316
0.035368
0.035211
0.025957
0.032099
0.037716
0.018427
0.026254
0.026188
0.019722
0.019392
0.019364
0.019182
0.018364
0.019819
0.036932
0.037140
0.019996
0.019493
0.038829
0.036565
0.036810
0.019956
0.021868
0.023559
0.035461
0.033741
0.033701
0.034076
0.036146
0.034323
0.024554
0.017742
0.033630
0.036134
0.019647
0.035308
0.037709
0.023548
0.035669
0.028497
0.021095
0.017040
0.022980
0.035405
0.018452
0.037057
0.032021
0.019400
0.033826
0.034987
0.021271
0.020614
0.017138
0.026345
0.029882
0.034217
0.028545
0.040863
0.034485
0.020281
0.024899
0.024163
0.016143
0.019261
0.023029
0.034996
0.040139
0.036844
0.037851
0.034076
0.042692
0.041724
0.039894
0.035019
0.035931
0.017885
0.035215
0.035649
0.045698
0.034973
0.022028
0.022418
0.019924
0.024049
0.017499
0.020691
0.017292
0.022148
0.019532
0.016984
0.033916
0.020378
0.033451
0.032841
0.017145
0.035008
0.026042
0.033524
0.030382
0.032790
0.033015
0.028030
0.034100
0.017959
