0.015306
0.027581
0.033096
0.029135
0.023660
0.026937
0.022449
0.032743
0.033467
0.018947
0.031447
0.032243
0.025551
0.032657
0.033219
0.035310
0.034514
0.032577
0.032482
0.032029
0.033340
0.031444
0.029646
0.023129
0.031854
0.030957
0.031581
0.033167
0.023047
0.016396
0.019537
0.032231
0.028677
0.020774
0.032288
0.031505
0.025288
0.020105
0.032676
0.031314
0.027871
0.031478
0.032012
0.031929
0.031059
0.021663
0.014987
0.015222
0.015244
0.031855
0.031732
0.031975
0.026726
0.030779
0.032021
0.031645
0.032544
0.031118
0.032467
0.031178
0.031407
0.027031
0.031878
0.021088
0.019510
0.029417
0.032938
0.032724
0.032069
0.031358
0.024760
0.031934
0.030499
0.031571
0.032359
0.032212
0.027068
0.030702
0.026696
0.032235
0.026636
0.030641
0.032379
0.031955
0.030831
0.015540
0.032470
0.031913
0.031776
0.032239
0.025469
0.031306
0.031051
0.027786
0.024120
0.031745
0.029730
0.032202
0.020627
0.032507
0.032090
0.028169
0.033613
0.032227
0.031950
0.021231
0.032619
0.032075
0.032800
0.032928
0.032994
0.032619
0.021519
0.031738
0.026759
0.033092
0.027271
0.028723
0.033419
0.029064
0.031308
0.031383
0.028077
0.032768
0.021680
0.032012
0.031704
0.032349
0.032063
0.018347
0.034718
0.033070
0.029258
0.031628
0.033519
0.032604
0.031532
0.016365
0.032134
0.033415
0.015659
0.033480
0.033796
0.034560
0.032008
0.023965
0.032444
0.031858
0.032365
0.031950
0.031521
0.033801
0.022273
0.031847
0.030653
0.031066
0.025141
0.032196
0.031545
0.031599
0.031322
0.020533
0.032328
0.033012
0.014975
0.031487
0.031999
0.026229
0.033056
0.031974
0.033004
0.033533
0.025122
0.031343
0.015410
0.031128
0.030413
0.032065
0.031080
0.033049
0.032977
0.020030
0.033432
0.032982
0.033138
0.026594
0.032826
0.032582
0.033450
0.031322
0.029647
0.030284
0.026969
0.030686
0.020410
0.031786
0.031087
0.019602
0.032591
0.031610
0.020091
0.031839
0.031324
0.034422
0.023429
0.030050
0.031971
0.030283
0.034226
0.035502
0.024585
0.031321
0.024684
0.031533
0.030957
0.018251
0.016183
0.014835
0.032190
0.037764
0.023545
0.031603
0.032907
0.031611
0.022281
0.025509
0.032208
0.028988
0.025702
0.032951
0.023602
0.030243
0.030781
0.032351
0.021151
0.024335
0.033338
0.030594
0.021608
0.032030
0.032079
0.022383
0.031357
0.019294
0.032409
0.031056
0.025073
0.030664
0.032095
0.031747
0.028044
0.031514
0.028728
0.031573
0.031665
0.032476
0.029512
0.032102
0.029981
0.032150
0.027427
0.031363
0.031211
0.023264
0.030019
0.031682
0.032707
0.027476
0.026057
0.032275
0.032414
0.032185
0.025772
0.031799
0.034784
0.020216
0.032376
0.032977
0.023560
0.030639
0.031900
0.032279
0.032474
0.020549
0.032277
0.028347
0.031728
0.026089
0.031729
0.034156
0.034281
0.019995
0.032274
0.032059
0.021169
0.036624
0.033923
0.032894
0.035608
0.033157
0.030585
0.024945
0.032388
0.032491
0.018423
0.015045
0.015137
0.014941
0.019535
0.032455
0.030357
0.031132
0.032144
0.032541
0.017008
0.033125
0.031339
0.031130
0.028879
0.031232
0.033345
0.032156
0.031160
0.016779
0.019302
0.032207
0.020033
0.023169
0.031684
0.031515
0.030272
0.021427
0.032111
0.031852
0.032043
0.015480
0.031060
0.031075
0.022208
0.032130
0.032291
0.030207
0.031047
0.020252
0.031315
0.024145
0.032534
0.032026
0.031491
0.027781
0.024154
0.030065
0.031322
0.025247
0.031208
0.032625
0.031552
0.032176
0.018433
0.032404
0.028483
0.031154
0.031937
0.032254
0.021206
0.031007
0.031519
0.032893
0.030543
0.030978
0.018583
0.031829
0.029854
0.031836
0.025023
0.031214
0.032243
0.032187
0.017934
0.016245
0.029629
0.032369
0.032116
0.032166
0.015175
0.031057
0.033132
0.019637
0.032414
0.032557
0.032497
0.032554
0.032392
0.022300
0.031323
0.027443
0.034628
0.018500
0.033545
0.031867
0.032087
0.023581
0.030742
0.031647
0.031140
0.032395
0.022779
0.032668
0.033113
0.028237
0.031225
0.031238
0.024734
0.030462
0.032106
0.030606
0.032339
0.017290
0.032448
0.027957
0.031424
0.026512
0.032160
0.031274
0.031833
0.032454
0.028809
0.033441
0.021187
0.019584
0.034218
0.030715
0.027455
0.031471
0.023337
0.031970
0.030997
0.032160
0.023277
0.030091
0.032221
0.030405
0.031172
0.032362
0.028465
0.031104
0.031860
0.031363
0.031928
0.033208
0.033898
0.028335
0.024936
0.031313
0.032327
0.033926
0.034275
0.030590
0.031431
0.027162
0.031112
0.031543
0.032559
0.031868
0.024485
0.031868
0.031424
0.031119
0.023954
0.033725
0.032329
0.028301
0.032037
0.032351
0.030757
0.031093
0.032790
0.031962
0.030544
0.016769
0.028490
0.033029
0.032290
0.030235
0.031400
0.029405
0.030995
0.031479
0.031116
0.031403
0.016043
0.030895
0.031976
0.030170
0.021592
0.031070
0.028354
0.031207
0.030217
0.031770
0.030243
0.015624
0.025206
0.033842
0.032389
0.031841
0.024834
0.031921
0.029340
0.031443
0.024936
0.032205
0.031939
0.032259
0.030415
0.014627
0.032442
0.031344
0.032250
0.030513
0.031858
0.033141
0.031271
0.032028
0.015949
0.014584
0.017543
0.016394
0.031927
0.028697
0.031303
0.032965
0.026723
0.032294
0.032353
0.031200
0.032474
0.016581
0.031410
0.029124
0.032158
0.022548
0.032427
0.030709
0.031073
0.032758
0.021654
0.031978
0.031699
0.021209
0.032719
0.031536
0.031329
0.020893
0.031465
0.030807
0.028207
0.017593
0.015168
0.015458
0.015363
0.020520
0.024175
0.032379
0.032449
0.031089
0.031139
0.018245
0.023191
0.028879
0.031533
0.023234
0.032096
0.031128
0.032474
0.032167
0.014490
0.014235
0.014870
0.015295
0.027769
0.032657
0.031371
0.032675
0.030648
0.032457
0.022641
0.030512
0.030968
0.025903
0.020162
0.031211
0.032449
0.031215
0.026443
0.030915
0.028783
0.032883
0.031746
0.033564
0.018470
0.031457
0.032262
0.023135
0.031488
0.029892
0.023284
0.032135
0.030891
0.029648
0.033079
0.032432
0.032282
0.031253
0.032670
0.031616
0.031141
0.021966
0.033495
0.031662
0.033048
0.022541
0.032171
0.034740
0.017107
0.035390
0.032990
0.031630
0.033385
0.037368
0.031138
0.030451
0.033011
0.018412
0.030181
0.033285
0.019175
0.017513
0.015221
0.018497
0.015064
0.031873
0.032168
0.027907
0.025085
0.032103
0.030890
0.031995
0.026967
0.031969
0.031097
0.031336
0.016770
0.031615
0.030894
0.032501
0.034609
0.031375
0.031605
0.028017
0.032796
0.023456
0.030819
0.031003
0.030393
0.033870
0.030635
0.031944
0.032182
0.031323
0.023518
0.014496
0.016405
0.031788
0.029864
0.031690
0.031738
0.023332
0.032897
0.027628
0.034828
0.027682
0.031309
0.027832
0.030139
0.032069
0.031581
0.017207
0.030390
0.025789
0.031750
0.031776
0.032487
0.031939
0.014592
0.032246
0.031190
0.028109
0.032097
0.031208
0.032145
0.027217
0.030860
0.028957
0.030251
0.027040
0.030256
0.031794
0.030029
0.023925
0.031562
0.032392
0.032016
0.019518
0.030697
0.031432
0.031670
0.021234
0.032015
0.031929
0.032651
0.030186
0.025460
0.032063
0.031552
0.031852
0.027409
0.015376
0.014936
0.015166
0.014949
0.014162
0.015525
0.016709
0.015275
0.015076
0.034511
0.035170
0.027043
0.030360
0.031379
0.032121
0.031398
0.027482
0.031729
0.033202
0.032789
0.025886
0.031625
0.030615
0.032970
0.026242
0.031633
0.040474
0.028069
0.030969
0.031609
0.031247
0.031978
0.015064
0.032034
0.031440
0.032480
0.031516
0.024010
0.031724
0.021551
0.032226
0.031949
0.031626
0.022364
0.030394
0.033578
0.031583
0.026254
0.017909
0.020315
0.025783
0.032250
0.032910
0.031017
0.022898
0.031670
0.029680
0.030809
0.032190
0.019397
0.032199
0.030348
0.032037
0.031194
0.022937
0.032558
0.031427
0.033359
0.032282
0.031397
0.031690
0.031182
0.023807
0.031728
0.031461
0.032297
0.031965
0.031883
0.027880
0.032090
0.034125
0.028607
0.024675
0.032446
0.032199
0.030962
0.032689
0.030460
0.023872
0.030516
0.030296
0.031465
0.031874
0.032381
0.026891
0.030126
0.032215
0.029980
0.031331
0.026894
0.032255
0.031169
0.032133
0.027912
0.031190
0.027491
0.032012
0.026092
0.031790
0.032350
0.030562
0.021626
0.031947
0.028647
0.032228
0.023389
0.032688
0.031150
0.031754
0.031316
0.033458
0.031758
0.024909
0.027737
0.032826
0.034808
0.036656
0.019533
0.032026
0.033321
0.032504
0.031758
0.032911
0.016352
0.031606
0.029823
0.021694
0.032433
0.029927
0.032305
0.027639
0.032228
0.020466
0.014868
0.015073
0.014885
0.033044
0.026090
0.032233
0.030909
0.031098
0.023104
0.033095
0.031780
0.021593
0.016646
0.015842
0.015929
0.016388
0.016210
0.025201
0.031747
0.022299
0.031388
0.030577
0.031491
0.022079
0.031436
0.032855
0.027792
0.027328
0.032560
0.030688
0.021852
0.031653
0.031652
0.016258
0.032532
0.035967
0.023834
0.031812
0.038666
0.034286
0.026945
0.031680
0.031284
0.033191
0.025980
0.031258
0.032725
0.031741
0.026280
0.031200
0.028456
0.020609
0.026035
0.018206
0.015174
0.015182
0.015020
0.025301
0.031153
0.030578
0.031340
0.028898
0.023354
0.031574
0.030935
0.028814
0.031371
0.031664
0.032739
0.032160
0.031966
0.029372
0.032866
0.033885
0.032187
0.020787
0.032065
0.028594
0.027652
0.025147
0.031774
0.033773
0.031447
0.018297
0.031440
0.031609
0.032610
0.031736
0.016692
0.032510
0.032702
0.022025
0.029834
0.034380
0.024436
0.030558
0.031665
0.031358
0.032466
0.032187
0.032470
0.024221
0.030736
0.029449
0.031487
0.033846
0.029840
0.030827
0.023117
0.032566
0.032625
0.030291
0.027949
0.028955
0.030384
0.028976
0.032592
0.027312
0.032584
0.032432
0.031141
0.032294
0.031091
0.020818
0.031467
0.028392
0.030881
0.027727
0.032332
0.031979
0.021019
0.031791
0.033409
0.032048
0.022265
0.031809
0.016309
0.033635
0.017054
0.033176
0.033528
0.027844
0.030341
0.031241
0.032125
0.018127
0.030433
0.030542
0.030246
0.024292
0.031291
0.030509
0.032473
0.018798
0.032377
0.028613
0.033148
0.020715
0.032022
0.033388
0.031297
0.016576
0.033143
0.031508
0.015292
0.015660
0.016449
0.023317
0.031976
0.031020
0.020560
0.032446
0.030346
0.020010
0.031808
0.031074
0.031483
0.020710
0.030226
0.032981
0.032393
0.031975
0.032860
0.026677
0.032003
0.027322
0.030654
0.030888
0.034251
0.020122
0.032075
0.028088
0.032082
0.031718
0.031958
0.025598
0.032258
0.030260
0.030880
0.026427
0.031464
0.032254
0.031700
0.032242
0.021686
0.034332
0.030700
0.032209
0.031910
0.020934
0.032167
0.031526
0.032539
0.023215
0.032025
0.029852
0.032721
0.027454
0.032639
0.032283
0.031550
0.019120
0.032454
0.028177
0.030982
0.026293
0.030373
0.031240
0.032241
0.027314
0.015324
0.031356
0.030626
0.032449
0.022593
0.031833
0.032268
0.031055
0.030152
0.014616
0.031666
0.033301
0.032072
0.031085
0.031391
0.032247
0.028360
0.017452
0.016408
0.018302
0.031410
0.029112
0.032437
0.030727
0.032401
0.031489
0.031931
0.032049
0.018903
0.031205
0.030344
0.034408
0.022851
0.032186
0.032428
0.031413
0.031798
0.015706
0.031935
0.032309
0.032387
0.022954
0.014752
0.033707
0.021080
0.032122
0.028214
0.020053
0.027770
0.032112
0.022735
0.036490
0.026432
0.036204
0.024690
0.031860
0.032144
0.032186
0.028837
0.032151
0.032401
0.018677
0.032240
0.030726
0.016825
0.033063
0.032957
0.027582
0.023548
0.032696
0.023124
0.032141
0.032108
0.019071
0.031399
0.027347
0.031662
0.031347
0.032434
0.019853
0.017204
0.015755
0.013831
0.015624
0.023777
0.027838
0.031737
0.032125
0.031540
0.031719
0.031458
0.033269
0.032697
0.028423
0.030368
0.032315
0.031453
0.032438
0.025905
0.029985
0.031944
0.030914
0.031307
0.030951
0.020179
0.027350
0.031657
0.031497
0.030446
0.022858
0.032423
0.031100
0.031489
0.030811
0.032443
0.021399
0.033270
0.019843
0.031929
0.027767
0.034806
0.032488
0.031896
0.027806
0.021014
0.032581
0.031709
0.030951
0.022307
0.030928
0.032222
0.032129
0.019280
0.017870
0.032780
0.023944
0.032187
0.035193
0.028866
0.030728
0.030783
0.033678
0.026802
0.031753
0.030915
0.033009
0.030240
0.023611
0.031964
0.031823
0.034351
0.023772
0.032405
0.024090
0.033167
0.027384
0.030499
0.027653
0.031168
0.031391
0.031124
0.031388
0.024090
0.031296
0.027935
0.032139
0.022366
0.032241
0.032018
0.032046
0.022859
0.017970
0.015284
0.018631
0.030876
0.031778
0.024135
0.030895
0.031909
0.031970
0.023177
0.033324
0.034897
0.031756
0.031200
0.031029
0.031065
0.030342
0.027673
0.033239
0.033107
0.025866
0.031727
0.033058
0.031626
0.022928
0.015735
0.017140
0.015835
0.031209
0.027947
0.031214
0.021238
0.023993
0.032049
0.019721
0.032477
0.031799
0.032081
0.028412
0.030823
0.032012
0.032525
0.030823
0.031763
0.031538
0.021023
0.018696
0.014905
0.014490
0.014602
0.014668
0.020148
0.034064
0.033254
0.032365
0.031935
0.031430
0.030824
0.031280
0.033164
0.022440
0.033596
0.033113
0.032758
0.027220
0.031013
0.030488
0.032325
0.022431
0.032131
0.017259
0.034248
0.031220
0.030675
0.021417
0.031881
0.031956
0.032256
0.031174
0.021271
0.031530
0.033613
0.031991
0.031892
0.031755
0.030359
0.024027
0.015971
0.023594
0.031581
0.031277
0.031508
0.033300
0.033185
0.034449
0.028042
0.024315
0.032731
0.032188
0.028944
0.020923
0.031185
0.033149
0.019774
0.031305
0.031517
0.031892
0.030779
0.032021
0.033054
0.030955
0.025397
0.031498
0.018871
0.015845
0.018099
0.034381
0.032502
0.032995
0.031940
0.032597
0.032446
0.031933
0.031596
0.032518
0.027109
0.031549
0.032063
0.033408
0.032405
0.020806
0.032000
0.035074
0.031717
0.019440
0.032337
0.028677
0.031222
0.031641
0.033504
0.025292
0.032231
0.033516
0.024702
0.032478
0.031150
0.031881
0.032583
0.032179
0.031432
0.031531
0.032542
0.031236
0.032755
0.031944
0.026607
0.032433
0.033293
0.032297
0.032346
0.014971
0.030937
0.032550
0.031703
0.026478
0.032240
0.030165
0.030277
0.027143
0.031338
0.016145
0.029094
0.032450
0.031893
0.032099
0.031740
0.018770
0.031501
0.032450
0.028682
0.031214
0.032381
0.031870
0.024033
0.028176
0.031632
0.030564
0.022710
0.032404
0.033870
0.031442
0.030126
0.032050
0.026864
0.030643
0.030795
0.031643
0.032536
0.017227
0.028814
0.033423
0.031475
0.027436
0.033286
0.031277
0.015340
0.031094
0.030522
0.032306
0.024027
0.032677
0.032886
0.032313
0.032308
0.032576
0.020580
0.029068
0.031046
0.021249
0.032241
0.028623
0.032584
0.032710
0.032475
0.031306
0.032289
0.019456
0.033604
0.018741
0.023588
0.032102
0.031139
0.024959
0.032259
0.027416
0.030956
0.033026
0.033254
0.023757
0.031293
0.031689
0.031527
0.033718
0.032996
0.031871
0.015557
0.031336
0.029073
0.032330
0.024791
0.032124
0.031809
0.018448
0.015205
0.032786
0.026581
0.032353
0.030807
0.028169
0.032941
0.033325
0.031563
0.032274
0.018650
0.031807
0.030580
0.031159
0.031087
0.021442
0.032021
0.032583
0.033184
0.033177
0.031141
0.031967
0.018483
0.036415
0.028132
0.031154
0.032253
0.031563
0.031509
0.032608
0.031605
0.024746
0.032742
0.029829
0.031631
0.032112
0.032184
0.023568
0.031486
0.025125
0.032100
0.031219
0.031254
0.022893
0.032762
0.032316
0.031708
0.028791
0.014910
0.015492
0.028966
0.031832
0.024348
0.032266
0.031068
0.017384
0.030467
0.030222
0.030972
0.027014
0.037740
0.032132
0.032175
0.028556
0.023795
0.030294
0.032444
0.030203
0.032322
0.018664
0.015454
0.024860
0.031089
0.031125
0.032300
0.016264
0.032453
0.032251
0.030102
0.021482
0.031830
0.032827
0.034041
0.031962
0.032035
0.033777
0.033770
0.035228
0.032638
0.034766
0.032174
0.023921
0.031588
0.031940
0.029924
0.019491
0.017211
0.034791
0.031454
0.027268
0.032117
0.030655
0.032460
0.025631
0.033562
0.019003
0.032308
0.031926
0.031501
0.019584
0.032568
0.029756
0.031535
0.033221
0.026991
0.031422
0.032914
0.032447
0.023627
0.031476
0.032498
0.031354
0.027126
0.033311
0.032549
0.032220
0.032157
0.028613
0.032233
0.033222
0.020011
0.032962
0.032398
0.031592
0.031271
0.030824
0.032415
0.031424
0.032220
0.031084
0.023179
0.032283
0.032571
0.020792
0.028764
0.031118
0.018780
0.031446
0.029680
0.032791
0.032653
0.031202
0.032470
0.031150
0.032112
0.033550
0.032131
0.030247
0.030475
0.023741
0.030827
0.031140
0.030286
0.020188
0.031947
0.031031
0.021398
0.032510
0.028790
0.031463
0.030952
0.031895
0.030236
0.032081
0.018830
0.033340
0.032066
0.032368
0.020086
0.032497
0.030959
0.031801
0.018911
0.023984
0.032182
0.032267
0.027542
0.016104
0.015902
0.015135
0.017368
0.014695
0.015456
0.014726
0.016583
0.015237
0.015081
0.032921
0.030998
0.031555
0.029722
0.023337
0.033397
0.034444
0.015296
0.014867
0.015343
0.018046
0.032152
0.030806
0.030715
0.022265
0.015404
0.028100
0.014503
0.015189
0.015369
0.014934
0.014828
0.031799
0.032211
0.032369
0.028077
0.030421
0.033248
0.029717
0.015102
0.031205
0.019562
0.017303
0.016547
0.022939
0.030723
0.019006
0.033786
0.031255
0.025510
0.031770
0.031025
0.033119
0.024434
0.031739
0.023674
0.020614
0.015224
0.026813
0.028794
0.033029
0.032332
0.032289
0.020735
0.030948
0.030589
0.030266
0.031871
0.031405
0.030607
0.033612
0.031623
0.032197
0.019276
0.027619
0.023014
0.032075
0.030804
0.024883
0.031410
0.017473
0.014846
0.032241
0.030867
0.026072
0.032319
0.031084
0.031857
0.020244
0.032059
0.031374
0.031245
0.029495
0.031526
0.030710
0.031925
0.031881
0.033232
0.032136
0.031590
0.022791
0.032297
0.027201
0.032371
0.020808
0.031177
0.031963
0.031972
0.020577
0.032338
0.031063
0.032205
0.030642
0.014817
0.015496
0.015608
0.032731
0.031609
0.015448
0.032007
0.028336
0.032214
0.033798
0.015185
0.013574
0.019830
0.031440
0.033441
0.030830
0.028052
0.032927
0.034045
0.032197
0.032853
0.025828
0.031594
0.029985
0.031539
0.025870
0.031121
0.032332
0.032459
0.018369
0.015113
0.014473
0.016940
0.014476
0.031725
0.028369
0.032407
0.027549
0.031093
0.032212
0.032378
0.028474
0.034516
0.032566
0.020751
0.031511
0.030374
0.032200
0.031341
0.031340
0.030118
0.031681
0.036245
0.031215
0.032203
0.033494
0.031625
0.023832
0.030218
0.032078
0.034650
0.032001
0.015536
0.032100
0.033055
0.032278
0.031625
0.026648
0.030966
0.031122
0.032488
0.026803
0.031452
0.031838
0.024341
0.033179
0.020226
0.019682
0.017076
0.032203
0.025092
0.032454
0.025060
0.032645
0.027780
0.018575
0.021173
0.032048
0.033088
0.028942
0.033881
0.034396
0.031843
0.025456
0.029878
0.031097
0.029854
0.028783
0.033027
0.027278
0.030573
0.032639
0.024142
0.026554
0.031224
0.031239
0.032083
0.031011
0.019517
0.031879
0.030837
0.027214
0.032444
0.031310
0.031931
0.015911
0.014472
0.014786
0.014614
0.016044
0.016968
0.015482
0.016833
0.015276
0.022282
0.031233
0.032502
0.031528
0.019579
0.015991
0.016289
0.032933
0.030780
0.032084
0.023522
0.031923
0.029434
0.020672
0.032125
0.032288
0.031353
0.020478
0.032296
0.032308
0.031726
0.031105
0.024160
0.036872
0.031644
0.031405
0.031139
0.031774
0.019286
0.031786
0.031446
0.032390
0.034107
0.031771
0.026977
0.031323
0.031051
0.031494
0.031481
0.032104
0.031594
0.020186
0.031659
0.031486
0.032868
0.032824
0.032163
0.032123
0.032380
0.033316
0.019653
0.031250
0.028872
0.032240
0.021823
0.019347
0.032283
0.028909
0.032310
0.021119
0.015536
0.015507
0.028240
0.028776
0.032759
0.032742
0.032035
0.029236
0.031530
0.028343
0.032150
0.025753
0.032829
0.032718
0.032614
0.028505
0.032739
0.031582
0.031592
0.032200
0.032078
0.032363
0.030962
0.022665
0.031723
0.032776
0.032854
0.032164
0.021679
0.034125
0.031060
0.031469
0.027141
0.031642
0.032255
0.030981
0.031842
0.015766
0.031869
0.032244
0.020167
0.032375
0.033010
0.023432
0.030475
0.032901
0.031456
0.019734
0.032117
0.031506
0.034201
0.032043
0.014725
0.031442
0.030381
0.031716
0.026779
0.031577
0.033015
0.032040
0.029973
0.023946
0.032355
0.030937
0.032216
0.031852
0.032212
0.031132
0.020433
0.032373
0.028354
0.032315
0.024976
0.032149
0.019717
0.031272
0.028645
0.033603
0.021771
0.031266
0.031471
0.030591
0.031323
0.028098
0.031837
0.024111
0.031119
0.032162
0.032045
0.030713
0.019432
0.032117
0.033102
0.035284
0.030935
0.032936
0.030052
0.031904
0.019512
0.034064
0.028435
0.030697
0.031770
0.031387
0.032331
0.016429
0.031988
0.030488
0.032331
0.032540
0.032209
0.031896
0.030314
0.023012
0.031590
0.030948
0.030284
0.031759
0.022371
0.030689
0.023889
0.030891
0.032400
0.029369
0.020144
0.032338
0.031664
0.022181
0.032057
0.030995
0.031865
0.026624
0.032202
0.029278
0.031803
0.027674
0.031523
0.031772
0.023844
0.030165
0.032439
0.028354
0.024654
0.031940
0.028474
0.031137
0.032073
0.031685
0.027818
0.031588
0.031884
0.031781
0.028673
0.032558
0.033756
0.024923
0.030686
0.028866
0.032332
0.027734
0.030902
0.031130
0.031969
0.031025
0.023738
0.033503
0.032593
0.032223
0.032327
0.032004
0.032683
0.033769
0.023170
0.015782
0.024585
0.029721
0.031964
0.031018
0.034033
0.031424
0.033229
0.029145
0.032762
0.030591
0.033654
0.033585
0.033216
0.035066
0.031018
0.034337
0.024956
0.031486
0.017409
0.016016
0.035226
0.028684
0.023657
0.032346
0.031867
0.032708
0.036419
0.030556
0.029598
0.032359
0.034112
0.033005
0.033009
0.017170
0.031974
0.028080
0.031148
0.024139
0.031288
0.031902
0.032848
0.031327
0.027022
0.031473
0.031605
0.027865
0.027568
0.032811
0.032164
0.027421
0.022046
0.016663
0.017298
0.017345
0.015250
0.032984
0.030013
0.034278
0.027532
0.023458
0.031578
0.030968
0.030220
0.029894
0.030941
0.034067
0.031657
0.016133
0.029500
0.031963
0.027493
0.032793
0.031744
0.025937
0.032667
0.019773
0.033172
0.032071
0.017130
0.033957
0.022335
0.033684
0.033435
0.026973
0.033123
0.033037
0.032000
0.032953
0.034616
0.036479
0.027378
0.035443
0.029734
0.028147
0.032369
0.030133
0.032393
0.032552
0.032614
0.032105
0.029811
0.030390
0.032273
0.031529
0.029506
0.031449
0.032648
0.035677
0.022192
0.032157
0.029948
0.032805
0.033315
0.032365
0.023343
0.034053
0.028478
0.030697
0.028040
0.032030
0.033230
0.032005
0.034343
0.025548
0.032386
0.032053
0.032355
0.024380
0.032080
0.032041
0.022525
0.033360
0.027835
0.032123
0.033600
0.031708
0.032370
0.032209
0.016439
0.033173
0.031206
0.032874
0.027803
0.032056
0.028502
0.029055
0.032757
0.032822
0.032114
0.032041
0.032391
0.027519
0.034893
0.021559
0.031846
0.032917
0.032339
0.032387
0.021384
0.026805
0.032430
0.033591
0.032737
0.031910
0.028537
0.016684
0.016178
0.015544
0.033817
0.022655
0.032423
0.019567
0.034067
0.032095
0.028648
0.033991
0.031448
0.033453
0.033041
0.020703
0.021277
0.017046
0.018475
0.032376
0.017538
0.017791
0.018440
0.017888
0.033957
0.032401
0.036934
0.035777
0.029223
0.026324
0.029929
0.033343
0.030627
0.032619
0.034514
0.033200
0.019433
0.024164
0.033094
0.026551
0.032494
0.035278
0.033426
0.031333
0.029903
0.032777
0.018675
0.017280
0.016560
0.015672
0.030796
0.032485
0.025801
0.031688
0.031841
0.027094
0.017136
0.018301
0.033381
0.034317
0.031532
0.024178
0.021148
0.032290
0.031656
0.031201
0.033658
0.032682
0.025079
0.032838
0.035167
0.024787
0.021675
0.021466
0.034276
0.036096
0.032592
0.033905
0.031740
0.037201
0.033009
0.027935
0.030172
0.030671
0.035990
0.034107
0.032309
0.032299
0.023625
0.035077
0.033187
0.019728
0.016444
0.034204
0.033800
0.027435
0.031902
0.031541
0.032919
0.024696
0.033313
0.017266
0.017145
0.025896
0.032298
0.032199
0.029260
0.032077
0.032184
0.034604
0.018941
0.032415
0.028486
0.032291
0.033873
0.032712
0.026283
0.032161
0.022786
0.033777
0.030340
0.024705
0.031718
0.032660
0.031667
0.032056
0.021374
0.031395
0.032715
0.026147
0.032748
0.020695
0.031508
0.027668
0.031511
0.031216
0.029943
0.032058
0.015040
0.032306
0.028646
0.031524
0.026883
0.030807
0.031972
0.015095
0.032570
0.028581
0.031352
0.032497
0.015302
0.034016
0.030823
0.031276
0.032294
0.030474
0.028662
0.031217
0.031783
0.031364
0.024065
0.031386
0.027145
0.028715
0.030856
0.030850
0.031131
0.032827
0.028655
0.033212
0.032007
0.020852
0.022090
0.034472
0.017474
0.026318
0.029967
0.032098
0.032444
0.033710
0.033707
0.034645
0.032983
0.025469
0.032920
0.033025
0.032451
0.033205
0.032356
0.022707
0.030551
0.032631
0.033076
0.033536
0.024986
0.032790
0.028602
0.035032
0.022521
0.034671
0.033073
0.032661
0.026335
0.031823
0.028150
0.032071
0.025222
0.032503
0.032372
0.034159
0.028260
0.016709
0.018636
0.025069
0.032352
0.031196
0.024307
0.032675
0.032148
0.034370
0.034220
0.027762
0.032031
0.032386
0.031570
0.032167
0.030810
0.032679
0.032996
0.027565
0.034823
0.021935
0.033633
0.031789
0.025843
0.031800
0.030019
0.032806
0.020765
0.034563
0.027340
0.032234
0.028419
0.033310
0.030518
0.032152
0.026877
0.027563
0.031166
0.031725
0.032234
0.031913
0.031980
0.033428
0.024975
0.032899
0.020605
0.031514
0.033527
0.024462
0.032353
0.032365
0.032431
0.033771
0.033861
0.020637
0.028515
0.031404
0.033043
0.031150
0.025707
0.030944
0.028902
0.033309
0.027002
0.020575
0.032641
0.027889
0.032226
0.031677
0.031528
0.032588
0.027515
0.032239
0.026751
0.032153
0.030906
0.032277
0.033297
0.024963
0.032362
0.021125
0.032320
0.027651
0.032167
0.032712
0.032458
0.026518
0.031916
0.030399
0.032049
0.025198
0.032789
0.021038
0.032191
0.033876
0.033397
0.022055
0.030097
0.027061
0.030903
0.032853
0.025033
0.033407
0.020564
0.032090
0.036395
0.028588
0.021357
0.025421
0.032183
0.034960
0.031263
0.026072
0.032168
0.032774
0.033592
0.032813
0.027873
0.023990
0.033304
0.031728
0.032900
0.033844
0.031991
0.031636
0.033693
0.031955
0.028816
0.024142
0.031742
0.031517
0.030865
0.032998
0.031863
0.032304
0.031871
0.016870
0.031433
0.033993
0.032484
0.020254
0.032288
0.030174
0.025721
0.031239
0.032504
0.031043
0.032289
0.017820
0.024315
0.032256
0.034532
0.032733
0.033605
0.025898
0.034106
0.033094
0.021477
0.031412
0.032026
0.019717
0.032449
0.022263
0.032267
0.031820
0.021395
0.031677
0.035750
0.027144
0.034465
0.033953
0.031250
0.021245
0.032330
0.025460
0.032346
0.027400
0.031598
0.027866
0.032108
0.026935
0.031744
0.033020
0.032263
0.017151
0.031929
0.032711
0.032447
0.031003
0.032090
0.031635
0.033206
0.024535
0.031369
0.031493
0.031473
0.030992
0.031853
0.029466
0.032257
0.031558
0.031746
0.022254
0.031896
0.031488
0.031296
0.018332
0.027216
0.023490
0.031681
0.030370
0.031923
0.032344
0.031674
0.028879
0.033532
0.032204
0.015057
0.021202
0.033100
0.031920
0.031665
0.016022
0.030393
0.018340
0.027541
0.031801
0.023784
0.031381
0.031891
0.032520
0.017167
0.031105
0.034981
0.032507
0.020068
0.032666
0.026982
0.029575
0.034522
0.033068
0.032418
0.031595
0.028640
0.032262
0.025566
0.031882
0.025630
0.033237
0.029911
0.033015
0.032459
0.032250
0.026597
0.032572
0.032263
0.024219
0.019632
0.030946
0.030564
0.032264
0.026369
0.031377
0.033259
0.032199
0.031210
0.016272
0.015528
0.015265
0.033235
0.026978
0.033870
0.032012
0.031900
0.021790
0.033405
0.030792
0.028787
0.031599
0.031915
0.031278
0.032012
0.032378
0.028369
0.034727
0.035522
0.034243
0.031453
0.015369
0.032365
0.031666
0.031352
0.032351
0.032161
0.032078
0.033823
0.034397
0.032506
0.029063
0.032307
0.030720
0.031731
0.025984
0.031294
0.032266
0.032030
0.025957
0.030742
0.029087
0.032803
0.021287
0.033757
0.032323
0.028683
0.032645
0.032276
0.024479
0.031905
0.032862
0.031418
0.023514
0.031306
0.031980
0.033083
0.025031
0.031497
0.024852
0.031183
0.032064
0.032356
0.032274
0.032212
0.031725
0.027958
0.016248
0.016410
0.024602
0.032309
0.031383
0.034309
0.032887
0.031044
0.023506
0.035285
0.032390
0.032697
0.031472
0.031535
0.024426
0.032006
0.033155
0.033269
0.032117
0.031618
0.024146
0.035156
0.017310
0.017196
0.031475
0.031617
0.027405
0.032813
0.032483
0.031419
0.031888
0.032892
0.020892
0.031898
0.018954
0.016063
0.018380
0.032785
0.031615
0.032599
0.032178
0.033037
0.027893
0.034415
0.015738
0.015739
0.033648
0.026748
0.033015
0.025638
0.032660
0.029861
0.030745
0.033616
0.032880
0.021355
0.018546
0.015385
0.015089
0.015374
0.014778
0.032403
0.028301
0.031887
0.016600
0.018023
0.015215
0.034540
0.016909
0.031616
0.027248
0.031217
0.032765
0.032615
0.032278
0.032552
0.031634
0.033023
0.030949
0.032738
0.021798
0.032135
0.032450
0.031892
0.028108
0.033669
0.032379
0.032107
0.020604
0.033944
0.033226
0.032608
0.033667
0.017047
0.016325
0.032374
0.029853
0.024146
0.032146
0.033047
0.030453
0.026547
0.032599
0.031670
0.028580
0.023426
0.017545
0.015782
0.015872
0.016362
0.015599
0.016119
0.015750
0.016019
0.015828
0.015615
0.015643
0.016333
0.015499
0.015866
0.032277
0.032661
0.027278
0.030984
0.031094
0.032012
0.029107
0.028801
0.031810
0.032800
0.032451
0.032447
0.024847
0.032751
0.031214
0.026901
0.032322
0.017312
0.031695
0.030552
0.031220
0.022210
0.032888
0.032389
0.032161
0.028742
0.023215
0.032056
0.032970
0.031570
0.028020
0.036697
0.032440
0.015017
0.031491
0.033014
0.028927
0.033279
0.026886
0.031839
0.031849
0.032435
0.015699
0.035916
0.027623
0.033190
0.024562
0.033293
0.033074
0.035412
0.032312
0.032979
0.027890
0.030936
0.026538
0.031071
0.030699
0.032205
0.032399
0.019729
0.031655
0.032591
0.031991
0.033259
0.022629
0.031056
0.030656
0.031604
0.026474
0.033642
0.032271
0.031888
0.028107
0.024512
0.029035
0.031461
0.025944
0.032019
0.032231
0.026502
0.034388
0.031810
0.031982
0.032668
0.032626
0.031415
0.032295
0.032099
0.033351
0.034700
0.026573
0.032142
0.030177
0.032335
0.019314
0.015752
0.031745
0.031574
0.027033
0.031346
0.031805
0.033507
0.019077
0.032902
0.024597
0.033187
0.033303
0.031057
0.032386
0.033634
0.028501
0.032624
0.031508
0.016071
0.033020
0.023314
0.031628
0.019443
0.016469
0.015769
0.015686
0.016979
0.034631
0.016910
0.032515
0.031477
0.023197
0.032739
0.028388
0.032768
0.025645
0.032587
0.024983
0.032794
0.025847
0.031309
0.029424
0.031014
0.023093
0.031860
0.030721
0.033966
0.031499
0.024436
0.031223
0.032791
0.028530
0.023818
0.030803
0.031173
0.031012
0.028328
0.031631
0.023120
0.031319
0.031449
0.031451
0.031271
0.023994
0.031436
0.031217
0.032301
0.025343
0.031843
0.032344
0.032613
0.014897
0.033851
0.034621
0.031943
0.031403
0.031783
0.030987
0.024508
0.032966
0.016071
0.027280
0.031855
0.032382
0.031966
0.032540
0.031722
0.030173
0.022325
0.031951
0.027648
0.031397
0.019435
0.029001
0.020066
0.015813
0.032054
0.031746
0.018834
0.032241
0.032750
0.026973
0.032167
0.031969
0.032771
0.033894
0.022355
0.030941
0.031412
0.032230
0.021445
0.028392
0.031294
0.030769
0.033112
0.024348
0.030801
0.032149
0.030195
0.036674
0.033372
0.028424
0.032023
0.027536
0.031384
0.031190
0.018190
0.018998
0.014748
0.031993
0.029437
0.031257
0.027893
0.033964
0.031229
0.026514
0.032778
0.032471
0.033167
0.016888
0.033261
0.029606
0.033111
0.019829
0.033549
0.017067
0.032677
0.028632
0.032080
0.026875
0.030595
0.031977
0.030935
0.029927
0.027283
0.028636
0.030945
0.024880
0.032778
0.030748
0.031477
0.017019
0.032711
0.030547
0.030697
0.032536
0.032685
0.033098
0.022021
0.015300
0.029292
0.031965
0.031897
0.020935
0.032976
0.023483
0.030960
0.032300
0.033710
0.027957
0.031740
0.026587
0.021307
0.016286
0.032136
0.030211
0.023545
0.033011
0.028820
0.024311
0.031568
0.033185
0.027731
0.030520
0.030662
0.032277
0.031319
0.019127
0.017278
0.015635
0.016947
0.016554
0.015839
0.030944
0.031850
0.032479
0.031814
0.020725
0.014632
0.031721
0.033861
0.033007
0.031389
0.030875
0.032285
0.019249
0.032871
0.031854
0.033396
0.033237
0.031842
0.017361
0.020186
0.031438
0.028707
0.020485
0.015326
0.016655
0.015344
0.015199
0.015663
0.032922
0.031861
0.032904
0.032278
0.032106
0.026227
0.033539
0.023158
0.019642
0.017541
0.019133
0.017015
0.016484
0.032366
0.032918
0.031286
0.031885
0.016753
0.034857
0.031602
0.032400
0.021856
0.031009
0.031811
0.032316
0.029846
0.026907
0.032531
0.023226
0.030777
0.032344
0.014998
0.020338
0.033075
0.021415
0.032215
0.030149
0.031972
0.024690
0.032013
0.030688
0.031776
0.029889
0.024310
0.032236
0.032252
0.031775
0.026772
0.033407
0.033657
0.032944
0.029135
0.031524
0.030970
0.031595
0.033069
0.018421
0.032829
0.031719
0.025389
0.032112
0.033428
0.016940
0.034471
0.032205
0.030753
0.023230
0.032260
0.031683
0.031546
0.034298
0.032112
0.031666
0.031573
0.024066
0.032078
0.031781
0.030643
0.022873
0.031584
0.031892
0.034485
0.024705
0.036283
0.020366
0.031398
0.031895
0.030939
0.018570
0.035140
0.031880
0.031591
0.032084
0.025694
0.030859
0.026097
0.032623
0.031538
0.033526
0.027742
0.021007
0.031287
0.025966
0.032598
0.032248
0.032295
0.031777
0.032515
0.026785
0.031422
0.030998
0.032612
0.032709
0.034904
0.023036
0.031950
0.029456
0.033201
0.029480
0.030853
0.032098
0.031360
0.031505
0.018603
0.033506
0.032596
0.032861
0.028173
0.032340
0.024422
0.031476
0.027867
0.023595
0.031038
0.032795
0.031629
0.031825
0.027891
0.032149
0.031724
0.031941
0.025125
0.032399
0.033200
0.032248
0.027481
0.015263
0.018394
0.018082
0.016211
0.015690
0.017552
0.015550
0.016070
0.015847
0.015943
0.016698
0.031981
0.030957
0.031675
0.033612
0.019669
0.031283
0.032431
0.018991
0.031287
0.031862
0.031780
0.031538
0.018942
0.033694
0.030961
0.031876
0.032346
0.021666
0.032292
0.028699
0.031868
0.028875
0.030327
0.034712
0.031337
0.029299
0.023790
0.032406
0.031360
0.027136
0.029176
0.016541
0.015873
0.015879
0.015804
0.015601
0.014879
0.015323
0.015313
0.032994
0.032942
0.031817
0.022977
0.031437
0.030543
0.032417
0.015798
0.031222
0.028461
0.032242
0.025392
0.021603
0.032823
0.028439
0.027022
0.027403
0.033055
0.029567
0.034529
0.032558
0.031296
0.019893
0.031916
0.027271
0.031126
0.023063
0.031407
0.031235
0.029795
0.033397
0.032368
0.026499
0.030787
0.032371
0.034394
0.035808
0.025760
0.033556
0.033553
0.032041
0.024171
0.032792
0.033847
0.028516
0.032402
0.032277
0.032034
0.032258
0.017399
0.032274
0.029721
0.031953
0.031245
0.032197
0.016150
0.018780
0.026386
0.034029
0.027676
0.032230
0.033409
0.033486
0.032282
0.032063
0.031069
0.032888
0.031690
0.024790
0.036249
0.032365
0.032280
0.026615
0.032596
0.031844
0.032600
0.030995
0.015216
0.031807
0.031620
0.032195
0.023940
0.032174
0.031757
0.032444
0.033168
0.027587
0.031837
0.028480
0.032243
0.032348
0.033344
0.019423
0.015368
0.015524
0.015820
0.015380
0.015864
0.018022
0.015680
0.015536
0.032787
0.031497
0.031823
0.021755
0.032358
0.032444
0.031826
0.023266
0.031360
0.034431
0.020426
0.035119
0.031509
0.028891
0.016924
0.017021
0.015729
0.015653
0.024681
0.026586
0.030893
0.034166
0.031297
0.033014
0.030843
0.030328
0.034546
0.021010
0.032801
0.023222
0.033934
0.031911
0.031364
0.035042
0.018600
0.017269
0.031796
0.032063
0.031508
0.032615
0.034009
0.028013
0.032232
0.033671
0.032431
0.025419
0.032323
0.024255
0.034680
0.028660
0.032312
0.029861
0.033228
0.027185
0.032439
0.031328
0.031728
0.016969
0.032984
0.027202
0.032374
0.031977
0.031318
0.033289
0.024023
0.032429
0.032917
0.032133
0.025408
0.031914
0.030012
0.032236
0.025546
0.030778
0.031648
0.032029
0.030747
0.016039
0.031319
0.031172
0.031981
0.023479
0.032626
0.033064
0.032339
0.020380
0.031972
0.032920
0.033127
0.032146
0.030940
0.031757
0.032386
0.030460
0.032542
0.032807
0.031603
0.028497
0.026651
0.034021
0.032283
0.015708
0.031042
0.028393
0.032921
0.032218
0.032430
0.019448
0.032540
0.032653
0.032637
0.029377
0.019269
0.026168
0.029389
0.031713
0.032364
0.031878
0.019684
0.031643
0.033603
0.022062
0.032377
0.032219
0.031179
0.024910
0.032554
0.032173
0.032808
0.028912
0.029095
0.029707
0.031085
0.027012
0.031836
0.032017
0.030884
0.028387
0.018720
0.031295
0.032742
0.032216
0.021813
0.032351
0.022787
0.032136
0.032203
0.022360
0.034839
0.033702
0.032636
0.032136
0.021434
0.031473
0.031774
0.031109
0.022378
0.031951
0.032829
0.031041
0.025048
0.023623
0.030253
0.031740
0.020754
0.032450
0.031593
0.032947
0.033188
0.021921
0.032833
0.028836
0.031186
0.024486
0.032324
0.031082
0.033472
0.030221
0.031276
0.031989
0.032422
0.028665
0.023857
0.031043
0.032799
0.031593
0.024483
0.026479
0.030818
0.031193
0.025167
0.031591
0.032977
0.032310
0.032326
0.023547
0.031496
0.032864
0.024494
0.032726
0.032800
0.032173
0.030129
0.030274
0.030957
0.030687
0.027114
0.032171
0.032509
0.030993
0.033006
0.020737
0.032205
0.031833
0.031150
0.024631
0.032892
0.032320
0.031128
0.027201
0.032130
0.032832
0.029182
0.032328
0.032912
0.031388
0.023510
0.031826
0.026001
0.032090
0.027773
0.032750
0.032573
0.031715
0.030473
0.031024
0.023337
0.030984
0.031055
0.032138
0.031670
0.023494
0.031893
0.031279
0.031718
0.019953
0.032475
0.031876
0.031413
0.027997
0.032803
0.026661
0.032373
0.031178
0.032710
0.019891
0.031474
0.032294
0.031132
0.021842
0.031733
0.032288
0.032843
0.030733
0.031703
0.028612
0.032958
0.026783
0.033518
0.032991
0.023345
0.031702
0.029948
0.032294
0.023146
0.033013
0.031413
0.032303
0.030927
0.016887
0.033780
0.030899
0.031355
0.031878
0.025702
0.034255
0.030874
0.031173
0.023048
0.031381
0.029395
0.031092
0.032321
0.031889
0.032400
0.023918
0.031682
0.032649
0.033159
0.031435
0.032836
0.032288
0.017434
0.033739
0.028561
0.028764
0.031503
0.032100
0.032059
0.033115
0.018826
0.032855
0.031722
0.032440
0.032631
0.030948
0.030883
0.022524
0.032269
0.032444
0.032447
0.027983
0.033739
0.028306
0.034065
0.032949
0.019934
0.032263
0.029658
0.031428
0.021843
0.031437
0.032272
0.032406
0.033085
0.026737
0.032087
0.032445
0.027968
0.032351
0.031308
0.025721
0.032663
0.031037
0.032281
0.030026
0.022967
0.031425
0.032343
0.031694
0.035647
0.033998
0.032299
0.030995
0.031423
0.034297
0.018933
0.032513
0.031951
0.031391
0.028335
0.031578
0.020902
0.031645
0.031867
0.031472
0.022561
0.030643
0.032133
0.026791
0.032401
0.032016
0.032359
0.032251
0.015971
0.033756
0.028955
0.031972
0.030958
0.031779
0.024371
0.031760
0.030019
0.031140
0.026522
0.032041
0.032346
0.030983
0.031927
0.026010
0.031136
0.032826
0.031446
0.023551
0.032987
0.031759
0.032526
0.026942
0.031136
0.030293
0.032927
0.027447
0.032687
0.031896
0.031629
0.030744
0.031413
0.028685
0.022237
0.032438
0.032569
0.032961
0.030565
0.031478
0.031023
0.030949
0.032359
0.031523
0.019963
0.030654
0.029444
0.031882
0.027650
0.031753
0.033099
0.033102
0.020103
0.031791
0.032314
0.033472
0.031757
0.031774
0.016265
0.033540
0.028312
0.032298
0.031816
0.031308
0.032947
0.018354
0.032157
0.032452
0.018451
0.031071
0.027514
0.031861
0.033063
0.031466
0.020182
0.030771
0.030183
0.031564
0.023118
0.030956
0.031484
0.033059
0.030728
0.016725
0.031297
0.027584
0.030801
0.027052
0.031940
0.034019
0.033750
0.032281
0.031401
0.019683
0.033009
0.029505
0.032253
0.023335
0.032284
0.031298
0.032368
0.028930
0.024828
0.032388
0.031719
0.023161
0.032104
0.032271
0.029573
0.030986
0.024624
0.032309
0.026417
0.031107
0.031005
0.031600
0.021035
0.030922
0.032244
0.032496
0.028661
0.024130
0.032283
0.031090
0.032418
0.023320
0.032231
0.031900
0.032555
0.024420
0.031178
0.032160
0.032007
0.031798
0.032041
0.019912
0.032281
0.032151
0.031274
0.020873
0.031953
0.030338
0.032854
0.031837
0.029911
0.032375
0.019398
0.032177
0.033087
0.031287
0.017503
0.031599
0.031075
0.032130
0.026470
0.031339
0.030905
0.023468
0.030556
0.032317
0.032293
0.024939
0.034401
0.020377
0.031636
0.031662
0.031809
0.017927
0.032465
0.032868
0.024031
0.031659
0.032365
0.032016
0.031046
0.014686
0.032407
0.027188
0.031961
0.023508
0.032408
0.030819
0.031583
0.031356
0.031211
0.028683
0.024909
0.032172
0.031681
0.032263
0.017822
0.031560
0.026783
0.030825
0.025851
0.030423
0.030036
0.031333
0.032374
0.032756
0.031319
0.032479
0.023542
0.032248
0.030329
0.031912
0.030402
0.033427
0.026139
0.033538
0.032353
0.030242
0.032672
0.018460
0.031913
0.028378
0.031034
0.023081
0.033127
0.031973
0.021667
0.030567
0.031210
0.031632
0.023176
0.032352
0.032301
0.030319
0.031215
0.015149
0.032032
0.030283
0.028633
0.031454
0.032203
0.030894
0.032600
0.019403
0.026606
0.031278
0.030113
0.031394
0.024476
0.032593
0.032429
0.019101
0.031433
0.032039
0.027584
0.032311
0.032473
0.031384
0.020151
0.032025
0.031468
0.031195
0.022289
0.033541
0.031650
0.020589
0.031224
0.030439
0.031750
0.032605
0.032924
0.030501
0.025794
0.031390
0.031344
0.034171
0.032864
0.032911
0.019400
0.031271
0.028254
0.032430
0.021304
0.031356
0.031617
0.032014
0.030719
0.026592
0.029199
0.030306
0.031777
0.024280
0.032387
0.030308
0.031710
0.029114
0.023954
0.031287
0.031248
0.031833
0.023955
0.031296
0.032370
0.032084
0.028236
0.022980
0.031136
0.031163
0.031102
0.032144
0.020010
0.032050
0.028605
0.030136
0.027111
