0.002854
0.018127
0.019302
0.019198
0.018598
0.020287
0.020072
0.017408
0.045545
0.035759
0.033751
0.033731
0.027714
0.031601
0.033695
0.021596
0.032180
0.032750
0.034821
0.032728
0.034670
0.018184
0.017487
0.018106
0.019713
0.019280
0.018696
0.017349
0.016904
0.017053
0.017914
0.016870
0.017075
0.016956
0.017091
0.018069
0.034194
0.025751
0.034593
0.034178
0.035448
0.026685
0.032292
0.033085
0.024982
0.030978
0.031567
0.036516
0.024331
0.032290
0.025454
0.033738
0.032310
0.032425
0.042687
0.033944
0.032685
0.021615
0.032746
0.033376
0.035263
0.031877
0.016914
0.026046
0.026533
0.033374
0.039257
0.034321
0.032507
0.035842
0.033109
0.025966
0.032677
0.032510
0.016572
0.016266
0.017010
0.019623
0.019494
0.032358
0.019119
0.016047
0.015441
0.017211
0.016509
0.032854
0.034832
0.035137
0.022754
0.032473
0.031725
0.020932
0.020877
0.020601
0.026095
0.028784
0.032166
0.034660
0.034762
0.036414
0.026996
0.034086
0.031018
0.017766
0.016967
0.016299
0.020025
0.019046
0.024902
0.018450
0.023790
