0.001340
0.015830
0.018481
0.014834
0.014928
0.014841
0.024058
0.017375
0.020401
0.019325
0.017230
0.021439
0.021220
0.018940
0.017202
0.021458
0.021969
0.021040
0.019486
0.019783
0.020305
0.018313
0.015364
0.015249
0.019936
0.018937
0.014907
0.014571
0.014473
0.014263
0.015133
0.014595
0.015843
0.015211
0.015401
0.015023
0.016109
0.017989
0.016591
0.015937
0.015785
0.016261
0.016081
0.019352
0.017630
0.015837
0.017839
0.018011
0.016284
0.019443
0.017153
0.017322
0.018820
0.015819
0.014475
0.014591
0.015417
0.014697
0.015421
0.015585
0.015417
0.014430
0.015071
0.014879
0.014807
0.014904
0.014808
0.015220
0.021878
0.017596
0.015834
0.016037
0.017851
0.016360
0.016171
0.017263
0.020964
0.015317
0.016921
0.016861
0.018681
0.020207
0.014986
0.017176
0.017940
0.016415
0.017313
0.015171
0.014941
0.015144
0.015982
0.014866
0.015449
0.015111
0.014184
0.014248
0.014168
0.014149
0.014154
0.014366
0.014827
0.014832
0.015158
0.016075
0.016852
0.015444
0.016500
0.018068
0.016726
0.016651
0.018462
0.017088
0.027690
0.016722
0.019496
0.017476
0.026385
0.016660
0.019999
0.015589
0.015585
0.015447
0.016877
0.015267
0.018393
0.016865
0.015195
0.014946
0.015319
0.014956
0.015018
0.018420
0.015250
0.014560
0.015189
0.018272
0.019800
0.019027
0.015873
0.015929
0.015563
0.016305
0.019395
0.015997
0.015093
0.016148
0.016195
0.015861
0.021844
0.017316
0.017565
0.018935
0.020781
0.019139
0.019349
0.029493
0.022916
