0.003830
0.021163
0.024275
0.033335
0.020304
0.020620
0.024225
0.030988
0.021682
0.021884
0.021414
0.019230
0.020193
0.021020
0.021670
0.020900
0.019458
0.019359
0.021373
0.021150
0.020764
0.021328
0.019573
0.019987
0.029683
0.019885
0.021180
0.028286
0.020270
0.023132
0.025216
0.019881
0.021511
0.019364
0.020856
0.021335
0.017989
0.025826
0.018646
0.031033
0.018848
0.019482
0.018206
0.017680
0.017540
0.019729
0.025149
0.034945
0.027485
0.020991
0.024246
0.023569
0.023316
0.023449
0.029867
0.019699
0.019510
0.019717
0.022771
0.018445
0.022129
0.017420
0.017409
0.018303
0.017372
0.018485
0.020443
0.038284
0.022187
0.029329
0.019942
0.018707
0.018386
0.019105
0.019731
0.019394
0.023347
0.045418
0.036903
0.038230
0.041641
0.035784
0.024094
0.037412
0.026302
0.032050
0.021982
0.025744
0.026102
0.021371
0.045264
0.026174
0.052786
0.032479
0.040019
0.057483
0.063939
0.040496
0.047155
0.046189
0.040624
0.034478
0.046373
0.058529
0.021772
0.035646
0.023606
0.036203
0.019772
0.033631
0.024549
0.029402
0.033981
0.032189
0.035315
0.021508
0.038403
0.020584
0.036093
0.019917
0.047886
0.031332
0.047022
0.026017
0.036053
0.023703
0.034227
0.023170
0.043010
0.044719
0.048366
0.034849
0.043128
0.054512
0.022103
0.035911
0.021279
0.025474
0.019013
0.019153
0.036010
0.018481
0.035421
0.019467
0.029110
0.022547
0.034127
0.024646
0.047868
0.027561
0.047147
0.027458
0.046974
0.020424
0.058670
0.021286
0.045812
0.021091
0.043069
0.032537
0.045830
0.023483
0.038044
0.020037
0.035408
0.019053
0.025335
0.027734
0.022730
0.034265
0.027059
0.044735
0.046543
0.027307
0.047109
0.027382
0.047808
0.025665
0.028818
0.022062
0.045895
0.021611
0.034545
0.046158
0.024630
0.039180
0.026278
0.041593
0.035712
0.026256
0.033584
0.022045
0.033815
0.029636
0.047582
0.026827
0.048446
0.022200
0.053613
0.028185
0.053958
0.050449
0.022832
0.034538
0.028362
0.034307
0.024646
0.034036
0.019339
0.029763
0.028770
0.021679
0.034040
0.021461
0.024013
0.022963
0.025300
0.022881
0.020905
0.036729
0.018758
0.026274
0.027108
0.037882
0.022917
0.039846
0.033734
0.053268
0.046955
0.033970
0.054071
0.027923
0.058151
0.045565
0.046270
0.044317
0.036358
0.053940
0.019450
0.046072
0.056275
0.032543
0.038262
0.026586
0.022858
0.037074
0.019055
0.033500
0.018837
0.032402
0.018604
0.023205
0.019457
0.027126
0.044709
0.049336
0.045433
0.045749
0.032143
0.038836
0.031874
0.035825
0.049801
0.022993
0.027656
0.030966
0.040667
0.029022
0.020485
0.019253
0.018997
0.018539
0.018838
0.021625
0.018369
0.024685
0.021724
0.023243
0.028281
0.020313
0.020270
0.020396
0.019777
0.023023
0.023247
0.040439
0.019361
0.019560
0.020159
0.018414
0.018907
0.017703
0.017391
0.018194
0.020950
0.017955
0.016501
0.017428
0.016884
0.017153
0.017203
0.019945
0.019435
0.024175
0.023927
0.020947
0.034174
0.022231
0.021023
0.021051
0.020122
0.020914
0.028561
0.033803
0.018806
0.018586
0.019086
0.017775
0.016870
0.016681
0.016439
0.017483
0.020350
0.020073
0.016699
0.016676
0.016376
0.017705
0.018140
0.016673
0.016743
0.016432
0.019143
0.018492
0.021802
0.019856
0.018529
0.019994
0.022193
0.021078
0.030767
0.022729
0.027315
0.036892
0.025943
0.019552
0.018969
0.020828
0.016957
0.017144
0.017950
0.021103
0.021473
0.018006
0.016319
0.015863
0.016252
0.017701
0.017460
0.027691
0.021071
0.021302
0.020305
0.042763
0.020747
0.022394
0.019880
0.025342
0.022463
0.021232
0.021812
0.020891
0.033515
0.019659
0.018926
0.018575
0.018239
0.018604
0.018757
0.018834
0.019498
0.025990
0.038476
0.042340
0.020741
0.019952
0.021985
0.020984
0.020587
0.021198
0.019742
0.031459
0.025845
0.036991
0.018315
0.018643
0.018505
0.017653
0.018336
0.022517
0.020288
0.030125
0.019059
0.018353
0.018670
0.018818
0.020152
0.019668
0.022713
0.023154
0.024962
0.032802
0.039366
0.019531
0.022925
0.020177
0.020034
0.018579
0.017903
0.018384
0.018802
0.021263
0.033327
0.018209
0.017342
0.023321
0.017711
0.017778
0.018178
0.018346
0.018491
0.021144
0.021909
0.018289
0.018590
0.018183
0.019481
0.018755
0.018907
0.020744
0.018620
0.020591
0.024954
0.025631
0.020747
0.020620
0.020145
0.025850
0.020898
0.022132
0.019799
0.019507
0.019292
0.019567
0.019615
0.018697
0.019885
0.018831
0.021287
0.019755
0.018051
0.018717
0.049588
0.027976
0.022378
0.021171
0.026834
0.024294
0.026675
0.031608
0.036341
0.023066
0.025019
0.019823
0.022412
0.018894
0.019240
0.018123
0.019483
0.020073
0.019334
0.018533
0.021759
0.019074
0.028394
0.029663
0.028036
0.021450
0.019628
0.023268
0.029428
0.021964
0.020461
0.026052
0.024302
0.020740
0.019583
0.020876
0.019642
0.020585
0.018358
0.018581
0.018578
0.022004
0.019168
0.020037
0.020621
0.021565
0.022142
0.025816
0.023652
0.021966
0.023328
0.024384
0.028883
0.032596
0.028699
0.019152
0.019643
0.018797
0.019083
0.019264
0.020206
0.023031
0.022846
0.018776
0.018251
0.018468
0.024491
0.021990
0.018716
0.020373
0.019105
0.019092
0.016951
0.017820
0.016531
0.021481
0.033099
0.025490
0.022753
0.027537
0.021065
0.026582
0.022245
0.022393
0.030215
0.021859
0.020041
0.019904
0.017628
0.017518
0.016879
0.016620
0.016888
0.016619
0.016944
0.018200
0.017370
0.017185
0.017783
0.020819
0.018088
0.019921
0.019944
0.021265
0.021312
0.024858
0.019836
0.023516
0.040408
0.043102
0.023879
0.021149
0.019092
0.017815
0.017833
0.017689
0.017948
0.018320
0.022785
0.017977
0.018406
0.020660
0.022660
0.023857
0.029085
0.022702
0.028049
0.026981
0.027546
0.024964
0.024351
0.024659
0.020819
0.022521
0.019010
0.018901
0.018932
0.019556
0.021511
0.020316
0.020031
0.020274
0.019899
0.020122
0.030739
0.025254
0.022596
0.045231
0.043630
0.027123
0.025210
0.020969
0.021567
0.021358
0.026266
0.021060
0.025772
0.031780
0.020429
0.018876
0.019572
0.020174
0.020746
0.019797
0.020226
0.020010
0.020614
0.020529
0.018938
0.018982
0.019140
0.019146
0.019664
0.032992
0.018957
0.018505
0.021806
0.020171
0.029360
0.025151
0.020449
0.032496
0.028108
0.029655
0.027183
0.020625
0.021194
0.022837
0.019577
0.017988
0.019139
0.018417
0.017962
0.018453
0.017957
0.027220
0.028479
0.018572
0.017294
0.020426
0.027355
0.018539
0.018842
0.020264
0.022624
0.036042
0.032165
0.030706
0.025120
0.024553
0.021633
0.020262
0.021068
0.033414
0.021749
0.020714
0.020472
0.020353
0.020971
0.020738
0.022349
0.022263
0.026067
0.048630
0.021656
0.028152
0.026447
0.022944
0.023696
0.025237
0.024931
0.019288
0.019074
0.018593
0.018210
0.018036
0.019324
0.018754
0.021088
0.022085
0.022654
0.022937
0.025596
0.022445
0.022599
0.040355
0.037926
0.025373
0.028501
0.021489
0.020646
0.021191
0.022758
0.021744
0.028913
0.019182
0.019025
0.019511
0.019086
0.018490
0.018363
0.021983
0.021395
0.019181
0.018623
0.018911
0.018803
0.020701
0.018419
0.018729
0.020677
0.021634
0.020251
0.019155
0.019673
0.026509
0.025283
0.024710
0.020257
0.020240
0.047809
0.031574
0.025002
0.031764
0.027575
0.022085
0.021039
0.019981
0.028070
0.021691
0.021374
0.021081
0.020009
0.020634
0.027466
0.021947
0.023003
0.023692
0.021484
0.026984
0.022441
0.022763
0.026698
0.029458
0.033940
0.027550
0.022427
0.020782
0.021510
0.021319
0.019634
0.019482
0.021928
0.027159
0.019042
0.019521
0.019304
0.019894
0.023440
0.019618
0.019166
0.028240
0.021240
0.020113
0.022213
0.030420
0.020360
0.027016
0.022666
0.023468
0.020929
0.019997
0.022019
0.025069
0.018919
0.019475
0.019417
0.019658
0.019567
0.020483
0.019808
0.026307
0.021266
0.023803
0.024635
0.028121
0.026998
0.022702
0.020090
0.021203
0.021879
0.023536
0.022461
0.022369
0.020789
0.020108
0.020533
0.020074
0.019363
0.019882
0.019669
0.018450
0.021151
0.019526
0.020168
0.019303
0.019053
0.018818
0.018743
0.019768
0.019750
0.045046
0.029229
0.021531
0.021552
0.022658
0.023541
0.021480
0.023652
0.025484
0.019901
0.045730
0.022713
0.022754
0.020652
0.019007
0.023791
0.018674
0.032259
0.019193
0.023874
0.018321
0.017287
0.017391
0.018671
0.019094
0.018915
0.022879
0.024837
0.050105
0.020470
0.019944
0.019833
0.017800
0.017947
0.016334
0.016567
0.016813
0.017000
0.019897
0.016905
0.018003
0.017084
0.017307
0.017598
0.018425
0.019547
0.019512
0.021914
0.022813
0.036202
0.024012
0.052183
0.051439
0.035243
0.035873
0.044587
0.047203
0.035190
0.047589
0.064871
0.019140
0.037461
0.019053
0.034616
0.021084
0.020219
0.025202
0.031594
0.032320
0.021794
0.050790
0.030548
0.041560
0.049095
0.027101
0.038556
0.034227
0.037745
0.026661
0.054723
0.057791
0.025002
0.050072
0.021459
0.039836
0.025042
0.036997
0.019398
0.035186
0.018228
0.036033
0.018557
0.029445
0.020298
0.022793
0.027223
0.018864
0.020339
0.018760
0.019421
0.034330
0.018907
0.029664
0.021430
0.034265
0.025601
0.053290
0.023840
0.045968
0.022969
0.042914
0.039021
0.055249
0.050783
0.034493
0.043162
0.025052
0.043412
0.051461
0.025714
0.037997
0.019364
0.033872
0.018481
0.033692
0.021314
0.017802
0.032645
0.018786
0.035395
0.021089
0.050811
0.023906
0.039066
0.041636
0.045376
0.026094
0.063599
0.025064
0.034919
0.030888
0.045478
0.020405
0.053152
0.023180
0.045796
0.035000
0.035452
0.029611
0.024445
0.035662
0.021739
0.033814
0.024516
0.037109
0.035950
0.052872
0.029226
0.045502
0.023260
0.054213
0.044253
0.044552
0.028035
0.039122
0.050337
0.038026
0.041314
0.054248
0.041518
0.031129
0.039024
0.025584
0.021746
0.030802
0.020372
0.036952
0.020737
0.047359
0.050314
0.041243
0.047225
0.052418
0.033783
0.041558
0.056547
0.045736
0.030669
0.059376
0.033442
0.035772
0.050960
0.033858
0.021408
0.022652
0.023598
0.018726
0.036488
0.024424
0.023841
0.019728
0.034306
0.020266
0.033222
0.030134
0.019236
0.022094
0.023737
0.045685
0.053653
0.051129
0.053055
0.038379
0.055608
0.025759
0.054440
0.060747
0.043580
0.028532
0.036973
0.031608
0.055681
0.061884
0.018685
0.035402
0.022860
0.030698
0.018318
0.024278
0.019167
0.026554
0.019498
0.018206
0.018164
0.027275
0.028751
0.019521
0.032941
0.024800
0.019222
0.020393
0.020034
0.018808
0.021280
0.020459
0.018106
0.018533
0.018795
0.018228
0.018541
0.018338
0.017893
0.017845
0.017447
0.017769
0.019137
0.019088
0.018428
0.018767
0.019383
0.023570
0.021902
0.022246
0.019652
0.018504
0.024117
0.028830
0.017385
0.018332
0.020146
0.016938
0.017274
0.017419
0.017167
0.017043
0.017889
0.017307
0.017945
0.017808
0.025940
0.018069
0.018488
0.019969
0.023436
0.017808
0.018604
0.020312
0.021990
0.019803
0.044034
0.048427
0.022800
0.019540
0.020096
0.020078
0.019628
0.018463
0.019660
0.023770
0.018802
0.018685
0.021558
0.021150
0.025923
0.019221
0.019398
0.018587
0.018444
0.019454
0.019191
0.022732
0.020699
0.025919
0.020599
0.023698
0.019741
0.026342
0.024295
0.021086
0.019748
0.020656
0.020316
0.020226
0.018138
0.018319
0.017778
0.018249
0.018135
0.017952
0.018170
0.017605
0.017295
0.017654
0.018078
0.018292
0.019903
0.022738
0.024446
0.020860
0.019664
0.021016
0.019424
0.020239
0.019904
0.019554
0.019736
0.018653
0.020730
0.024552
0.028099
0.045574
0.026229
0.026982
0.048021
0.023481
0.019336
0.021425
0.021506
0.019637
0.024213
0.021593
0.022404
0.020829
0.022857
0.022340
0.023119
0.021966
0.021274
0.018089
0.018427
0.019815
0.022004
0.019791
0.019574
0.020364
0.018371
0.019606
0.018557
0.019310
0.018290
0.018931
0.020059
0.019475
0.022032
0.020196
0.020998
0.022161
0.020175
0.020034
0.018712
0.020273
0.018432
0.018717
0.018080
0.017876
0.018147
0.018229
0.018174
0.018101
0.017861
0.017779
0.017179
0.017581
0.017986
0.018137
0.017880
0.018305
0.020025
0.017961
0.017372
0.017763
0.017123
0.017945
0.018339
0.020413
0.021103
0.021671
0.021147
0.022609
0.027301
0.023011
0.021118
0.020866
0.025887
0.017023
0.017293
0.017050
0.016915
0.017283
0.017342
0.017409
0.017054
0.017386
0.017769
0.019067
0.018761
0.019576
0.026645
0.018948
0.021073
0.020242
0.018369
0.019697
0.019549
0.017733
0.019480
0.020056
0.019892
0.021663
0.018839
0.018997
0.018990
0.017174
0.017119
0.017386
0.017494
0.017957
0.017755
0.018138
0.020002
0.023604
0.020587
0.020569
0.018494
0.022527
0.017982
0.018389
0.024360
0.021430
0.024389
0.020850
0.019717
0.018445
0.017867
0.018914
0.018419
0.017661
0.018508
0.018589
0.018368
0.018460
0.018344
0.018864
0.019607
0.022699
0.021099
0.019864
0.020546
0.026947
0.029271
0.021183
0.020070
0.019973
0.020915
0.020080
0.019105
0.019038
0.019523
0.019802
0.019299
0.019069
0.018862
0.018854
0.018263
0.020112
0.019282
0.018646
0.019042
0.020546
0.020740
0.018834
0.018701
0.018617
0.017805
0.019142
0.017587
0.022500
0.022852
0.020444
0.020937
0.020335
0.020633
0.022189
0.020916
0.026797
0.023532
0.024578
0.020846
0.020190
0.019653
0.019843
0.019401
0.018654
0.017716
0.018651
0.018435
0.019151
0.019390
0.018812
0.020314
0.021419
0.020916
0.020796
0.021811
0.020535
0.020674
0.020946
0.021070
0.021214
0.023089
0.023231
0.018543
0.019477
0.018572
0.018028
0.018291
0.018271
0.017773
0.018146
0.018877
0.018514
0.018195
0.023797
0.019860
0.022856
0.018454
0.021169
0.018959
0.021929
0.024374
0.018418
0.021246
0.025576
0.020689
0.021137
0.018594
0.018437
0.019025
0.019313
0.020901
0.018375
0.017318
0.017198
0.017298
0.017705
0.021179
0.019747
0.020504
0.019838
0.019876
0.023098
0.022636
0.019645
0.022148
0.023106
0.017806
0.019612
0.018488
0.018777
0.018484
0.019997
0.020476
0.024810
0.021006
0.023977
0.024154
0.020960
0.021894
0.022794
0.021366
0.018586
0.018263
0.018607
0.019066
0.019057
0.019707
0.033391
0.032751
0.021312
0.018985
0.020586
0.020626
0.020370
0.019111
0.021480
0.023357
0.022377
0.021003
0.020929
0.019166
0.021856
0.019245
0.019139
0.018332
0.018734
0.018465
0.017872
0.018202
0.018307
0.017722
0.021719
0.022267
0.020220
0.020541
0.027712
0.021466
0.021148
0.022771
0.020101
0.021489
0.022466
0.021291
0.020196
0.018552
0.017351
0.018977
0.018488
0.018266
0.018026
0.018456
0.019769
0.016872
0.017998
0.017875
0.019261
0.027994
0.021816
0.020842
0.020909
0.022791
0.019577
0.024657
0.019912
0.019751
0.018072
0.017344
0.017740
0.018340
0.018919
0.019444
0.022704
0.018132
0.017672
0.017863
0.018331
0.019684
0.019389
0.017658
0.019708
0.020298
0.023576
0.018301
0.019149
0.018735
0.026222
0.019911
0.017912
0.019760
0.019689
0.019380
0.018270
0.017928
0.017430
0.016896
0.017554
0.017248
0.016838
0.016713
0.016875
0.017018
0.017516
0.016745
0.017458
0.016978
0.018312
0.017320
0.017126
0.017283
0.017040
0.017142
0.017852
0.018008
0.020957
0.017384
0.017907
0.019372
0.017496
0.027479
0.022917
0.021608
0.023417
0.019005
0.033097
0.018229
0.019660
0.019946
0.018107
0.017654
0.017633
0.017121
0.016826
0.017166
0.018839
0.017528
0.017841
0.017608
0.019308
0.021746
0.020055
0.020611
0.024019
0.021227
0.021099
0.019450
0.023328
0.019282
0.023025
0.019327
0.018087
0.017668
0.017907
0.017782
0.017783
0.017699
0.018178
0.018310
0.017648
0.017324
0.017406
0.024362
0.020501
0.020459
0.021753
0.020795
0.020204
0.018711
0.019505
0.021247
0.020467
0.020563
0.021290
0.017990
0.017459
0.017423
0.017077
0.017218
0.017667
0.017638
0.018332
0.019954
0.018863
0.018470
0.017686
0.017709
0.024605
0.017838
0.020200
0.019880
0.020969
0.019737
0.019883
0.020813
0.020047
0.020484
0.020259
0.020523
0.018181
0.018277
0.017921
0.017204
0.017866
0.018081
0.017857
0.017781
0.017863
0.017492
0.017810
0.020236
0.018132
0.017674
0.017988
0.018939
0.018089
0.018110
0.017806
0.018345
0.018588
0.019028
0.020685
0.025812
0.021729
0.023710
0.023130
0.024920
0.021169
0.022240
0.025997
0.022804
0.021954
0.020444
0.020847
0.019840
0.019486
0.018919
0.017508
0.017857
0.017619
0.019011
0.019419
0.021408
0.019039
0.027751
0.020309
0.021244
0.021342
0.019170
0.020979
0.019789
0.020527
0.023521
0.024371
0.024783
0.019521
0.018822
0.018760
0.019606
0.018299
0.019055
0.019568
0.020169
0.018623
0.020310
0.030804
0.022308
0.021885
0.018027
0.024290
0.019313
0.020808
0.021667
0.022192
0.022324
0.021607
0.019609
0.019009
0.018288
0.018164
0.018537
0.019734
0.018210
0.019348
0.018426
0.018070
0.018102
0.017703
0.018003
0.017179
0.017631
0.029481
0.021782
0.021666
0.019203
0.020744
0.020514
0.028275
0.022338
0.019087
0.030233
0.022002
0.019840
0.018732
0.018644
0.019686
0.021004
0.020247
0.019667
0.019782
0.019454
0.020181
0.018280
0.022500
0.018766
0.019328
0.016831
0.016865
0.017028
0.017183
0.017090
0.017999
0.019898
0.018945
0.020103
0.019648
0.022832
0.021196
0.022556
0.019816
0.020266
0.021639
0.019768
0.018651
0.017356
0.017958
0.017888
0.018821
0.017515
0.017893
0.017525
0.017531
0.017638
0.019768
0.017190
0.017568
0.018247
0.018807
0.019303
0.019973
0.030652
0.022248
0.024273
0.023351
0.021888
0.019089
0.025262
0.018724
0.019570
0.018166
0.018426
0.018219
0.018553
0.018300
0.018274
0.017880
0.021812
0.022989
0.021410
0.023639
0.031112
0.020505
0.024707
0.026313
0.029923
0.019900
0.020390
0.021245
0.022909
0.018530
0.019336
0.017367
0.025002
0.017726
0.017744
0.018266
0.017979
0.017626
0.017981
0.019387
0.021770
0.022388
0.022336
0.020316
0.020165
0.022616
0.023870
0.023340
0.021921
0.021298
0.021729
0.021034
0.020144
0.018492
0.019876
0.018031
0.018625
0.017502
0.018671
0.019608
0.019901
0.019987
0.019629
0.019413
0.018029
0.017940
0.017627
0.016805
0.017273
0.017095
0.019464
0.017057
0.017645
0.020276
0.018954
0.020363
0.019570
0.018469
0.018851
0.019478
0.018984
0.019964
0.020355
0.023356
0.023735
0.020194
0.019813
0.019786
0.019344
0.020113
0.018837
0.019881
0.020226
0.020689
0.020187
0.019054
0.022968
0.021878
0.021930
0.022594
0.024183
0.025321
0.021112
0.019663
0.019576
0.019541
0.022416
0.020445
0.020756
0.023586
0.021144
0.020167
0.020221
0.021842
0.019433
0.019852
0.019583
0.020345
0.021943
0.021338
0.024046
0.024869
0.021903
0.025641
0.024700
0.026771
0.023958
0.022947
0.019723
0.019264
0.018331
0.018646
0.018578
0.019142
0.018920
0.019007
0.018399
0.018591
0.018059
0.018309
0.018506
0.019583
0.018147
0.020320
0.019908
0.020281
0.027324
0.019900
0.018195
0.020031
0.019348
0.018284
0.019190
0.017131
0.017940
0.016830
0.018222
0.017431
0.017349
0.017066
0.017047
0.016623
0.017347
0.016100
0.017259
0.017551
0.017577
0.018131
0.017999
0.017467
0.017526
0.020829
0.019127
0.019889
0.017685
0.020258
0.022400
0.018674
0.020519
0.019983
0.020059
0.020921
0.021533
0.021651
0.020367
0.021853
0.019442
0.018820
0.018557
0.019120
0.018865
0.019995
0.019420
0.018924
0.017631
0.017449
0.017195
0.017347
0.017393
0.019130
0.020280
0.019880
0.021202
0.020409
0.020141
0.019981
0.019866
0.023004
0.021140
0.019543
0.020138
0.019137
0.019606
0.019356
0.018812
0.018223
0.017699
0.016623
0.017051
0.019828
0.017130
0.018167
0.018344
0.019408
0.021422
0.023906
0.028254
0.028579
0.027239
0.024408
0.024214
0.023476
0.020792
0.021674
0.021150
0.020408
0.021053
0.019895
0.019684
0.019412
0.019573
0.019729
0.020154
0.023851
0.020851
0.022451
0.020549
0.024387
0.021043
0.022612
0.022777
0.025210
0.023127
0.019391
0.019042
0.018819
0.018368
0.019303
0.019331
0.021149
0.018436
0.018653
0.018710
0.018826
0.019998
0.018467
0.018116
0.019841
0.019359
0.018953
0.019934
0.021183
0.017925
0.018199
0.021734
0.020581
0.019210
0.022863
0.024282
0.020709
0.019447
0.020718
0.022190
0.023769
0.019977
0.020924
0.024216
0.019188
0.017466
0.017040
0.017758
0.017719
0.017490
0.018040
0.019018
0.019475
0.020865
0.019070
0.018930
0.025185
0.021310
0.030941
0.023280
0.022566
0.027500
0.021984
0.021942
0.022977
0.032138
0.022242
0.019337
0.019612
0.018401
0.018954
0.018366
0.019218
0.019061
0.018885
0.019602
0.019206
0.018763
0.019595
0.019919
0.024151
0.020965
0.021300
0.022300
0.022174
0.020504
0.022510
0.021825
0.021529
0.025527
0.021115
0.019154
0.018622
0.018830
0.019246
0.018987
0.021489
0.018302
0.018313
0.017983
0.018161
0.018717
0.022010
0.019094
0.019196
0.021105
0.020669
0.020231
0.021637
0.021835
0.022500
0.022137
0.021768
0.023911
0.019679
0.019412
0.019830
0.018635
0.018698
0.018961
0.019563
0.019557
0.020526
0.019289
0.019414
0.018984
0.018502
0.018268
0.018566
0.018802
0.018407
0.017887
0.018305
0.018260
0.018597
0.017071
0.020056
0.020460
0.017103
0.019199
0.019066
0.021101
0.019913
0.020382
0.019696
0.025826
0.019168
0.019504
0.020175
0.019812
0.020907
0.019059
0.018385
0.018674
0.018686
0.019327
0.019186
0.018763
0.019063
0.019356
0.024595
0.021508
0.022197
0.021049
0.019927
0.021561
0.022034
0.019346
0.020231
0.020752
0.020513
0.021686
0.019355
0.019346
0.019202
0.021370
0.020134
0.018155
0.018831
0.018926
0.019121
0.019961
0.024177
0.025481
0.019130
0.020528
0.020725
0.023022
0.022982
0.023201
0.022649
0.028112
0.027134
0.024313
0.020606
0.020856
0.025996
0.027468
0.025380
0.019707
0.019120
0.018888
0.019790
0.018133
0.027016
0.019998
0.025212
0.021695
0.023155
0.023843
0.020235
0.021913
0.022586
0.028790
0.023393
0.019176
0.020055
0.018787
0.019068
0.019594
0.019048
0.019415
0.018146
0.017807
0.017825
0.018130
0.018440
0.018378
0.018039
0.017999
0.018558
0.019141
0.019405
0.019454
0.019558
0.020333
0.022074
0.024775
0.028661
0.031563
0.026491
0.026912
0.021479
0.024000
0.022873
0.021306
0.020650
0.020418
0.020530
0.018681
0.020302
0.018570
0.018734
0.018755
0.020951
0.020226
0.021279
0.019080
0.021896
0.019970
0.022461
0.019141
0.020092
0.020395
0.020466
0.020426
0.020099
0.019489
0.019843
0.019234
0.019241
0.018794
0.018207
0.018431
0.018539
0.019326
0.020825
0.018115
0.018430
0.018130
0.022484
0.019494
0.019659
0.021094
0.025430
0.030478
0.022565
0.020443
0.020041
0.019645
0.019720
0.021958
0.022949
0.018411
0.018527
0.018898
0.019650
0.019407
0.020447
0.019260
0.019134
0.018161
0.018786
0.018833
0.019301
0.023332
0.021322
0.019435
0.024468
0.024921
0.024506
0.019252
0.019264
0.020170
0.020181
0.019788
0.018118
0.017530
0.017488
0.017568
0.018420
0.018023
0.017271
0.017192
0.020463
0.017183
0.017806
0.017983
0.017978
0.018764
0.018673
0.019267
0.018539
0.018783
0.019430
0.018248
0.019572
0.019537
0.019082
0.020060
0.020157
0.019891
0.018932
0.019000
0.022698
0.021006
0.020249
0.020550
0.020272
0.017861
0.018594
0.018600
0.018815
0.018583
0.019260
0.018797
0.017944
0.018073
0.018201
0.019587
0.017747
0.021435
0.019311
0.020119
0.018733
0.021688
0.020626
0.020146
0.019128
0.019305
0.021970
0.021276
0.021922
0.018979
0.017570
0.018243
0.021965
0.018005
0.018360
0.017918
0.017830
0.020199
0.018022
0.021404
0.020432
0.034265
0.025742
0.022722
0.023848
0.026131
0.023972
0.022996
0.020641
0.019992
0.020394
0.019971
0.019373
0.019256
0.019035
0.018970
0.018847
0.019067
0.020384
0.019748
0.018809
0.018800
0.023815
0.021877
0.021550
0.020256
0.023802
0.022320
0.021903
0.022684
0.022238
0.026368
0.022146
0.019295
0.018824
0.019045
0.018842
0.018668
0.018300
0.018527
0.019047
0.018627
0.017892
0.018290
0.019377
0.018932
0.018534
0.018550
0.019701
0.019264
0.018620
0.018133
0.018121
0.017665
0.022348
0.020229
0.022268
0.020861
0.022090
0.024237
0.025871
0.023992
0.020931
0.023643
0.018936
0.018907
0.018938
0.018542
0.019181
0.019505
0.020380
0.018464
0.018792
0.019047
0.020324
0.019613
0.019776
0.028010
0.023148
0.021801
0.025824
0.020130
0.020427
0.022152
0.026399
0.023873
0.020521
0.020565
0.019692
0.018260
0.017245
0.018569
0.018380
0.018151
0.024918
0.019213
0.021466
0.019416
0.019220
0.020405
0.021760
0.020241
0.019624
0.020009
0.019073
0.019704
0.019044
0.018722
0.020745
0.019533
0.024576
0.020029
0.017435
0.016969
0.017821
0.018204
0.017889
0.017927
0.017652
0.018822
0.020307
0.019351
0.020791
0.019957
0.022224
0.021784
0.018713
0.021991
0.019863
0.017947
0.020189
0.019143
0.019992
0.018891
0.019642
0.017653
0.017000
0.020063
0.017190
0.017527
0.017830
0.018590
0.020126
0.018304
0.019498
0.019270
0.019968
0.020085
0.019373
0.019195
0.020088
0.019538
0.019471
0.019423
0.027598
0.023461
0.024736
0.020915
0.021853
0.020666
0.027459
0.020604
0.023504
0.024534
0.021105
0.019403
0.019778
0.018446
0.019063
0.017583
0.017542
0.018699
0.018734
0.017273
0.017914
0.018064
0.019181
0.020173
0.017928
0.021757
0.020611
0.026897
0.022435
0.023024
0.021697
0.030919
0.024347
0.025210
0.021311
0.020959
0.020654
0.021208
0.022519
0.019919
0.019517
0.019384
0.019759
0.025220
0.021531
0.019814
0.018378
0.020899
0.019676
0.019391
0.022214
0.017236
0.019195
0.019540
0.019618
0.018299
0.018771
0.020080
0.018912
0.020224
0.019946
0.019557
0.019527
0.019938
0.019795
0.019872
0.019776
0.024479
0.022386
0.022426
0.023964
0.022828
0.028145
0.024949
0.022998
0.023363
0.025018
0.019921
0.021861
0.020530
0.020247
0.020344
0.020276
0.019390
0.019592
0.019220
0.020672
0.020148
0.020114
0.019639
0.019440
0.019214
0.019497
0.018857
0.019295
0.019566
0.020883
0.025812
0.020815
0.021352
0.022572
0.020137
0.018487
0.021318
0.022906
0.019409
0.024128
0.021623
0.018210
0.017306
0.017539
0.017579
0.017897
0.017233
0.018165
0.017693
0.018362
0.019054
0.017785
0.018522
0.024588
0.022743
0.023000
0.035498
0.022595
0.021142
0.021762
0.024542
0.046220
0.025133
0.023533
0.019843
0.019861
0.019739
0.020264
0.018276
0.020063
0.020103
0.020209
0.019711
0.022577
0.023952
0.023659
0.022316
0.021756
0.023189
0.025357
0.026724
0.026369
0.029656
0.025782
0.019696
0.021776
0.021117
0.022972
0.019634
0.018908
0.018907
0.019343
0.018910
0.020319
0.018525
0.024965
0.019272
0.019713
0.020426
0.019989
0.021164
0.024865
0.024474
0.022543
0.018212
0.017217
0.021703
0.017910
0.017929
0.017773
0.018886
0.019388
0.018317
0.018694
0.019341
0.019225
0.019872
0.019980
0.018730
0.019816
0.019166
0.018689
0.018713
0.017992
0.019238
0.020655
0.024731
0.021471
0.021718
0.023911
0.022136
0.023651
0.022542
0.026909
0.024536
0.020667
0.030608
0.021484
0.018613
0.020814
0.017622
0.016909
0.016879
0.017131
0.020033
0.019439
0.017637
0.017486
0.017643
0.021181
0.019096
0.029872
0.019632
0.025580
0.024021
0.020455
0.022409
0.024370
0.025179
0.020254
0.020708
0.019452
0.019289
0.019737
0.019618
0.020668
0.019859
0.019797
0.019863
0.022592
0.022197
0.022535
0.022476
0.026348
0.020493
0.021539
0.024994
0.024611
0.027333
0.025297
0.020164
0.020771
0.020504
0.020319
0.020020
0.019401
0.018342
0.018677
0.018057
0.022217
0.019265
0.022900
0.021070
0.021673
0.031254
0.024175
0.020010
0.020567
0.023468
0.032300
0.024113
0.026438
0.024256
0.021419
0.019048
0.020391
0.020570
0.020017
0.019587
0.018040
0.018351
0.018649
0.019101
0.019568
0.019259
0.019501
0.019383
0.019015
0.021713
0.018663
0.018927
0.018050
0.018579
0.021095
0.024772
0.024497
0.024031
0.023526
0.020168
0.025517
0.025844
0.029661
0.023319
0.020732
0.021042
0.021136
0.020433
0.021522
0.020632
0.021500
0.019890
0.020070
0.020407
0.019533
0.019409
0.020847
0.019914
0.020852
0.020955
0.019932
0.022172
0.024587
0.023646
0.020938
0.021239
0.024043
0.020529
0.019604
0.020199
0.019230
0.021355
0.019429
0.019037
0.018646
0.018311
0.019440
0.020014
0.022777
0.022485
0.022249
0.020720
0.024422
0.021011
0.021851
0.020243
0.022762
0.021862
0.021624
0.020135
0.019727
0.018513
0.017879
0.018326
0.018389
0.019465
0.018266
0.018035
0.018839
0.018835
0.024500
0.020339
0.021593
0.023218
0.020813
0.021038
0.020751
0.020614
0.018956
0.019846
0.019903
0.026563
0.019644
0.017822
0.018418
0.019274
0.019142
0.019131
0.020891
0.018674
0.019522
0.019229
0.019328
0.019243
0.018821
0.017948
0.018425
0.017958
0.017812
0.018848
0.018296
0.017346
0.021568
0.019735
0.019398
0.023507
0.022823
0.024119
0.026572
0.025040
0.023114
0.024840
0.020664
0.020216
0.020059
0.019438
0.019731
0.021760
0.020223
0.020992
0.020651
0.021523
0.020921
0.020334
0.020547
0.021704
0.022249
0.025661
0.024001
0.024727
0.025286
0.020590
0.034581
0.026780
0.023914
0.020575
0.020762
0.019641
0.022797
0.021549
0.019349
0.017912
0.018266
0.018057
0.018541
0.024030
0.020558
0.022470
0.020764
0.022238
0.021388
0.021871
0.023046
0.022763
0.025830
0.024682
0.019387
0.019869
0.019728
0.019659
0.019331
0.019538
0.018620
0.019056
0.019290
0.019162
0.019493
0.019639
0.019820
0.021374
0.022987
0.021433
0.022209
0.022779
0.023580
0.021730
0.022563
0.020007
0.022258
0.021872
0.019882
0.018055
0.018599
0.018546
0.023890
0.019581
0.018829
0.018666
0.019597
0.018615
0.018507
0.017848
0.019245
0.019321
0.019854
0.019770
0.019778
0.023191
0.021501
0.021779
0.024685
0.031400
0.025215
0.023679
0.023025
0.023322
0.021616
0.027410
0.021396
0.018814
0.019701
0.018780
0.018595
0.019625
0.019283
0.020010
0.019726
0.020976
0.019691
0.017898
0.023314
0.024418
0.022214
0.022636
0.021377
0.019566
0.026769
0.019425
0.017620
0.018077
0.017782
0.017817
0.018356
0.017394
0.017815
0.016733
0.017213
0.017152
0.018445
0.019954
0.019255
0.019931
0.020397
0.019722
0.027236
0.024686
0.021248
0.020602
0.020483
0.026686
0.017501
0.018170
0.019203
0.017606
0.017996
0.018145
0.018011
0.018204
0.017322
0.017319
0.017582
0.017519
0.022056
0.020194
0.019221
0.019831
0.021133
0.019448
0.019757
0.022220
0.021787
0.023763
0.021801
0.018016
0.020076
0.019128
0.017823
0.018515
0.018293
0.017685
0.017104
0.017574
0.017198
0.017079
0.017297
0.018849
0.017937
0.020818
0.018055
0.018769
0.018289
0.017694
0.017817
0.017711
0.017929
0.020275
0.019733
0.018395
0.018956
0.022247
0.024174
0.025511
0.024419
0.021424
0.023252
0.019507
0.020391
0.018358
0.018003
0.018179
0.018017
0.017480
0.017571
0.017211
0.017684
0.016962
0.016729
0.017586
0.017819
0.021409
0.027511
0.021093
0.020630
0.018917
0.022786
0.027605
0.021983
0.020980
0.018639
0.021707
0.017645
0.018433
0.017340
0.017273
0.018430
0.018312
0.016484
0.016516
0.016459
0.016877
0.019975
0.019503
0.018719
0.021044
0.019182
0.020449
0.018155
0.018217
0.018890
0.019521
0.027065
0.018528
0.018584
0.017278
0.017277
0.016709
0.016614
0.016414
0.016978
0.016817
0.016026
0.017287
0.020417
0.016702
0.020601
0.018767
0.020394
0.023969
0.019114
0.021667
0.023765
0.026481
0.020743
0.020597
0.023310
0.019987
0.020328
0.020341
0.024438
0.023117
0.021082
0.021052
0.021039
0.026729
0.020688
0.022012
0.021266
0.020589
0.020163
0.020431
0.020150
0.019831
0.019336
0.020646
0.025018
0.027029
0.020927
0.020420
0.022942
0.018741
0.019510
0.020101
0.020601
0.019110
0.022448
0.018055
0.018618
0.021599
0.018367
0.017938
0.018131
0.018237
0.019048
0.019030
0.018186
0.018887
0.018690
0.018317
0.018861
0.020804
0.020037
0.022190
0.028401
0.020928
0.021283
0.023304
0.022010
0.022289
0.022790
0.026265
0.022584
0.021303
0.019814
0.018217
0.019410
0.019585
0.019761
0.019716
0.019217
0.027539
0.022114
0.021982
0.023616
0.023787
0.027194
0.024582
0.023554
0.023820
0.021629
0.022069
0.020585
0.020530
0.019406
0.019370
0.020151
0.018987
0.018525
0.019406
0.018607
0.019205
0.019698
0.022473
0.027972
0.032149
0.026543
0.022179
0.029312
0.024285
0.027364
0.031299
0.031832
0.023392
0.026402
0.018950
0.018468
0.018823
0.020083
0.019641
0.022758
0.022971
0.025643
0.022354
0.020470
0.017950
0.018683
0.018287
0.019791
0.018287
0.017361
0.019069
0.018989
0.018202
0.022267
0.018100
0.018894
0.018594
0.026825
0.019105
0.023140
0.029367
0.026931
0.022125
0.026913
0.028078
0.020759
0.024724
0.018887
0.018887
0.018516
0.017737
0.018854
0.019688
0.030246
0.022151
0.027193
0.024057
0.022676
0.024250
0.021698
0.021990
0.021462
0.027941
0.027028
0.037928
0.022903
0.031267
0.028455
0.019660
0.019849
0.034570
0.021875
0.020349
0.018046
0.019787
0.018116
0.026672
0.022032
0.020195
0.022897
0.018615
0.030761
0.019478
0.018740
0.022373
0.022186
0.019283
0.022325
0.020564
0.022090
0.020431
0.020818
0.020625
0.022217
0.020411
0.020806
0.018778
0.018651
0.019130
0.018261
0.020303
0.022455
0.024101
0.023024
0.035663
0.035796
0.020122
0.028971
0.026160
0.025114
0.020752
0.023193
0.019001
0.021023
0.018189
0.018904
0.019024
0.025384
0.024428
0.029811
0.027461
0.019998
0.021747
0.020695
0.018393
0.020463
0.028953
0.019476
0.021020
0.023127
0.019024
0.019610
0.028250
0.019741
0.022446
0.025826
0.028380
0.024050
0.033792
0.021392
0.020170
0.021918
0.023698
0.020666
0.019487
0.021083
0.020287
0.020113
0.019240
0.018995
0.018754
0.018278
0.017200
0.016581
0.027479
0.031128
0.019632
0.021870
0.021101
0.019906
0.018837
0.022383
0.020987
0.020852
0.019985
0.022665
0.019808
0.017585
0.023011
0.018143
0.018261
0.017821
0.018082
0.018651
0.020553
0.017250
0.017898
0.016495
0.018191
0.018327
0.018967
0.018476
0.026802
0.020479
0.019783
0.025800
0.029087
0.023565
0.018536
0.029090
0.018729
0.018635
0.020129
0.016846
0.017237
0.017328
0.018872
0.018024
0.018058
0.018342
0.017738
0.023614
0.021966
0.019740
0.019769
0.044619
0.023461
0.028986
0.020771
0.019624
0.020168
0.020903
0.021929
0.020842
0.020528
0.020671
0.018820
0.017973
0.025634
0.023289
0.019552
0.022534
0.019170
0.020317
0.019090
0.020531
0.019928
0.021312
0.018853
0.020996
0.020767
0.020764
0.019959
0.019797
0.021517
0.022594
0.021806
0.031559
0.021626
0.027082
0.027342
0.037308
0.044323
0.024601
0.029426
0.025201
0.021322
0.021483
0.020221
0.021710
0.020340
0.019921
0.020420
0.021161
0.020928
0.021814
0.020477
0.026914
0.024938
0.026879
0.030939
0.023101
0.021269
0.022174
0.025340
0.022452
0.032209
0.025365
0.020187
0.020184
0.021842
0.021124
0.018882
0.019495
0.019062
0.018485
0.018807
0.018079
0.019906
0.018975
0.021800
0.019167
0.023391
0.021749
0.023777
0.021173
0.021193
0.021784
0.022958
0.018372
0.018366
0.018052
0.018135
0.018621
0.019998
0.018809
0.019179
0.019586
0.020879
0.019560
0.019051
0.020775
0.023903
0.020459
0.022644
0.023664
0.024639
0.021464
0.021319
0.019953
0.018800
0.021368
0.019110
0.018936
0.018089
0.018918
0.018191
0.018210
0.017613
0.017450
0.018281
0.022028
0.018354
0.017645
0.017878
0.018504
0.017342
0.018992
0.017430
0.017719
0.018418
0.020128
0.024201
0.019531
0.023808
0.019614
0.021040
0.020797
0.021930
0.019847
0.023576
0.021384
0.019520
0.020019
0.023298
0.018535
0.017801
0.017832
0.016966
0.018320
0.017687
0.017745
0.017757
0.017830
0.018566
0.017912
0.016816
0.018545
0.019187
0.021575
0.021102
0.021604
0.020228
0.027388
0.029281
0.018734
0.019030
0.020652
0.019469
0.017904
0.016929
0.017209
0.018132
0.017390
0.017519
0.016699
0.017221
0.017195
0.016619
0.017713
0.023782
0.019042
0.019938
0.018013
0.026538
0.022532
0.019145
0.029463
0.021377
0.020039
0.021673
0.021027
0.019210
0.019673
0.019473
0.020959
0.023571
0.018049
0.018117
0.018006
0.018284
0.016920
0.020620
0.024678
0.021934
0.021688
0.022213
0.021279
0.021371
0.023059
0.020794
0.023913
0.022020
0.020518
0.022476
0.025316
0.017644
0.018532
0.018379
0.018399
0.019356
0.019362
0.019825
0.020989
0.019701
0.020097
0.020671
0.020306
0.020094
0.025736
0.026509
0.024642
0.022233
0.025073
0.025395
0.026737
0.021349
0.027429
0.021026
0.019554
0.020142
0.019913
0.021745
0.027057
0.020130
0.031205
0.018728
0.019001
0.020371
0.017340
0.016676
0.017130
0.018841
0.019660
0.022752
0.018128
0.019212
0.018577
0.027406
0.023242
0.019168
0.018764
0.018720
0.016631
0.017376
0.017066
0.016725
0.016296
0.016083
0.016133
0.016541
0.016862
0.016949
0.016792
0.016599
0.020096
0.019261
0.016708
0.018720
0.019627
0.017870
0.018524
0.018534
0.024174
0.019572
0.025717
0.018204
0.017813
0.017872
0.016665
0.017514
0.018926
0.017111
0.016336
0.017159
0.016479
0.016646
0.021319
0.020684
0.021092
0.020647
0.018823
0.018414
0.019622
0.019585
0.021879
0.044371
0.021593
0.022775
0.018025
0.017188
0.016438
0.016578
0.017390
0.015617
0.017869
0.015708
0.016486
0.015928
0.016468
0.016146
0.016263
0.019696
0.017277
0.017935
0.017111
0.016666
0.016046
0.017728
0.016214
0.017896
0.018251
0.019001
0.018098
0.021577
0.019302
0.020695
0.022337
0.021231
0.021215
0.027335
0.019243
0.018768
0.018898
0.019234
0.019376
0.019083
0.018831
0.019082
0.019377
0.025914
0.018874
0.017845
0.019109
0.023706
0.022512
0.024090
0.021843
0.019635
0.019871
0.020385
0.021109
0.021738
0.022021
0.022254
0.020890
0.021752
0.019530
0.019044
0.018903
0.018053
0.018304
0.017971
0.025081
0.019691
0.020256
0.022367
0.023743
0.023283
0.021512
0.020072
0.023350
0.020327
0.022299
0.022403
0.022686
0.020706
0.019091
0.017511
0.018130
0.018319
0.017219
0.017468
0.018466
0.017241
0.017052
0.016738
0.017703
0.019465
0.021898
0.018353
0.021605
0.021086
0.022991
0.026528
0.020613
0.026958
0.021284
0.019114
0.022022
0.018340
0.018996
0.022121
0.018167
0.019328
0.018781
0.017314
0.017024
0.017181
0.017577
0.017538
0.017437
0.017123
0.017606
0.017006
0.017089
0.017776
0.017860
0.017395
0.017869
0.020012
0.021921
0.027976
0.021235
0.021334
0.019773
0.020957
0.025143
0.019810
0.019703
0.022219
0.032434
0.022275
0.018760
0.018223
0.018516
0.017831
0.017638
0.017258
0.017507
0.017062
0.017312
0.016896
0.017051
0.017567
0.017056
0.024585
0.018872
0.019410
0.019736
0.019223
0.019018
0.020148
0.023309
0.021227
0.020336
0.024644
0.022714
0.021248
0.019699
0.018092
0.017458
0.018308
0.018844
0.017601
0.017597
0.017155
0.017673
0.017858
0.020411
0.020514
0.020682
0.023425
0.019754
0.021051
0.022799
0.021050
0.028774
0.026970
0.020068
0.019543
0.019698
0.017916
0.018305
0.017609
0.019472
0.018923
0.018569
0.018567
0.018195
0.030785
0.021627
0.019781
0.020378
0.019093
0.020198
0.019219
0.021249
0.020911
0.018926
0.021057
0.018900
0.018731
0.018275
0.018528
0.019856
0.017983
0.018308
0.017939
0.018388
0.017229
0.017924
0.017798
0.017342
0.017775
0.017946
0.018149
0.018636
0.018367
0.022310
0.020725
0.020056
0.023142
0.021878
0.020150
0.022509
0.021576
0.029630
0.025591
0.022420
0.019958
0.020494
0.020604
0.021734
0.019019
0.017670
0.017747
0.018942
0.019432
0.017240
0.017635
0.020569
0.017829
0.016992
0.017211
0.018178
0.021611
0.020185
0.023026
0.022182
0.025952
0.022936
0.025652
0.023949
0.022902
0.024613
0.027777
0.019303
0.020121
0.020082
0.021852
0.018967
0.018629
0.019085
0.021862
0.019098
0.032360
0.021452
0.025842
0.022607
0.019158
0.021664
0.019492
0.020464
0.024433
0.019731
0.020011
0.020245
0.018142
0.018796
0.019148
0.018524
0.019001
0.019334
0.020282
0.019425
0.018817
0.017880
0.018220
0.018382
0.018540
0.022123
0.018845
0.018904
0.019179
0.023309
0.020068
0.022942
0.023040
0.022118
0.021810
0.023176
0.020132
0.021989
0.021503
0.021109
0.021246
0.018735
0.017574
0.018175
0.017055
0.016679
0.016737
0.015944
0.017966
0.016649
0.016745
0.017316
0.017177
0.016698
0.020284
0.021291
0.018968
0.021746
0.018738
0.018764
0.020227
0.018998
0.020780
0.019260
0.022813
0.021803
0.020041
0.018512
0.016984
0.017097
0.017307
0.017702
0.017671
0.017015
0.016850
0.017990
0.017602
0.017977
0.018082
0.018670
0.025608
0.021132
0.023288
0.020611
0.022348
0.022120
0.025611
0.023823
0.022952
0.020076
0.026266
0.019355
0.019415
0.020305
0.017643
0.017536
0.017254
0.017679
0.017834
0.018104
0.017741
0.018480
0.022808
0.018944
0.018863
0.019421
0.019693
0.019642
0.023445
0.019008
0.019854
0.026558
0.021178
0.021576
0.019050
0.016809
0.016754
0.016438
0.016486
0.017200
0.017135
0.016565
0.016464
0.016541
0.016864
0.015955
0.018023
0.018318
0.017729
0.019807
0.017797
0.017617
0.019903
0.018972
0.022448
0.019078
0.018556
0.019970
0.018529
0.019409
0.019390
0.019116
0.018456
0.021152
0.027640
0.025288
0.018369
0.016550
0.018735
0.017195
0.016579
0.018527
0.019265
0.016104
0.017163
0.020462
0.016243
0.016353
0.023463
0.018727
0.018609
0.023359
0.033235
0.022013
0.022930
0.022412
0.024297
0.022796
0.018173
0.029254
0.018266
0.018333
0.017335
0.016815
0.016637
0.016293
0.015829
0.016166
0.019638
0.017825
0.021787
0.018547
0.018739
0.033052
0.016580
0.019416
0.027900
0.019993
0.019158
0.020143
0.018052
0.017520
0.019603
0.020378
0.017447
0.015847
0.016274
0.016596
0.016448
0.015837
0.016628
0.016263
0.016034
0.020688
0.025085
0.020079
0.021112
0.029613
0.027363
0.024470
0.023841
0.020498
0.019394
0.024382
0.016467
0.015795
0.015625
0.016952
0.015384
0.015995
0.016115
0.017710
0.019723
0.019103
0.019153
0.019150
0.019058
0.021647
0.020667
0.025105
0.022634
0.021344
0.022720
0.020140
0.020836
0.021811
0.020373
0.019289
0.017810
0.019103
0.018111
0.018513
0.020169
0.018316
0.018378
0.018179
0.020421
0.017450
0.019196
0.019897
0.019577
0.019382
0.017917
0.016448
0.016674
0.016846
0.017396
0.018196
0.020944
0.018484
0.020039
0.020541
0.022225
0.025373
0.020415
0.020821
0.023624
0.023886
0.024995
0.020624
0.021195
0.021801
0.021004
0.020861
0.020190
0.020957
0.019232
0.021201
0.019295
0.019183
0.022641
0.024912
0.024102
0.026489
0.024418
0.023658
0.025735
0.025319
0.022763
0.020238
0.020140
0.019505
0.021535
0.018908
