357,161,16,45
357,160,16,47
357,159,17,48
356,160,17,48
357,160,17,48
355,161,17,48
355,160,18,47
353,160,19,49
353,162,18,48
353,161,17,49
351,161,19,50
350,160,20,51
349,161,20,51
348,162,19,50
347,162,20,51
347,160,19,50
347,162,19,50
346,161,18,51
345,163,19,49
344,162,18,52
343,164,18,49
344,164,18,49
343,166,18,48
343,164,18,50
342,166,18,49
342,166,16,49
342,164,18,51
340,165,18,51
339,164,20,50
339,167,19,49
354,166,19,49
339,167,20,50
339,167,19,47
340,168,19,49
339,168,18,50
338,169,19,50
337,168,20,52
336,168,20,51
335,170,18,51
335,171,18,51
335,170,19,52
334,170,20,51
334,171,19,51
334,172,18,51
334,172,18,52
334,172,19,52
333,171,19,52
333,173,21,51
333,173,19,52
334,173,19,52
334,174,20,52
332,174,19,52
334,174,19,53
333,174,20,53
333,175,19,52
333,175,20,52
333,175,20,53
333,176,21,53
335,176,20,53
335,176,19,53
334,176,19,54
335,176,19,53
333,177,20,53
335,177,19,53
335,178,19,53
334,177,19,53
335,177,20,54
335,178,19,55
336,179,19,54
335,179,19,56
335,178,20,56
334,179,20,56
335,180,20,56
335,180,20,56
337,180,20,56
336,179,20,57
337,181,20,57
337,182,20,57
336,181,20,58
337,181,21,58
337,183,20,57
338,184,20,56
339,183,21,57
340,183,22,58
339,183,22,58
339,185,22,57
340,184,23,57
341,184,22,57
342,184,21,57
343,185,21,57
341,185,22,57
343,185,22,58
344,185,22,59
342,185,22,59
343,186,21,58
344,187,21,57
343,185,22,59
343,186,21,59
342,188,23,58
342,187,23,59
343,185,25,61
341,185,25,60
341,186,25,60
342,186,25,60
342,187,23,60
343,187,24,59
344,188,23,60
344,184,30,62
393,147,23,48
362,156,22,45
393,151,21,45
393,147,22,40
392,151,21,47
388,142,24,50
387,142,26,57
393,140,24,46
392,145,23,44
394,145,23,49
394,143,22,49
393,142,23,51
392,140,24,52
394,140,24,54
393,140,23,48
396,140,23,47
397,138,24,45
401,142,22,52
397,139,23,49
397,139,23,45
403,143,21,44
397,141,20,44
401,142,21,45
400,141,22,45
398,139,23,47
403,141,22,46
399,141,23,48
400,143,22,45
398,140,23,47
400,144,21,43
396,139,24,45
401,139,23,47
400,141,23,47
399,140,23,46
401,139,23,47
400,141,22,47
399,140,22,46
399,139,23,50
398,137,23,50
401,136,22,48
400,140,21,46
399,138,22,48
404,137,22,49
402,137,22,48
401,139,21,48
400,138,21,48
399,138,20,48
399,136,20,47
400,139,19,45
399,136,20,47
401,138,19,46
400,136,21,48
401,137,20,47
401,139,20,46
401,138,20,47
401,137,20,45
401,139,21,46
401,138,20,46
384,137,25,48
403,137,20,46
385,139,24,48
402,133,21,46
401,135,22,47
398,138,21,45
402,136,21,46
401,138,21,47
403,135,22,47
399,138,22,46
403,137,21,47
405,136,21,48
405,136,20,45
406,136,21,45
405,137,21,46
407,136,19,44
405,135,20,43
409,134,19,43
408,135,20,41
408,137,21,40
408,136,20,44
408,133,20,44
409,135,19,39
408,136,20,45
389,136,21,47
410,135,20,44
413,135,20,44
410,137,19,41
399,134,22,44
412,132,20,43
395,134,19,43
414,135,19,41
411,136,18,41
416,134,19,42
400,135,23,42
418,134,17,42
416,134,17,41
402,133,19,38
421,134,17,38
419,135,19,39
420,134,17,40
421,134,17,38
422,134,19,41
422,133,17,40
426,134,19,43
422,132,18,42
424,134,16,40
407,133,19,43
408,132,20,40
409,132,18,41
408,132,19,41
409,131,19,41
410,134,18,40
411,134,19,38
411,132,20,40
413,128,18,42
428,130,19,42
415,132,18,42
415,133,17,40
415,134,17,37
428,133,21,41
417,134,19,39
415,130,18,41
418,131,17,39
418,132,17,40
419,133,19,42
422,131,20,41
381,137,20,41
380,137,19,44
378,138,19,45
379,139,19,42
381,137,18,44
379,137,18,43
378,136,19,45
385,136,15,44
378,137,20,42
375,135,20,46
384,136,17,43
374,136,19,44
370,140,20,42
367,138,23,41
365,138,23,41
364,138,25,40
367,138,18,40
354,140,22,36
353,138,21,39
351,133,24,43
347,136,25,41
372,135,19,40
349,137,18,38
352,130,22,45
325,138,32,39
319,138,36,40
316,139,36,39
313,139,34,39
309,140,34,39
306,140,33,39
302,139,32,40
299,140,30,38
292,140,31,39
287,139,32,40
281,140,32,39
277,140,33,39
274,140,32,40
266,140,34,40
261,140,36,40
253,139,38,40
247,139,39,41
240,139,39,41
234,141,37,39
227,141,37,40
222,144,33,38
217,143,32,39
211,142,30,40
205,144,26,40
201,144,27,38
198,145,24,39
196,146,23,38
191,145,24,39
187,146,24,39
182,146,23,39
178,147,22,40
173,146,22,40
169,148,22,40
163,149,22,40
159,150,22,38
154,151,21,39
149,150,23,38
141,150,26,40
131,151,27,39
123,154,28,37
111,152,33,39
110,150,25,42
101,146,28,45
88,143,29,48
79,145,29,46
66,150,29,45
60,156,28,43
51,151,26,48
77,154,23,45
65,200,25,43
104,199,29,65
140,199,31,69
177,197,32,71
218,200,31,67
225,204,30,71
226,206,30,69
230,208,28,68
230,209,28,67
235,211,29,68
236,210,30,70
237,210,32,72
238,213,30,72
238,213,31,74
240,213,31,76
241,214,32,76
242,216,32,75
243,218,33,75
243,218,32,76
247,218,33,77
244,221,32,76
248,220,32,77
250,223,32,76
250,224,33,78
251,225,34,80
251,226,34,81
251,225,34,82
250,226,35,83
250,227,36,85
248,227,36,85
251,229,34,84
247,232,33,83
245,233,35,84
248,234,36,86
247,236,33,86
249,237,34,84
249,237,34,87
249,239,36,88
253,227,37,85
248,183,38,93
243,141,38,95
244,99,42,94
247,76,37,91
250,79,38,92
250,80,37,94
252,82,39,94
255,83,41,95
256,85,39,94
260,87,38,94
262,88,39,95
264,90,38,96
267,91,39,97
269,92,39,98
271,94,39,98
275,95,39,99
279,97,41,98
283,97,44,97
286,98,46,95
290,105,44,98
290,103,46,106
294,109,42,104
292,110,42,105
290,112,45,107
287,113,47,108
285,114,47,110
284,118,45,108
280,121,45,109
274,123,51,111
267,125,52,112
255,129,59,112
241,132,65,114
228,134,66,114
212,145,76,108
192,141,82,111
180,150,85,107
166,148,91,110
149,155,92,105
127,159,93,105
107,142,98,125
81,139,106,130
60,147,109,123
37,150,113,123
200,302,67,146
273,297,69,173
274,302,67,177
267,307,68,177
262,306,70,177
260,311,69,176
261,312,67,182
258,316,67,184
257,321,66,186
250,323,70,186
247,327,74,187
244,332,74,184
239,336,75,186
236,335,75,185
234,340,78,182
235,343,80,178
236,350,77,171
235,350,75,172
231,355,84,165
227,359,82,163
227,367,83,156
224,369,82,155
219,370,85,152
219,376,85,146
217,382,88,139
213,387,87,134
