0.015267
0.034857
0.032266
0.033514
0.016724
0.029068
0.034793
0.032018
0.032469
0.024542
0.032870
0.032735
0.033476
0.032476
0.033272
0.035106
0.028012
0.031495
0.032040
0.025945
0.032452
0.034167
0.033482
0.029494
0.033278
0.031000
0.034461
0.033005
0.035161
0.033775
0.032784
0.018860
0.016484
0.018783
0.034232
0.032595
0.037241
0.027853
0.033476
0.029260
0.031896
0.035194
0.021947
0.033325
0.034048
0.032972
0.020595
0.034654
0.031397
0.032445
0.033974
0.031468
0.033003
0.023327
0.036897
0.032534
0.034431
0.033664
0.032444
0.033419
0.031646
0.033502
0.016685
0.033064
0.036171
0.032721
0.034573
0.032243
0.032905
0.028522
0.025726
0.024872
0.031762
0.034030
0.032623
0.033299
0.034469
0.032043
0.033582
0.021693
0.032957
0.033551
0.020054
0.033897
0.034477
0.032737
0.033015
0.033366
0.032328
0.033933
0.021348
0.031609
0.029563
0.033922
0.022729
0.031521
0.032281
0.032231
0.028619
0.034282
0.027580
0.032145
0.033406
0.032716
0.031856
0.032458
0.032674
0.027336
0.033854
0.023175
0.032592
0.035011
0.034981
0.031992
0.035022
0.027482
0.023993
0.035152
0.033056
0.027123
0.015603
0.017666
0.032244
0.032976
0.019272
0.033620
0.034071
0.031154
0.032750
0.034828
0.017177
0.035690
0.035354
0.031344
0.032493
0.032809
0.021887
0.033577
0.034838
0.033567
0.034803
0.032258
0.033419
0.031761
0.033565
0.032998
0.032473
0.031836
0.033004
0.023400
0.026828
0.029393
0.025131
0.032521
0.032029
0.029249
0.027894
0.037032
0.036300
0.033066
0.034319
0.034548
0.032505
0.028984
0.032257
0.035679
0.026827
0.031331
0.021917
0.033268
0.033787
0.017534
0.034091
0.032243
0.033305
0.029428
0.021021
0.034396
0.035202
0.025116
0.029440
0.030126
0.034551
0.033861
0.032570
0.032761
0.035520
0.033484
0.032821
0.033174
0.033306
0.032941
0.033519
0.033710
0.034736
0.033220
0.028459
0.033201
0.032400
0.033610
0.032707
0.034783
0.025950
0.033152
0.033040
0.035707
0.033436
0.035840
0.033205
0.032409
0.032233
0.037611
0.033789
0.033164
0.033175
0.032530
0.033499
0.031757
0.035017
0.033576
0.030221
0.025272
0.032988
0.033576
0.033882
0.029734
0.033478
0.023911
0.019423
0.028100
0.031835
0.034941
0.032899
0.032995
0.027315
0.032445
0.033304
0.020940
0.033758
0.016677
0.034158
0.033198
0.033371
0.033917
0.032671
0.030776
0.020501
0.030694
0.030332
0.033068
0.032731
0.028677
0.033268
0.016703
0.035522
0.032581
0.029648
0.020224
0.031428
0.020201
0.033066
0.022060
0.034098
0.031167
0.035774
0.021908
0.030132
0.033512
0.033772
0.032430
0.024576
0.031934
0.032344
0.032423
0.033089
0.033589
0.017866
0.036400
0.033557
0.033474
0.018244
0.034447
0.033477
0.035695
0.034181
0.031318
0.028374
0.034465
0.033583
0.034986
0.034028
0.035896
0.027813
0.034737
0.020705
0.033903
0.023947
0.034247
0.034115
0.032622
0.032744
0.018012
0.034344
0.032950
0.033137
0.033467
0.019793
0.034034
0.032976
0.030934
0.032902
0.023289
0.035057
0.020816
0.032674
0.033642
0.028101
0.033648
0.033105
0.033092
0.033696
0.035079
0.018894
0.019002
0.021397
0.033258
0.032324
0.033581
0.033829
0.033196
0.020599
0.031034
0.036231
0.032871
0.025601
0.034234
0.032231
0.032696
0.034994
0.018075
0.033660
0.031356
0.023543
0.033335
0.035547
0.034342
0.033919
0.032609
0.032597
0.033862
0.032398
0.034579
0.032608
0.032639
0.033483
0.031978
0.034438
0.028259
0.032235
0.025464
0.033016
0.032845
0.032138
0.018077
0.031693
0.024659
0.033152
0.027276
0.032656
0.033260
0.033760
0.032820
0.034565
0.024575
0.034517
0.031710
0.034439
0.016546
0.030529
0.026132
0.027461
0.026149
0.028733
0.030804
0.020075
0.033170
0.022160
0.033397
0.029321
0.033211
0.027307
0.034060
0.034687
0.034580
0.034689
0.031844
0.024336
0.035227
0.032918
0.022295
0.032657
0.028594
0.029198
0.017288
0.034040
0.033175
0.033281
0.020069
0.016665
0.033696
0.030712
0.029488
0.032943
0.021559
0.034562
0.032506
0.033514
0.029392
0.030371
0.029402
0.028358
0.036620
0.032573
0.034160
0.032893
0.033085
0.033131
0.023095
0.025198
0.017889
0.017842
0.018512
0.031202
0.032418
0.031785
0.028850
0.026741
0.034460
0.034094
0.036444
0.028914
0.033346
0.033078
0.033023
0.034670
0.033684
0.035220
0.021041
0.035427
0.032928
0.033474
0.033963
0.034107
0.035023
0.034001
0.036651
0.033369
0.033793
0.033911
0.024914
0.032296
0.017042
0.017575
0.027265
0.035362
0.030342
0.033571
0.034334
0.017526
0.034958
0.018439
0.035059
0.032092
0.032125
0.035360
0.029429
0.028264
0.024328
0.034600
0.024559
0.032603
0.033473
0.033393
0.033363
0.034765
0.033046
0.019720
0.036644
0.034537
0.026803
0.035046
0.020749
0.018393
0.033142
0.019342
0.034143
0.032296
0.038641
0.035201
0.022469
0.033184
0.033098
0.033782
0.036630
0.031165
0.024181
0.025677
0.037568
0.033251
0.025058
0.032636
0.035121
0.019128
0.017936
0.016911
0.017528
0.033571
0.023819
0.033280
0.032170
0.031042
0.018914
0.034898
0.032808
0.034197
0.034806
0.035746
0.035032
0.033702
0.033483
0.027311
0.025275
0.024076
0.034140
0.033842
0.034352
0.033998
0.023126
0.033793
0.037312
0.033196
0.032788
0.033234
0.033730
0.036226
0.020389
0.031581
0.036385
0.034472
0.032596
0.031713
0.021513
0.029753
0.019986
0.030540
0.031887
0.029591
0.034076
0.033727
0.034178
0.026261
0.033660
0.023160
0.031237
0.017904
0.032559
0.032923
0.033381
0.028574
0.033149
0.034173
0.020621
0.033855
0.032486
0.027523
0.032879
0.033118
0.034451
0.035038
0.029276
0.033619
0.032373
0.028037
0.017316
0.015828
0.017061
0.033711
0.032235
0.035904
0.032980
0.033894
0.030299
0.031686
0.033867
0.032650
0.018184
0.031296
0.030943
0.021516
0.032049
0.034120
0.030843
0.034682
0.035372
0.026824
0.025203
0.034653
0.020429
0.019571
0.037050
0.034212
0.030241
0.033749
