259,107,78,176
256,106,82,165
257,106,81,168
256,101,83,169
262,103,81,168
259,101,80,163
261,101,82,169
257,93,84,165
269,96,79,165
264,100,84,161
258,99,86,161
250,98,88,173
256,102,84,168
241,100,81,174
245,94,79,177
249,97,77,173
254,99,78,173
253,101,74,171
249,104,76,170
244,111,72,162
242,101,76,171
245,94,83,174
247,98,80,175
269,96,90,168
253,94,86,170
253,99,77,169
287,97,80,168
289,98,81,169
244,106,80,164
249,103,81,164
251,107,81,174
230,105,82,181
234,107,85,168
234,105,81,175
225,108,88,174
233,109,84,182
228,122,79,168
240,116,79,163
245,115,81,169
241,114,85,177
243,120,91,176
244,132,82,171
244,137,90,176
235,151,79,176
233,154,86,179
223,156,90,178
218,155,91,185
223,155,90,179
225,154,89,185
224,151,82,171
234,144,82,171
223,139,81,173
219,133,82,185
208,129,75,174
211,122,83,183
201,117,79,180
201,110,88,191
198,111,79,178
199,108,83,183
196,110,80,183
190,110,82,184
153,105,79,178
117,115,81,183
143,113,74,177
155,115,80,168
138,112,82,198
168,120,71,180
169,122,71,182
172,124,66,168
158,124,72,166
157,124,82,187
271,130,81,163
271,121,85,171
286,118,82,172
285,134,81,155
284,126,76,156
166,121,74,175
154,119,77,172
150,116,88,177
163,115,77,181
166,114,76,175
173,114,75,173
179,115,75,171
177,113,77,184
178,114,81,175
181,115,78,179
183,120,79,178
185,122,75,181
188,126,78,179
177,127,83,180
179,128,82,180
179,128,77,179
179,127,75,176
182,128,79,174
182,126,77,179
187,125,82,181
189,122,76,180
190,119,79,173
192,118,82,177
195,119,79,172
190,121,83,176
187,125,85,173
185,130,85,174
183,131,88,174
185,135,82,172
187,134,86,174
186,135,89,174
190,135,91,165
192,135,99,168
191,134,102,162
189,131,106,166
189,129,109,167
188,126,109,170
187,126,103,170
179,128,107,170
192,129,93,171
108,127,79,174
106,130,77,178
98,129,81,182
96,130,78,180
100,129,74,180
100,127,76,181
105,126,75,180
103,127,79,180
110,128,73,181
105,129,76,182
108,134,71,177
106,134,78,177
108,134,75,182
97,131,85,182
106,135,77,170
105,124,83,181
103,121,83,176
107,119,81,186
103,120,86,181
109,125,81,181
105,125,85,184
106,127,79,182
104,128,85,188
103,130,84,179
105,131,88,181
102,133,93,180
107,134,92,172
102,131,92,179
254,142,88,175
258,138,84,186
257,137,83,194
266,136,88,195
266,137,79,181
267,136,88,190
271,136,85,179
274,135,86,178
279,136,82,180
281,136,82,182
282,137,85,186
286,140,83,185
288,141,82,179
289,142,85,182
291,142,85,178
292,142,86,179
291,142,84,178
293,139,90,181
295,137,88,183
298,133,90,185
298,129,90,184
299,126,90,188
303,125,92,185
305,125,92,184
310,126,91,180
312,128,90,182
317,129,92,182
316,126,90,185
322,124,98,189
326,121,91,186
331,115,92,184
335,113,89,183
343,111,89,183
349,111,93,181
361,115,91,179
369,117,93,177
382,118,91,176
393,119,93,178
400,123,97,178
413,127,96,176
418,130,99,176
424,132,97,175
432,134,96,177
437,134,96,181
441,135,98,180
449,139,95,181
459,139,89,179
463,136,91,183
475,136,89,182
487,135,87,185
500,134,78,184
508,135,81,184
515,135,82,186
524,134,84,185
532,132,87,188
540,131,90,183
549,127,91,184
561,125,90,186
569,127,92,186
578,126,93,187
692,125,95,189
782,140,95,201
778,137,106,219
778,136,115,214
601,131,92,187
602,131,95,189
623,130,84,186
612,134,96,188
616,134,98,191
618,132,98,190
621,130,104,191
623,125,104,190
624,120,104,192
624,115,109,192
629,111,111,194
636,109,115,195
644,108,108,195
654,111,104,195
659,111,105,197
662,113,104,198
774,110,103,203
759,105,102,199
679,114,97,201
683,109,108,204
686,109,106,199
690,108,102,204
696,108,106,205
698,107,110,195
702,109,99,201
712,111,101,204
719,115,103,203
522,125,111,244
744,125,108,200
758,134,106,198
774,141,110,198
791,143,106,200
803,151,108,203
816,150,108,199
817,149,118,202
820,142,125,207
829,138,113,206
841,137,111,203
854,136,103,203
862,133,97,205
867,136,92,204
873,137,86,203
867,138,92,205
860,139,98,209
854,143,101,206
849,145,106,209
840,146,114,210
832,146,116,207
823,141,117,208
818,138,112,207
817,134,120,206
820,131,125,208
824,131,121,205
830,133,117,201
832,136,112,200
837,141,111,197
841,146,112,194
846,147,109,201
851,146,107,216
862,139,96,299
847,136,107,298
846,149,112,215
826,159,128,211
818,164,132,268
813,158,146,295
811,161,145,279
811,158,148,299
807,158,145,285
808,157,146,291
794,167,165,286
787,160,164,283
780,153,163,285
770,153,159,291
754,154,169,292
746,151,176,286
743,159,160,277
732,154,166,280
724,155,171,288
720,152,169,288
715,155,171,286
712,153,169,286
712,156,162,276
710,150,157,283
712,147,142,274
708,144,132,276
703,143,143,271
696,146,137,275
695,143,134,274
690,150,129,267
678,153,135,267
665,157,145,267
650,160,157,262
649,163,153,260
641,162,161,261
644,164,153,260
651,162,149,261
648,168,147,256
652,159,139,260
649,159,131,259
633,162,128,247
619,175,130,232
601,199,120,217
631,151,92,257
618,190,94,233
619,178,99,232
441,151,78,159
430,141,67,155
430,148,62,152
432,135,68,167
434,144,63,162
429,139,72,169
436,142,66,157
438,150,67,152
437,138,63,159
435,144,82,159
437,133,76,170
432,125,80,171
424,127,84,172
425,128,80,170
427,129,86,172
422,132,80,171
418,132,78,166
420,127,85,168
428,121,81,181
435,132,83,180
428,129,75,170
428,138,79,172
414,137,89,170
361,145,76,162
350,116,79,177
369,122,79,180
324,112,74,143
379,115,90,194
374,110,83,168
466,109,79,174
467,105,81,185
468,99,81,191
474,102,85,187
490,108,78,186
479,97,94,192
494,110,87,191
490,108,92,187
466,98,100,192
482,106,98,193
464,104,108,192
481,117,92,181
485,118,92,179
488,124,90,177
485,113,94,184
491,123,92,176
486,117,98,181
400,111,68,159
416,99,73,150
422,101,79,184
423,100,78,176
499,117,98,183
504,120,106,183
501,115,109,190
490,115,113,186
436,124,79,171
430,114,79,161
426,117,88,180
372,108,77,152
433,104,86,196
432,117,82,181
442,117,80,183
453,119,73,185
445,119,85,186
341,144,85,202
476,123,96,184
459,127,81,183
446,121,89,194
456,123,84,180
455,117,84,187
452,130,91,169
536,126,99,187
533,122,102,188
531,122,108,189
519,125,116,183
453,120,95,191
542,128,112,188
534,117,123,191
550,128,105,183
546,116,122,196
559,131,106,180
567,125,111,185
554,122,114,188
584,125,101,184
583,126,104,188
595,125,98,185
598,119,108,196
611,132,97,182
614,124,96,189
611,124,101,193
518,114,98,203
608,126,105,196
611,138,91,179
602,133,125,185
502,128,94,159
516,127,74,158
516,124,75,175
390,172,85,210
376,176,89,219
537,152,75,156
520,150,75,165
515,155,69,163
518,167,81,172
509,161,76,167
514,157,75,172
520,152,76,173
531,146,76,173
535,138,73,174
537,131,76,176
540,126,75,173
537,122,75,176
535,123,76,174
528,122,76,174
524,124,74,173
522,125,76,172
512,129,83,171
528,132,78,170
528,133,77,174
532,135,79,173
529,133,80,177
524,137,81,174
518,138,77,176
509,138,84,177
501,135,87,179
501,133,85,180
506,131,81,181
506,130,77,183
508,131,76,181
499,129,84,184
498,127,81,187
500,127,83,182
495,121,86,189
495,118,90,186
496,116,90,187
497,112,87,189
493,111,90,189
508,113,85,185
505,113,87,182
506,113,87,182
507,116,89,183
503,118,92,182
500,120,99,185
503,121,94,184
508,120,97,190
510,118,87,194
509,117,81,194
523,116,76,197
549,116,81,196
541,111,87,203
348,148,83,205
319,153,110,226
229,179,108,225
316,145,107,243
242,180,97,218
240,178,89,229
232,178,96,230
323,148,101,216
549,108,83,198
557,110,80,184
552,112,86,184
557,111,84,187
559,110,85,185
562,112,86,186
573,110,81,188
583,113,76,187
577,115,83,184
576,111,78,191
582,115,80,189
580,115,87,191
595,119,82,192
596,120,92,189
603,119,87,191
601,122,77,189
603,117,78,187
602,117,87,189
605,114,95,188
594,112,110,192
601,110,112,187
588,110,130,196
599,108,120,193
618,108,105,189
615,108,104,191
617,106,105,200
630,104,105,195
636,108,89,197
623,104,107,206
622,104,110,206
634,103,105,201
626,106,111,205
632,107,112,202
634,109,112,201
630,113,116,200
628,115,119,199
635,116,112,196
644,116,109,200
658,118,97,200
665,119,94,197
670,118,94,201
675,117,96,198
673,118,100,203
676,112,97,208
683,115,94,207
688,119,96,198
698,129,94,190
696,122,91,190
684,120,103,199
709,139,85,180
703,125,85,196
693,119,100,202
692,123,98,200
695,119,100,203
700,121,98,197
701,120,95,199
702,117,97,200
708,119,95,198
704,114,102,208
724,115,90,201
714,113,100,207
731,115,92,203
732,112,88,205
744,114,80,204
746,116,77,201
750,115,77,203
756,115,71,196
758,117,75,195
758,119,79,198
762,120,73,197
772,123,70,197
774,124,67,192
776,129,77,195
786,128,71,186
785,130,70,182
802,142,80,173
805,129,83,189
823,148,77,165
820,147,87,177
822,142,96,181
832,154,87,173
841,147,94,175
843,157,95,168
848,157,96,169
847,134,93,194
864,159,83,174
873,165,79,166
871,158,84,167
853,141,101,190
874,138,80,201
872,132,81,207
879,133,78,206
876,133,82,205
879,136,79,209
893,136,66,215
