0.014758
0.021573
0.037667
0.030597
0.019898
0.031153
0.042777
0.031584
0.034293
0.033041
0.016467
0.019452
0.015826
0.016984
0.037161
0.038815
0.029897
0.033150
0.031552
0.028406
0.034904
0.027022
0.032369
0.032457
0.035333
0.032219
0.024401
0.015434
0.031389
0.019067
0.017963
0.018104
0.018151
0.027420
0.034262
0.034087
0.027024
0.028486
0.034033
0.031956
0.020592
0.015757
0.030652
0.033059
0.028619
0.019261
0.018469
0.031655
0.035373
0.020744
0.030735
0.016928
0.021700
0.032433
0.016940
0.015991
0.018319
0.030163
0.040083
0.035040
0.048141
0.041787
