0.002063
0.018353
0.019985
0.033576
0.033125
0.034653
0.023187
0.030260
0.028646
0.034074
0.039514
0.033426
0.025466
0.015214
0.017853
0.018715
0.034602
0.025406
0.031433
0.031965
0.031824
0.031079
0.023298
0.017554
0.016309
0.015179
0.018733
0.016513
0.016423
0.021807
0.016098
0.016065
0.018570
0.015658
0.034230
0.033088
0.031841
0.035580
0.032990
0.016644
0.016398
0.017950
0.015746
0.015255
0.017048
0.018227
0.018537
0.016680
0.015779
0.018095
0.027328
0.030578
0.035890
0.032143
0.026786
0.030956
0.032485
0.030653
0.033438
0.033037
0.030493
0.023125
0.017900
0.031346
0.031267
0.019095
0.014980
0.015090
0.022490
0.016705
0.015920
0.016506
0.019272
0.014815
0.016666
0.018099
0.015002
0.018999
0.019538
0.014260
0.020518
0.019198
0.031867
0.032637
0.033180
0.032138
0.033251
0.025705
0.015834
0.018380
0.023993
0.033334
0.033320
0.030981
0.030860
0.026821
0.032797
0.031823
0.030297
0.019217
0.014556
0.019915
0.014890
0.015049
0.015691
0.015291
0.015614
0.016631
0.033191
0.038215
0.016474
0.016316
0.016562
0.022214
0.032153
0.032564
0.019644
