355,320,50,46
357,317,49,46
361,312,51,46
363,309,56,45
364,307,53,45
375,305,48,47
374,303,46,45
381,303,44,46
383,304,43,43
389,305,46,40
392,308,48,42
398,310,50,41
400,314,48,39
404,318,55,38
410,317,49,40
412,317,51,41
418,317,50,42
421,315,51,42
419,320,51,40
428,322,44,42
429,330,48,40
429,337,50,44
427,348,52,46
435,364,52,47
436,367,53,45
440,354,52,48
443,322,48,54
390,295,48,47
389,256,44,55
384,238,52,52
416,200,54,50
393,187,52,49
447,203,56,43
456,208,54,48
452,213,57,62
450,225,60,58
452,236,57,59
444,255,55,49
435,273,54,49
433,287,51,47
432,296,51,47
434,308,49,49
437,324,51,47
436,336,52,51
441,353,51,46
440,362,54,45
439,363,54,45
437,360,54,47
435,354,54,47
438,344,49,47
437,337,50,45
440,331,49,43
446,325,50,44
450,321,48,45
456,318,47,44
464,316,49,44
469,316,49,44
475,316,52,44
481,316,50,43
491,315,49,41
499,314,45,40
506,315,45,40
509,314,46,40
514,313,49,41
520,311,51,41
526,310,50,43
533,309,50,39
538,308,51,42
545,307,51,42
552,306,51,40
557,305,51,43
567,306,51,42
574,306,52,42
584,307,51,44
593,307,52,43
603,308,51,43
613,307,51,40
624,306,49,41
633,303,48,41
641,302,45,38
648,300,46,39
654,299,48,38
661,298,45,39
668,299,41,36
676,297,52,37
682,298,49,40
689,297,47,41
692,299,49,41
699,298,51,44
703,299,50,44
707,299,51,45
711,299,50,41
714,299,52,43
718,298,52,40
722,296,50,43
723,295,51,42
726,293,50,43
727,291,49,42
728,290,48,42
728,289,47,41
727,289,47,41
726,288,47,39
722,288,50,41
715,288,54,43
711,288,54,45
715,289,49,40
707,289,52,43
706,288,49,44
705,288,47,45
703,288,46,46
698,288,48,45
688,291,49,45
684,295,43,44
674,296,46,44
663,298,47,43
655,302,46,42
647,302,48,43
639,303,48,44
631,304,46,43
623,304,48,44
617,304,47,44
611,304,48,44
605,304,49,43
598,305,49,44
594,305,49,42
589,307,47,44
583,307,49,43
578,310,46,44
571,311,47,43
566,312,45,44
557,313,46,43
549,314,46,42
538,313,45,41
530,309,49,44
522,307,49,45
517,306,46,42
510,304,46,42
504,302,47,43
498,303,45,40
494,302,48,40
490,302,48,40
485,301,43,37
481,300,43,39
476,299,40,38
473,298,41,39
468,295,39,39
462,294,40,41
457,295,38,40
450,296,37,38
444,302,35,35
439,305,39,41
479,301,48,38
467,296,47,42
441,285,72,61
423,320,86,77
418,332,84,72
419,331,78,76
400,333,81,75
407,334,80,75
389,322,81,79
339,339,59,56
339,341,62,53
329,351,72,63
386,328,72,61
351,336,63,54
362,344,78,71
393,319,87,78
361,323,111,76
361,330,108,68
346,327,117,72
389,324,95,73
385,321,95,76
385,328,87,70
379,326,95,76
381,326,89,75
382,325,86,77
440,454,54,59
446,449,55,51
457,432,46,48
465,396,38,48
461,373,41,50
459,360,42,46
456,345,44,44
455,333,43,42
457,324,42,41
458,316,40,40
458,305,41,46
461,307,39,43
462,316,37,42
458,327,44,45
461,348,43,47
465,374,42,45
467,392,44,51
465,436,46,42
470,459,43,45
466,450,48,47
465,428,49,48
469,394,44,49
465,374,48,49
464,357,46,47
462,343,48,46
462,332,47,43
461,323,48,44
461,317,48,44
461,317,47,46
460,326,47,46
461,340,46,54
465,374,47,47
466,399,45,49
465,437,47,43
466,460,44,44
464,446,48,52
463,428,48,50
467,396,37,49
463,375,39,49
466,363,35,43
470,349,35,42
467,345,37,40
464,336,39,37
454,320,43,47
448,318,45,50
445,309,48,49
443,311,51,55
428,300,57,59
399,307,67,73
331,322,61,62
328,331,68,45
321,323,50,42
331,331,50,39
329,329,48,38
328,330,50,37
326,328,49,36
332,327,44,42
328,328,47,38
347,324,38,37
334,327,47,40
352,320,33,39
353,320,34,36
357,319,30,33
355,319,30,34
355,318,31,33
355,318,30,29
355,317,30,29
355,318,30,30
355,318,29,30
354,317,30,30
355,318,30,30
354,317,30,29
354,317,30,30
355,316,30,30
356,317,30,31
355,317,30,30
356,316,30,29
358,317,29,29
358,317,29,28
358,317,29,28
358,317,29,27
360,319,28,29
360,317,29,30
359,318,28,31
361,318,28,32
358,322,30,32
358,319,30,30
360,319,29,29
354,322,33,37
343,328,39,39
340,327,45,39
335,339,49,38
360,317,30,38
355,322,32,34
353,323,33,35
353,330,33,37
346,321,39,42
357,321,33,41
336,332,48,32
329,323,57,43
322,333,73,49
328,327,64,60
375,281,83,78
435,285,57,56
438,287,47,50
441,288,46,47
441,289,44,46
444,288,44,47
442,288,44,48
440,290,44,48
439,288,45,47
440,286,45,47
442,285,43,47
438,286,45,47
438,285,42,49
437,286,41,48
442,288,41,45
436,287,42,49
439,285,44,48
438,282,45,52
438,282,45,52
436,281,46,51
433,274,46,48
438,285,42,47
431,284,49,52
442,285,41,47
436,283,44,48
434,285,49,60
439,287,42,46
427,282,53,59
433,280,46,53
404,268,69,54
429,282,46,62
426,283,51,53
422,281,53,52
423,273,54,54
424,276,53,52
430,280,49,51
431,279,47,52
430,277,48,54
426,279,51,53
426,281,53,51
421,278,56,54
418,278,60,57
426,277,53,57
428,272,48,59
430,277,49,56
429,273,47,56
436,288,43,49
435,290,47,55
434,278,44,54
431,275,48,52
433,277,49,53
433,277,48,53
436,275,48,51
441,281,46,52
445,279,46,58
451,289,42,44
446,292,40,46
443,296,40,46
441,300,42,57
435,306,42,44
445,309,34,40
448,309,33,42
463,344,32,44
464,332,37,47
480,384,40,50
476,364,43,46
474,348,36,41
466,316,53,45
469,310,52,40
480,301,39,40
485,301,34,38
480,304,40,38
443,275,38,52
384,260,70,45
443,289,45,59
440,300,49,58
443,331,61,57
466,353,39,41
490,359,63,42
453,352,70,64
459,367,61,54
468,355,41,52
471,340,38,43
466,339,35,37
461,318,44,47
456,313,48,51
452,313,55,51
450,313,57,50
445,311,57,52
452,308,50,48
453,302,46,39
451,297,46,41
449,295,45,39
455,300,41,39
451,301,44,48
434,284,46,51
436,290,48,52
386,262,74,52
440,267,40,59
457,317,44,46
447,300,40,51
439,281,43,51
438,275,45,58
439,272,45,49
441,279,44,45
440,283,42,45
438,287,44,48
433,288,45,51
449,298,39,44
448,290,40,47
411,269,62,39
461,252,40,40
456,258,48,48
452,238,50,50
435,255,53,54
439,222,60,54
425,251,65,65
432,234,69,72
415,284,82,87
396,281,95,96
354,255,90,71
401,214,93,82
379,253,99,87
416,384,83,58
462,397,48,53
481,418,48,53
496,436,46,56
486,437,67,63
526,464,50,43
535,464,43,46
540,457,41,48
537,459,51,41
481,440,75,35
482,441,55,33
485,444,57,30
488,445,57,30
482,444,55,34
497,445,58,36
560,470,41,40
563,464,42,45
566,461,42,41
570,470,40,46
566,468,42,47
570,466,41,53
558,468,45,47
550,470,47,43
537,471,51,46
511,469,53,46
503,466,41,48
483,466,45,41
468,457,46,55
449,432,47,48
403,378,76,56
355,311,41,55
357,316,36,47
358,321,36,46
360,318,37,46
355,330,41,42
356,316,37,51
362,315,36,45
362,330,34,41
360,323,37,40
403,274,42,43
408,248,58,52
416,216,56,51
396,268,44,48
416,256,47,50
421,222,48,51
417,224,51,53
418,250,46,49
421,209,50,59
426,193,58,70
423,191,73,69
434,191,73,67
425,202,88,80
428,200,94,84
389,309,85,80
382,357,104,80
481,367,94,63
403,365,107,65
501,359,72,59
407,443,83,60
416,459,74,46
466,412,77,61
373,353,87,76
360,343,77,71
329,378,61,70
329,379,61,63
362,367,64,66
363,356,61,56
369,345,45,47
368,344,44,51
369,348,47,72
362,371,61,62
346,374,54,59
336,378,55,62
341,379,56,57
338,375,62,64
334,380,59,53
356,374,78,65
330,380,60,55
352,369,79,69
342,331,63,53
360,351,64,66
351,370,80,66
357,342,59,60
361,369,67,69
335,374,65,57
363,369,68,62
339,369,64,59
371,356,57,57
381,356,60,49
335,377,57,51
374,340,45,50
376,317,36,46
378,321,33,40
379,319,32,37
373,316,37,36
383,335,37,43
379,345,37,37
383,348,37,41
382,350,38,49
378,359,42,49
377,358,45,44
371,369,48,44
343,376,45,48
350,372,55,58
336,375,57,49
341,374,52,47
340,375,51,48
337,377,54,51
347,373,57,54
337,374,56,50
340,373,48,49
346,373,47,50
346,374,47,48
342,374,47,48
362,370,53,59
356,373,64,51
405,359,53,43
387,368,75,52
365,361,68,64
370,355,79,63
329,372,60,55
334,364,98,73
334,367,69,63
347,366,93,62
332,371,86,62
329,374,65,55
337,368,77,57
367,329,61,71
375,320,47,58
378,313,45,53
382,314,44,48
382,314,43,49
385,313,41,53
369,346,50,61
335,375,50,49
345,373,67,59
336,373,67,53
365,366,53,53
359,371,51,52
330,378,60,50
348,369,63,56
338,371,61,53
367,360,59,60
327,376,57,51
368,343,45,68
329,374,53,52
363,351,49,62
329,375,54,53
356,358,49,58
351,361,49,56
361,348,49,66
323,373,57,61
334,367,56,57
332,376,61,57
329,373,56,59
368,361,67,60
334,318,72,50
360,345,76,58
321,375,59,64
331,361,67,75
365,366,76,63
357,367,97,62
334,317,70,63
373,367,83,65
338,351,80,90
331,316,72,73
319,378,57,60
331,348,79,77
350,325,56,58
342,322,60,62
347,338,54,50
359,360,41,42
348,348,43,52
377,369,43,40
347,352,46,53
379,368,41,38
373,368,44,33
356,369,51,33
367,368,50,34
375,370,43,32
348,366,58,34
380,370,41,34
377,370,50,32
372,369,45,33
363,368,52,33
372,368,48,38
346,311,38,45
348,313,31,37
348,313,29,33
348,314,33,35
345,313,31,35
342,313,30,34
344,311,28,35
340,314,32,35
344,311,28,36
341,312,31,32
338,312,32,32
341,313,29,32
338,311,30,32
343,313,29,31
339,313,31,31
342,314,28,31
339,314,31,30
343,314,29,32
343,315,29,32
345,314,30,35
346,314,27,32
347,314,28,32
346,314,27,32
347,314,28,32
346,314,27,32
346,314,27,32
345,314,28,30
344,314,28,31
343,315,29,33
341,318,34,38
337,321,32,39
336,317,31,38
334,318,32,39
329,317,32,34
329,324,36,33
323,333,56,53
318,318,40,53
264,375,45,45
260,378,50,47
258,374,60,53
263,373,56,55
288,353,71,67
387,323,42,43
383,323,36,34
373,321,39,34
366,325,37,32
360,328,36,33
352,331,38,36
345,340,39,39
335,352,40,38
325,367,44,40
330,366,48,47
303,421,44,38
301,440,41,36
296,451,41,34
296,431,40,40
294,410,40,44
288,392,42,42
281,377,48,43
286,363,38,42
274,361,36,45
271,360,36,50
278,344,49,51
296,334,56,53
266,312,45,48
261,312,37,47
254,311,35,44
244,311,37,46
235,311,34,45
257,320,80,46
285,325,52,61
281,313,54,56
262,361,61,57
260,357,64,68
251,321,55,50
248,331,49,40
257,335,38,39
255,334,38,40
249,329,38,36
245,325,41,36
241,320,46,37
249,316,47,38
243,316,37,36
240,317,49,38
238,320,40,37
233,326,35,36
230,333,38,39
228,345,40,44
227,364,42,47
226,388,44,40
225,407,45,50
217,394,52,46
226,453,41,42
224,437,43,45
224,420,42,44
220,396,47,42
210,378,57,49
211,362,53,48
215,349,45,41
218,339,41,37
218,329,42,39
223,323,37,38
223,318,39,39
222,315,40,37
222,313,40,38
223,312,39,38
224,312,40,39
225,317,43,36
229,323,41,40
230,333,42,41
234,345,40,45
240,366,39,46
241,392,44,44
242,409,42,52
247,447,37,42
247,448,40,45
244,435,43,43
244,410,42,44
241,391,47,46
240,375,47,43
237,354,40,47
239,345,38,43
236,337,41,40
237,334,39,38
237,334,41,39
236,334,41,39
238,342,40,42
241,353,39,44
246,377,48,44
243,391,51,51
237,396,55,51
248,448,35,45
249,449,37,40
245,431,41,41
242,407,43,44
241,391,49,46
237,376,53,43
230,359,47,44
234,351,42,42
235,343,39,40
235,340,41,37
235,334,42,36
236,330,40,36
237,326,37,35
236,324,38,35
234,322,38,37
236,322,34,35
232,324,37,36
229,329,38,37
229,337,39,40
229,351,39,42
236,376,44,41
236,392,47,46
241,383,52,54
238,378,58,52
238,449,42,42
235,435,43,40
234,405,44,41
231,388,48,47
229,374,50,45
225,354,48,50
227,345,44,45
226,341,43,41
230,340,40,40
229,339,41,40
228,348,43,43
234,363,41,45
238,383,42,43
238,400,47,47
240,432,40,42
243,454,37,39
239,447,38,41
238,430,40,41
234,406,39,41
231,392,45,43
224,378,49,46
224,364,44,46
224,358,41,40
226,354,37,37
226,352,39,38
226,350,38,36
225,349,40,38
226,347,38,38
229,344,37,37
230,341,36,35
230,336,37,38
228,334,37,36
230,333,35,34
228,332,37,35
229,334,37,36
228,336,37,37
230,337,35,35
228,340,36,34
230,341,34,35
230,341,34,36
228,342,35,36
228,346,36,36
227,346,37,37
226,349,39,36
225,348,42,39
229,348,43,41
244,343,32,37
248,335,35,37
243,324,39,40
215,324,49,37
220,317,42,37
225,305,44,38
228,288,46,42
229,261,47,53
232,253,51,47
231,244,43,44
237,234,46,46
241,247,52,52
241,265,61,50
248,259,61,53
243,259,70,61
244,337,67,65
238,390,69,60
245,371,69,63
222,382,80,73
275,297,55,51
296,307,41,46
279,311,38,34
280,312,33,35
267,292,31,27
271,292,27,24
273,291,26,26
284,311,30,41
274,309,37,46
272,309,36,46
266,323,48,55
215,386,49,42
211,383,45,40
206,381,50,42
216,380,49,43
219,389,49,43
218,387,51,44
220,387,48,45
219,385,47,44
223,384,48,46
220,383,55,46
217,382,58,46
223,379,59,49
211,375,63,57
224,370,67,58
211,384,55,50
221,382,59,48
243,341,82,46
281,323,54,50
214,389,55,45
218,387,52,45
219,388,51,44
215,386,49,47
213,386,49,44
212,386,61,51
217,386,56,48
220,386,66,55
225,389,59,52
224,390,58,50
202,385,67,61
205,380,88,63
296,355,87,75
322,375,75,65
329,378,71,56
339,381,63,52
350,382,53,51
355,382,51,49
374,376,53,40
372,386,54,50
353,388,71,65
329,431,66,48
350,429,61,50
358,423,63,56
334,376,57,61
336,376,57,55
341,373,51,59
341,375,59,64
336,379,67,55
347,380,70,58
339,376,70,54
314,372,96,79
280,369,79,87
292,365,91,86
308,370,103,82
294,346,109,134
447,284,106,212
449,279,116,221
446,279,109,219
283,318,76,169
259,353,93,115
275,365,105,92
271,358,73,98
272,381,76,67
299,366,105,74
276,375,81,70
281,353,80,81
336,370,69,59
375,369,61,56
345,371,80,56
329,371,76,59
327,371,78,60
326,370,84,62
274,379,65,55
281,373,63,60
274,377,49,52
278,379,47,46
273,380,41,47
271,384,42,47
271,383,41,45
269,383,42,45
270,382,41,44
269,383,43,46
269,382,42,44
268,382,43,44
267,381,42,44
266,381,42,44
265,382,44,46
266,381,41,45
265,381,42,46
263,381,44,45
265,380,45,44
263,382,44,45
264,380,43,44
262,380,46,46
264,378,45,43
266,382,39,43
263,381,41,43
261,381,43,46
263,381,41,44
260,382,44,45
262,380,42,43
256,383,46,45
263,380,41,46
261,381,41,45
259,381,42,43
258,381,42,43
255,381,44,43
257,380,43,43
257,380,42,42
252,381,45,44
250,380,48,45
256,377,45,45
250,379,48,45
255,377,45,47
261,374,61,49
264,365,62,57
308,346,68,58
277,343,51,45
268,357,47,43
260,389,47,49
280,352,64,54
277,340,69,64
270,330,69,58
286,336,49,47
283,340,45,44
279,341,44,41
266,353,56,57
255,342,73,70
248,361,88,91
220,402,74,78
210,401,62,60
196,377,67,55
197,370,54,56
142,378,66,50
181,366,68,58
134,376,84,60
120,378,97,70
171,348,83,71
151,364,99,78
244,370,66,81
242,377,61,61
196,387,70,49
202,391,55,45
203,386,54,44
200,379,53,48
203,370,46,43
204,368,42,40
204,362,38,39
203,361,38,40
199,359,38,36
192,356,37,36
188,364,36,35
184,375,37,36
182,382,44,39
178,381,48,42
177,431,34,38
172,450,35,35
172,449,35,37
168,433,34,34
163,421,37,35
154,396,37,34
153,391,37,36
153,381,39,34
153,374,37,34
152,370,36,32
149,366,37,34
148,362,38,34
147,360,37,33
143,356,37,34
140,353,37,33
138,351,36,30
135,349,37,30
134,348,36,31
134,348,35,31
132,349,34,31
130,351,35,32
130,360,38,34
128,370,37,36
129,370,36,36
129,379,45,43
131,433,37,34
131,445,36,38
132,449,36,36
128,438,37,36
125,434,41,35
118,393,59,44
121,382,56,41
114,376,45,41
117,371,41,38
120,366,39,35
121,361,38,34
122,359,37,33
122,358,37,34
122,355,37,34
122,355,37,34
122,353,37,34
120,351,38,36
119,350,37,33
117,349,37,33
116,346,37,33
115,343,37,35
115,340,36,33
115,339,36,32
116,339,34,31
117,338,33,31
116,339,35,32
117,344,35,31
118,348,36,33
120,358,36,34
126,373,39,37
127,381,47,43
122,377,51,39
134,433,34,36
135,454,33,34
134,447,34,37
131,434,36,34
126,429,41,33
130,390,44,35
126,379,46,40
125,373,46,40
126,361,36,34
125,357,33,33
124,353,33,34
123,351,35,33
123,350,35,33
124,351,35,33
125,356,34,34
126,365,40,37
132,378,44,37
127,378,44,40
128,376,44,44
134,430,36,35
134,448,33,34
136,447,32,33
132,435,38,41
126,420,47,54
126,373,53,43
128,375,46,40
127,376,43,37
126,376,44,40
126,372,41,38
126,369,40,36
129,365,38,34
131,358,35,32
130,354,35,31
130,350,34,32
129,349,34,31
128,349,34,31
128,348,35,30
129,354,34,32
131,364,37,33
132,368,40,42
132,368,46,37
124,377,51,36
139,429,34,35
141,450,31,31
139,441,34,38
138,428,37,40
139,416,39,39
136,386,44,38
132,376,46,38
132,369,43,39
135,367,42,36
138,363,36,35
139,361,36,35
138,358,37,34
140,356,35,34
139,355,35,35
141,355,34,34
139,354,36,33
138,351,37,35
136,348,40,36
136,344,39,35
138,340,36,33
138,340,36,32
138,339,37,32
137,340,38,32
137,341,37,32
137,344,37,32
135,348,38,33
136,348,37,32
136,351,37,31
136,353,36,32
136,355,34,32
134,356,36,34
133,361,36,32
132,359,36,33
136,362,34,33
139,362,35,34
144,360,35,35
148,355,35,35
150,345,38,37
148,337,41,39
148,325,41,42
143,313,41,48
118,290,48,48
134,286,40,51
129,284,37,40
100,292,54,48
98,291,77,61
117,294,77,89
120,363,78,73
115,285,79,81
113,280,74,93
139,270,61,72
151,284,62,54
148,303,45,57
173,300,49,49
166,305,38,42
160,316,32,41
173,315,28,37
186,331,34,33
183,328,29,38
180,331,30,36
174,328,29,38
159,307,34,34
157,313,38,35
155,318,52,50
153,310,43,50
109,312,67,62
97,399,57,57
115,398,63,50
113,400,55,49
110,400,60,48
114,393,58,46
114,392,57,47
110,392,57,44
111,391,57,49
107,390,57,49
108,391,56,44
112,390,58,46
116,392,59,48
98,385,61,44
110,391,62,42
109,385,61,54
111,389,58,55
105,386,61,59
106,386,63,53
114,385,68,55
127,382,71,56
138,380,95,67
127,374,74,87
65,335,67,68
112,393,74,57
90,380,92,73
90,367,96,103
129,321,124,144
163,322,102,168
159,322,107,172
166,311,112,185
176,305,113,188
252,311,100,181
220,322,95,166
224,317,92,168
233,310,77,178
248,316,83,167
265,322,88,161
269,317,69,162
283,323,78,139
268,341,92,96
283,346,74,125
302,353,88,130
286,336,81,143
305,331,79,153
290,334,88,151
297,310,84,175
290,336,98,130
292,319,80,160
343,310,75,175
320,317,84,157
342,336,88,139
336,320,87,167
343,350,70,135
282,360,81,103
303,363,78,113
358,370,86,109
348,368,101,95
405,369,74,107
427,409,74,62
436,390,65,72
455,390,59,71
482,415,46,56
480,411,56,60
461,381,70,52
519,361,52,45
525,366,46,39
510,356,45,50
506,359,66,66
458,435,83,44
508,423,63,40
539,387,52,60
564,367,55,54
559,351,52,56
603,368,57,50
608,361,60,54
591,364,69,55
594,361,77,56
566,347,64,56
610,321,41,52
618,326,36,41
629,327,29,36
634,325,33,39
612,341,45,41
622,358,50,54
619,367,57,47
628,343,66,62
625,346,77,66
675,321,56,64
640,342,88,62
620,352,127,76
689,317,95,116
700,321,114,112
704,322,104,107
703,316,101,116
703,314,105,122
712,326,121,109
718,322,127,126
715,318,100,147
716,308,98,154
722,315,97,152
730,306,90,156
732,308,92,130
729,329,93,135
722,308,97,155
731,305,92,153
751,323,100,120
795,347,86,79
785,358,97,64
772,361,95,61
746,348,99,60
766,348,76,52
774,354,89,53
765,351,83,50
752,347,84,59
746,336,63,57
735,349,88,69
743,349,103,63
687,346,115,69
752,340,99,76
701,348,126,71
698,334,122,97
654,299,89,167
636,293,98,172
640,296,82,180
639,292,76,185
628,295,86,176
626,302,90,174
613,298,102,177
600,304,111,167
602,303,110,168
595,307,115,168
584,305,122,170
573,302,132,170
581,306,120,166
571,308,119,163
574,301,94,171
553,305,84,165
552,305,75,168
542,303,79,169
518,308,98,141
523,310,100,143
522,315,95,149
513,303,104,171
500,305,116,174
502,314,108,161
493,310,110,166
485,305,104,166
474,300,96,176
467,299,78,182
463,298,77,182
407,327,122,146
418,335,144,118
431,319,111,152
438,305,106,168
421,309,118,162
374,317,144,156
419,313,125,164
379,311,155,164
351,324,177,144
272,309,88,174
285,320,78,152
282,316,115,143
350,321,108,147
328,363,86,107
335,357,89,75
330,368,55,64
348,343,46,39
345,345,36,34
335,345,37,35
332,346,32,33
327,346,36,33
315,344,37,34
309,343,35,33
324,308,36,34
322,308,32,33
316,304,34,36
303,306,39,38
301,305,37,41
270,343,35,31
268,342,34,31
264,344,34,32
260,347,35,33
258,344,38,34
252,346,38,33
246,346,43,33
239,346,48,34
242,346,41,32
242,346,38,31
243,344,35,31
241,342,34,32
241,336,37,37
217,332,35,38
222,330,49,43
211,330,43,51
234,321,39,45
230,327,40,38
234,330,32,32
237,334,32,31
238,340,34,33
240,346,31,35
243,359,36,37
245,375,42,40
225,373,41,39
234,377,56,45
242,371,57,60
243,436,45,44
241,429,40,44
234,411,42,42
241,397,45,36
238,384,49,41
237,371,42,38
235,363,39,37
236,358,39,36
238,351,36,35
237,348,40,35
240,346,36,33
240,346,35,31
243,346,32,31
247,347,31,30
253,354,30,32
251,363,36,35
254,371,37,45
250,374,40,44
242,373,46,38
238,372,45,44
242,370,47,43
238,380,53,47
257,413,40,51
250,372,68,50
252,371,53,46
246,372,48,43
247,371,44,42
251,368,43,41
251,367,40,37
257,367,36,45
254,364,39,39
257,361,33,36
255,360,35,36
256,362,35,42
257,359,34,38
259,360,33,36
259,351,33,34
255,353,35,37
255,347,36,32
256,344,33,33
257,344,35,33
255,344,35,33
255,344,35,34
257,345,36,41
258,345,33,41
256,347,36,42
253,349,33,40
255,351,34,40
253,353,35,39
253,353,34,39
253,354,33,36
253,354,33,35
254,354,34,36
252,355,32,31
252,356,33,34
253,356,33,31
252,358,33,32
252,357,32,31
253,358,32,32
252,357,32,30
252,358,33,32
252,357,33,32
253,357,33,32
253,357,33,34
253,356,33,32
254,358,34,33
253,356,32,31
254,357,33,32
254,357,32,33
256,357,33,31
255,357,33,32
255,357,35,33
255,357,34,32
255,357,33,33
256,357,34,34
255,357,34,34
256,357,33,34
256,357,33,33
256,357,33,35
258,354,32,34
258,350,30,34
259,348,31,29
261,346,31,32
261,344,33,35
257,343,34,32
256,342,35,31
258,345,36,33
257,343,37,39
258,343,37,37
257,343,36,36
256,343,37,40
257,346,36,42
257,345,41,40
257,344,44,42
256,346,38,40
256,350,35,35
256,353,35,36
256,355,35,35
255,357,36,35
255,367,37,39
253,364,33,33
252,368,33,32
253,367,35,35
253,371,37,35
255,375,44,46
257,367,45,46
263,362,42,43
266,358,42,54
249,354,49,57
237,368,63,57
253,345,64,58
258,311,58,52
253,303,48,52
259,296,38,47
264,296,37,37
262,308,56,54
275,303,72,71
249,359,65,81
262,342,77,99
254,347,67,101
273,288,70,74
276,296,58,52
282,307,58,56
291,301,51,47
290,306,39,43
314,310,36,39
280,308,34,32
284,320,34,27
293,322,36,37
289,315,35,33
314,326,33,37
289,319,46,33
277,321,35,35
326,321,33,39
290,337,32,30
287,334,30,36
278,338,28,30
282,323,31,30
271,335,31,32
272,337,32,30
286,323,35,36
312,325,30,35
310,326,29,34
306,329,28,32
271,321,30,33
271,321,29,34
252,339,32,30
271,320,30,37
275,320,29,33
279,320,29,34
306,326,28,30
309,326,29,31
303,325,32,32
289,320,31,39
292,331,44,50
296,326,40,41
299,327,37,37
301,326,36,36
305,323,34,36
307,330,32,39
311,329,31,37
313,326,30,39
288,340,33,32
