0.003133
0.016184
0.031656
0.034174
0.033671
0.025119
0.034626
0.032610
0.017513
0.028411
0.020157
0.016275
0.015383
0.016927
0.015754
0.016684
0.032650
0.026980
0.032613
0.029810
0.019653
0.033448
0.032223
0.031134
0.031858
0.026860
0.015967
0.031243
0.032171
0.032657
0.020293
0.014810
0.014448
0.028701
0.014740
0.015373
0.015468
0.015851
0.015020
0.019149
0.016183
0.032252
0.031527
0.026106
0.020261
0.024936
0.035005
0.031350
0.031777
0.029975
0.029081
0.024423
0.015466
0.030817
0.032768
0.015771
0.017985
0.018823
0.019764
0.018052
0.028751
0.032769
0.032475
0.034403
0.027445
0.032670
0.033183
0.032934
0.031652
0.034301
0.032858
0.019860
0.017560
0.019042
0.015327
0.016804
0.016863
0.017652
0.015380
0.016333
0.032421
0.032763
0.032785
0.032819
0.021630
0.015471
0.014930
0.017401
0.014760
0.031430
0.032531
0.031194
0.032868
0.035453
0.031871
0.027278
0.021149
0.032616
0.019099
0.024776
0.032602
0.019332
0.027293
0.032343
0.031535
0.032465
0.033038
0.031053
0.022787
0.030514
0.030216
0.031276
0.031732
0.018523
