0.002171
0.016250
0.014991
0.022501
0.017426
0.019557
0.017713
0.020664
0.018709
0.017335
0.020220
0.016012
0.022691
0.014326
0.016907
0.014821
0.023492
0.018811
0.017598
0.017276
0.018899
0.020567
0.020294
0.018234
0.022815
0.018210
0.027007
0.019268
0.032820
0.017994
0.018537
0.022715
0.015477
0.016442
0.017419
0.016757
0.018688
0.016605
0.026310
0.016215
0.017998
0.016580
0.018279
0.018074
0.015861
0.015399
0.026247
0.024722
0.022303
0.019979
0.017706
0.017688
0.018787
0.021412
0.018265
0.019269
0.017384
0.019454
0.017123
0.017197
0.017091
0.022638
0.020003
0.028149
0.017749
0.017390
0.031003
0.017798
0.024546
0.017708
0.016544
0.020036
0.018225
0.020200
0.019190
0.018364
0.019470
0.021545
0.017527
0.017397
0.018387
0.016680
0.017778
0.016268
