0.013361
0.028750
0.019755
0.030945
0.032537
0.031628
0.032271
0.030996
0.032576
0.031185
0.032020
0.032027
0.034601
0.033434
0.031634
0.020371
0.019121
0.015469
0.032018
0.031701
0.032277
0.031179
0.031045
0.026108
0.019262
0.016015
0.016006
0.032194
0.032007
0.029237
0.026219
0.035467
0.021213
0.030871
0.032424
0.026016
0.033666
0.032252
0.025408
0.032780
0.018260
0.017521
0.023246
0.032393
0.032638
0.033456
0.035788
0.028953
0.032479
0.033654
0.018438
0.028999
0.030966
0.027534
0.032340
0.027777
0.023459
0.033937
0.025151
0.033879
0.021620
0.030381
0.032418
0.030892
0.032345
0.031826
0.032788
0.028310
0.032653
0.030945
0.032450
0.023774
0.028099
0.031498
0.033976
0.032787
0.032367
0.022126
0.017823
0.019427
0.032900
0.030974
0.025677
0.032794
0.031535
0.017738
0.034055
0.035241
0.032775
0.032421
0.025741
0.031425
0.030188
0.032677
0.031911
0.031492
0.035257
0.021579
0.034022
0.032023
0.031625
