746,315,52,69
753,311,48,80
761,313,50,80
770,315,51,77
780,315,52,85
791,318,52,81
801,319,54,82
809,321,53,82
817,322,53,82
823,324,53,82
829,323,52,82
836,323,52,83
841,318,53,84
848,314,54,84
857,310,56,84
867,308,57,83
875,306,61,81
882,308,59,82
888,310,55,82
891,312,56,82
894,311,57,88
894,308,62,91
894,305,60,89
898,303,58,87
900,302,56,90
899,301,58,90
902,301,57,84
902,304,57,84
912,304,47,86
913,304,44,83
917,306,41,91
922,304,36,81
924,306,33,92
917,318,38,91
923,307,35,103
922,324,34,163
917,294,39,170
900,288,55,144
808,325,87,127
705,270,84,89
834,315,59,156
837,315,63,162
839,322,71,219
840,316,73,243
839,322,77,239
843,169,82,172
805,187,108,153
862,325,72,188
867,317,68,162
879,319,60,176
868,318,65,133
862,312,65,101
853,300,53,86
852,302,46,86
847,301,52,90
852,301,54,89
858,301,56,93
867,301,55,93
877,300,52,94
888,302,59,97
891,305,66,95
906,306,52,96
912,306,46,101
909,309,48,95
913,318,45,93
911,318,46,93
902,315,51,96
902,325,55,93
898,316,58,99
901,309,54,100
898,309,56,97
900,307,52,95
904,305,47,96
896,312,52,93
891,312,54,96
892,307,53,98
897,306,49,99
891,301,55,101
892,301,53,100
898,298,50,97
897,297,49,99
900,294,48,99
896,291,51,99
887,290,58,101
880,290,65,98
894,296,55,95
902,301,48,100
901,304,49,102
905,307,48,104
911,306,45,106
914,307,41,102
919,309,37,102
919,311,35,108
906,318,48,129
876,338,69,142
893,331,63,160
903,319,56,171
890,316,63,163
897,313,62,184
810,305,82,101
823,305,100,103
893,309,66,122
911,322,48,106
904,320,52,98
912,322,46,98
907,320,49,104
907,319,48,100
900,316,45,98
895,315,42,97
896,314,38,94
897,321,40,79
891,321,44,80
885,357,74,60
875,339,75,70
870,290,65,101
863,295,64,92
861,285,67,97
836,284,59,99
820,275,44,98
823,275,45,95
829,279,47,88
835,277,48,92
844,279,45,90
848,280,43,95
840,277,52,98
847,269,47,97
847,260,47,97
844,252,50,98
843,243,53,93
845,234,51,97
832,239,58,94
829,253,63,96
819,263,66,92
810,270,97,88
810,267,93,90
806,260,86,92
802,249,99,94
800,245,99,93
799,242,76,92
790,254,96,94
774,262,94,97
769,268,91,93
767,276,90,94
763,278,72,92
763,284,63,86
738,287,57,86
717,290,78,85
695,293,92,91
678,299,99,93
674,302,93,98
668,317,93,91
660,319,94,96
637,320,102,94
624,311,101,94
609,302,102,94
592,292,98,96
581,288,94,102
575,285,90,98
568,283,95,100
576,279,82,99
565,284,89,94
566,284,83,94
558,287,84,92
548,289,80,94
542,291,75,94
535,293,72,91
527,294,68,93
524,293,64,92
519,294,65,93
516,295,64,92
502,297,68,95
486,296,77,94
468,293,87,103
460,282,88,108
451,285,94,119
489,276,95,110
483,327,90,107
472,328,61,106
472,325,57,98
462,322,70,89
461,318,74,76
459,316,72,76
461,304,63,85
450,306,70,91
442,307,69,91
433,308,71,93
423,309,72,87
415,309,70,89
410,310,84,86
409,308,84,89
406,309,88,91
404,309,88,91
403,310,86,92
400,312,86,92
396,312,85,94
394,313,86,90
394,312,83,89
391,311,83,90
389,310,84,87
388,309,84,86
393,309,84,84
402,306,80,85
406,305,80,86
414,305,76,84
418,305,76,85
423,305,73,83
421,308,74,83
421,307,74,82
424,306,72,84
424,305,74,86
431,303,74,86
437,304,69,84
444,306,67,85
448,308,66,85
447,310,70,84
447,309,70,83
447,310,70,84
447,309,69,84
445,307,72,83
447,303,72,85
451,298,72,88
453,296,73,86
461,295,68,87
459,297,71,86
464,295,68,88
467,297,69,87
469,297,71,85
474,300,70,82
477,299,72,84
482,296,72,86
485,294,72,88
486,293,75,87
483,290,71,90
480,292,71,86
478,292,68,85
472,300,73,79
471,299,70,81
469,300,71,82
468,303,71,79
465,306,70,79
462,309,71,79
460,309,73,81
456,311,75,81
455,312,74,80
454,315,73,79
454,317,72,76
453,314,72,79
452,314,73,79
455,316,71,77
454,309,72,83
455,314,70,77
454,316,72,75
453,316,71,76
451,317,71,74
449,317,70,74
447,316,71,75
447,315,71,77
446,316,70,78
446,316,70,79
446,318,72,81
443,318,75,81
442,319,74,78
439,319,74,79
436,320,76,79
434,319,76,79
432,319,74,80
430,319,75,80
430,319,77,80
431,319,79,81
436,319,77,82
437,318,78,82
442,320,78,82
443,320,74,81
445,319,74,82
451,317,68,83
449,316,70,81
450,315,69,82
447,314,71,81
449,312,68,84
449,311,70,82
450,310,69,83
447,310,71,84
455,308,63,85
454,311,61,83
453,312,60,83
449,312,61,83
452,312,59,84
453,312,58,84
457,313,59,81
462,314,56,79
459,316,58,77
459,317,57,77
461,317,59,78
461,317,58,78
468,317,51,80
468,319,58,77
471,319,50,78
472,320,46,76
468,323,47,76
470,319,45,79
469,323,46,77
460,323,53,76
469,324,47,79
473,324,52,78
475,325,53,77
460,327,75,76
458,323,79,80
467,323,70,82
484,321,58,83
480,323,64,82
482,322,65,80
483,323,67,82
486,323,68,81
488,324,67,81
492,327,66,80
501,328,61,85
510,331,60,82
518,330,59,86
526,332,58,81
531,334,58,84
536,334,60,84
541,337,58,84
543,334,59,85
550,334,58,89
556,330,57,91
563,331,57,91
560,332,63,87
571,334,56,92
596,336,56,86
604,337,54,89
612,335,56,89
609,333,59,87
607,328,55,91
614,327,49,91
615,325,49,95
620,324,51,91
673,336,75,80
668,335,78,82
667,336,74,83
665,337,75,80
669,337,67,81
676,336,56,82
669,337,59,81
663,338,61,82
662,343,58,81
655,352,64,73
656,353,60,71
644,343,45,80
664,366,49,56
620,339,46,83
616,338,43,84
611,340,41,82
608,339,46,86
604,339,45,94
602,339,43,83
603,340,40,87
597,344,43,86
585,340,40,87
586,345,40,79
588,333,37,90
587,346,40,82
578,343,44,90
574,338,51,89
571,336,47,86
570,339,41,79
568,339,48,80
566,339,50,84
562,336,49,87
563,334,48,82
566,335,42,80
567,332,44,80
568,335,45,82
571,332,44,82
570,335,45,83
575,331,41,79
563,336,45,79
566,335,46,81
553,332,50,89
569,335,40,83
563,339,39,81
554,336,46,79
553,337,45,81
554,335,47,83
555,341,44,81
524,327,41,85
522,326,42,84
561,334,39,80
523,327,49,77
563,334,38,81
557,337,43,77
512,329,68,76
505,344,56,65
503,347,43,67
505,350,39,60
506,349,37,60
503,348,39,61
503,349,39,61
502,349,38,62
502,350,37,61
505,347,33,62
503,347,34,64
505,348,32,64
504,346,32,65
502,349,33,64
504,348,31,63
502,350,34,62
500,349,36,64
500,349,37,69
499,347,38,69
501,344,38,73
500,345,38,69
504,346,38,70
505,345,39,70
503,346,38,68
500,349,40,67
501,349,38,68
