279,260,33,36
279,263,33,33
279,263,34,31
280,263,33,33
279,263,34,31
279,263,35,33
279,264,36,32
280,265,33,32
281,265,33,31
280,265,36,33
279,264,36,33
283,263,33,34
284,262,33,35
285,263,33,36
282,263,37,36
284,262,34,36
286,261,34,38
288,262,35,36
287,262,35,38
289,263,36,35
290,263,36,35
292,263,36,35
291,262,36,37
294,262,33,35
296,262,33,37
298,262,31,37
299,261,32,39
302,261,29,37
304,261,28,36
304,262,28,37
305,261,28,35
307,262,27,37
306,261,28,37
308,262,28,37
307,262,29,37
306,262,30,36
308,262,29,35
308,262,30,35
309,263,29,34
309,263,31,35
310,263,30,33
311,264,29,35
311,263,31,36
311,263,30,34
311,264,30,35
312,262,32,36
312,264,32,36
314,263,30,36
314,263,31,36
315,263,30,34
316,263,30,35
315,263,32,36
317,263,32,35
317,263,32,36
318,264,32,35
318,264,33,33
318,264,34,35
319,264,34,36
319,264,34,35
320,264,34,35
320,264,34,34
322,264,33,35
322,265,34,34
321,265,34,34
322,266,34,34
324,265,34,34
325,265,33,33
325,266,34,33
327,264,34,34
327,265,34,33
330,264,33,35
328,265,35,34
330,264,34,35
331,265,33,35
332,264,33,34
331,266,35,34
333,264,33,35
334,264,33,36
336,264,32,35
334,265,34,34
338,264,31,35
336,264,33,36
338,264,31,35
337,264,33,36
338,265,31,37
340,264,31,36
340,264,32,35
341,264,30,36
342,263,31,38
342,264,30,38
343,264,32,38
341,263,32,37
343,264,32,37
344,264,32,38
344,263,33,37
344,263,33,38
345,263,33,39
345,263,32,39
347,264,31,39
347,264,31,38
348,264,31,38
346,265,33,38
350,264,30,38
349,265,30,40
349,265,31,39
351,264,30,40
352,265,29,40
352,264,30,39
353,265,30,41
353,264,31,40
354,264,31,40
354,264,32,39
355,264,31,42
356,263,31,42
357,263,31,43
356,264,32,40
357,263,32,41
358,262,32,40
358,263,32,40
362,263,31,40
359,262,34,40
362,263,32,41
363,263,32,38
365,262,30,40
365,263,30,40
365,264,30,38
366,264,30,37
366,264,30,38
368,263,29,38
369,263,29,39
369,265,28,38
370,264,28,38
371,264,28,37
371,263,29,38
371,263,29,38
372,263,28,40
371,262,28,40
372,263,28,40
373,262,28,40
373,263,29,40
374,262,28,39
374,262,28,42
375,261,29,40
376,262,29,42
375,262,30,41
379,262,34,41
378,261,30,41
381,262,31,41
383,261,31,41
384,261,33,42
382,262,33,40
382,261,30,41
382,260,33,44
385,259,35,43
386,259,40,44
388,259,39,43
387,259,42,44
385,260,42,43
388,259,39,44
386,260,43,44
389,259,40,44
388,259,41,44
390,258,39,46
392,258,38,45
393,258,37,46
393,257,36,46
394,258,37,45
394,259,37,45
394,259,36,44
393,258,37,46
394,259,37,45
395,258,38,46
396,259,37,47
397,258,37,47
399,257,35,48
400,258,36,48
401,257,35,47
401,257,37,49
400,257,38,47
400,258,39,48
402,258,38,47
401,258,39,47
403,258,38,46
403,259,39,47
404,258,38,47
403,258,39,46
402,259,40,45
406,258,38,45
404,258,40,47
404,259,40,45
404,258,40,45
403,259,41,45
402,259,42,44
405,259,41,45
404,259,43,44
404,260,42,43
405,258,43,45
404,259,44,45
404,259,44,45
406,259,44,44
404,260,45,44
404,259,46,45
405,259,44,45
405,261,45,44
404,260,45,44
405,260,47,44
406,261,45,43
406,260,40,42
408,259,49,43
407,261,49,41
407,260,48,41
409,260,52,42
409,261,50,41
408,262,50,40
408,261,52,41
409,262,54,40
423,261,43,40
433,261,35,42
431,262,37,40
435,261,33,41
434,261,34,40
435,261,33,41
436,261,34,40
435,261,36,41
435,261,35,40
439,261,35,40
439,260,34,42
439,261,36,39
439,260,36,42
443,260,34,39
443,261,33,41
444,260,35,41
444,260,36,43
445,260,37,43
445,260,38,42
446,259,37,44
446,259,37,44
448,260,36,46
446,260,39,36
446,261,38,41
448,259,37,41
450,261,37,41
452,260,36,41
453,260,37,41
452,259,37,44
452,260,37,42
454,260,36,41
454,261,35,42
454,260,37,42
454,261,37,41
456,261,36,40
458,261,35,39
459,261,36,39
461,262,34,37
461,261,37,40
462,262,35,38
465,262,34,40
467,261,34,42
466,261,35,41
469,260,34,42
471,261,32,41
471,262,34,37
471,261,35,39
474,262,33,39
474,263,33,40
473,262,35,39
473,261,36,41
477,261,34,41
474,262,37,39
475,262,36,39
473,262,39,38
474,263,38,39
476,262,36,40
477,261,36,41
477,262,37,41
479,261,37,41
478,263,37,40
479,263,36,40
478,263,38,40
477,263,39,40
479,263,37,40
476,263,40,40
480,263,36,41
479,263,39,41
481,262,37,41
482,262,36,41
483,264,37,40
484,262,37,41
486,262,35,42
485,264,37,41
489,262,35,43
489,263,35,42
490,264,36,42
491,262,36,43
492,262,37,43
492,263,36,43
494,263,35,42
494,264,36,41
495,263,36,42
497,262,35,42
499,263,34,42
498,262,33,43
500,263,33,43
501,262,33,42
503,262,31,42
503,262,31,42
504,262,31,42
505,262,30,42
507,263,29,42
508,263,28,42
508,263,28,41
508,262,29,41
510,262,29,42
511,262,27,41
511,262,27,41
512,262,27,40
512,263,28,40
513,262,28,41
513,263,27,40
514,262,28,41
513,263,27,41
513,263,29,41
513,263,30,41
514,263,32,42
514,263,32,42
515,263,33,41
517,263,33,42
518,263,33,42
519,263,33,42
520,263,34,42
521,263,35,43
519,262,35,42
520,262,34,43
520,263,35,42
521,263,35,42
520,263,36,42
520,263,36,42
522,263,35,41
523,263,35,41
521,262,36,42
525,263,35,41
523,263,36,41
524,262,36,42
525,263,36,42
525,262,37,42
526,261,36,43
527,261,36,42
527,261,37,42
528,261,38,42
528,261,37,42
528,262,38,41
528,263,38,40
530,262,38,41
530,262,39,40
530,263,39,40
530,262,40,39
531,263,41,39
530,263,41,40
532,263,42,40
534,262,40,41
531,263,42,40
536,262,39,40
537,263,39,39
536,263,40,39
534,263,41,40
538,263,39,40
537,263,42,40
543,264,38,41
543,264,39,41
542,264,40,41
539,264,42,42
546,263,37,39
545,263,38,41
549,263,36,42
548,263,37,40
548,263,37,41
547,263,39,41
552,262,35,42
550,262,39,42
551,262,40,43
554,262,37,43
557,262,35,41
560,262,33,41
557,262,34,41
561,263,34,40
561,261,34,42
560,261,37,43
561,262,37,43
562,261,38,42
562,261,38,42
562,261,39,44
562,261,40,44
564,260,39,42
566,260,38,42
568,260,38,42
568,261,39,42
569,260,39,42
569,260,41,42
570,260,41,42
571,260,41,42
572,259,41,39
574,260,38,40
576,260,39,39
575,261,40,37
576,260,40,37
576,262,43,37
575,260,43,40
581,261,40,38
584,261,39,37
591,261,34,38
593,261,33,40
590,261,38,38
593,261,36,39
591,261,39,38
594,262,38,39
594,260,36,37
598,262,30,40
595,261,35,38
597,260,35,41
599,260,33,41
596,260,33,40
598,261,33,41
595,261,36,40
597,260,34,42
596,261,35,41
598,260,34,42
597,260,36,42
597,260,36,42
598,260,36,42
596,260,39,43
598,260,38,41
599,259,38,42
598,260,39,43
594,260,40,42
589,260,38,43
586,260,38,42
585,260,38,42
588,259,37,42
590,260,35,42
589,259,36,42
594,258,35,41
595,259,35,42
595,259,35,41
595,260,36,42
595,259,37,40
595,260,38,41
596,260,39,39
596,260,41,41
596,259,43,39
599,258,41,38
603,260,39,39
606,258,38,40
603,259,42,40
607,258,40,38
606,259,41,39
605,260,43,41
608,258,42,40
607,258,44,40
607,259,44,42
607,259,45,40
609,259,43,40
608,259,44,37
608,260,44,41
610,259,43,41
613,259,41,40
615,259,39,39
617,259,38,41
612,259,42,43
616,260,40,42
612,258,43,43
618,260,37,42
615,258,41,45
620,259,37,43
618,259,39,43
622,259,37,44
619,258,39,43
623,260,35,40
624,260,35,41
627,259,32,42
627,259,31,42
627,258,31,44
630,259,31,43
631,259,29,43
630,259,30,43
629,259,31,43
628,259,32,43
632,260,31,43
632,259,28,44
630,258,30,44
631,260,31,44
630,258,32,45
628,258,35,45
630,259,33,45
629,259,35,44
633,258,33,45
635,260,30,44
635,259,30,44
635,258,31,44
636,259,32,44
637,260,31,43
637,259,33,43
637,259,31,42
640,259,33,43
641,257,30,45
642,257,32,44
642,258,32,43
641,258,35,43
643,259,33,41
639,258,35,42
642,259,36,41
643,258,35,42
642,259,36,42
645,259,35,42
645,259,33,43
642,259,37,43
641,259,37,45
642,259,38,46
642,258,39,47
643,259,37,45
645,261,37,45
642,260,38,44
645,261,36,44
643,260,38,45
648,260,35,46
646,261,38,43
648,261,36,44
649,259,36,45
650,260,35,44
650,261,35,43
651,259,36,45
650,259,36,45
650,259,37,43
652,261,36,42
650,260,38,44
647,260,40,44
650,260,38,42
649,257,41,44
648,262,43,43
651,260,40,43
650,260,42,43
646,259,44,45
649,259,41,43
651,258,41,44
652,256,38,44
662,259,33,44
655,255,36,48
654,258,37,46
650,254,36,42
658,257,38,47
652,257,37,48
644,256,37,46
653,257,41,45
648,256,35,47
664,257,42,48
731,256,38,56
741,253,46,58
739,252,48,60
738,254,49,60
738,253,49,58
737,253,49,58
735,253,49,57
732,253,49,57
731,253,49,55
728,254,51,54
728,253,50,55
727,253,51,55
727,253,51,56
727,251,50,57
726,251,51,56
726,251,52,55
727,252,51,55
726,251,51,55
726,252,50,55
727,251,49,56
728,252,49,55
728,251,48,56
730,249,47,57
729,249,46,57
727,249,44,57
721,249,45,56
717,250,45,57
714,249,44,57
712,248,43,59
714,247,40,61
711,248,40,61
712,247,39,63
709,249,40,60
707,247,39,62
706,247,39,61
702,247,39,62
697,248,40,59
692,247,42,61
689,249,43,58
690,248,41,61
688,248,42,60
688,248,41,60
688,248,42,60
686,249,43,61
683,249,47,60
678,252,48,56
674,251,46,60
667,252,45,60
662,253,47,58
662,254,46,57
662,251,45,59
660,251,47,58
659,251,49,57
658,251,48,57
658,250,50,58
656,251,53,59
657,252,50,57
658,251,49,57
657,251,49,56
653,251,53,57
650,251,56,57
647,252,59,57
646,253,57,55
644,253,59,56
641,254,62,55
643,254,60,55
642,253,59,55
643,254,57,55
644,252,56,56
643,253,56,55
643,252,54,57
643,250,55,59
642,251,56,57
642,250,54,58
643,250,53,58
642,251,52,57
641,252,51,56
642,251,51,56
641,251,51,56
641,250,49,58
640,251,51,58
641,249,47,58
641,251,48,57
641,251,47,58
641,251,46,57
642,251,45,56
643,251,45,56
643,251,45,57
644,251,44,56
646,251,42,56
647,251,40,56
648,250,38,57
649,250,38,56
648,250,38,57
650,250,37,57
649,250,36,57
650,250,36,57
649,251,36,58
648,251,36,57
648,250,37,58
648,251,37,57
647,253,38,57
647,250,38,59
649,250,37,60
649,251,37,58
648,251,38,58
649,252,36,57
648,252,38,58
647,252,37,57
646,253,36,56
647,253,34,57
646,253,35,56
644,253,35,56
643,252,35,58
643,253,35,56
642,252,35,57
643,253,35,56
642,253,34,55
642,253,35,56
640,253,35,55
640,253,38,57
640,254,36,55
638,253,37,56
636,253,37,56
636,253,39,57
634,254,40,56
634,254,42,56
632,253,43,57
631,254,43,57
628,253,45,59
626,253,47,59
625,253,48,57
624,252,50,58
624,254,49,58
625,254,50,57
622,254,48,56
623,254,51,57
622,254,50,56
623,255,46,55
622,254,49,54
621,254,52,55
621,255,55,55
622,254,46,55
621,253,41,56
621,254,43,55
619,253,44,57
618,253,44,57
618,252,45,57
618,253,47,56
617,252,46,57
618,252,46,55
620,253,47,56
648,266,39,45
621,253,45,53
619,253,44,54
626,255,48,54
657,264,31,46
660,263,29,44
660,263,29,44
660,264,29,44
660,265,29,42
660,267,28,42
660,264,28,44
662,264,26,44
660,263,28,45
662,264,26,44
664,263,25,43
663,263,27,44
663,262,26,45
663,262,25,46
666,261,25,46
663,262,27,46
663,262,26,46
664,261,26,45
664,264,26,42
663,263,26,43
663,263,26,43
663,263,27,44
663,262,26,44
664,262,25,43
663,263,26,45
664,263,25,45
663,262,26,46
662,262,27,45
664,262,27,45
665,261,27,45
664,263,27,45
666,262,27,45
663,263,30,45
666,262,27,45
663,262,28,45
662,264,29,43
663,264,28,44
663,263,29,43
662,264,28,42
662,264,29,44
663,263,29,44
663,263,29,44
662,264,29,44
662,263,28,45
662,263,29,45
662,264,29,44
661,263,29,45
662,263,28,45
663,262,30,45
662,265,29,42
662,263,27,45
661,264,27,44
662,264,28,44
660,263,29,45
660,265,29,45
660,265,29,45
659,264,29,46
608,254,35,55
608,255,32,53
608,254,33,55
606,257,34,52
604,256,35,54
604,256,34,53
603,255,35,55
601,257,35,52
600,254,37,54
600,255,36,53
599,254,36,54
599,253,35,54
600,254,35,54
597,254,37,54
597,253,36,57
596,253,36,55
596,253,37,54
596,254,37,55
595,254,38,53
595,254,37,55
595,255,38,53
594,255,37,53
593,255,39,54
594,254,40,53
646,262,32,47
646,262,32,47
645,261,33,49
646,262,32,48
647,261,31,48
646,261,31,48
647,262,31,47
647,262,31,47
647,262,31,46
647,262,31,46
647,262,31,46
647,262,32,46
647,261,32,46
647,261,31,47
647,261,32,47
647,261,32,46
645,261,33,47
646,262,32,46
647,261,32,46
646,261,32,46
645,261,33,46
645,262,32,45
646,260,32,45
645,261,33,45
644,261,34,46
645,259,32,47
645,261,33,46
646,259,33,48
643,261,35,47
643,260,36,48
643,260,36,48
642,260,37,48
641,261,39,46
640,261,39,46
642,260,38,47
642,261,39,47
643,260,38,48
643,260,38,47
642,261,37,45
645,260,35,46
646,262,35,45
645,260,35,46
648,262,32,44
648,259,30,47
649,260,30,47
649,259,30,47
650,259,29,47
650,259,28,47
651,259,28,47
653,260,27,47
652,260,27,47
651,259,27,46
653,259,27,47
651,258,27,47
653,259,27,46
652,258,27,47
652,258,28,48
652,258,27,46
652,258,26,47
651,258,28,48
651,258,29,48
650,258,29,48
650,257,30,49
649,257,30,49
649,256,30,51
649,257,30,49
648,258,31,49
649,256,30,48
648,258,31,46
648,257,32,48
647,258,32,47
646,258,32,46
646,259,32,46
646,258,31,47
644,259,32,46
645,257,32,47
641,259,34,46
639,257,35,49
641,257,35,49
638,259,35,48
638,257,34,49
637,258,36,48
636,258,35,48
636,259,36,48
635,258,36,49
634,258,36,49
634,258,36,49
632,258,37,51
629,258,40,49
629,259,41,48
627,259,42,48
627,260,42,47
628,260,41,47
627,260,42,48
626,260,44,47
626,260,43,48
627,259,42,48
627,260,43,48
628,260,42,47
628,259,42,47
629,260,42,47
629,260,41,47
629,259,41,47
629,260,41,46
630,260,39,46
630,259,39,47
630,261,39,45
630,260,38,47
639,257,35,50
648,259,37,48
663,257,35,50
689,256,35,52
700,256,38,51
715,258,38,49
714,253,38,52
712,254,40,51
715,256,36,50
717,255,35,51
718,254,33,51
716,255,30,49
713,254,33,50
714,254,33,52
713,253,31,52
712,253,33,54
713,254,31,51
710,254,33,53
710,255,33,50
710,256,35,49
710,256,33,50
709,256,34,50
707,256,35,49
708,255,34,49
707,256,37,49
706,256,38,48
701,257,43,48
701,256,42,50
701,256,41,49
693,257,49,47
698,256,45,51
675,256,63,51
674,253,64,53
673,254,63,52
675,253,64,54
676,254,61,52
674,254,61,53
674,254,61,54
676,253,59,53
677,257,57,50
680,256,55,51
680,255,56,51
679,255,56,50
679,256,55,50
680,257,52,50
681,258,50,50
683,258,51,51
683,257,50,52
686,257,47,52
689,256,46,52
690,258,46,50
692,258,45,49
692,256,46,52
692,258,46,51
693,257,47,51
694,257,47,50
696,257,46,51
697,256,47,52
696,256,47,50
698,257,46,49
698,256,46,51
698,257,47,50
699,257,46,52
699,258,45,51
702,258,46,51
702,257,45,51
705,256,43,52
703,256,46,52
705,257,44,52
708,256,42,51
707,257,43,52
710,256,42,52
709,257,43,49
708,257,43,48
708,258,44,49
708,258,45,49
707,257,47,50
707,257,46,50
708,257,46,50
707,257,48,49
707,258,48,50
710,258,47,49
707,258,50,49
709,257,48,50
708,257,50,49
708,257,51,51
705,257,54,52
703,258,55,52
700,259,59,52
700,259,61,51
703,259,59,48
704,258,57,50
698,258,63,54
703,258,59,49
705,259,58,51
705,258,59,49
707,258,58,49
708,259,57,49
706,260,60,49
702,261,65,49
712,261,56,47
719,260,48,49
716,259,52,49
716,259,52,49
719,258,51,49
697,260,69,50
721,259,48,53
724,259,46,48
724,261,46,49
726,259,44,48
726,261,45,47
728,261,45,47
730,262,44,47
730,260,43,49
732,259,42,49
734,261,41,48
736,262,40,48
737,261,41,48
739,260,40,49
742,261,37,47
746,261,35,48
746,261,34,47
747,260,35,46
748,262,33,45
750,260,33,47
753,259,31,48
752,260,32,47
751,261,33,46
751,262,34,45
751,262,34,46
751,262,34,46
751,262,35,46
750,263,35,46
750,262,35,47
750,263,35,46
750,264,35,46
749,263,35,47
749,262,35,48
749,263,35,47
749,264,36,46
749,263,34,49
749,262,36,49
748,262,36,50
749,262,36,50
751,262,34,48
752,264,32,48
751,262,32,49
753,262,32,48
754,262,32,48
754,262,33,49
754,262,34,49
755,263,34,48
757,263,34,48
758,262,34,49
759,263,33,48
759,262,35,47
760,263,34,47
759,263,36,46
761,264,35,46
761,262,34,48
760,263,36,47
761,262,37,49
763,261,36,50
762,261,36,49
763,261,37,50
765,261,35,49
765,261,36,49
765,261,35,50
766,260,33,51
767,259,33,50
767,259,32,51
766,259,35,51
766,260,34,51
766,260,35,51
766,261,34,50
765,261,36,52
766,260,35,53
767,260,34,52
766,260,35,52
766,261,35,53
765,260,36,53
765,260,35,55
766,261,35,54
766,263,34,51
767,261,34,50
766,261,34,54
767,262,33,52
766,262,34,51
767,261,34,56
766,261,34,56
767,262,34,55
767,261,34,57
767,261,34,55
767,263,33,55
769,263,32,54
768,263,32,56
768,263,32,55
769,264,31,54
769,263,32,55
768,264,31,55
769,264,32,54
769,263,31,55
769,262,32,56
769,263,30,56
770,262,30,54
770,262,30,56
769,261,30,55
769,262,30,54
769,262,31,55
768,263,31,55
769,261,32,55
769,261,33,56
768,262,33,57
768,261,34,55
769,261,34,55
769,259,35,55
768,260,35,54
768,260,35,55
768,260,36,55
768,260,36,55
768,260,36,56
768,259,36,56
768,260,36,56
768,261,35,55
769,260,34,54
769,261,33,54
769,261,32,53
768,262,33,53
769,263,32,53
768,263,31,53
768,262,32,55
768,261,32,56
768,262,33,56
767,261,33,55
767,263,33,55
764,261,37,53
761,263,40,53
744,263,56,52
739,263,61,53
741,264,56,52
744,263,56,52
744,265,58,50
739,265,60,51
748,266,53,50
742,265,56,49
744,266,54,49
744,266,53,49
745,266,52,50
745,267,52,49
745,266,51,50
744,266,50,50
745,266,48,49
744,267,48,48
745,266,47,49
744,265,46,48
744,265,46,49
747,266,45,48
745,266,47,48
746,265,46,49
746,266,47,48
746,267,45,47
746,267,43,46
747,266,42,46
747,267,41,46
748,266,40,46
747,266,40,46
747,265,41,49
747,266,41,50
748,266,39,49
748,265,37,51
748,265,36,50
748,264,36,52
748,264,36,48
748,263,34,49
747,264,34,52
746,264,36,52
746,264,37,48
742,263,36,48
736,263,37,49
727,264,40,49
721,264,38,49
718,264,39,51
718,263,41,50
717,263,40,50
713,264,40,51
706,264,38,48
688,262,48,48
672,263,49,48
651,264,51,47
632,263,52,50
625,262,49,49
614,262,50,48
604,262,51,50
601,261,48,52
598,260,48,52
593,260,50,53
591,260,48,52
590,258,49,53
590,253,49,56
591,246,47,52
587,233,48,52
585,229,48,54
580,225,49,54
575,223,49,56
572,226,48,51
571,228,47,49
569,232,48,50
569,235,49,48
567,238,49,50
564,240,49,50
564,244,47,49
561,248,49,53
559,250,49,50
559,250,47,53
562,249,49,52
563,247,48,54
565,245,48,54
564,245,47,54
565,246,48,53
565,246,47,51
566,251,47,52
566,253,47,50
564,257,49,52
566,259,49,52
566,264,47,51
570,265,46,54
576,266,44,54
572,266,49,51
571,265,49,52
570,265,49,49
570,265,50,52
572,265,49,52
570,265,50,51
570,265,51,52
570,266,52,51
570,265,51,51
568,266,52,50
569,266,51,50
571,265,50,51
569,265,52,50
570,265,51,51
569,264,53,51
573,266,47,51
572,265,48,51
586,265,37,51
568,264,50,51
580,264,44,51
566,265,32,50
567,265,32,50
569,265,35,51
590,265,34,50
567,266,33,50
567,265,33,50
566,265,32,49
589,264,35,49
567,265,36,49
588,263,36,49
567,264,38,50
573,263,49,51
568,264,42,49
578,263,46,51
571,264,51,50
580,263,46,52
574,264,53,49
588,264,41,51
593,264,36,48
587,264,43,47
585,264,44,48
565,263,34,49
565,262,34,51
565,262,34,52
568,262,32,49
566,261,34,52
566,262,34,52
567,263,35,50
568,262,38,51
579,264,51,47
580,263,50,50
575,263,54,50
574,263,56,50
579,262,52,51
575,262,56,51
580,263,52,50
580,263,52,49
581,263,51,48
579,263,53,48
582,264,51,48
576,263,57,50
584,264,53,50
587,263,57,51
592,262,55,50
598,263,54,48
592,263,61,49
596,262,60,48
599,262,59,48
600,261,60,53
606,262,61,51
611,261,63,50
618,262,63,50
626,261,62,52
628,261,61,52
633,263,62,50
637,263,64,51
641,263,62,52
641,265,63,51
642,264,57,51
642,264,58,50
641,265,59,48
642,266,54,46
639,266,58,48
638,266,52,49
636,265,39,53
639,262,40,55
636,262,33,58
638,264,35,54
635,264,29,54
635,265,31,51
634,265,33,50
632,265,37,50
636,265,41,48
629,268,37,48
637,267,40,49
657,269,36,43
658,268,38,44
658,270,35,42
659,269,37,43
659,269,36,45
659,267,35,47
660,268,35,46
662,269,35,45
662,269,34,44
662,270,36,45
661,270,34,46
662,272,33,45
662,272,31,45
663,272,32,45
664,272,30,45
665,272,35,45
669,272,33,43
673,272,32,44
679,271,33,44
688,273,34,43
693,273,35,42
699,273,33,43
701,273,35,43
701,271,33,45
653,258,35,58
648,256,39,60
647,258,39,58
647,257,39,57
646,257,40,57
644,255,44,58
643,255,45,60
641,257,46,55
651,258,45,55
673,260,44,52
680,256,46,55
685,264,45,49
691,261,44,52
689,260,45,54
692,260,48,54
689,258,52,58
689,260,49,56
691,259,50,55
689,258,53,56
690,259,53,55
688,262,51,55
688,261,47,54
689,265,42,52
689,263,43,51
690,261,49,54
702,259,42,48
676,267,44,50
701,256,36,49
701,255,35,49
698,258,39,47
698,257,37,47
699,256,36,48
697,259,41,45
697,257,35,48
703,258,41,47
696,257,51,53
695,258,50,52
707,260,41,51
699,258,44,54
698,257,42,53
751,265,30,44
750,265,28,45
747,265,30,45
748,266,28,44
747,265,28,45
747,266,27,45
747,266,28,45
744,267,29,45
743,266,28,44
742,266,29,45
742,266,27,43
741,268,27,43
741,267,28,44
741,267,27,43
741,266,28,45
740,268,29,44
741,268,28,44
741,267,29,45
741,267,29,44
740,266,28,46
740,267,30,46
740,268,29,45
738,267,30,46
738,267,29,44
737,267,27,43
736,265,29,47
736,265,29,47
736,265,28,46
735,265,28,45
733,264,27,45
734,264,26,45
733,264,28,46
733,263,27,45
688,253,39,55
676,253,49,61
675,256,49,56
678,255,47,58
676,255,51,56
675,255,52,57
676,256,50,55
675,255,60,59
675,255,53,58
678,256,57,56
674,255,57,58
674,257,53,57
686,255,60,57
675,255,54,57
701,255,45,56
719,254,33,54
716,255,33,53
704,254,43,55
720,255,30,52
717,257,33,50
716,257,32,50
716,257,31,50
707,255,37,51
713,256,32,51
708,255,35,51
705,253,37,55
710,253,32,54
702,253,38,56
700,255,39,54
705,253,36,55
705,254,36,53
702,254,40,56
703,252,38,55
702,256,39,53
704,255,38,51
704,254,37,54
702,255,39,52
705,254,38,54
703,254,40,54
702,254,40,56
704,254,39,57
703,252,39,58
703,254,40,57
703,253,41,58
703,254,42,57
703,254,40,57
702,253,41,57
702,254,41,59
702,255,40,55
702,262,40,50
703,260,41,52
703,260,41,50
702,258,43,55
701,255,44,55
700,257,46,55
701,256,45,55
701,256,46,55
699,257,47,54
705,255,43,54
696,257,51,55
702,258,47,55
704,256,45,55
702,256,46,55
707,256,43,57
710,258,39,53
714,256,36,55
715,256,35,53
718,258,33,53
717,257,34,54
717,257,35,54
717,257,33,54
718,258,33,53
719,258,34,53
719,258,33,53
720,257,33,53
720,255,32,53
722,258,31,50
722,257,30,51
722,257,30,52
722,257,31,51
722,258,32,50
722,259,31,49
722,258,32,50
725,258,29,49
725,258,29,48
725,258,29,49
725,257,30,50
724,258,30,50
723,258,31,50
723,258,32,53
723,258,32,51
723,258,32,52
724,258,31,52
724,256,30,52
724,257,30,53
724,257,30,50
723,257,30,53
724,256,29,51
724,257,29,52
723,257,29,52
724,256,30,52
723,256,31,53
724,255,32,53
722,256,33,53
723,255,34,54
724,257,33,53
723,256,35,51
724,256,34,53
725,255,34,55
725,254,34,55
726,254,34,56
725,254,35,58
726,254,34,56
726,253,34,56
727,255,34,55
727,255,35,53
726,254,36,54
728,255,36,53
727,254,37,53
728,254,35,53
727,255,36,51
727,256,36,54
726,255,38,56
728,255,37,55
727,256,37,56
727,255,37,58
727,255,37,59
727,255,38,58
727,254,40,59
726,254,38,61
727,254,38,58
730,254,36,59
729,254,36,59
730,253,37,60
730,255,36,58
731,254,37,61
733,254,36,60
732,255,38,61
732,255,36,57
733,255,35,59
733,256,36,58
735,256,35,58
735,257,34,58
737,258,34,56
737,256,33,60
737,255,34,59
737,258,34,57
739,257,33,56
739,258,33,57
739,262,35,54
740,261,34,55
741,260,33,54
742,260,32,55
743,259,33,56
743,260,32,56
743,259,32,56
745,257,33,54
744,257,33,58
744,258,32,55
747,256,32,55
746,258,32,57
748,257,31,55
749,258,30,57
748,256,31,58
749,257,30,56
749,257,30,56
748,258,31,57
748,257,30,56
749,258,32,57
749,258,31,56
748,259,32,54
748,259,32,55
749,260,32,54
749,260,32,55
749,260,32,56
750,262,33,56
750,263,31,57
749,260,31,57
749,260,33,58
749,260,31,59
749,257,32,60
749,261,31,55
749,261,31,57
750,259,30,59
749,261,31,55
748,259,31,58
748,260,31,55
748,259,31,56
749,258,30,56
750,259,31,54
749,258,31,56
749,258,30,56
749,257,30,57
749,258,31,55
748,257,31,58
749,257,31,57
748,259,32,57
748,257,31,59
748,257,32,59
748,255,32,61
747,256,31,60
748,256,33,60
747,255,32,61
748,255,33,61
748,254,33,62
747,255,35,61
748,254,35,62
747,255,35,61
747,254,36,64
749,253,35,63
748,254,37,64
751,253,37,65
754,252,37,65
757,255,38,63
763,257,40,58
773,257,38,59
783,256,37,58
788,256,39,60
795,254,38,62
799,253,38,60
800,254,37,56
803,254,34,60
806,253,35,57
809,253,35,60
812,252,35,57
815,253,35,58
814,252,34,60
818,251,34,55
819,252,32,58
819,251,31,56
822,251,31,56
822,252,31,52
821,254,31,50
821,252,30,52
821,252,30,53
820,257,31,50
822,254,29,50
821,257,29,48
823,259,28,48
820,259,31,47
822,259,30,51
820,259,31,47
820,260,31,49
820,259,30,46
820,261,29,45
819,261,30,45
821,260,29,49
819,261,32,46
820,260,29,46
822,263,30,42
823,261,29,44
824,261,26,45
823,260,27,46
822,262,28,45
822,261,30,45
822,262,28,44
821,262,28,45
822,262,29,45
822,261,27,45
821,262,28,44
820,262,29,44
819,263,29,44
820,264,28,43
821,262,27,45
821,262,26,44
821,263,27,43
821,264,28,42
820,265,24,42
820,265,24,43
820,266,24,43
820,262,25,46
821,263,25,43
821,263,24,43
822,262,24,45
821,261,24,45
820,262,25,47
820,261,26,49
818,260,26,53
818,263,29,51
819,261,27,51
820,261,28,49
819,259,27,55
819,261,28,50
818,260,30,50
819,259,34,50
812,269,44,53
808,264,41,50
814,259,30,52
811,259,30,56
813,267,29,50
810,262,31,52
809,259,31,55
808,259,32,55
808,260,32,55
807,268,30,45
808,268,30,49
808,272,30,48
808,275,30,45
806,274,32,45
807,275,32,45
808,277,30,43
806,270,30,47
806,265,30,55
805,268,31,54
805,269,31,50
805,269,31,52
804,267,32,52
804,271,32,48
805,271,33,47
807,269,30,50
807,269,29,50
806,273,32,46
804,268,32,51
805,270,31,50
805,269,31,52
805,268,31,51
805,268,32,52
805,267,32,52
803,262,32,56
803,261,34,57
802,263,35,54
803,271,34,47
800,264,34,54
800,264,34,55
799,264,34,55
799,266,34,53
800,262,33,56
800,268,36,49
799,267,35,51
800,269,34,50
798,268,37,50
799,266,34,52
797,271,34,45
798,270,32,47
796,273,32,43
796,267,32,47
794,273,31,43
795,271,30,45
795,273,30,45
794,275,31,41
794,275,31,41
791,273,33,43
792,270,31,46
790,277,29,36
793,277,30,36
790,273,30,41
788,272,30,40
788,266,31,45
787,272,30,42
784,267,28,43
783,270,31,41
784,264,33,48
783,269,31,46
784,266,34,49
782,265,31,50
782,267,32,48
783,267,32,47
782,269,30,44
782,263,32,51
782,265,33,50
783,265,34,51
784,265,35,53
787,266,32,51
788,266,32,52
792,263,32,56
796,260,32,54
798,256,31,55
798,261,36,51
803,261,36,53
809,262,36,51
813,261,37,50
824,262,34,50
836,261,37,51
846,262,41,48
864,261,38,48
877,260,39,51
888,260,37,50
893,261,38,50
898,261,37,50
903,263,36,49
908,262,36,48
916,261,35,49
923,262,34,52
930,264,26,51
873,273,40,46
914,271,40,51
855,264,34,51
884,266,35,53
896,264,32,64
904,267,38,62
908,255,39,78
904,254,40,81
910,247,37,72
908,249,37,72
906,249,38,74
904,249,38,78
903,250,37,74
900,249,38,96
899,249,40,92
898,251,41,92
898,249,43,99
896,250,44,100
896,248,45,98
893,251,45,93
891,250,44,100
885,252,51,100
886,252,47,98
884,252,48,100
884,254,48,96
881,256,48,97
880,254,47,102
882,255,51,101
880,255,51,97
879,257,45,99
876,258,45,98
873,258,47,98
870,258,45,99
868,258,46,97
864,258,48,101
861,260,52,97
857,262,54,99
854,265,54,100
852,263,54,95
851,268,52,97
849,268,50,94
846,269,52,90
846,270,51,95
843,269,53,94
841,267,53,102
839,266,53,104
837,265,54,105
838,263,52,110
838,261,51,107
836,260,52,110
837,258,50,105
835,257,52,108
834,254,55,102
832,255,55,94
829,252,62,91
825,251,66,88
824,252,62,83
824,252,71,84
824,251,74,76
827,253,73,72
832,253,75,70
839,250,75,66
849,252,76,64
852,251,83,63
858,254,83,62
864,250,82,66
868,251,81,68
873,250,78,67
875,248,76,70
878,249,76,70
883,252,73,70
890,253,66,71
893,254,64,70
895,253,61,71
903,253,54,71
913,252,45,74
916,252,42,76
917,253,40,75
920,251,38,78
921,252,36,80
920,254,38,79
925,256,34,78
927,255,30,79
927,256,29,78
929,252,29,66
929,253,28,61
936,254,23,56
936,252,23,53
935,252,24,51
936,253,23,52
937,254,21,57
934,256,22,50
933,254,24,51
932,255,25,49
933,258,25,51
880,274,40,51
866,265,58,57
833,243,59,75
879,246,78,78
890,240,69,79
877,233,77,86
830,239,121,81
816,226,142,97
814,230,142,93
810,228,145,98
804,227,151,97
803,224,152,99
804,224,151,98
809,222,147,103
815,221,141,105
826,222,131,103
833,224,123,103
844,220,112,106
849,221,109,105
