0.001226
0.025121
0.016194
0.021749
0.022267
0.018915
0.018995
0.016749
0.016009
0.019705
0.015533
0.018795
0.018562
0.019257
0.020727
0.016950
0.015712
0.016158
0.015712
0.017606
0.021920
0.023425
0.022281
0.018447
0.016729
0.015900
0.014982
0.014831
0.015254
0.015966
0.014983
0.015179
0.015612
0.015460
0.015009
0.015050
0.023166
0.017031
0.017498
0.019622
0.017693
0.021738
0.017622
0.015697
0.018869
0.018659
0.020278
0.017742
0.017990
0.015779
0.014732
0.014984
0.018505
0.015169
0.014742
0.014777
0.014554
0.015369
0.014729
0.014714
0.017770
0.014934
0.015115
0.014971
0.014805
0.015098
0.014895
0.014956
0.016760
0.014786
0.016745
0.016111
0.016634
0.018013
0.018979
0.016587
0.018455
0.022205
0.018796
0.020308
0.017366
0.018195
0.018733
0.019767
0.016407
0.015048
0.015192
0.015504
0.015555
0.015764
0.015741
0.016571
0.015750
0.015785
0.014684
0.014770
0.014330
0.014524
0.017156
0.014864
0.016162
0.017230
0.017210
0.019361
0.020758
0.023281
0.017386
0.016629
0.017830
0.016443
0.017690
0.015394
0.014906
0.015052
0.019155
0.015173
0.014870
0.015150
0.014342
0.014808
0.018615
0.015563
0.020393
0.019415
0.019712
0.019072
0.019639
0.019991
0.016459
0.016515
0.019102
0.019848
0.017991
0.016421
0.017280
0.020899
0.015028
0.014784
0.014708
0.015066
0.014651
0.014943
0.015742
0.015031
0.014871
0.014647
0.014677
0.014718
0.015096
0.014516
0.017243
0.016569
0.019109
0.015944
0.018021
0.018270
0.018210
0.016882
0.016661
0.016940
0.017631
0.020659
0.019154
0.015888
0.016826
0.015985
0.015269
0.015398
0.015041
0.015495
0.014846
0.014688
0.014981
0.014797
0.015995
0.014624
0.015087
0.015256
0.014980
0.015050
0.014995
0.015013
0.015301
0.014903
0.015396
0.016772
0.016846
0.017332
0.015933
0.020793
0.018401
0.018020
0.019905
0.019678
0.020724
0.021967
0.018586
0.020796
0.023945
0.015375
0.014460
0.014282
0.014427
0.014373
0.014257
0.014857
0.014470
0.014236
0.014283
0.014679
0.014754
0.018255
0.014845
0.014713
0.015389
0.015463
0.021539
0.017354
0.018076
0.018531
0.020785
0.017232
0.016029
0.018401
0.018403
0.018038
0.019399
0.014438
0.014721
0.014313
0.015664
0.014986
0.014356
0.014292
0.014303
0.014353
0.014343
0.014314
0.014309
0.018578
0.019021
0.016005
0.016437
0.018008
0.017959
0.019311
0.017464
0.019659
0.017099
0.017389
0.017709
0.020550
0.014807
0.014842
0.014866
0.014849
0.014628
0.014532
0.014641
0.017670
0.015915
0.017692
0.019279
0.015092
0.017751
0.024393
0.015429
0.017495
0.016528
0.017114
0.016679
0.017338
0.018150
0.017692
0.020389
0.018247
0.019992
0.015363
0.016417
0.014681
0.014933
0.015510
0.015852
0.016897
0.014961
0.016036
0.017037
0.015793
0.015897
0.014218
0.014449
0.015425
0.015250
0.014700
0.014977
0.015418
0.014518
0.014376
0.015875
0.015207
0.015356
0.015368
0.015091
0.017844
0.017311
0.021298
0.020623
0.017424
0.017738
0.018511
0.021260
0.018509
0.019264
0.020994
0.019180
0.016530
0.015633
0.015577
0.016344
0.015649
0.014685
0.015101
0.014975
0.014940
0.014683
0.014906
0.015051
0.018129
0.019503
0.017473
0.017795
0.017209
0.018255
0.017064
0.016736
0.015530
0.017994
0.018025
0.017580
0.018934
0.014903
0.014972
0.015171
0.014581
0.014548
0.014495
0.015011
0.014574
0.014539
0.014382
0.014512
0.014353
0.017117
0.016348
0.017361
0.020486
0.018513
0.019139
0.019380
0.017292
0.019580
0.017001
0.021832
0.016515
0.015140
0.015706
0.014987
0.014875
0.014813
0.014642
0.014639
0.014812
0.014472
0.014936
0.014616
0.016333
0.014715
0.017727
0.017719
0.017596
0.018335
0.016917
0.020638
0.022921
0.021498
0.016068
0.021129
0.015455
0.018595
0.018193
0.014379
0.014950
0.014809
0.014702
0.014940
0.014706
0.015162
0.015624
0.015979
0.014826
0.014883
0.014933
0.014440
0.014326
0.015233
0.015031
0.014331
0.015040
0.014721
0.018271
0.014421
0.014728
0.014610
0.014633
0.024718
0.016551
0.018323
0.020799
0.017001
0.020792
0.020569
0.018201
0.018705
0.022040
0.016111
0.024838
0.017980
0.015811
0.016190
0.018378
0.015464
0.015411
0.015352
0.020194
0.015041
0.018383
0.015402
0.014956
0.015379
0.016599
0.016681
0.018226
0.017041
0.018379
0.031179
0.021972
0.016568
0.019324
0.016923
0.018937
0.017275
0.016007
0.015897
0.016150
0.016034
0.015856
0.015236
0.019443
0.015378
0.015815
0.016420
0.015825
0.017557
0.019436
0.024627
0.016619
0.017561
0.017977
0.017117
0.018730
0.017968
0.015427
0.018258
0.018014
0.016780
0.017226
0.017658
0.015735
0.015040
0.015677
0.015258
0.014402
0.014600
0.015220
0.015449
0.015216
0.016127
0.015807
0.015942
0.017054
0.017349
0.017273
0.016940
0.025555
0.030241
0.019426
0.017853
0.019262
0.017333
0.017993
0.016377
0.016367
0.015750
0.015302
0.015203
0.018747
0.014980
0.015627
0.014349
0.016873
0.014488
0.016526
0.014873
0.014664
0.015219
0.015221
0.015911
0.015044
0.014527
0.015360
0.014875
0.015156
0.015186
0.021181
0.017480
0.020232
0.017991
0.019035
0.018686
0.018087
0.018014
0.018419
0.016900
0.017177
0.015017
0.015257
0.014686
0.015182
0.014746
0.014819
0.015037
0.015325
0.015486
0.015169
0.015893
0.015138
0.014655
0.014425
0.015465
0.014977
0.016872
0.015755
0.016889
0.015057
0.017959
0.015805
0.015598
0.018525
0.021171
0.019585
0.016089
0.019463
0.016634
0.015869
0.015664
0.015522
0.014820
0.014771
0.014691
0.014665
0.017971
0.014716
0.014660
0.019269
0.018508
0.021505
0.017165
0.016944
0.027232
0.020075
0.017213
0.020405
0.015143
0.019690
0.017208
0.019558
0.016443
0.015627
0.015471
0.015294
0.016805
0.014768
0.014778
0.015114
0.014748
0.014556
0.014785
0.014667
0.014781
0.014781
0.014648
0.016037
0.019173
0.016743
0.017807
0.018203
0.018892
0.020566
0.018082
0.022384
0.020679
0.017791
0.024112
0.015860
0.015974
0.017833
0.018623
0.014952
0.015399
0.015248
0.014858
0.018262
0.014846
0.015300
0.014875
0.015980
0.014368
0.015189
0.014746
0.014661
0.014635
0.014541
0.014685
0.014424
0.014679
0.017641
0.016625
0.020214
0.017820
0.015995
0.024064
0.021036
0.019302
0.020959
0.019614
0.020173
0.018048
0.015983
0.016228
0.015519
0.015467
0.015750
0.015435
0.015176
0.016213
0.016032
0.015378
0.016107
0.016143
0.015846
0.018879
0.016873
0.017653
0.017501
0.018795
0.026732
0.017507
0.019095
0.022074
0.019310
0.017442
0.015882
0.015490
0.015506
0.015663
0.015436
0.015408
0.015806
0.015169
0.014524
0.014597
0.017763
0.016919
0.016908
0.016664
0.017629
0.015007
0.019114
0.020308
0.016399
0.015238
0.015182
0.015597
0.019641
0.016492
0.020040
0.016478
0.019920
0.017676
0.017215
0.016042
0.016792
0.017769
0.030721
0.021172
0.017282
0.017112
0.016886
0.015391
0.017203
0.015281
0.015709
0.015898
0.016345
0.016272
0.015862
0.016129
0.016081
0.014932
0.015218
0.015805
0.015927
0.016334
0.017455
0.015864
0.015981
0.017830
0.018173
0.018677
0.017021
0.020784
0.018845
0.022587
0.016716
0.018150
0.020148
0.020473
0.018798
0.019803
0.021008
0.018816
0.017168
0.015682
0.015795
0.015853
0.014482
0.014343
0.018351
0.016079
0.015776
0.015702
0.016585
0.023380
0.017470
0.021769
0.020118
0.019111
0.018899
0.017241
0.017672
0.016746
0.017660
0.017403
0.017736
0.019221
0.018300
0.017984
0.015468
0.016095
0.015255
0.015460
0.014357
0.014485
0.015247
0.014317
0.015518
0.021520
0.016330
0.019187
0.018908
0.019446
0.020686
0.016329
0.018121
0.017646
0.018553
0.016832
0.018341
0.017807
0.015033
0.015270
0.016074
0.014822
0.014868
0.014267
0.016562
0.015741
0.015460
0.014679
0.014912
0.014755
0.014489
0.023447
0.022616
0.018867
0.018402
0.017669
0.018473
0.019271
0.018645
0.021338
0.019792
0.020816
0.019313
0.016507
0.016750
0.014684
0.015011
0.014779
0.014868
0.014863
0.017317
0.016621
0.016153
0.015641
0.016061
0.019362
0.016975
0.015640
0.015498
0.018074
0.015113
0.015656
0.015161
0.015840
0.016205
0.025373
0.020231
0.020284
0.016998
0.016660
0.020756
0.017959
0.019209
0.026428
0.020671
0.018458
0.019665
0.015931
0.015793
0.014987
0.015785
0.015073
0.017007
0.015164
0.014627
0.014607
0.014437
0.014593
0.014328
0.014537
0.023040
0.016901
0.018163
0.020552
0.016942
0.020592
0.016274
0.018168
0.023681
0.018631
0.018824
0.018532
0.017034
0.015721
0.015882
0.015248
0.015290
0.015380
0.015244
0.015877
0.014122
0.015306
0.015000
0.017130
0.016013
0.020949
0.018406
0.016969
0.017443
0.018286
0.018111
0.022386
0.017711
0.017994
0.019043
0.015344
0.016932
0.015877
0.015357
0.015752
0.014618
0.015156
0.014551
0.016304
0.025891
0.015474
0.015058
0.015190
0.018859
0.027641
0.019651
0.017838
0.016853
0.018898
0.017571
0.017120
0.016717
0.015987
0.017462
0.021163
0.016172
0.018904
0.015063
0.022266
0.016142
0.014959
0.015040
0.014542
0.016508
0.015650
0.014987
0.015392
0.015353
0.015057
0.015015
0.015244
0.015062
0.014475
0.016668
0.014829
0.015752
0.014870
0.015003
0.015970
0.016151
0.016778
0.017827
0.017484
0.021601
0.016939
0.018526
0.017425
0.017403
0.017272
0.016804
0.018599
0.017205
0.015700
0.014550
0.015341
0.014560
0.015876
0.015186
0.015786
0.014765
0.015062
0.015267
0.014952
0.015239
0.014925
0.021783
0.016541
0.017096
0.019679
0.018353
0.017619
0.017290
0.017837
0.017751
0.017955
0.017375
0.019407
0.016926
0.016073
0.015944
0.016472
0.015257
0.015280
0.015267
0.015206
0.016736
0.017421
0.015892
0.016554
0.019244
0.017922
0.020581
0.017236
0.019479
0.016586
0.020832
0.016808
0.017735
0.020645
0.016663
0.020059
0.015735
0.017377
0.015517
0.016204
0.015086
0.014729
0.015404
0.015719
0.016587
0.014641
0.014700
0.014870
0.015733
0.015641
0.016537
0.017157
0.018471
0.016878
0.017378
0.017277
0.017476
0.018298
0.017759
0.017790
0.023663
0.022937
0.016314
0.016732
0.037982
0.019477
0.017680
0.016809
0.015468
0.015681
0.014832
0.014812
0.014822
0.014681
0.014642
0.014911
0.015130
0.015115
0.015099
0.016375
0.016077
0.015160
0.014624
0.014600
0.014938
0.015050
0.015997
0.018127
0.017511
0.019368
0.017477
0.019031
0.018739
0.017220
0.017150
0.017608
0.021720
0.018851
0.015853
0.015277
0.014897
0.021538
0.015106
0.015866
0.015049
0.015474
0.015202
0.015281
0.014911
0.015247
0.015430
0.018523
0.017123
0.022321
0.016709
0.016354
0.017216
0.016029
0.018127
0.017736
0.019691
0.016624
0.016376
0.018082
0.015884
0.015276
0.015120
0.015411
0.015262
0.015491
0.014863
0.018537
0.015388
0.015915
0.020699
0.017581
0.018419
0.018669
0.018209
0.019258
0.018212
0.025215
0.016969
0.017823
0.017680
0.017139
0.016997
0.015676
0.015740
0.014635
0.015116
0.014759
0.014550
0.014771
0.014435
0.014809
0.014516
0.014712
0.014671
0.014620
0.017470
0.016710
0.016976
0.021379
0.019255
0.021023
0.018458
0.023022
0.016571
0.018747
0.022111
0.021428
0.019379
0.015522
0.016048
0.016584
0.015208
0.015237
0.014899
0.015103
0.014753
0.014876
0.014753
0.014854
0.014975
0.015465
0.015511
0.015292
0.014951
0.015185
0.014822
0.014971
0.015465
0.014711
0.014865
0.018670
0.015778
0.020997
0.017296
0.018503
0.018024
0.021986
0.019454
0.021765
0.016599
0.028093
0.017785
0.016922
0.017650
0.015188
0.015476
0.015967
0.014981
0.019339
0.014992
0.016480
0.015635
0.015107
0.015601
0.014912
0.015249
0.015254
0.023926
0.021847
0.018070
0.018704
0.017824
0.016422
0.019815
0.017337
0.025659
0.017492
0.017119
0.018831
0.015177
0.015202
0.015042
0.015258
0.015675
0.015229
0.016249
0.014931
0.014911
0.015096
0.017763
0.017692
0.021466
0.019027
0.018288
0.020545
0.026334
0.017365
0.017691
0.019225
0.018965
0.018696
0.014601
0.016549
0.015016
0.015237
0.015579
0.015128
0.018770
0.015937
0.017218
0.018353
0.014853
0.014851
0.021029
0.023350
0.019929
0.015359
0.017958
0.016961
0.016784
0.021878
0.025249
0.018310
0.027364
0.018231
0.015947
0.014655
0.015312
0.016287
0.016092
0.015640
0.014292
0.015019
0.015265
0.014616
0.015655
0.014936
0.015522
0.014305
0.014492
0.014403
0.016803
0.014957
0.014248
0.014351
0.019412
0.015057
0.019853
0.018106
0.021924
0.018183
0.019089
0.018530
0.018764
0.021192
0.017778
0.018210
0.016574
0.018573
0.016635
0.017509
0.015565
0.015611
0.014936
0.015074
0.015160
0.015220
0.015079
0.015048
0.014676
0.015873
0.018384
0.015859
0.015724
0.015399
0.016217
0.017249
0.018036
0.017251
0.015893
0.018619
0.016804
0.018536
0.017421
0.021209
0.017750
0.018042
0.016824
0.017585
0.016191
0.017396
0.015577
0.015548
0.015949
0.017986
0.015873
0.015778
0.017383
0.018653
0.016737
0.017665
0.018848
0.019360
0.021188
0.019792
0.027012
0.021954
0.023978
0.018129
0.016295
0.015193
0.014335
0.014380
0.014150
0.014213
0.014260
0.014470
0.015420
0.014814
0.014670
0.014968
0.014888
0.016288
0.016085
0.017318
0.018673
0.019520
0.019552
0.018189
0.016190
0.015421
0.015782
0.015095
0.014747
0.014726
0.015881
0.015704
0.015959
0.015407
0.015614
0.015150
0.015494
0.014780
0.015831
0.017836
0.015898
0.023153
0.019821
0.019572
0.018317
0.018200
0.022583
0.019635
0.019816
0.018199
0.016439
0.015592
0.017780
0.014940
0.017258
0.016036
0.015443
0.014961
0.015089
0.014621
0.014639
0.014634
0.014796
0.014938
0.015011
0.015296
0.017105
0.017227
0.015763
0.019202
0.017756
0.015903
0.017992
0.019428
0.018933
0.015569
0.014707
0.015789
0.015000
0.016332
0.016268
0.015542
0.015350
0.014592
0.015300
0.015264
0.014392
0.014212
0.016535
0.016284
0.020817
0.016195
0.016529
0.026115
0.018923
0.021186
0.023456
0.018764
0.018874
0.016268
0.016068
0.015535
0.016343
0.015470
0.016099
0.015992
0.016351
0.015629
0.015823
0.015550
0.018290
0.018404
0.017378
0.018552
0.019610
0.021086
0.020710
0.019277
0.020282
0.017260
0.018739
0.016463
0.015353
0.017255
0.015525
0.014491
0.015146
0.014537
0.014606
0.014312
0.017602
0.015295
0.015263
0.015121
0.015633
0.015387
0.015223
0.015188
0.015321
0.015161
0.016904
0.014852
0.014460
0.016364
0.015563
0.018072
0.018342
0.017953
0.019245
0.018043
0.018998
0.017483
0.018657
0.017711
0.017985
0.016899
0.017039
0.014688
0.015153
0.014707
0.015106
0.014828
0.014785
0.014848
0.014955
0.014792
0.014797
0.014742
0.014722
0.014880
0.024987
0.019710
0.016543
0.017852
0.018363
0.018533
0.021688
0.017306
0.017097
0.017497
0.019511
0.019519
0.016749
0.014343
0.014412
0.014368
0.015679
0.014329
0.014503
0.014614
0.014831
0.018244
0.014617
0.015040
0.018022
0.016389
0.017810
0.028843
0.018050
0.017859
0.021600
0.017769
0.023546
0.017545
0.017677
0.015313
0.014700
0.015375
0.016133
0.014732
0.014437
0.014485
0.016240
0.014340
0.018670
0.014869
0.014881
0.016917
0.018511
0.019106
0.016391
0.016842
0.018242
0.018686
0.018637
0.018632
0.022548
0.017250
0.016984
0.021868
0.017234
0.017627
0.017585
0.018571
0.019392
0.015009
0.015241
0.015315
0.016483
0.016856
0.018395
0.015786
0.015345
0.014994
0.015476
0.014878
0.015627
0.015044
0.014656
0.014980
0.014670
0.016551
0.017361
0.017858
0.018945
0.017610
0.014597
0.015624
0.015655
0.016070
0.018616
0.019443
0.015534
0.017636
0.019166
0.016044
0.014518
0.014619
0.014596
0.014575
0.014817
0.015738
0.014921
0.015204
0.014908
0.014548
0.014688
0.014736
0.015480
0.018659
0.017990
0.016751
0.015787
0.015919
0.016324
0.016731
0.015864
0.015725
0.015680
0.019966
0.022043
0.019425
0.015159
0.014360
0.014691
0.014653
0.014820
0.014589
0.014591
0.014898
0.014702
0.015073
0.014728
0.024400
0.018517
0.018910
0.019405
0.017453
0.017061
0.019399
0.016456
0.017580
0.019988
0.022588
0.020424
0.015029
0.015990
0.015059
0.014921
0.014655
0.014660
0.014580
0.014779
0.014659
0.020484
0.014556
0.014523
0.014542
0.015223
0.019751
0.016646
0.018275
0.017345
0.015438
0.018801
0.017063
0.017294
0.018106
0.017594
0.016611
0.015814
0.014266
0.014287
0.014242
0.014721
0.014282
0.014203
0.014509
0.014294
0.015073
0.015508
0.015062
0.014611
0.014663
0.014853
0.015908
0.015373
0.014496
0.014500
0.014575
0.014138
0.014242
0.014996
0.015326
0.016772
0.017220
0.017824
0.015735
0.020899
0.015896
0.016917
0.017310
0.017856
0.022767
0.017522
0.017314
0.015836
0.015531
0.014456
0.014411
0.014265
0.015082
0.014805
0.014566
0.014606
0.014798
0.014753
0.014713
0.014818
0.014776
0.015160
0.018527
0.017826
0.016984
0.017798
0.017044
0.017067
0.017721
0.015868
0.016524
0.016681
0.017298
0.017013
0.016514
0.016935
0.016433
0.015565
0.016547
0.016477
0.015368
0.015640
0.015037
0.019140
0.016569
0.016207
0.018624
0.017851
0.023329
0.020461
0.020932
0.020427
0.017796
0.024221
0.017403
0.022991
0.019079
0.016129
0.019525
0.018752
0.019653
0.014337
0.015733
0.015320
0.015514
0.015474
0.014478
0.014484
0.016097
0.018894
0.016288
0.017204
0.017112
0.016429
0.018169
0.019167
0.019397
0.015781
0.016938
0.016236
0.018259
0.017317
0.015741
0.016187
0.016912
0.015734
0.015261
0.014915
0.014976
0.014910
0.017006
0.014936
0.015201
0.014835
0.014758
0.014889
0.015051
0.015458
0.015029
0.014676
0.014884
0.015204
0.014775
0.018091
0.021780
0.016191
0.017565
0.016977
0.016496
0.018789
0.019373
0.016250
0.020139
0.016863
0.019972
0.024069
0.015577
0.014748
0.015083
0.015068
0.015101
0.017241
0.014739
0.015137
0.015007
0.015011
0.015002
0.015176
0.015067
0.014826
0.018399
0.017287
0.018686
0.017333
0.019177
0.018087
0.017341
0.016878
0.017363
0.018387
0.016591
0.016697
0.017159
0.015351
0.017343
0.015525
0.015370
0.016219
0.015613
0.015361
0.016327
0.015209
0.015728
0.016316
0.017026
0.018210
0.018570
0.021318
0.020434
0.017985
0.020554
0.017843
0.019777
0.024590
0.021016
0.018001
0.016152
0.016727
0.016357
0.015506
0.015513
0.015086
0.015358
0.015261
0.015779
0.016361
0.016964
0.015124
0.021973
0.018084
0.018922
0.018089
0.017329
0.017766
0.018057
0.016619
0.016817
0.023029
0.023604
0.018420
0.016319
0.018531
0.015561
0.015154
0.015295
0.015162
0.015163
0.015993
0.015650
0.014880
0.016223
0.014585
0.015488
0.015215
0.016094
0.015507
0.015156
0.015854
0.016022
0.018330
0.015626
0.016963
0.018158
0.017843
0.017681
0.018175
