0.014385
0.034464
0.018353
0.035889
0.021831
0.024153
0.029911
0.030576
0.032163
0.032143
0.031440
0.023369
0.027678
0.030413
0.032310
0.032001
0.023566
0.034155
0.031391
0.033224
0.031819
0.031024
0.033386
0.030865
0.031845
0.032182
0.030248
0.032226
0.032565
0.030700
0.015811
0.021743
0.031934
0.031536
0.031169
0.022552
0.024818
0.030650
0.032639
0.033582
0.029772
0.031112
0.028752
0.030775
0.031025
0.032150
0.030561
0.019455
0.015028
0.023837
0.032843
0.031383
0.031852
0.032450
0.036766
0.032229
0.018977
0.031745
0.016919
0.021537
0.020084
0.032866
0.030321
0.032469
0.025433
0.032119
0.031030
0.031100
0.018835
0.014424
0.033844
0.031318
0.030712
0.032451
0.031602
0.026342
0.032167
0.032623
0.017058
0.024441
0.030466
0.031203
0.022746
0.030322
0.024222
0.019205
0.014867
0.015787
0.030635
0.022876
0.030496
0.026237
0.032200
0.027555
0.027551
0.032578
0.020845
0.031545
0.031462
0.034470
0.032005
0.018142
0.034590
0.032357
0.031017
0.015612
0.031376
0.030576
0.029441
0.031601
0.031007
0.032255
0.030226
0.024948
0.030929
0.029218
0.031161
0.031466
0.014728
0.015051
0.016128
0.032137
0.030408
0.027076
0.030487
0.030380
0.031963
0.029085
0.035202
0.033106
0.018914
0.034970
0.033184
0.032708
0.032040
0.015572
0.017988
0.018915
0.017994
0.016903
0.016251
0.015494
0.017982
0.030784
0.033269
0.019834
0.032199
0.033217
0.022026
0.031382
0.032730
0.019482
0.018399
0.018997
0.015290
0.032585
0.031007
0.030430
0.031352
0.031794
0.023018
0.018682
0.014732
0.032058
0.031817
0.031683
0.033156
0.031214
0.019289
0.031144
0.032162
0.030779
0.030801
0.030496
0.031092
0.032149
0.027241
0.016853
0.034143
0.023954
0.033384
0.030076
0.031642
0.016020
0.014944
0.016480
0.017554
0.032463
0.028620
0.030947
0.032433
0.023616
0.030896
0.032203
0.030012
0.030889
0.032688
0.031546
0.031644
0.026603
0.015569
0.014976
0.014317
0.014480
0.027401
0.028986
0.031784
0.032448
0.023644
0.029761
0.032797
0.030935
0.031520
0.030257
0.031352
0.026169
0.015960
0.014274
0.031324
0.026735
0.030487
0.015448
0.030753
0.021132
0.032183
0.030290
0.032199
0.016101
0.032480
0.031095
0.032394
0.017874
0.032773
0.035057
0.032112
0.025023
0.032924
0.033430
0.031713
0.032028
0.030971
0.015090
0.033531
0.032334
0.017145
0.032270
0.029913
0.031040
0.026083
0.031048
0.032589
0.030795
0.031353
0.019944
