0.001383
0.014813
0.015007
0.015767
0.015976
0.015060
0.015004
0.019369
0.019850
0.016865
0.015961
0.017185
0.016511
0.015074
0.015877
0.014767
0.017584
0.017156
0.015992
0.015557
0.015563
0.015796
0.015568
0.061172
0.048983
0.078138
0.069083
0.059679
0.085423
0.111852
0.130568
0.164004
0.106437
0.119128
0.106706
0.123289
0.058846
0.084740
0.105029
0.107315
0.072521
0.104304
0.136909
0.113814
0.128604
0.076376
0.123697
0.075474
0.086006
0.092713
0.072625
0.127966
0.121976
0.080422
0.125974
0.109832
0.115401
0.093086
0.132542
0.077063
0.055871
0.078650
0.061746
0.057423
0.057593
0.047136
0.071176
0.027469
0.053924
0.036656
0.047737
0.097036
0.132509
0.106076
0.140014
0.094824
0.090243
0.079033
0.087320
0.090562
0.117743
0.097512
0.115379
0.075073
0.127923
0.067785
0.091452
0.048945
0.062962
0.028973
0.049282
0.113933
0.068683
0.057634
0.071058
0.049200
0.068744
0.048006
0.065279
0.093912
0.051449
0.060007
0.080828
0.078572
0.071194
0.062599
0.133707
0.044245
0.033822
0.065888
0.065281
0.084653
0.050698
0.086307
0.049983
0.068563
0.073967
0.043945
0.069910
0.102808
0.096192
0.084603
0.092281
0.120287
0.033677
0.019878
0.019822
0.016544
0.025038
0.020416
0.020204
0.019542
0.018554
0.016553
0.016445
0.019619
0.019637
0.019139
0.019839
0.026309
0.024922
0.018249
0.018864
0.025559
0.028503
0.022175
0.027545
0.019675
0.017592
0.017402
0.018129
0.016368
0.015225
0.015095
0.016021
0.016594
0.016632
0.017715
0.016674
0.017112
0.016832
0.017281
0.015409
0.015013
0.015152
0.020602
0.018777
0.022067
0.019600
0.020511
0.021906
0.024182
0.023451
0.027411
0.024096
0.023487
0.019149
0.014886
0.017265
0.015953
0.018359
0.016089
0.016052
0.015718
0.015691
0.016802
0.020750
0.019877
0.027288
0.020950
0.017781
0.022026
0.022931
0.021765
0.022467
0.028593
0.068399
0.036159
0.026126
0.064238
0.081475
0.055754
0.022867
0.022821
0.037789
0.068380
0.022860
0.081869
0.097520
0.118461
0.090151
0.081550
0.039250
0.046553
0.036063
0.032245
0.031938
0.048879
0.056925
0.030603
0.061337
0.055411
0.029557
0.078768
0.026995
0.054399
0.025914
0.019855
0.048287
0.049962
0.025336
0.039542
0.024727
0.042558
0.032842
0.029458
0.064148
0.026803
0.028023
0.052398
0.049781
0.051633
0.017460
0.018161
0.017456
0.016546
0.015797
0.015354
0.017875
0.016394
0.016962
0.016265
0.017452
0.041705
0.021298
0.034480
0.017017
0.018895
0.018598
0.017274
0.021705
0.018725
0.019775
0.016490
0.017856
0.016004
0.016376
0.016434
0.018321
0.015488
0.017133
0.015610
0.015872
0.015788
0.016235
0.018080
0.015812
0.017313
0.018958
0.016238
0.016192
0.017590
0.016885
0.018215
0.016937
0.016581
0.020516
0.022491
0.016745
0.016471
0.016366
0.015917
0.022202
0.016279
0.016596
0.017772
0.016072
0.019426
0.015756
0.015838
0.015318
0.015391
0.016438
0.015560
0.021460
0.018191
0.016717
0.018495
0.016516
0.016150
0.017342
0.017095
0.015464
0.016180
0.023719
0.018288
0.016735
0.016745
0.015435
0.017679
0.020212
0.016329
0.017019
0.017231
0.016599
0.024366
0.015772
0.017090
0.015448
0.016157
0.015211
0.015924
0.016062
0.016224
0.017692
0.016081
0.016037
0.017754
0.016211
0.015923
0.019698
0.016778
0.019235
0.018855
0.025122
0.017643
0.015542
0.014888
0.016605
0.017035
0.016631
0.015526
0.018448
0.017709
0.017392
0.017132
0.015360
0.019220
0.017034
0.020533
0.015504
0.016276
0.016558
0.021834
0.016743
0.016463
0.017020
0.016316
0.020045
0.017270
0.016994
0.019350
0.018823
0.017136
0.017558
0.017232
0.018846
0.033083
0.018929
0.019481
0.020358
0.017866
0.022507
0.023263
0.023944
0.023014
0.019341
0.018169
0.016233
0.016441
0.019188
0.015141
0.025306
0.017271
0.015573
0.016401
0.015239
0.021808
0.021208
0.020107
0.017430
0.018114
0.018609
0.021849
0.018223
0.018973
0.024228
0.024075
0.022762
0.017764
0.017913
0.018568
0.017461
0.017221
0.017030
0.016089
0.017932
0.016452
0.016242
0.016376
0.016336
0.017316
0.017570
0.017472
0.020758
0.025648
0.023165
0.023168
0.022487
0.021614
0.019215
0.019445
0.024652
0.016666
0.017076
0.016525
0.016740
0.015598
0.015733
0.015483
0.017123
0.017912
0.015736
0.018997
0.018677
0.019954
0.026155
0.020255
0.021518
0.018921
0.018666
0.019528
0.019655
0.023482
0.024179
0.023519
0.020683
0.020298
0.018444
0.016554
0.019704
0.016593
0.021670
0.015884
0.015429
0.015292
0.015754
0.016818
0.020152
0.018022
0.020028
0.018610
0.021549
0.024182
0.019092
0.025674
0.039271
0.020608
0.021781
0.019075
0.018003
0.020887
0.016890
0.019711
0.024564
0.020890
0.019509
0.032161
0.019056
0.018358
0.016602
0.019300
0.015054
0.016422
0.017243
0.016597
0.018462
0.016766
0.016555
0.018897
0.017673
0.034411
0.020724
0.020108
0.019186
0.025999
0.022782
0.022999
0.018925
0.028951
0.030180
0.023034
0.017327
0.018672
0.018509
0.017815
0.015847
0.016492
0.018890
0.016119
0.016920
0.016946
0.022264
0.020653
0.018530
0.018363
0.019355
0.017037
0.020006
0.018683
0.018154
0.022681
0.020371
0.019241
0.020384
0.021056
0.018572
0.017049
0.016439
0.017590
0.018613
0.017008
0.017522
0.019895
0.020636
0.021303
0.019869
0.020096
0.017440
0.016105
0.015803
0.019305
0.019059
0.016368
0.017782
0.029406
0.020954
0.018749
0.027740
0.031529
0.018666
0.019401
0.018240
0.018077
0.019085
0.016566
0.022533
0.016903
0.026250
0.019533
0.021984
0.022161
0.025023
0.035552
0.029389
0.021501
0.019060
0.018781
0.018636
0.019981
0.016043
0.030679
0.021373
0.027962
0.031231
0.024508
0.020848
0.023315
0.019587
0.021682
0.019580
0.037523
0.021390
0.018329
0.016409
0.017383
0.017953
0.018017
0.020463
0.017826
0.017415
0.023991
0.019380
0.017967
0.026733
0.017126
0.025079
0.018417
0.018549
0.019083
0.040238
0.020952
0.017648
0.035072
0.029347
0.021954
0.027019
0.015531
0.016727
0.016504
0.016999
0.016793
0.016404
0.016118
0.018669
0.016298
0.015654
0.016742
0.016153
0.015245
0.018250
0.015292
0.015726
0.014794
0.014756
0.015488
0.020164
0.016192
0.021461
0.018975
0.029027
0.020409
0.018782
0.023159
0.016943
0.022824
0.021534
0.019873
0.019917
0.019418
0.018816
0.017368
0.017502
0.020185
0.019799
0.016687
0.015284
0.014828
0.015525
0.020240
0.016423
0.020375
0.019946
0.022051
0.017912
0.022476
0.016917
0.016226
0.019643
0.016182
0.015777
0.018868
0.019032
0.019330
0.023909
0.021713
0.020270
0.021937
0.021414
0.027738
0.021108
0.020393
0.019680
0.018035
0.016366
0.015922
0.017889
0.020985
0.019814
0.027196
0.025483
0.018807
0.017339
0.018218
0.016516
0.019114
0.016374
0.018739
0.015965
0.020378
0.015957
0.016360
0.016500
0.016035
0.016656
0.038795
0.016743
0.020703
0.024411
0.017945
0.019427
0.017551
0.016063
0.017042
0.016585
0.017182
0.016577
0.019262
0.017399
0.026805
0.017638
0.017783
0.021650
0.019163
0.018050
0.018584
0.018745
0.021362
0.019874
0.019840
0.017309
0.017892
0.016974
0.019093
0.016575
0.017873
0.016558
0.016703
0.015925
0.017200
0.015961
0.023201
0.024201
0.028034
0.018245
0.018680
0.017604
0.018282
0.021688
0.026560
0.018394
0.029445
0.018535
0.018990
0.017380
0.017080
0.016273
0.015465
0.018812
0.015808
0.016741
0.015752
0.017405
0.018199
0.017739
0.026573
0.023060
0.019150
0.016084
0.016376
0.015675
0.015612
0.019557
0.016740
0.015149
0.015933
0.016031
0.015638
0.015374
0.016093
0.016139
0.015994
0.018010
0.018464
0.019201
0.016669
0.018166
0.017874
0.017348
0.020133
0.020737
0.017943
0.021860
0.017958
0.025534
0.015418
0.014798
0.015218
0.017647
0.015175
0.014487
0.014471
0.014477
0.014372
0.014215
0.015580
0.017996
0.015850
0.021752
0.029975
0.022509
0.025751
0.020329
0.024656
0.024322
0.022584
0.019343
0.020312
0.024440
0.021087
0.018011
0.019016
0.018245
0.016817
0.016511
0.016526
0.016041
0.017232
0.015735
0.020447
0.018574
0.024125
