0.014231
0.033722
0.036960
0.032051
0.032686
0.031924
0.034885
0.032441
0.033695
0.028939
0.032136
0.033932
0.032042
0.032318
0.033426
0.031972
0.034761
0.033782
0.033694
0.034037
0.033531
0.022450
0.033699
0.034179
0.030354
0.027710
0.034419
0.033426
0.035223
0.032380
0.032162
0.029835
0.032254
0.026076
0.033521
0.029472
0.023728
0.022566
0.033908
0.034050
0.020570
0.033677
0.034628
0.032726
0.033820
0.033913
0.032807
0.032339
0.017848
0.025732
0.035126
0.032991
0.033694
0.033053
0.033909
0.033871
0.034757
0.027433
0.025761
0.033838
0.032883
0.032943
0.032020
0.032541
0.018704
0.032409
0.031574
0.033615
0.018209
0.029793
0.033490
0.019986
0.028957
0.033109
0.034448
0.019329
0.032888
0.031893
0.034025
0.031414
0.032535
0.032992
0.032794
0.033638
0.018208
0.020513
0.033521
0.031610
0.017000
0.025548
0.025973
0.028756
0.034358
0.032912
0.031905
0.032924
0.036288
0.023473
0.034400
0.034758
0.034341
0.032637
0.026742
0.026687
0.029710
0.034019
0.030025
0.020490
0.018761
0.019610
0.018738
0.019800
0.017811
0.036798
0.025677
0.032550
0.032726
0.027953
0.032776
0.030437
0.022862
0.034573
0.017165
0.032602
0.033912
0.034039
0.022587
0.034261
0.033392
0.022835
0.033812
0.019962
0.032074
0.025235
0.024476
0.018730
0.016083
0.036753
0.033081
0.034677
0.019152
0.033967
0.034302
0.033449
0.037756
0.033287
0.022717
0.033858
0.035092
0.033868
0.035970
0.026114
0.033240
0.034031
0.030716
0.032998
0.034055
0.034472
0.021456
0.033728
0.032670
0.031715
0.029506
0.033450
0.032007
0.033199
0.033024
0.035811
0.017972
0.018594
0.034027
0.033521
0.032383
0.035447
0.019913
0.017623
0.030431
0.033024
0.027061
0.033296
0.033357
0.031050
0.029075
0.018976
0.035952
0.017896
0.019768
0.034237
0.018971
0.016814
0.032748
0.033426
0.034153
0.033781
0.017242
0.034669
0.036221
0.033997
0.019540
0.017381
0.019752
0.021882
0.033294
0.033093
0.034707
0.031378
0.036880
0.033013
0.032891
0.032403
0.018702
0.018134
0.016077
0.020418
0.030650
0.026982
0.020302
0.033783
0.032115
0.034951
0.033682
0.033713
0.017852
0.017569
0.026788
0.033983
0.032537
0.032902
0.034230
0.033008
0.033283
0.032789
0.033058
0.033397
0.034835
0.025455
0.036025
0.033839
0.032773
0.034358
0.033727
0.033003
0.033055
0.031734
0.025515
0.032883
0.032324
0.033580
0.033982
0.027764
0.032686
0.033135
0.033665
0.033254
0.033051
0.022287
0.032650
0.034948
0.025202
0.033928
0.032893
0.034163
0.027792
0.030836
0.033785
0.032860
0.029746
0.032681
0.032482
0.034533
0.026260
0.026638
0.034546
0.036972
0.018121
0.029318
0.027193
0.035444
0.016923
0.032431
0.033442
0.025374
0.034225
0.033475
0.036062
0.030589
0.033585
0.034729
0.032255
0.032745
0.021841
0.032182
0.016413
0.029246
0.033496
0.035158
0.033246
0.021441
0.035773
0.019791
0.019087
0.017152
0.016864
0.033824
0.034138
0.016657
0.032300
0.033393
0.031060
0.027981
0.032655
0.033659
0.017350
0.018405
0.017847
0.018441
0.032669
0.033781
0.030866
0.018966
0.033395
0.032465
0.033022
0.018656
0.033056
0.018668
0.017876
0.023891
0.034007
0.037864
0.018117
0.031052
0.031323
0.032205
0.032373
0.020313
0.033224
0.029249
0.031606
0.016213
0.029413
0.032981
0.028004
0.025307
0.032447
0.033290
0.033459
0.034541
0.026909
0.033855
0.034635
0.027198
0.031288
0.033841
0.034433
0.029902
0.034906
0.033617
0.019445
0.035742
0.032849
0.033212
0.023498
0.029600
0.030750
0.032315
0.018191
0.031704
0.032770
0.032730
0.034191
0.033471
0.020411
0.032985
0.032324
0.019644
0.034434
0.022679
0.034549
0.029034
0.034578
0.017424
0.031395
0.027916
0.034206
0.034181
0.032440
0.020325
0.017691
0.034132
0.029146
0.031869
0.032874
0.035152
0.035452
0.032588
0.031336
0.032896
0.032767
0.032906
0.025647
0.035446
0.031290
0.032574
0.034029
0.032346
0.032555
0.025617
0.033220
0.033443
0.029880
0.033998
0.034392
0.032719
0.032555
0.034372
0.033644
0.033937
0.029092
0.035722
0.031823
0.031669
0.032423
0.033419
0.033875
0.034425
0.034466
0.024056
0.033728
0.033376
0.032756
0.033585
0.028888
0.032394
0.032798
0.032009
0.019194
0.033582
0.032700
0.033912
0.034777
0.033421
0.033288
0.033836
0.032793
0.023812
0.034456
0.034691
0.029284
0.027039
0.035798
0.033290
0.018363
0.033095
0.033152
0.033664
0.024554
0.032646
0.033160
0.034458
0.024183
0.036937
0.035171
0.034974
0.030652
0.033628
0.033620
0.034041
0.033921
0.033390
0.028721
0.032674
0.033262
0.033721
0.033335
0.031672
0.028864
0.034680
0.023955
0.033452
0.028942
0.034835
0.033711
0.034278
0.033111
0.019234
0.032427
0.033845
0.032993
0.023971
0.032554
0.029452
0.024449
0.033027
0.027892
0.031926
0.019968
0.032605
0.026262
0.032817
0.032332
0.032931
0.028087
0.029844
0.033171
0.033234
0.033615
0.028903
0.032453
0.031960
0.032410
0.027322
0.026416
0.021210
0.033076
0.031597
0.035863
0.034327
0.033749
0.032761
0.034660
0.035361
0.035581
0.032020
0.030133
0.028602
0.019937
0.035201
0.034415
0.031476
0.035735
0.017637
0.033845
0.023873
0.033465
0.034216
0.027423
0.034910
0.034767
0.035057
0.016552
0.016637
0.033272
0.033254
0.032144
0.034084
0.033012
0.024747
0.035518
0.032102
0.032924
0.032905
0.032760
0.033393
0.032783
0.027996
0.030943
0.032762
0.033104
0.032923
0.019442
0.034509
0.032684
0.030537
0.032455
0.031459
0.017115
0.032629
0.032713
0.033037
0.033172
0.032933
0.032773
0.022105
0.034033
0.032799
0.031208
0.032900
0.033197
0.033849
0.036234
0.027146
0.033797
0.033740
0.034716
0.035088
0.024261
0.033570
0.034076
0.033091
0.017846
0.018722
0.017489
0.030949
0.033101
0.033050
0.029237
0.033675
0.016576
0.016278
0.017394
0.033047
0.029639
0.022891
0.028748
0.032276
0.031659
0.033349
0.033109
0.017391
0.016903
0.016701
0.035952
0.034204
0.029200
0.025288
0.033326
0.024654
0.032054
0.032250
0.031410
0.030689
0.019394
0.016308
0.034432
0.029441
0.033064
0.033225
0.035109
0.023027
0.016890
0.020559
0.034323
0.031400
0.032713
0.031958
0.034255
0.033747
0.022222
0.034321
0.032916
0.032043
0.033583
0.032120
0.020061
0.032270
0.035669
0.032399
0.016611
0.031983
0.030145
0.031945
0.028023
0.020461
0.016592
0.030426
0.032119
0.033709
0.019898
0.033006
0.032931
0.019969
0.017686
0.017397
0.015812
0.016398
0.024692
0.034016
0.031712
0.033462
0.030973
0.035285
0.024222
0.033153
0.032393
0.033758
0.024700
0.032170
0.030431
0.032061
0.027581
0.016817
0.034268
0.032721
0.031636
0.031931
0.020044
0.033401
0.030816
0.032596
0.029413
0.034515
0.036718
0.032746
0.034363
0.033855
0.031946
0.032581
0.032861
0.032678
0.023690
0.032392
0.033076
0.034570
0.030129
0.017058
0.031778
0.032298
0.022098
0.032362
0.019500
0.017233
0.033258
0.031947
0.021818
0.034203
0.030419
0.021564
0.033633
0.034156
0.032690
0.019666
0.030733
0.032522
0.033599
0.034669
0.033664
0.025317
0.016264
0.027362
0.022166
0.032615
0.033621
0.021764
0.033595
0.021122
0.031813
0.030595
0.032480
0.031897
0.031727
0.024986
0.033669
0.032233
0.031492
0.023878
0.020291
0.034729
0.024538
0.033370
0.032431
0.026181
0.024648
0.032182
0.032578
0.031607
0.031194
0.031167
0.032877
0.032522
0.032351
0.035406
0.030035
0.033437
0.034886
0.031723
0.033179
0.033056
0.031899
0.032642
0.033705
0.024829
0.032759
0.033902
0.017560
0.033188
0.033484
0.033269
0.034653
0.032823
0.023446
0.032948
0.032900
0.033038
0.031459
0.021736
0.033499
0.031664
0.032515
0.031587
0.034349
0.022074
0.020337
0.032296
0.021108
0.033625
0.033146
0.030794
0.035966
0.033193
0.032149
0.032206
0.017322
0.031640
0.031872
0.016520
0.031021
0.033933
0.025972
0.024264
0.031856
0.032135
0.034112
0.033290
0.035475
0.027582
0.033450
0.033357
0.033503
0.033913
0.032392
0.025392
0.033957
0.028479
0.031924
0.033618
0.033725
0.033227
0.033517
0.017813
0.030017
0.033919
0.028610
0.033437
0.032372
0.035633
0.033439
0.033446
0.035992
0.027363
0.033613
0.026465
0.033023
0.025522
0.034645
0.034515
0.034449
0.034187
0.033828
0.033642
0.033433
0.032418
0.033108
0.033243
0.029503
0.034153
0.026436
0.034351
0.026623
0.036803
0.026013
0.019970
0.033950
0.025819
0.033299
0.030462
0.030090
0.028686
0.034477
0.026754
0.033767
0.032799
0.033401
0.028246
0.032319
0.033568
0.031681
0.033095
0.020754
0.026191
0.032389
0.034286
0.033008
0.035886
0.037524
0.029218
0.033637
0.034250
0.032752
0.033893
0.036251
0.027452
0.033793
0.032116
0.033720
0.025112
0.024243
0.024117
0.034004
0.021779
0.031966
0.031948
0.033590
0.023462
0.031843
0.033239
0.032296
0.018118
0.033635
0.029267
0.029472
0.034924
0.025120
0.034416
0.022557
0.033622
0.032226
0.032293
0.033759
0.022290
0.032878
0.035123
0.023938
0.033648
0.033367
0.032602
0.032596
0.033622
0.032032
0.034877
0.032670
0.033695
0.031551
0.030542
0.033302
0.024440
0.033729
0.033237
0.032594
0.032232
0.015920
0.033278
0.034705
0.034520
0.031631
0.027457
0.033957
0.028332
0.034919
0.034371
0.033539
0.032918
0.024948
0.032765
0.031592
0.022469
0.032378
0.033106
0.032730
0.030163
0.019275
0.015756
0.033759
0.029031
0.032152
0.034295
0.023460
0.033047
0.033250
0.034468
0.032325
0.033302
0.033967
0.033666
0.025036
0.033390
0.033144
0.016738
0.032436
0.027761
0.031663
0.027425
0.032853
0.032167
0.031846
0.031228
0.033038
0.033190
0.033963
0.031863
0.018198
0.031754
0.032578
0.031934
0.028165
0.032663
0.033913
0.017733
0.018336
0.032065
0.035942
0.032853
0.033297
0.016384
0.016571
0.032182
0.031851
0.018008
0.032130
0.035406
0.032494
0.018935
0.016621
0.032431
0.032826
0.027804
0.031794
0.031266
0.031228
0.026486
0.024228
0.032923
0.019507
0.027800
0.032326
0.032165
0.032398
0.031846
0.023893
0.020186
0.032568
0.018610
0.031270
0.034021
0.032223
0.031011
0.030908
0.030298
0.017250
0.016515
0.021811
0.031627
0.019699
0.032043
0.032512
0.032162
0.032513
0.032987
0.035291
0.017188
0.020773
0.015509
0.019042
0.023917
0.028148
0.032963
0.033835
0.031842
0.031014
0.025838
0.017111
0.032346
0.018797
0.029480
0.031824
0.032558
0.031381
0.031552
0.032586
0.032494
0.027196
0.022264
0.033645
0.019333
0.015973
0.033139
0.033283
0.032115
0.031000
0.033138
0.019164
0.033927
0.018099
0.028276
0.031072
0.031541
0.016037
0.017101
0.016531
0.032700
0.032735
0.031986
0.033488
0.032527
0.031442
0.018106
0.027397
0.033426
0.015841
0.032574
0.032025
0.032841
0.032277
0.024797
0.032941
0.031170
0.034664
0.027103
0.033126
0.026446
0.031977
0.031933
0.017064
0.033403
0.032527
0.033391
0.017673
0.032371
0.023595
0.031220
0.031339
0.032030
0.028203
0.031375
0.032874
0.017294
0.016354
0.025792
0.028875
0.015620
0.031301
0.027316
0.019145
0.032800
0.032286
0.018317
0.033785
0.032982
0.016207
0.017240
0.032028
0.033271
0.032664
0.033970
0.032820
0.028458
0.033099
0.033095
0.032429
0.028297
0.032611
0.031746
0.032534
0.024481
0.031798
0.021777
0.033850
0.032298
0.018399
0.031269
0.032670
0.022608
0.018403
0.028699
0.017708
0.031820
0.031977
0.015938
0.016201
0.018843
0.034497
0.032119
0.033712
0.021800
0.033545
0.032248
0.021294
0.035140
0.031986
0.033209
0.032588
0.033312
0.033106
0.026225
0.029967
0.032992
0.024716
0.031959
0.033007
0.033097
0.031812
0.031592
0.031332
0.030916
0.030998
0.032680
0.034219
0.031478
0.033879
0.033377
0.023654
0.032798
0.034068
0.032486
0.019678
0.031034
0.033122
0.023527
0.033491
0.029531
0.032966
0.032144
0.032613
0.023656
0.033240
0.027922
0.032057
0.032519
0.032455
0.031548
0.019726
0.033055
0.032872
0.032327
0.032480
0.033133
0.032143
0.031415
0.017070
0.033168
0.035659
0.023479
0.032393
0.031248
0.031862
0.024648
0.032504
0.032577
0.031956
0.015786
0.032941
0.032891
0.031853
0.031832
0.035087
0.031528
0.032291
0.027710
0.032846
0.031875
0.018303
0.029589
0.025609
0.026663
0.031095
0.033271
0.031103
0.033526
0.031977
0.025197
0.019590
0.032565
0.025903
0.032284
0.032478
0.026841
0.023274
0.027852
0.027707
0.032951
0.033753
0.033153
0.031292
0.034000
0.032522
0.033404
0.019800
0.031969
0.033484
0.032566
0.031057
0.029058
0.031684
0.025584
0.019327
0.015477
0.016916
0.032404
0.034326
0.030195
0.017973
0.016062
0.033952
0.020411
0.032357
0.029206
0.034395
0.028536
0.032489
0.032111
0.031869
0.018138
0.031284
0.030474
0.036299
0.033394
0.031391
0.032368
0.031790
0.034210
0.015429
0.032073
0.030946
0.028194
0.031701
0.020625
0.031869
0.032619
0.016841
0.032772
0.032544
0.032959
0.032752
0.027076
0.033152
0.031422
0.019520
0.024923
0.021260
0.015583
0.015746
0.031732
0.030784
0.032740
0.032112
0.034959
0.030572
0.027340
0.030942
0.016160
0.026896
0.031183
0.031607
