546,262,206,96
549,258,206,94
548,256,205,96
550,258,200,95
549,257,199,95
551,258,197,95
550,258,198,95
548,258,198,94
551,259,196,94
548,258,199,94
549,258,196,95
549,258,196,93
548,259,197,95
549,259,196,93
547,259,197,95
547,258,196,93
548,259,197,94
549,256,200,97
548,256,200,93
549,255,197,94
550,256,197,95
548,259,199,92
547,260,198,94
548,262,198,94
544,267,199,94
523,273,190,96
460,272,191,96
362,264,198,95
225,256,230,95
204,255,205,97
207,255,197,97
214,255,195,101
229,259,189,99
243,260,183,96
248,258,183,97
248,258,189,96
246,257,190,96
247,257,193,96
250,258,191,96
250,258,196,96
261,259,195,96
279,259,196,94
295,259,197,93
317,259,200,92
336,260,200,93
354,258,202,93
367,257,204,95
375,258,208,94
387,257,208,96
403,256,215,97
418,257,219,96
431,256,225,96
446,255,225,97
461,257,223,95
482,257,225,94
503,257,230,93
527,257,228,94
535,258,230,92
534,258,229,90
536,258,232,91
539,260,234,88
543,258,233,90
543,259,238,89
545,260,239,88
548,260,238,86
547,261,240,88
548,261,243,87
551,260,241,86
552,260,240,86
555,260,241,86
555,261,240,85
558,261,240,86
560,261,239,85
560,261,240,85
561,261,240,85
561,261,239,85
562,261,236,85
562,261,236,85
564,261,238,85
564,261,236,85
565,262,238,84
565,260,235,85
565,261,237,85
566,261,237,84
567,261,236,86
567,260,235,86
567,260,234,86
567,260,234,86
566,261,236,86
568,260,233,86
567,260,234,86
567,261,232,86
567,260,230,87
567,259,227,87
557,259,230,88
526,259,232,87
479,259,224,87
455,260,229,86
452,259,228,88
453,260,230,87
452,258,227,89
452,259,228,87
452,259,224,87
452,259,226,86
451,258,228,86
451,259,230,86
451,258,230,87
451,259,232,87
450,260,233,86
451,259,233,87
450,259,234,87
450,260,235,87
451,259,233,88
452,259,237,88
452,259,235,88
452,259,237,86
452,260,237,87
452,259,237,87
453,258,238,86
452,259,238,87
453,258,238,87
452,259,237,87
452,258,237,88
452,259,235,88
451,259,235,87
451,259,238,87
452,259,235,89
452,259,235,86
452,258,241,88
451,259,242,87
452,259,239,87
451,259,243,85
452,259,241,87
452,259,243,87
452,259,243,85
453,259,242,88
452,259,241,86
452,259,242,88
452,260,241,85
452,260,237,86
451,260,237,87
450,259,236,86
447,259,242,88
444,260,246,84
446,260,243,87
445,259,245,86
447,259,240,86
449,259,235,86
449,259,235,87
451,259,232,87
451,259,229,88
450,259,231,87
451,259,230,85
452,258,227,86
452,259,226,86
451,259,227,87
453,259,226,86
451,258,227,86
451,258,227,87
451,259,226,86
451,258,227,86
451,259,227,87
452,259,224,86
450,259,227,87
452,258,227,86
452,259,223,87
451,258,226,88
452,259,226,86
451,258,221,87
450,259,223,86
452,258,219,87
450,258,221,87
451,258,219,87
451,258,220,87
449,259,222,86
452,258,220,86
450,258,222,87
451,258,221,87
450,259,223,86
451,258,221,87
450,259,223,86
450,258,223,87
450,258,224,87
451,258,224,86
450,258,224,86
450,258,224,86
449,258,223,86
449,259,221,86
450,258,219,86
450,258,220,86
450,259,215,85
451,257,219,87
449,258,217,86
450,257,214,86
450,257,208,86
451,257,209,85
452,258,209,85
451,258,209,85
451,257,205,85
452,258,202,85
452,258,200,85
451,257,201,86
452,257,198,85
453,258,199,85
452,257,195,85
451,257,197,85
452,258,197,86
451,258,197,85
451,257,196,85
451,257,196,85
451,257,195,85
451,258,194,85
451,257,194,86
452,258,193,85
450,258,193,85
452,258,190,86
451,258,190,86
451,258,189,86
451,258,190,86
451,258,190,86
451,258,191,86
451,258,190,86
451,259,190,86
450,258,191,86
450,258,191,86
450,258,190,86
450,258,191,87
449,259,190,86
441,259,192,88
436,258,192,86
437,258,189,87
436,257,190,86
435,258,191,87
436,257,190,86
435,258,190,86
435,258,190,86
432,258,191,86
431,258,188,86
430,258,190,87
430,258,191,86
429,258,191,87
430,258,190,87
430,258,190,88
430,257,190,87
424,258,192,86
415,258,192,88
404,258,194,90
395,258,197,87
389,259,195,87
382,259,195,89
370,259,197,88
362,258,199,89
363,258,195,86
362,258,198,87
363,258,197,86
364,258,196,86
365,258,198,88
364,258,196,86
365,257,199,87
362,258,200,88
364,256,203,88
362,257,202,89
364,255,206,89
362,256,205,88
362,257,209,87
361,257,208,87
362,256,217,88
361,257,212,90
361,256,213,88
360,256,217,89
360,255,221,90
360,254,222,89
361,253,222,91
360,252,224,91
360,252,224,93
360,251,224,92
360,251,223,94
361,251,224,92
361,251,222,93
361,250,224,93
360,251,222,94
361,250,223,93
360,251,223,93
362,250,223,94
360,251,223,94
361,249,224,93
359,250,224,94
360,250,222,95
360,251,223,94
360,251,224,94
361,250,222,94
360,251,222,94
360,251,223,94
360,251,226,93
359,251,224,95
359,249,225,95
360,249,223,95
359,248,223,96
359,248,223,96
359,248,222,96
360,248,222,96
360,247,222,96
360,249,222,95
360,248,221,96
360,248,221,96
360,248,222,95
360,248,222,95
360,247,222,97
359,246,224,97
359,247,222,97
359,245,221,97
358,245,220,97
357,246,219,97
357,245,221,98
357,246,216,96
358,242,222,100
356,243,223,99
354,244,225,99
354,245,225,97
355,246,220,97
350,248,219,98
348,249,219,97
348,247,216,99
348,249,212,98
345,250,209,95
343,251,204,95
340,253,199,94
340,255,203,92
337,258,185,90
341,258,144,90
340,258,164,91
336,259,176,87
337,259,154,87
338,259,142,89
339,258,142,92
339,255,141,94
339,258,140,92
339,258,138,92
339,256,138,92
343,256,134,92
349,254,126,93
348,254,128,92
347,253,127,93
346,252,132,96
340,252,135,98
337,251,137,103
330,252,138,101
326,253,142,100
321,253,143,100
318,252,144,101
315,251,149,102
314,250,143,104
312,250,151,101
312,248,139,105
309,249,149,103
309,249,143,103
307,249,144,106
306,250,148,103
306,250,148,103
305,250,148,104
306,250,149,104
303,250,151,104
304,251,148,104
304,251,148,103
304,250,149,104
304,251,148,104
302,251,149,103
303,251,152,104
303,251,152,103
302,251,149,102
303,250,151,104
303,251,150,101
304,251,149,105
302,251,150,103
304,251,149,103
303,252,148,100
303,250,146,103
304,251,148,103
303,250,149,103
303,250,149,103
303,249,150,104
303,251,150,101
304,250,149,102
304,250,150,103
301,250,153,101
300,248,155,105
297,248,156,104
298,248,159,104
297,247,157,105
300,249,157,104
307,249,154,105
310,249,159,107
318,249,157,105
337,249,147,105
350,247,148,107
361,249,150,105
363,249,157,106
372,250,155,106
371,248,163,107
370,247,158,106
376,248,157,105
386,246,153,109
406,245,148,109
419,244,155,110
425,246,155,109
425,244,152,110
428,246,155,107
426,245,155,108
425,246,160,108
424,245,155,107
422,243,167,107
421,243,169,109
418,244,171,107
415,248,174,104
412,249,178,100
405,252,184,99
400,253,190,97
395,255,194,95
393,253,196,94
388,255,198,94
387,253,198,97
385,254,196,96
386,253,196,97
386,252,195,100
386,252,195,97
387,252,193,99
388,251,193,100
387,251,193,101
389,251,192,100
389,251,193,100
389,251,191,100
389,251,191,100
390,250,193,100
389,249,190,103
390,249,192,102
391,249,190,103
389,247,191,104
389,247,191,105
391,246,190,105
390,246,186,106
391,246,192,105
391,246,185,106
391,245,192,105
396,249,182,105
395,247,183,107
394,248,183,105
394,249,203,104
394,248,196,105
395,247,204,106
395,249,191,105
395,249,194,103
396,249,189,105
397,250,187,104
397,249,186,106
397,249,184,104
397,250,190,105
397,249,191,104
398,250,190,105
397,249,192,103
399,249,190,105
399,249,191,103
400,249,193,106
400,250,193,103
398,250,197,102
399,249,198,104
400,250,194,103
401,250,196,105
401,250,191,101
401,250,193,103
400,250,192,103
401,250,188,102
402,250,190,101
401,250,192,101
402,250,190,103
401,250,188,104
402,251,186,103
403,252,186,100
402,251,188,101
403,252,185,101
405,253,184,99
406,252,183,100
408,253,182,99
407,253,180,98
411,253,178,99
412,254,177,98
413,253,172,97
415,254,173,97
416,254,171,97
415,253,171,97
415,254,172,96
415,254,172,96
416,254,171,98
415,253,172,98
416,254,172,96
416,254,169,96
416,254,170,97
415,253,176,97
415,254,177,96
414,253,174,97
415,254,174,97
415,253,171,97
416,254,172,96
415,253,172,97
416,254,170,96
415,252,177,98
415,253,179,97
416,253,171,98
416,255,169,96
415,252,175,98
416,253,175,96
416,254,174,96
415,253,171,97
416,254,168,95
417,255,169,96
414,252,171,97
416,253,170,98
414,253,168,97
416,254,170,99
413,252,172,98
411,252,172,100
411,253,174,101
408,253,178,99
407,253,178,99
406,252,179,99
404,251,180,103
401,250,184,105
399,250,185,103
398,249,184,106
396,249,183,104
395,248,192,107
394,248,191,109
394,248,189,108
395,249,191,103
397,250,200,106
396,251,197,101
395,252,189,100
393,251,187,102
393,253,178,103
393,253,161,98
391,254,164,98
390,254,157,98
391,252,152,99
395,253,153,98
396,251,144,100
400,253,141,101
403,254,138,98
409,256,132,97
414,256,130,98
415,258,137,94
419,260,135,92
420,263,137,88
420,264,140,87
419,264,142,89
418,265,143,88
420,267,135,86
423,268,133,86
421,271,132,82
421,271,131,82
421,273,129,80
420,272,132,81
422,275,130,80
421,273,129,80
421,272,128,81
422,273,128,82
421,272,129,80
421,272,130,82
421,272,130,81
423,273,127,82
421,272,131,81
421,272,133,81
421,272,132,80
422,273,130,80
422,272,131,80
422,272,130,80
423,271,137,81
421,273,132,81
543,269,151,83
560,272,137,81
574,272,145,79
581,272,143,83
587,271,142,82
598,272,143,83
603,271,142,82
608,271,142,82
613,272,142,81
620,273,146,81
626,273,144,80
631,272,145,80
634,274,145,80
637,272,149,81
641,273,155,80
644,272,158,81
648,272,155,80
651,272,150,81
655,274,147,80
662,273,150,80
664,273,144,80
666,274,140,79
667,274,140,79
670,274,146,80
673,275,137,79
676,275,148,80
677,274,151,80
678,274,153,79
678,275,151,79
677,275,162,80
680,274,150,79
677,275,151,79
681,276,143,79
691,278,149,79
697,276,153,78
701,277,148,79
704,276,149,79
708,277,150,79
711,276,151,79
714,277,148,79
716,276,149,79
719,276,149,79
724,278,152,79
730,277,152,80
735,276,151,81
739,275,153,81
744,275,151,81
748,276,153,80
750,276,153,81
752,276,152,81
756,275,148,79
760,276,150,81
770,275,148,81
779,276,155,82
789,274,152,82
792,274,164,83
793,274,158,79
792,274,160,81
794,274,159,80
793,273,158,80
792,273,162,80
793,272,159,80
793,272,158,81
793,272,157,81
793,272,159,82
793,272,160,81
792,272,157,82
794,272,157,81
793,271,157,82
794,271,157,82
793,272,152,81
793,272,155,80
792,272,152,80
793,272,162,80
794,272,155,80
794,272,153,81
794,273,160,81
795,273,157,80
795,272,157,80
795,272,153,81
793,272,152,81
794,272,159,80
793,273,157,81
795,273,156,80
794,273,156,81
794,273,157,80
794,273,156,81
795,273,155,80
794,273,152,81
794,273,156,80
796,272,153,81
795,273,154,80
796,273,155,80
795,273,155,80
796,273,154,80
796,273,152,80
796,274,159,80
796,272,157,80
795,273,154,80
796,273,154,80
796,273,154,80
795,273,151,79
796,274,157,80
796,273,158,80
795,273,155,80
795,274,155,79
795,274,155,80
794,274,158,78
790,274,158,80
787,273,163,80
787,273,159,80
786,274,162,81
787,274,163,80
786,273,161,80
785,274,161,81
786,274,163,80
785,274,161,80
784,274,161,81
786,274,161,80
780,274,164,80
766,274,150,80
733,276,158,81
701,275,141,78
685,276,141,82
684,276,139,79
684,275,140,80
683,276,147,80
684,277,149,78
686,277,153,77
686,275,150,78
684,275,152,78
685,276,148,78
685,276,146,78
686,277,139,78
685,276,138,78
686,276,144,79
686,277,138,77
685,276,137,77
686,277,141,77
685,277,142,76
685,277,145,77
686,277,145,77
685,277,143,77
685,277,145,76
686,277,142,77
685,277,143,76
686,277,147,76
687,277,139,77
685,276,144,77
685,277,145,77
685,276,143,77
687,276,147,77
686,277,141,76
686,277,147,77
686,277,142,77
686,277,143,76
686,278,151,76
686,277,143,77
686,277,143,76
686,277,140,76
686,277,148,77
685,278,140,76
686,278,146,76
685,278,142,76
685,278,153,76
686,277,149,77
686,277,145,78
691,276,144,79
698,275,145,80
710,275,140,82
720,275,138,83
725,273,139,83
724,274,141,82
724,274,140,81
724,274,141,81
724,274,141,82
730,275,141,80
740,276,134,81
750,275,142,81
754,275,142,82
761,274,141,84
759,274,145,83
758,275,147,82
758,274,145,82
760,274,146,81
759,275,147,81
759,275,147,81
758,275,153,81
759,276,147,80
759,275,149,81
759,275,153,80
759,276,149,80
758,276,151,81
759,275,151,81
758,275,159,80
758,275,155,80
758,276,154,79
757,277,151,79
758,277,154,78
757,276,144,78
758,277,132,79
758,276,140,80
758,276,140,78
758,277,140,79
758,276,131,79
758,276,143,78
759,277,145,78
759,277,136,77
758,276,154,78
757,277,157,76
758,276,157,76
758,277,164,76
759,276,152,75
758,276,157,77
758,277,153,76
761,275,154,77
759,275,161,78
759,274,157,78
759,273,158,79
760,269,153,82
759,268,152,84
759,265,146,88
758,266,152,86
758,265,153,88
757,263,161,90
758,263,138,90
760,264,138,88
759,261,143,92
758,263,143,89
761,263,134,90
762,262,139,90
761,263,134,91
760,262,151,91
760,262,154,92
760,263,149,91
762,262,144,92
762,261,148,92
761,261,142,92
762,263,144,91
762,260,142,92
761,262,147,90
761,261,150,93
762,261,150,93
760,262,148,91
760,261,154,93
760,258,159,94
759,256,136,97
743,255,163,97
725,260,182,93
706,260,200,95
694,259,213,97
674,257,215,96
657,262,256,96
640,265,217,91
633,269,252,87
615,268,258,92
586,267,256,92
572,262,246,95
558,260,242,97
546,259,236,97
535,260,232,95
511,261,226,97
498,260,223,100
493,259,206,100
483,267,202,93
465,270,203,91
434,271,226,88
424,269,228,92
421,268,223,93
405,266,228,90
392,269,220,87
378,268,216,87
365,267,212,88
349,267,212,90
332,267,212,90
323,268,210,90
314,267,206,89
301,266,206,90
290,267,214,90
278,268,217,90
268,268,224,90
260,270,224,88
251,270,235,87
253,272,231,85
252,271,230,84
246,269,233,87
258,271,225,87
261,268,227,88
269,264,217,91
274,264,221,93
273,265,215,91
271,265,207,91
271,263,200,92
269,262,200,93
276,263,195,94
283,261,195,94
294,261,190,94
303,260,193,95
310,262,192,93
315,260,190,94
320,262,190,93
324,260,188,94
327,262,188,92
328,261,188,93
328,261,187,93
328,261,187,93
327,261,187,94
325,260,189,94
322,260,192,95
318,261,196,93
315,259,198,95
311,259,201,95
310,264,203,91
307,260,208,93
309,264,202,89
309,262,208,91
307,260,204,93
308,263,204,91
311,262,209,91
315,264,209,88
321,265,210,88
320,266,212,86
320,268,213,84
316,269,218,84
311,270,218,82
307,269,219,83
304,271,211,82
303,270,209,82
298,270,205,82
302,270,205,82
296,270,208,81
298,271,208,82
292,271,214,83
292,270,205,83
291,269,196,82
290,270,190,83
289,272,184,82
291,271,181,81
289,270,177,82
289,269,180,82
290,270,183,82
293,269,177,81
287,269,193,83
291,270,185,80
300,270,179,81
308,270,164,78
306,269,158,81
309,270,154,79
307,270,152,79
308,270,150,78
308,270,150,78
311,269,149,78
311,269,148,78
317,270,145,79
321,269,140,79
325,270,131,79
330,270,126,79
332,271,121,76
334,271,117,76
334,272,109,75
331,271,109,77
326,270,111,77
325,268,108,81
324,268,102,80
325,268,98,79
326,269,93,79
329,269,90,78
332,271,89,77
336,269,86,78
339,271,87,77
340,269,85,78
340,269,85,78
340,268,85,80
339,267,86,80
339,266,83,81
338,266,84,82
336,265,84,81
336,265,85,82
335,265,86,82
334,264,85,82
334,264,85,83
334,264,83,83
334,262,82,84
334,264,82,82
335,264,82,82
335,263,83,83
335,263,83,83
336,262,82,84
336,263,81,84
335,263,82,84
334,263,82,83
335,264,82,83
334,263,83,83
334,264,85,84
333,264,86,83
333,265,87,82
333,265,86,83
334,266,86,82
333,266,86,82
333,266,86,82
333,266,86,81
331,266,87,81
332,266,87,80
330,266,88,81
330,267,89,80
330,267,88,80
330,267,88,79
329,267,88,79
329,266,88,79
329,266,88,79
329,267,88,79
329,267,87,80
330,267,87,79
331,267,86,80
330,267,87,79
331,267,87,79
333,267,85,80
331,267,86,79
331,267,87,79
330,267,87,79
329,267,88,79
330,267,89,79
331,267,87,79
331,267,87,79
332,267,86,80
333,267,87,80
333,267,84,81
333,266,86,80
334,267,85,79
334,267,87,79
333,268,87,79
333,268,86,79
335,269,84,78
333,269,85,78
334,269,84,78
335,268,82,78
334,269,80,78
334,268,80,78
334,268,79,78
332,268,81,78
333,268,78,78
331,269,77,77
335,270,71,77
337,270,68,76
337,272,65,75
337,271,63,74
339,272,61,72
340,273,57,72
341,274,55,71
342,275,54,71
343,276,51,69
343,277,50,68
343,277,50,67
345,277,49,68
346,277,45,68
346,278,44,67
345,277,43,68
347,278,41,68
345,276,41,69
345,277,42,68
343,278,44,68
342,276,44,70
341,280,44,66
341,280,43,65
342,281,42,65
342,279,41,65
343,280,41,66
345,279,38,66
344,278,39,67
345,278,40,66
345,280,42,64
346,283,42,62
345,282,43,63
345,282,45,63
346,283,48,62
346,284,49,60
347,283,48,61
346,283,50,61
347,282,53,63
347,281,54,64
348,281,56,64
348,282,59,63
350,282,61,63
349,282,62,63
350,282,63,63
351,283,64,63
351,283,67,64
351,282,65,64
353,283,76,63
356,282,63,64
360,281,65,64
362,281,75,63
362,280,82,65
360,280,72,66
363,280,72,65
362,280,69,65
363,280,83,65
359,280,67,66
364,280,69,64
366,280,97,61
367,282,101,60
361,280,106,62
379,281,93,64
367,281,100,63
458,280,99,56
506,272,90,60
515,273,86,53
526,272,92,54
525,271,95,53
525,270,93,55
523,271,93,55
524,273,91,52
525,272,89,55
522,273,91,53
522,274,92,53
524,274,92,53
524,270,93,54
524,271,95,56
525,272,97,51
526,269,93,55
524,270,96,55
525,271,94,53
524,271,93,54
523,272,93,54
522,274,89,53
517,272,93,53
523,276,87,50
521,269,89,55
523,274,89,54
518,274,93,52
519,275,90,51
514,274,92,53
527,270,93,53
522,269,94,57
526,270,96,55
523,269,92,56
525,271,96,55
525,270,95,53
523,269,95,56
525,271,95,54
524,269,94,56
527,271,94,54
523,270,93,55
525,274,92,53
527,270,92,53
523,268,92,57
527,269,97,56
523,269,93,55
525,273,92,53
524,271,91,53
523,271,89,54
522,275,92,53
521,273,92,52
520,275,91,53
524,271,92,54
524,272,89,54
524,271,89,54
524,273,91,53
521,271,92,53
523,274,91,53
516,274,93,52
511,276,94,52
519,274,91,55
517,274,91,53
515,275,93,50
512,274,94,52
522,273,90,52
513,272,93,53
523,274,90,53
512,273,94,53
522,274,91,52
514,272,93,53
520,275,88,51
512,270,95,55
521,273,90,54
515,272,95,52
516,275,92,52
515,273,94,51
522,274,89,53
513,273,93,53
523,274,89,53
515,272,93,53
521,275,88,51
508,271,95,55
524,271,94,54
521,271,95,54
522,273,96,52
519,273,94,52
517,273,94,53
518,274,89,52
511,274,94,53
522,273,89,55
515,274,91,51
523,273,89,53
518,273,90,52
515,275,92,52
523,273,90,52
516,272,91,53
521,274,88,51
510,274,93,54
524,270,90,54
521,272,91,54
517,273,92,53
513,275,90,50
522,272,93,55
522,274,95,53
525,272,94,54
525,273,97,53
526,271,99,55
523,271,97,54
525,271,98,54
526,269,98,55
521,271,96,54
526,273,97,55
524,272,95,53
525,272,95,54
528,270,96,55
523,269,95,55
525,273,96,54
526,272,98,54
525,270,97,54
521,271,97,55
527,271,94,54
524,271,97,54
527,271,96,54
522,271,95,55
526,273,94,54
527,271,96,54
521,270,95,55
527,271,95,55
523,270,98,54
526,271,95,54
525,269,97,55
523,271,97,55
524,273,96,53
526,270,96,54
521,271,96,55
527,271,96,55
522,271,96,54
525,271,96,54
523,271,99,54
525,272,95,54
523,271,97,53
523,271,97,55
522,271,97,54
524,272,96,54
526,271,96,54
521,270,97,56
527,268,93,56
526,265,93,59
525,269,90,56
526,265,93,59
525,267,91,58
526,268,93,57
527,265,95,59
527,266,94,59
524,266,95,58
525,268,91,57
526,267,93,58
526,266,95,57
524,266,95,59
525,266,96,58
524,266,98,58
525,267,97,58
526,265,97,59
525,266,96,58
525,267,97,58
525,267,96,58
525,266,95,58
525,268,92,56
528,268,93,58
526,264,94,59
526,267,93,58
525,267,95,57
525,267,94,58
525,268,95,57
527,266,94,57
524,265,94,59
525,269,91,56
528,268,94,57
525,265,92,59
526,269,91,56
528,267,95,58
525,265,96,59
525,266,97,58
524,267,95,58
524,268,94,57
529,268,94,55
525,268,91,57
528,266,94,58
525,267,96,58
527,267,95,57
526,264,93,59
527,267,91,58
525,266,92,58
526,267,92,58
527,267,93,57
526,264,93,59
526,266,90,59
528,266,95,59
525,267,95,58
528,266,93,57
526,265,92,59
527,266,92,59
528,268,92,57
526,263,93,59
525,267,92,58
529,266,93,57
525,266,92,58
527,268,92,58
527,265,94,58
528,266,92,58
527,267,92,57
527,265,92,58
528,266,91,57
527,265,92,58
527,267,92,57
526,265,92,58
528,268,93,57
526,264,93,59
527,266,92,58
526,267,94,57
526,266,94,58
527,267,94,57
526,267,93,57
527,265,92,58
528,267,90,58
526,265,91,58
527,268,92,56
529,265,93,59
526,266,92,57
526,268,91,56
526,265,95,58
527,268,90,57
527,266,92,58
526,268,92,57
528,265,94,58
526,268,90,57
528,268,91,57
526,265,92,59
527,269,92,56
526,265,93,59
527,268,91,57
528,265,94,59
525,267,92,57
529,268,93,55
525,266,91,58
527,269,92,56
526,270,90,56
528,272,88,55
527,270,87,57
528,271,87,55
528,270,85,56
528,270,85,57
528,271,84,57
529,270,83,57
529,270,85,56
528,270,85,56
529,271,85,56
528,270,87,57
528,270,87,57
528,271,87,56
530,270,87,56
527,270,88,56
527,271,86,56
526,270,87,57
528,272,87,55
