0.014251
0.032976
0.019052
0.033231
0.031903
0.032485
0.032342
0.015949
0.032779
0.028781
0.030502
0.029149
0.023188
0.034158
0.028151
0.031651
0.032531
0.022499
0.021360
0.027939
0.031564
0.020755
0.034812
0.030977
0.032426
0.032439
0.026590
0.032127
0.030763
0.021234
0.031327
0.031504
0.020852
0.024124
0.032202
0.030338
0.031569
0.031584
0.028816
0.018400
0.020151
0.026511
0.032152
0.032560
0.032648
0.019227
0.016837
0.033824
0.033034
0.034007
0.033709
0.031155
0.032565
0.031233
0.026768
0.024480
0.032601
0.031312
0.031267
0.032056
0.030813
0.032156
0.031599
0.032086
0.031115
0.027460
0.032448
0.019813
0.032234
0.016012
0.036101
0.029605
0.032490
0.019447
0.031622
0.032646
0.032093
0.024755
0.035289
0.020706
0.029109
0.032290
0.031042
0.032873
0.032106
0.032696
0.032202
0.032314
0.032163
0.031571
0.034272
0.031980
0.032585
0.032825
0.031880
0.026047
0.031216
0.020547
0.032742
0.032385
0.033486
0.028519
0.031400
0.031257
0.026968
0.026051
0.033532
0.032935
0.033193
0.031631
0.031825
0.031914
0.032042
0.033054
0.031282
0.032274
0.024398
0.018294
0.019917
0.032640
0.030815
0.035020
0.025957
0.033131
0.020731
0.018359
0.033745
0.030656
0.026911
0.032089
0.025776
0.033311
0.025276
0.017052
0.030816
0.019549
0.032474
0.034778
0.033431
0.031736
0.032068
0.031364
0.033059
0.028118
0.016119
0.016398
0.021372
0.035368
0.032592
0.022484
0.033411
0.033090
0.031252
0.032165
0.031122
0.018218
0.030907
0.030477
0.030371
0.032138
0.026686
0.028146
0.031330
0.034366
0.031449
0.031812
0.030998
0.032646
0.033736
0.032712
0.026303
0.032135
0.031688
0.033425
0.017112
0.034355
0.032366
0.016109
0.032757
0.015039
0.032674
0.029510
0.017518
0.031581
0.032384
0.032742
0.028187
0.015311
0.036470
0.031978
0.031395
0.020845
0.016750
0.016644
0.017938
0.028129
0.027313
0.024836
0.033356
0.033976
0.032719
0.032343
0.033450
0.032525
0.025584
0.032259
0.032001
0.015735
0.015616
0.027471
0.032336
0.035419
0.034421
0.016436
0.035224
0.031332
0.032069
0.017280
0.032658
0.032158
0.027723
0.034157
0.031448
0.024013
0.031578
0.018776
0.032398
0.033543
0.032228
0.031530
0.029207
0.034179
0.031870
0.030300
0.032503
0.017247
0.019475
0.032496
0.015660
0.031641
0.032117
0.033021
0.031787
0.033338
0.031826
0.030841
0.029226
0.022633
0.032197
0.032182
0.034027
0.023679
0.028354
0.032213
0.036222
0.032766
0.032556
0.031866
0.032827
0.031917
0.031330
0.031890
0.030802
0.030489
0.031126
0.037568
0.018527
0.031965
0.017138
0.025604
0.033412
0.031431
0.031122
0.027978
0.031927
0.017245
0.024671
0.032643
0.035618
0.033015
0.033171
0.032052
0.028350
0.034599
0.033454
0.032169
0.028839
0.031812
0.035930
0.033066
0.032729
0.018094
0.035407
0.018821
0.023651
0.015752
0.024585
0.016699
0.036587
0.034969
0.016215
0.020168
0.035119
0.033038
0.030872
0.019824
0.016577
0.016558
