584,308,39,97
580,303,38,101
578,303,36,101
573,303,40,104
571,305,42,102
565,305,45,102
562,306,47,101
560,306,47,101
558,307,46,101
558,307,43,100
556,307,41,99
554,306,39,98
550,303,39,99
547,303,40,98
546,302,38,97
542,302,41,98
537,303,46,98
533,304,48,98
531,304,48,96
530,309,48,96
529,308,47,96
528,308,45,99
527,309,42,99
524,308,40,99
521,307,39,98
518,306,39,98
518,306,37,98
516,305,37,97
510,307,41,96
508,307,43,96
506,306,42,96
504,306,42,95
504,303,41,98
503,301,38,95
499,299,39,97
497,296,39,95
495,295,39,95
493,296,37,93
490,296,38,94
486,294,42,93
482,293,45,94
481,291,45,92
480,289,46,94
477,287,47,94
475,284,44,92
473,281,40,92
469,276,38,92
466,273,37,93
464,268,37,93
460,267,40,95
458,262,39,94
455,262,40,89
451,261,41,91
448,262,43,93
446,264,44,95
445,265,45,99
444,265,43,101
442,266,39,96
440,267,37,97
436,265,37,101
432,263,38,93
426,262,39,92
422,263,42,96
419,262,43,97
415,264,46,97
415,264,43,87
412,262,43,93
408,262,43,89
408,261,40,89
404,262,38,87
402,262,36,87
400,259,37,91
398,259,35,90
396,258,36,91
392,256,38,91
389,258,39,87
386,257,41,88
384,257,40,88
385,255,39,90
384,255,36,85
382,255,34,89
379,257,35,88
380,260,36,86
382,262,35,88
381,263,37,88
379,264,38,90
377,265,39,88
374,265,40,86
373,264,41,86
372,262,41,86
370,260,41,86
369,258,39,85
368,256,38,85
367,257,34,85
366,257,35,85
364,256,34,85
361,255,35,86
360,256,36,85
358,257,35,83
355,256,37,83
354,256,37,83
352,256,37,83
350,257,36,83
349,256,35,82
347,256,35,85
344,257,35,83
344,257,35,81
343,258,34,82
341,258,35,84
339,258,36,84
338,259,36,83
336,261,36,83
334,262,35,82
332,262,36,82
330,264,35,81
328,264,35,81
326,263,34,81
324,264,33,82
323,262,33,82
321,261,32,81
319,261,33,82
317,259,34,83
314,258,35,82
313,257,35,81
312,256,35,81
312,256,33,81
312,256,33,78
310,256,32,79
309,257,32,78
307,256,32,78
306,255,32,79
306,256,32,79
307,255,35,79
311,253,35,78
315,251,36,78
322,248,36,79
327,246,36,78
330,242,36,79
335,241,34,80
342,242,33,79
349,245,32,79
357,248,31,79
365,249,32,80
368,251,34,82
369,255,34,83
368,258,35,83
368,262,36,81
371,264,37,81
374,265,38,83
378,266,36,81
382,267,36,81
385,270,35,80
386,270,36,81
388,275,35,81
385,276,37,83
384,278,35,82
380,281,37,82
373,281,41,84
376,280,37,82
372,280,38,84
371,277,38,84
367,276,38,85
363,276,39,88
361,276,38,87
358,276,38,88
355,276,38,88
352,274,37,90
347,274,38,89
341,274,39,88
337,271,38,89
331,271,38,88
328,269,38,87
326,267,39,88
325,265,39,87
321,263,42,89
321,264,41,86
319,263,41,87
320,264,40,85
317,263,40,86
316,265,40,86
316,265,40,86
316,264,40,86
316,265,38,85
315,263,40,87
317,264,41,87
316,262,39,87
319,263,40,88
317,262,38,84
319,261,41,89
318,260,40,87
320,261,41,88
320,261,40,87
321,262,40,87
319,262,40,87
323,264,38,86
323,262,39,89
323,263,39,88
323,264,39,88
324,263,38,89
323,263,37,89
323,263,37,88
323,264,37,88
323,263,37,89
322,264,38,88
323,262,36,89
323,261,36,89
323,262,35,88
283,252,29,88
323,263,34,88
284,253,29,87
286,254,29,89
323,262,36,88
282,253,31,88
324,262,35,89
283,254,31,89
322,262,36,89
321,261,37,90
320,262,38,89
318,264,40,88
318,263,40,89
316,265,40,89
319,265,39,90
318,264,38,89
318,265,39,89
317,263,39,89
317,262,38,89
318,264,39,88
318,262,38,88
317,264,40,89
316,265,40,89
318,265,39,89
317,266,39,91
315,266,41,90
317,267,40,90
316,266,40,90
315,267,40,90
315,265,39,86
314,265,39,89
316,265,38,89
316,265,39,88
314,267,39,89
314,266,39,87
315,268,38,88
314,268,39,89
316,268,38,89
315,268,39,91
316,268,38,90
315,269,37,89
315,269,38,88
314,269,38,89
315,269,37,90
316,268,37,90
314,267,37,90
315,267,37,89
314,268,37,89
313,268,37,88
314,268,37,88
314,268,37,88
314,268,37,88
313,268,37,88
313,269,36,87
312,269,36,87
312,269,36,87
312,270,35,86
311,271,35,85
311,271,34,86
310,271,35,86
310,271,36,85
310,271,36,84
309,272,36,84
308,272,36,83
308,271,36,85
306,272,37,82
307,270,36,85
306,272,37,83
307,271,36,84
306,271,36,84
307,271,36,84
307,271,35,83
308,270,34,84
308,270,35,84
307,269,35,83
306,269,36,84
306,268,36,85
304,267,37,85
303,267,37,84
305,268,37,84
303,266,37,86
302,264,37,86
303,262,37,85
304,262,35,83
302,262,37,84
303,263,35,83
301,263,37,83
302,262,37,83
300,264,37,82
302,265,38,83
301,264,37,84
302,265,38,84
301,263,38,85
301,262,38,85
298,262,39,85
298,263,37,81
297,264,40,84
297,267,39,84
296,268,38,85
298,269,38,84
297,268,37,85
296,267,37,85
295,265,38,86
293,263,39,86
292,262,39,85
292,262,38,84
291,261,39,84
292,261,36,82
292,260,37,82
292,259,37,82
290,260,38,83
290,260,38,83
288,263,39,83
287,267,39,83
287,270,38,83
286,275,39,83
287,278,37,81
286,280,39,82
284,280,39,83
313,278,36,79
285,281,38,83
288,283,40,80
286,282,42,82
289,284,42,78
288,283,38,82
288,280,36,78
287,279,41,80
287,278,37,82
290,274,38,80
289,277,39,83
294,274,38,78
292,276,38,74
294,277,37,73
292,279,37,72
292,279,37,73
291,280,36,72
288,279,36,73
286,279,37,75
284,276,38,76
284,276,39,79
284,278,38,78
283,278,38,79
283,277,38,80
280,274,40,82
283,276,40,81
285,276,39,82
282,274,41,84
285,280,37,81
282,278,38,84
284,277,38,83
283,277,37,86
285,277,37,85
284,280,38,85
284,282,38,86
283,283,39,87
282,286,37,84
283,288,38,86
281,289,38,86
284,291,39,86
281,292,38,88
283,294,40,87
281,296,39,88
283,301,38,87
282,303,38,88
283,306,38,87
283,308,40,86
283,310,38,84
284,311,39,85
284,312,38,85
282,311,38,84
278,308,40,84
281,305,39,82
274,301,42,84
252,286,35,92
283,295,38,82
239,279,39,90
282,286,38,77
239,274,38,87
238,260,35,97
243,269,40,86
248,267,36,85
246,256,38,91
169,250,36,84
93,241,31,78
88,231,32,80
85,233,30,78
84,232,31,76
86,226,31,75
88,227,32,72
93,225,30,73
97,217,31,77
97,216,32,77
97,217,33,76
101,224,29,69
100,223,30,73
166,244,33,68
175,244,35,67
117,236,30,68
120,231,30,74
124,236,29,71
125,237,32,74
125,243,32,71
123,243,31,70
122,242,30,74
122,239,33,80
118,234,35,78
190,256,30,69
123,258,29,61
104,236,29,71
99,234,30,74
98,232,35,79
92,229,34,74
93,231,33,71
110,252,31,59
104,244,32,63
88,231,33,72
41,241,28,58
42,239,27,61
40,240,26,62
39,242,26,59
40,243,26,59
41,243,27,60
38,245,26,58
39,244,27,61
37,245,26,60
37,244,26,60
36,245,27,60
34,245,25,61
36,244,26,60
33,244,27,60
37,244,26,60
31,244,26,60
33,243,29,60
72,229,29,64
33,246,26,58
30,244,27,60
28,244,34,63
0,250,30,96
68,228,29,66
68,227,31,58
67,229,27,58
66,232,28,60
65,230,30,67
61,229,30,63
63,237,30,62
62,231,29,64
61,233,29,64
60,231,30,63
58,231,29,63
57,230,31,62
56,229,29,60
20,246,30,58
54,231,28,62
52,227,29,58
49,227,32,60
17,246,29,58
17,245,32,62
52,230,28,61
15,243,31,58
14,242,29,52
12,242,31,51
50,225,29,61
15,242,27,54
14,240,33,50
13,243,28,54
48,226,28,56
41,214,30,62
42,219,31,64
4,240,33,56
41,219,31,62
7,238,30,56
40,217,30,61
7,238,29,56
4,234,31,58
2,233,31,57
4,236,32,55
2,234,29,58
0,232,28,60
0,227,27,61
0,225,23,59
