0.001309
0.018758
0.018378
0.033116
0.032102
0.021399
0.039029
0.034591
0.030276
0.017201
0.017444
0.030106
0.018328
0.021451
0.018178
0.019011
0.017260
0.018835
0.017229
0.018588
0.016546
0.016018
0.019753
0.029002
0.034431
0.034208
0.033408
0.034071
0.020502
0.036223
0.036886
0.020254
0.019297
0.020122
0.017430
0.020123
0.026181
0.033402
0.031412
0.022609
0.035095
0.028693
0.033794
0.017547
0.017950
0.030966
0.034364
0.017205
0.019558
0.019555
0.017514
0.017686
0.018637
0.018265
0.018843
0.021844
0.017770
0.018340
0.017589
0.021469
0.018471
0.015990
0.015635
0.031689
0.027370
0.034054
0.032436
0.034527
0.032177
0.033674
0.024618
0.017941
0.019997
0.020169
0.020376
0.032381
0.025967
0.026623
0.025169
0.035578
0.029737
0.045849
0.024668
0.036546
0.024688
0.027216
0.044786
0.038104
0.036235
0.025296
0.047083
0.040935
0.044112
0.024648
0.034767
0.045448
0.045039
0.031279
0.017969
0.018555
0.036109
0.034472
0.026224
0.034317
0.068564
0.020305
0.019237
0.022384
0.029759
0.037290
0.033518
0.027263
0.034088
0.032529
0.032909
0.023289
0.022449
0.034279
0.015709
0.031492
0.032523
0.021019
0.020847
0.032394
0.016602
0.018041
0.018683
0.034207
0.026067
0.016402
0.030916
0.014686
0.034672
0.026643
0.029119
0.033558
0.016693
0.032497
0.018931
0.017626
0.016957
0.018142
0.018292
0.018600
0.021194
0.023108
0.039638
0.032743
0.019481
0.017943
0.020407
0.020386
0.032584
0.033030
0.028811
0.024868
0.027980
0.021295
0.016673
0.019459
0.018110
0.018095
0.032902
0.019912
0.018407
0.017915
0.017246
0.018151
0.019576
0.019932
0.019470
0.016175
0.020865
0.023121
0.035969
0.041846
0.026689
0.046355
0.034904
0.019511
0.023281
0.034358
0.030998
0.025438
0.026026
0.036663
0.033449
0.026137
0.017839
0.030899
0.017593
0.027723
0.016612
0.018218
0.017212
0.019855
0.015759
0.018193
0.016872
0.019163
0.016509
0.020162
0.017591
0.028397
0.032615
0.022993
0.037706
0.032675
0.025461
0.019266
0.017402
0.020020
0.021658
0.017268
0.016437
0.032333
0.035240
0.018736
0.016517
0.036815
0.032273
0.029896
0.036130
0.035384
0.040676
0.030379
0.023234
0.019039
0.034097
0.034800
0.032074
0.020010
0.015665
0.019485
0.019500
0.016803
0.027839
0.034500
0.031635
0.032104
0.033176
0.033220
0.034013
0.017326
0.019852
0.025975
0.017971
0.029898
0.033544
0.025249
0.033901
0.031225
0.026417
0.034088
0.018888
0.022441
0.035072
0.034977
0.021231
0.049507
0.029584
0.033014
0.024461
0.019686
0.029058
0.020995
0.029753
0.017723
0.032388
0.019254
0.032979
0.029135
0.020549
0.036790
0.019650
0.017350
0.019409
0.040266
0.034282
0.038929
0.041928
0.017793
0.019310
0.032440
0.036145
0.024111
0.036010
0.033598
0.034729
0.029500
0.033244
0.019383
0.017000
0.018922
0.019574
0.029855
0.043782
0.028813
0.029609
0.034091
0.033773
0.034634
0.020823
0.032984
0.034281
0.030711
0.033600
0.019279
0.018186
0.018746
0.017816
0.034539
0.016651
0.019214
0.033028
0.022991
0.027020
0.026291
0.033087
0.017524
0.021147
0.034606
0.034788
0.036836
0.020747
0.025488
0.016984
0.016737
0.017678
0.016709
0.019428
0.032372
0.032925
0.034070
0.032227
0.036469
0.017277
0.016602
0.019283
0.017498
0.016791
0.016219
0.017696
0.021271
0.018722
0.018847
0.025611
0.016654
0.034137
0.033494
0.036041
0.033733
0.032907
0.033614
0.018113
0.016801
0.016932
0.016920
0.017394
0.018182
0.022461
0.018975
0.018684
0.019814
0.017969
0.032797
0.036036
0.033906
0.035871
0.019727
0.017959
0.019265
0.015532
0.026484
0.020421
0.016484
0.036405
0.041133
0.031868
0.045393
0.019541
0.032662
0.019451
0.021151
0.034606
0.020371
0.017108
0.018403
0.020221
0.037292
0.019669
0.019919
0.018636
0.018836
0.035317
0.019571
0.033803
0.036489
0.016082
0.020290
0.016969
0.017957
0.019924
0.016937
0.025058
0.018147
0.019077
0.018070
0.018319
0.017288
0.020241
0.033110
0.031740
0.025867
0.033907
0.031013
0.027219
0.018955
0.021326
0.017667
0.021215
0.023472
0.016346
0.022416
0.035812
0.034399
0.031894
0.036226
0.020338
0.026089
0.030877
0.016443
0.016730
0.020558
0.019844
0.017691
0.017074
0.015820
0.022094
0.030495
0.033544
0.031281
0.027168
0.029811
0.031702
0.028803
0.018598
0.017587
0.034183
0.017144
0.016469
0.016905
0.021980
0.034367
0.033011
0.031715
0.029900
0.034148
0.035928
0.033325
0.019032
0.026519
0.019505
0.033021
0.019803
0.017356
0.018155
0.019134
0.016159
0.017568
0.019099
0.019531
0.031407
0.045521
0.036580
0.030189
0.032428
0.034141
0.018327
0.017624
0.016980
0.026496
0.037800
0.029307
0.037704
0.022650
0.020570
0.018424
0.017842
0.024156
0.032510
0.019087
0.021746
0.020295
0.017589
0.035008
0.028065
0.018934
0.024232
0.018842
0.019672
0.018463
0.020484
0.020436
0.034774
0.034836
0.033715
0.017343
0.017277
0.017299
0.022013
0.018152
0.021078
0.018615
0.034499
0.033979
0.033385
0.022932
0.037659
0.033260
0.024782
0.033174
0.032033
0.020250
0.028876
0.017111
0.018066
0.027248
0.022444
0.019982
0.033263
0.017390
0.018585
0.018543
0.017397
0.033906
0.029180
0.025656
0.018329
0.016491
0.019762
0.018585
0.021239
0.033367
0.017437
0.018814
0.018198
0.016713
0.017393
0.035066
0.033446
0.032225
0.032171
0.018608
0.027911
0.019110
0.018100
0.017927
0.017572
0.025996
0.020897
0.017398
0.019667
0.018997
0.048130
0.034477
0.033402
0.042687
0.021886
0.025419
0.019243
0.017550
0.016780
0.030152
0.017434
0.032673
0.016473
0.017559
0.016286
0.020163
0.017579
0.035594
0.030566
0.033396
0.033310
0.033003
0.032255
0.033906
0.031773
0.036382
0.023764
0.024429
0.031508
0.035331
0.033806
0.031937
0.033208
0.037536
0.032134
0.029092
0.033692
0.032887
0.032859
0.019825
0.017045
0.016353
0.020156
0.021546
0.017295
0.018771
0.021514
0.055452
0.018962
0.019408
0.017743
0.017170
0.020284
0.021937
0.017591
0.016476
0.032767
0.019906
0.027934
0.031754
0.018582
0.018343
0.023026
0.031564
0.033570
0.033952
0.019077
0.016890
0.020736
0.020498
0.019581
0.017468
0.018071
0.037986
0.029084
0.031706
0.017450
0.016965
0.017442
0.017912
0.018145
0.032158
0.018730
0.017254
0.018416
0.017924
0.018232
0.032889
0.033180
0.023101
0.033542
0.034721
0.033277
0.033450
0.029629
0.030376
0.028052
0.034194
0.032600
0.016712
0.024537
0.017573
0.033547
0.029244
0.031765
0.033128
0.023331
0.020923
0.020870
0.017207
0.019383
0.019143
0.034371
0.024086
0.020008
0.019988
0.019921
0.016808
0.018534
0.017407
0.020877
0.037549
0.033599
0.032236
0.019423
0.017796
0.019255
0.018578
0.018329
0.016914
0.021365
0.034117
0.031980
0.032485
0.019868
0.017796
0.019232
0.016464
0.019391
0.018414
0.016986
0.032233
0.032251
0.022672
0.018371
0.019864
0.017694
0.016402
0.016471
0.017131
0.028767
0.032795
0.032835
0.036291
0.028284
0.032902
0.017386
0.017537
0.028915
0.017021
0.015730
0.025645
0.021173
0.025320
0.034086
0.044236
0.026880
0.018229
0.029236
0.020784
0.042675
0.047713
0.031333
0.042012
0.035468
0.017328
0.016323
0.020981
0.019310
0.057672
0.041291
0.021201
0.018664
0.034436
0.031008
0.035459
0.020504
0.018173
0.024806
0.018991
0.018124
0.032285
0.037519
0.036882
0.032964
0.033385
0.033782
0.035606
0.019965
0.025105
0.018367
0.019206
0.019107
0.023092
0.018617
0.019065
0.032159
0.026179
0.033366
0.031740
0.031222
0.032589
0.034437
0.032634
0.031941
0.035326
0.034136
0.031828
0.031391
0.019315
0.018322
0.025066
0.025786
0.032420
0.025212
0.031531
0.018123
0.017272
0.031034
0.018428
0.019978
0.018088
0.016814
0.017513
0.016852
0.035678
0.035574
0.025414
0.031079
0.035611
0.032317
0.025513
0.021860
0.033699
0.033540
0.019642
0.016742
0.021275
0.033416
0.028332
0.034109
0.032280
0.035012
0.031929
0.030981
0.031337
0.033239
0.024733
0.018583
0.016902
0.019386
0.017259
0.016783
0.018085
0.019333
0.020596
0.032343
0.030760
0.031052
0.031358
0.032405
0.017998
0.016168
0.021024
0.016026
0.017496
0.018450
0.017027
0.018578
0.018418
0.016263
0.023658
0.017909
0.019863
0.015906
0.047211
0.035643
0.034029
0.039620
0.041545
0.038961
0.034249
0.028774
0.031996
0.028030
0.036725
0.021034
0.016061
0.016769
0.018999
0.019279
0.021272
0.033036
0.037551
0.047035
0.042611
0.047013
0.046093
0.047113
0.027864
0.033554
0.040490
0.034740
0.039036
0.020055
0.021059
0.020411
0.016968
0.016588
0.016263
0.018951
0.016207
0.030225
0.023647
0.020221
0.018089
0.016550
0.015442
0.020327
0.018777
0.015117
0.020100
0.019457
0.033663
0.034648
0.018307
0.019435
0.016907
0.025177
0.031035
0.019581
0.016686
0.016775
0.017570
0.019682
0.017731
0.018190
0.018279
0.018327
0.017753
0.035859
0.025762
0.023041
0.033296
0.033057
0.034070
0.022493
0.020582
0.034989
0.032285
0.035946
0.033859
0.031206
0.033993
0.019711
0.020299
0.019666
0.021536
0.027859
0.033926
0.017851
0.019888
0.018310
0.020534
0.032683
0.031999
0.023029
0.033694
0.032338
0.025164
0.017286
0.019232
0.019042
0.021265
0.017069
0.017140
0.032354
0.033479
0.032981
0.018489
0.023688
0.022202
0.036369
0.021785
0.017912
0.019952
0.023248
0.036225
0.033897
0.031186
0.023415
0.032524
0.018053
0.016354
0.018125
0.020815
0.016940
0.015304
0.016062
0.026343
0.025733
0.033154
0.032501
0.030805
0.017939
0.020254
0.017062
0.019421
0.033274
0.017047
0.019354
0.015754
0.017669
0.019529
0.021851
0.017872
0.015593
0.019027
0.033450
0.032698
0.032418
0.032284
0.023475
0.035683
0.047846
0.037232
0.028340
0.041711
0.028975
0.017574
0.017265
0.018964
0.028572
0.035997
0.030926
0.034130
0.041217
0.022281
0.020192
0.016079
0.036213
0.039426
0.038816
0.045109
0.025009
0.034562
0.035608
0.022768
0.020943
0.033791
0.023715
0.021795
0.018441
0.030536
0.031327
0.018659
0.034085
0.035827
0.028622
0.049665
0.020143
0.020016
0.020069
0.033488
0.038227
0.032842
0.022062
0.029008
0.016911
0.020974
0.033539
0.032487
0.025110
0.030607
0.023285
0.018266
0.034584
0.030387
0.018095
0.018965
0.031135
0.034114
0.034840
0.023309
0.024670
0.021010
0.018939
0.032397
0.033326
0.048778
0.020092
0.036807
0.019146
0.019458
0.020936
0.017159
0.019193
0.020412
0.018304
0.018289
0.019021
0.018504
0.019147
0.019162
0.016698
0.017274
0.017854
0.033746
0.033988
0.027120
0.030912
0.033026
0.027947
0.032023
0.033997
0.035068
0.037332
0.022862
0.021548
0.055072
0.073315
0.092330
0.139237
0.077845
0.076023
0.093291
0.064022
0.137363
0.120021
0.113243
0.085957
0.086303
0.067786
0.077774
0.033132
0.031606
0.027025
0.032357
0.033161
0.032015
0.020700
0.028802
0.022367
0.022829
0.021817
0.018615
0.018688
0.015684
0.022901
0.017829
0.034092
0.019258
0.018480
0.033005
0.019757
0.034237
0.018620
0.019206
0.027128
0.031317
0.032842
0.018181
0.032886
0.031053
0.018618
0.018991
0.019207
0.025044
0.019828
0.036654
0.031126
0.031870
0.019759
0.031836
0.045500
0.019980
0.020846
0.031659
0.023310
0.020225
0.020131
0.017028
0.030971
0.017579
0.017640
0.026501
0.034173
0.018009
0.017489
0.029397
0.034358
0.051650
0.035992
0.043679
0.018251
0.019927
0.036772
0.020382
0.020132
0.018779
0.030484
0.026065
0.026131
0.033564
0.033615
0.032809
0.033181
0.022526
0.020829
0.020301
0.020513
0.020229
0.017953
0.040791
0.018039
0.031734
0.037977
0.020229
0.019353
0.020367
0.020225
0.071835
0.033869
0.020199
0.033458
0.034051
0.032598
0.025215
0.028233
0.032488
0.019970
0.019777
0.016962
0.016012
0.017801
0.016920
0.034848
0.021658
0.017836
0.018794
0.019855
0.024194
0.027430
0.027825
0.021296
0.019388
0.022559
0.017268
0.017789
0.033390
0.026587
0.031835
0.020936
0.035033
0.018868
0.018025
0.017158
0.017562
0.020759
0.026146
0.032849
0.036617
0.021305
0.019715
0.016235
0.016807
0.017397
0.016247
0.018892
0.017584
0.033110
0.033634
0.032647
0.018201
0.017256
0.029762
0.029529
0.016532
0.032081
0.032780
0.036960
0.043438
0.032862
0.023698
0.046266
0.016889
0.017669
0.024554
0.033142
0.032915
0.017252
0.027440
0.019855
0.020308
0.036175
0.036255
0.039051
0.033355
0.034427
0.036313
0.036751
0.015927
0.036174
0.034180
0.032770
0.021689
0.019301
0.032102
0.031463
0.018829
0.023739
0.017133
0.032723
0.033077
0.035815
0.032813
0.032022
0.028682
0.033733
0.020364
0.017591
0.022009
0.019401
0.019538
0.030803
0.019194
0.017663
0.023681
0.015705
0.019603
0.016273
0.015748
0.018207
0.014962
0.017994
0.015559
0.017937
0.019086
0.015520
0.016160
0.015896
0.032409
0.038748
0.031700
0.019688
0.031656
0.031929
0.032713
0.023774
0.033466
0.032770
0.035700
0.031279
0.033941
0.018570
0.032735
0.018474
0.033310
0.030303
0.033359
0.016719
0.020368
0.027413
0.031190
0.030815
0.031965
0.034327
0.017004
0.019146
0.018842
0.017958
0.021109
0.032591
0.032326
0.033263
0.023693
0.025270
0.022549
0.024055
0.019290
0.019151
0.018717
0.015709
0.015071
0.019694
0.016135
0.017642
0.033740
0.032716
0.017687
0.018182
0.016368
0.016002
0.018154
0.029978
0.032864
0.017351
0.016002
0.016195
0.017327
0.016841
0.015320
0.032120
0.031368
0.029570
0.030891
0.016368
0.019515
0.023514
0.018804
0.024303
0.018374
0.016943
0.020427
0.018863
0.021713
0.037925
0.021201
0.018673
0.016800
0.036257
0.038222
0.034916
0.032655
0.021814
0.017402
0.015543
0.019347
0.032669
0.019801
0.017586
0.016378
0.016710
0.034878
0.031137
0.035664
0.022494
0.019685
0.017284
0.033446
0.029510
0.026721
0.033217
0.017027
0.017512
0.016016
0.015844
0.016557
0.015153
0.024122
0.026545
0.037489
0.019619
0.016474
0.018984
0.016604
0.017732
0.016419
0.021075
0.015594
0.026180
0.018297
0.033549
0.035456
0.015111
0.016213
0.019389
0.017436
0.018710
0.015684
0.027292
0.015726
0.028491
0.031673
0.031739
0.026497
0.031898
0.031485
0.031971
0.033293
0.022241
0.017726
0.018223
0.017223
0.016242
0.026088
0.031871
0.024471
0.032888
0.020327
0.019042
0.021564
0.015230
0.016507
0.016112
0.026930
0.016307
0.019645
0.016708
0.015002
0.018726
0.015322
0.018316
0.016470
0.016003
0.015244
0.017357
0.015525
0.014866
0.032081
0.023633
0.032326
0.032483
0.034168
0.016526
0.020626
0.034820
0.039142
0.043719
0.026829
0.039708
0.017131
0.038579
0.023724
0.030486
0.033333
0.032112
0.031956
0.032187
0.030761
0.016678
0.034533
0.016429
0.024489
0.021658
0.019201
0.035255
0.034891
0.016663
0.032493
0.033503
0.019648
0.017061
0.015594
0.034865
0.033023
0.025607
0.033007
0.032561
0.032759
0.027172
0.017652
0.018720
0.055903
0.023020
0.016996
0.015846
0.017309
0.017039
0.015797
0.018684
0.033029
0.037227
0.017880
0.018652
0.017656
0.018634
0.020413
0.032107
0.024534
0.019237
0.019374
0.034738
0.033399
0.023118
0.032169
0.017515
0.018857
0.019212
0.016979
0.015772
0.018845
0.017508
0.019676
0.021748
0.016260
0.017636
0.015999
0.032963
0.031500
0.033149
0.017511
0.015420
0.016581
0.019536
0.017118
0.020335
0.026486
0.035726
0.032695
0.031168
0.019878
0.015217
0.017197
0.016004
0.015222
0.018911
0.019881
0.020519
0.019344
0.020770
0.015511
0.019805
0.014836
0.024898
0.048381
0.032158
0.034430
0.031993
0.032872
0.021589
0.037540
0.031920
0.036233
0.020300
0.019016
0.018263
0.019667
0.016466
0.015782
0.031457
0.033196
0.046409
0.017244
0.019464
0.018204
0.015485
0.019037
0.016422
0.015458
0.016961
0.018013
0.019064
0.015957
0.016401
0.016673
0.033160
0.017162
0.018519
0.014965
0.019674
0.016109
0.015633
0.017010
0.014812
0.015558
0.020103
0.016748
0.019002
0.034066
0.032728
0.034403
0.026727
0.028879
0.020692
0.015906
0.016590
0.019051
0.016220
0.017119
0.015601
0.031884
0.027224
0.026062
0.032273
0.033890
0.023047
0.022441
0.035075
0.032262
0.035256
0.026695
0.031416
0.030355
0.035250
0.032491
0.034653
0.016994
0.017534
0.015400
0.021579
0.019524
0.017329
0.018150
0.035795
0.031589
0.033028
0.032236
0.032202
0.020021
0.019919
0.017907
0.034261
0.032878
0.022315
0.027308
0.019790
0.019480
0.016387
0.014755
0.015878
0.016524
0.016653
0.015257
0.026988
0.022661
0.028527
0.034916
0.027969
0.030640
0.018920
0.016173
0.017620
0.017493
0.033370
0.024398
0.031237
0.032124
0.016870
0.037897
0.019018
0.017214
0.024286
0.032478
0.023004
0.032392
0.019482
0.030763
0.023037
0.033622
0.022260
0.017410
0.016210
0.018574
0.017935
0.021084
0.033030
0.032309
0.031988
0.032496
0.023752
0.015860
0.031999
0.034799
0.031687
0.023359
0.025348
0.047979
0.018764
0.033161
0.030875
0.016947
0.031269
0.030010
0.019798
0.015877
0.021629
0.032278
0.033687
0.018003
0.019710
0.028432
0.017036
0.020570
0.017325
0.015734
0.015534
0.016994
0.032079
0.025758
0.036405
0.029841
0.021094
0.019419
0.018758
0.033843
0.020137
0.033637
0.032794
0.033267
0.020813
0.029751
0.020907
0.016281
0.019348
0.018127
0.018562
0.018504
0.019939
0.019462
0.033899
0.034701
0.035241
0.034509
0.031208
0.022155
0.018187
0.018437
0.019404
0.017320
0.020337
0.016339
0.016478
0.021443
0.018490
0.020091
0.019847
0.016546
0.032974
0.015941
0.016185
0.017466
0.020934
0.017830
0.017725
0.035932
0.019909
0.018841
0.018441
0.034599
0.022722
0.033058
0.016801
0.038545
0.019517
0.032251
0.051166
0.044908
0.025483
0.021591
0.024714
0.017740
0.019670
0.029850
0.040462
0.037241
0.029247
0.031332
0.017730
0.015975
0.022895
0.032573
0.033380
0.029841
0.032837
0.045783
0.017122
0.024017
0.031421
0.022056
0.016444
0.020460
0.019483
0.037567
0.034529
0.033228
0.032573
0.034273
0.030207
0.031194
0.032660
0.031768
0.032940
0.016304
0.020519
0.018636
0.016527
0.026196
0.023497
0.016106
0.016026
0.015949
0.017677
0.016614
0.017577
0.017735
0.017923
0.017904
0.016596
0.029581
0.033910
0.033360
0.022306
0.033727
0.031484
0.022549
0.041007
0.033488
0.032195
0.032939
0.020516
0.017001
0.016913
0.018558
0.016858
0.020555
0.020636
0.015851
0.032329
0.034063
0.025477
0.032073
0.017547
0.019077
0.016218
0.019450
0.021048
0.016745
0.017349
0.018882
0.017868
0.019274
0.017246
0.017753
0.018321
0.022547
0.035234
0.033942
0.032998
0.032746
0.031557
0.033080
0.033816
0.033607
0.030180
0.035453
0.027849
0.033448
0.021638
0.039510
0.032402
0.025033
0.029083
0.025626
0.018915
0.018165
0.017569
0.015985
0.018861
0.037362
0.033011
0.034255
0.019220
0.017944
0.015549
0.019010
0.018314
0.019824
0.015918
0.015567
0.019006
0.015546
0.016613
0.018910
0.015282
0.023838
0.047314
0.016999
0.034053
0.019197
0.021030
0.037051
0.029803
0.016805
0.015571
0.022193
0.021191
0.031463
0.034258
0.032643
0.021210
0.018885
0.016138
0.015627
0.036974
0.020692
0.025938
0.030639
0.016661
0.034330
0.042969
0.037955
0.034814
0.039995
0.039124
0.032884
0.034216
0.029822
0.028312
0.032935
0.031324
0.022605
0.031726
0.021214
0.030719
0.032353
0.032009
0.032602
0.019297
0.032546
0.035516
0.032315
0.032828
0.032388
0.016748
0.017225
0.025824
0.028886
0.028166
0.042835
0.036112
0.031895
0.033509
0.032213
0.025702
0.017828
0.024640
0.026313
0.021865
0.017943
0.020510
0.017937
0.019819
0.018853
0.036077
0.033991
0.032559
0.035333
0.035478
0.028821
0.021682
0.027267
0.032090
0.021406
0.016761
0.021543
0.017024
0.034438
0.030933
0.016057
0.016994
0.021635
0.015539
0.021040
0.016883
0.016812
0.034301
0.018388
0.021434
0.016090
0.016392
0.017468
0.015817
0.033694
0.032665
0.017671
0.016100
0.016094
0.015920
0.017618
0.019090
0.018837
0.017024
0.015969
0.031013
0.027846
0.033174
0.037668
0.033269
0.020164
0.016649
0.020552
0.017197
0.020023
0.020790
0.018442
0.021076
0.033669
0.015842
0.016160
0.032736
0.025970
0.020552
0.028315
0.031756
0.023098
0.040946
0.032570
0.034503
0.030116
0.041180
0.032393
0.032302
0.036857
0.018956
0.025343
0.026860
0.024271
0.025472
0.021499
0.026030
0.025242
0.034463
0.046670
0.018470
0.018509
0.021797
0.044839
0.034081
0.018907
0.017693
0.031632
0.035340
0.016239
0.019066
0.022993
0.016185
0.017134
0.017424
0.018710
0.032736
0.032537
0.023826
0.032396
0.019185
0.016351
0.019844
0.034587
0.017185
0.016643
0.016724
0.016672
0.020649
0.028892
0.029361
0.028823
0.023836
0.032348
0.018576
0.015862
0.016217
0.035511
0.033258
0.032554
0.019399
0.025930
0.031967
0.035695
0.034568
0.032049
0.032408
0.031717
0.018952
0.016184
0.017829
0.019941
0.015423
0.017076
0.031708
0.032455
0.031111
0.030232
0.033536
0.035434
0.033005
0.027275
0.029178
0.018196
0.019436
0.029028
0.016734
0.017259
0.033942
0.032892
0.027094
0.039131
0.034695
0.032563
0.037768
0.019778
0.018984
0.016340
0.018320
0.020083
0.021458
0.017092
0.031635
0.033630
0.032586
0.032805
0.033018
0.030695
0.019358
0.018807
0.021355
0.016237
0.034019
0.033018
0.024092
0.034103
0.034852
0.033860
0.034075
0.030875
0.019123
0.016770
0.016248
0.020115
0.017764
0.017158
0.015970
0.018187
0.016541
0.016700
0.032790
0.018020
0.034319
0.017399
0.017411
0.016532
0.019931
0.017170
0.017886
0.021385
0.015948
0.019986
0.019147
0.018027
0.033362
0.034073
0.037835
0.043589
0.044523
0.031743
0.017454
0.020542
0.025480
0.015322
0.019406
0.041337
0.044867
0.033806
0.035798
0.044935
0.019243
0.016927
0.022221
0.016430
0.017557
0.029835
0.026378
0.018615
0.027380
0.032875
0.018294
0.017831
0.018589
0.019236
0.039620
0.026077
0.019006
0.035261
0.017009
0.019453
0.033315
0.020129
0.016476
0.016594
0.017246
0.032934
0.026467
0.026850
0.019849
0.016941
0.016947
0.016508
0.019706
0.020298
0.016526
0.019621
0.032779
0.031364
0.034124
0.037014
0.032413
0.029199
0.032798
0.019043
0.029314
0.031379
0.021677
0.036967
0.018151
0.015908
0.033032
0.021004
0.036381
0.016813
0.018910
0.018895
0.017083
0.016697
0.025242
0.016321
0.015598
0.017967
0.019316
0.034009
0.035920
0.030628
0.032749
0.021026
0.019410
0.022706
0.017880
0.016628
0.038538
0.022434
0.030599
0.028457
0.018640
0.034154
0.034281
0.033102
0.027462
0.032300
0.034389
0.026281
0.021288
0.031796
0.038474
0.018179
0.020357
0.063529
0.034938
0.031178
0.018534
0.017399
0.039327
0.036274
0.032789
0.032528
0.042476
0.042901
0.028298
0.019059
0.027413
0.031182
0.016201
0.019636
0.017190
0.015855
0.016603
0.016330
0.017382
0.033569
0.035211
0.023478
0.031718
0.028936
0.030350
0.028259
0.036672
0.019619
0.037558
0.031186
0.043255
0.025930
0.019690
0.024351
0.019685
0.020335
0.019542
0.019913
0.034563
0.029652
0.033875
0.032979
0.017976
0.019974
0.017179
0.016293
0.017453
0.037994
0.035094
0.024739
0.023634
0.034477
0.033679
0.029285
0.022023
0.016328
0.016714
0.035963
0.022662
0.015668
0.016937
0.020584
0.015913
0.016491
0.016086
0.017231
0.019616
0.016186
0.016782
0.017125
0.020383
0.015751
0.031533
0.026177
0.035738
0.033173
0.033992
0.021203
0.017910
0.033184
0.018595
0.032734
0.032876
0.033827
0.032377
0.016625
0.018429
0.020351
0.016563
0.019345
0.026660
0.018351
0.016244
0.028935
0.018025
0.033455
0.020077
0.016944
0.032276
0.016969
0.016326
0.034438
0.019404
0.019635
0.020729
0.019299
0.018683
0.019298
0.019694
0.033592
0.034168
0.026175
0.034352
0.020410
0.023681
0.020291
0.019181
0.019767
0.045245
0.023449
0.017989
0.022881
0.035942
0.032693
0.047578
0.032694
0.021580
0.032311
0.021762
0.017138
0.018618
0.023079
0.033139
0.023606
0.021434
0.039031
0.032104
0.027917
0.017873
0.016673
0.018319
0.019848
0.027727
0.033675
0.029251
0.016900
0.032952
0.033630
0.033425
0.016275
0.021473
0.018142
0.017020
0.016938
0.016268
0.019773
0.018618
0.021173
0.033714
0.031969
0.034540
0.032752
0.032988
0.030857
0.032133
0.028553
0.019977
0.017286
0.034254
0.034704
0.032763
0.033718
0.019744
0.020058
0.019424
0.032650
0.034490
0.030263
0.032676
0.023168
0.017506
0.017216
0.016625
0.036022
0.034729
0.016866
0.017452
0.016968
0.018399
0.018857
0.016436
0.035168
0.019920
0.019163
0.033925
0.016776
0.024284
0.032942
0.016057
0.035224
0.034272
0.032535
0.033406
0.031342
0.019593
0.017879
0.022236
0.019202
0.032708
0.020930
0.020394
0.016187
0.017473
0.020871
0.019484
0.034879
0.035405
0.032131
0.020235
0.016121
0.025645
0.018341
0.018002
0.047015
0.025990
0.019973
0.018329
0.017577
0.024798
0.022094
0.032231
0.032156
0.017311
0.032962
0.027747
0.019856
0.028390
0.020264
0.019341
0.033399
0.021773
0.020745
0.034013
0.043398
0.043393
0.041371
0.041108
0.034070
0.040368
0.018493
0.027472
0.028672
0.036830
0.030789
0.037126
0.018630
0.019781
0.020061
0.017843
0.032532
0.032979
0.026743
0.034536
0.036232
0.041281
0.017257
0.035529
0.033831
0.038865
0.032254
0.029088
0.032476
0.020795
0.019886
0.019221
0.028145
0.035512
0.020095
0.038227
0.019320
0.023308
0.023655
0.019582
0.018251
0.016349
0.019002
0.015878
0.032706
0.032637
0.031720
0.026238
0.016275
0.017812
0.035965
0.031414
0.018485
0.016899
0.032816
0.034330
0.020538
0.031027
0.019226
0.033100
0.034745
0.018847
0.017951
0.016673
0.017161
0.017009
0.025975
0.034705
0.020038
0.033128
0.033948
0.036915
0.024261
0.020089
0.021420
0.027670
0.033892
0.033246
0.034410
0.020969
0.032589
0.031402
0.028088
0.017560
0.032497
0.019615
0.017159
0.020012
0.024421
0.018219
0.032671
0.033297
0.026552
0.032741
0.019751
0.021730
0.027419
0.026983
0.021409
0.019633
0.037607
0.021248
0.055364
0.034892
0.031605
0.036560
0.033037
0.034157
0.016948
0.033658
0.032965
0.021547
0.017759
0.020502
0.018990
0.025685
0.021262
0.020574
0.035745
0.035208
0.034204
0.035230
0.032881
0.037430
0.032893
0.021246
0.016935
0.017460
0.032237
0.042066
0.035962
0.022660
0.018886
0.023714
0.017821
0.017565
0.018282
0.019383
0.018035
0.020703
0.019627
0.022460
0.018203
0.021327
0.017451
0.019080
0.017340
0.021306
0.032688
0.036121
0.022000
0.017650
0.019210
0.020415
0.018995
0.020429
0.017884
0.018967
0.020689
0.034056
0.034297
0.035258
0.016124
0.016549
0.019768
0.019229
0.019661
0.016683
0.017045
0.016058
0.030563
0.033762
0.028013
0.018109
0.019283
0.017341
0.018210
0.019202
0.028434
0.034509
0.031862
0.024030
0.023855
0.033121
0.017559
0.020122
0.020992
0.034240
0.035868
0.032413
0.025417
0.035031
0.034087
0.037435
0.032887
0.019765
0.018598
0.034117
0.028543
0.024899
0.045597
0.018464
0.025966
0.018857
0.022548
0.026737
0.016717
0.038464
0.039776
0.035227
0.031013
0.046288
0.047460
0.043825
0.016840
0.018252
0.030031
0.028772
0.022571
0.019723
0.019388
0.022061
0.018791
0.034917
0.031593
0.034027
0.023348
0.032045
0.035473
0.019353
0.019645
0.017454
0.017773
0.017304
0.016277
0.020516
0.016378
0.016773
0.020496
0.034229
0.033135
0.033135
0.017466
0.017024
0.020587
0.031111
0.017865
0.017276
0.020528
0.017159
0.017286
0.033857
0.026870
0.038690
0.030934
0.032403
0.028526
0.026057
0.033221
0.032012
0.033587
0.027385
0.024881
0.032057
0.017597
0.017133
0.016141
0.018943
0.032283
0.034827
0.035589
0.025048
0.018661
0.017151
0.017442
0.018383
0.020738
0.019852
0.019810
0.020823
0.016369
0.017704
0.033048
0.033033
0.030787
0.031383
0.038656
0.020022
0.021058
0.020130
0.019329
0.022159
0.019577
0.032895
0.034251
0.022500
0.034430
0.035311
0.019385
0.033643
0.035086
0.016673
0.022960
0.025426
0.036565
0.036366
0.037254
0.028013
0.036767
0.032816
0.031168
0.043362
0.043301
0.022887
0.033561
0.043273
0.023905
0.026587
0.016380
0.030419
0.031551
0.033178
0.035038
0.020399
0.019926
0.036913
0.019701
0.018771
0.019135
0.021265
0.036085
0.034856
0.035237
0.031346
0.021276
0.019683
0.018976
0.019451
0.020366
0.019469
0.019964
0.032219
0.031461
0.018273
0.018864
0.018249
0.017148
0.022948
0.034906
0.021861
0.018915
0.020104
0.032753
0.031839
0.019631
0.035193
0.035238
0.032334
0.032904
0.033481
0.019695
0.020355
0.017848
0.032333
0.029121
0.034438
0.031288
0.031554
0.030994
0.020400
0.015871
0.018615
0.015790
0.020024
0.032801
0.027894
0.033191
0.019421
0.034873
0.036145
0.020102
0.035376
0.016199
0.015353
0.017331
0.018502
0.016745
0.017362
0.017821
0.017202
0.018502
0.033737
0.039664
0.020337
0.016651
0.018162
0.016207
0.016490
0.033370
0.042251
0.015698
0.022104
0.016068
0.019743
0.033211
0.033917
0.031548
0.021665
0.015398
0.032779
0.045859
0.032636
0.022826
0.015433
0.014778
0.015471
0.031327
0.020452
0.017583
0.023484
0.015290
0.020261
0.015125
0.024393
0.033608
0.030953
0.033239
0.032454
0.017854
0.016722
0.021529
0.015428
0.019354
0.016991
0.033388
0.015803
0.022550
0.015757
0.031302
0.017507
0.016565
0.016906
0.033256
0.019057
0.016764
0.021005
0.017885
0.016129
0.017121
0.017439
0.015817
0.022165
0.033161
0.032574
0.041211
0.030866
0.024184
0.032611
0.018238
0.015697
0.015822
0.022649
0.017202
0.019661
0.015755
0.034543
0.031566
0.032895
0.019888
0.031503
0.032586
0.027422
0.019085
0.018263
0.033149
0.034273
0.031759
0.032618
0.034007
0.030776
0.028418
0.036829
0.018395
0.017359
0.018163
0.037489
0.032714
0.023697
0.016585
0.019805
0.021308
0.015769
0.016028
0.029919
0.032503
0.026541
0.034703
0.023736
0.031411
0.026520
0.053285
0.042914
0.017937
0.017821
0.018610
0.047617
0.043928
0.047147
0.032219
0.022205
0.017486
0.020998
0.018902
0.022184
0.039361
0.036190
0.025927
0.032866
0.031436
0.018512
0.024420
0.017374
0.016349
0.015326
0.034428
0.030361
0.030395
0.034191
0.029931
0.016672
0.017401
0.016402
0.015718
0.015577
0.016153
0.017136
0.031962
0.026890
0.036678
0.033097
0.017421
0.017381
0.018870
0.019806
0.016121
0.015796
0.030792
0.028776
0.021741
0.040770
0.024328
0.017736
0.029020
0.023740
0.032192
0.032840
0.016780
0.038977
0.032493
0.017020
0.016870
0.035413
0.034022
0.030958
0.028018
0.019202
0.017098
0.017376
0.015190
0.015880
0.032702
0.032304
0.017887
0.026856
0.032861
0.032101
0.028657
0.031801
0.033740
0.032325
0.020044
0.017425
0.018811
0.016149
0.016991
0.033648
0.035729
0.024695
0.028543
0.034456
0.031667
0.016400
0.018820
0.019107
0.018170
0.021082
0.031170
0.017498
0.016219
0.018322
0.021158
0.025134
0.015694
0.019008
0.015241
0.015927
0.016343
0.016202
0.015115
0.018023
0.016171
0.018088
0.018973
0.032732
0.031844
0.027911
0.035002
0.034216
0.023824
0.039092
0.021135
0.045511
0.020773
0.021039
0.015868
0.017692
0.020702
0.017951
0.019893
0.022619
0.030740
0.036465
0.034060
0.031582
0.034888
0.041973
0.021473
0.027551
0.024729
0.034826
0.032128
0.043294
0.032455
0.017295
0.016240
0.016562
0.017486
0.017909
0.030063
0.037042
0.033494
0.025455
0.034262
0.019394
0.016396
0.019236
0.034873
0.024173
0.034089
0.020157
0.033312
0.017048
0.032384
0.032687
0.032323
0.016838
0.017590
0.017629
0.024129
0.029175
0.035496
0.016822
0.015655
0.016943
0.034661
0.031321
0.030911
0.035197
0.023119
0.032364
0.032244
0.032311
0.031049
0.029919
0.031883
0.015661
0.016681
0.017829
0.015639
0.017222
0.015042
0.016632
0.031893
0.032865
0.024398
0.030638
0.023801
0.032499
0.026631
0.037862
0.019887
0.019302
0.017485
0.034682
0.036265
0.033007
0.031093
0.035412
0.019782
0.030511
0.020150
0.016798
0.018322
0.031482
0.029299
0.016752
0.017594
0.020744
0.023631
0.034731
0.016523
0.030982
0.032147
0.030866
0.018424
0.016101
0.036128
0.031922
0.017797
0.014798
0.014382
0.019888
0.016033
0.018711
0.015232
0.032573
0.033268
0.029484
0.016030
0.017929
0.032066
0.022701
0.016903
0.015127
0.020666
0.030178
0.048715
0.028668
0.028261
0.028429
0.039726
0.030636
0.033108
0.021719
0.020051
0.018395
0.015659
0.016960
0.028036
0.035415
0.023781
0.033429
0.024541
0.023901
0.032622
0.033354
0.029855
0.019063
0.015301
0.028960
0.019356
0.032461
0.034250
0.031010
0.018787
0.038456
0.044940
0.015558
0.016681
0.019889
0.018064
0.018368
0.024364
0.032619
0.032968
0.031693
0.028722
0.032032
0.031923
0.017929
0.034056
0.031522
0.034250
0.032348
0.031211
0.031941
0.020287
0.015747
0.031242
0.031453
0.031314
0.015628
0.017451
0.032830
0.034260
0.032114
0.031372
0.018946
0.016680
0.017070
0.020356
0.017398
0.031511
0.036718
