0.001574
0.014849
0.033098
0.027037
0.032378
0.032073
0.032824
0.029806
0.032288
0.032228
0.032819
0.034117
0.032771
0.030390
0.030753
0.034448
0.038492
0.033354
0.018188
0.031559
0.033024
0.025513
0.034600
0.027688
0.026095
0.026644
0.027275
0.035658
0.032098
0.019486
0.031105
0.034423
0.031360
0.029170
0.031148
0.030621
0.016827
0.022771
0.031099
0.015935
0.031379
0.023874
0.017719
0.018101
0.028869
0.030479
0.032408
0.027299
0.028045
0.023269
0.032642
0.032100
0.019415
0.014992
0.015464
0.014899
0.015110
0.015387
0.036098
0.032307
0.035748
0.025989
0.032179
0.026202
0.032841
0.033647
0.031438
0.015208
0.015219
0.016465
0.016792
0.032070
0.031728
0.025501
0.031996
0.020484
0.030599
0.031124
0.031967
0.031230
0.027680
0.032065
0.027492
0.024698
0.019592
0.031443
0.032306
0.031445
0.031816
0.028528
0.032183
0.032486
0.031274
0.022033
0.030689
0.030576
0.033395
0.033221
0.025983
0.033512
0.031498
0.032350
0.027180
0.017273
0.029648
0.032856
0.017174
0.032145
0.029432
0.019680
0.015676
0.018874
0.018587
0.017766
0.014619
0.027792
0.032451
0.031782
0.034963
0.033281
0.033843
0.018964
0.016061
0.015181
0.016646
0.015112
0.031664
0.032188
0.032550
0.033347
0.032939
0.031856
0.030953
0.015844
0.032484
0.030553
0.032274
0.031347
0.015325
0.033366
0.033094
0.016266
0.035271
0.030437
0.031413
0.034607
0.025769
0.016215
0.016572
0.019220
0.014770
0.016632
0.016840
0.033534
0.031824
0.032859
0.031543
0.031910
0.033825
0.032684
0.016783
0.015107
0.018158
0.014602
0.015971
0.015667
0.033223
0.031405
0.033139
0.023910
0.024609
0.027529
0.031462
0.031517
0.033229
0.032109
0.033731
0.031217
0.015240
0.017015
0.032039
0.032323
0.021888
0.030768
0.016992
0.018643
0.018230
0.030998
0.032260
0.031156
0.030678
0.032216
0.032768
0.022735
0.024123
0.030667
0.016267
0.031424
0.026908
0.019422
0.030385
0.016070
0.034088
0.032688
0.024838
0.031900
0.035927
0.030621
0.024125
0.020191
0.033536
0.032223
0.021071
0.028898
0.016536
0.031641
0.032144
0.019183
0.032005
0.029753
0.033171
0.035082
0.026031
0.018695
0.015900
0.016176
0.015239
0.014953
0.017819
0.018587
0.016339
0.030608
0.031535
0.031678
0.031504
0.033703
0.030794
0.032648
0.031783
0.026683
0.015854
0.032212
0.019549
0.032847
0.025564
0.031424
0.031149
0.033342
0.024441
0.033158
0.017113
0.031734
0.031314
0.033406
0.031361
0.020266
0.028538
0.021707
0.032446
0.033158
0.018126
0.032924
0.034306
0.034138
0.033842
0.024334
0.017900
0.019110
0.032542
0.015405
0.015193
0.035750
0.034621
0.030540
0.017644
0.017185
0.018697
0.015470
0.033804
0.027012
0.030982
0.032503
0.016334
0.025858
0.034956
0.034107
0.033130
0.016709
0.018222
0.035315
0.015463
0.018381
0.034112
0.030981
0.032919
0.032383
0.030483
0.016408
0.018188
0.016934
0.015064
0.016946
0.030353
0.032446
0.032194
0.031842
0.032565
0.016548
0.017265
0.030420
0.028937
0.034040
0.028371
0.020313
0.018473
0.015661
0.015525
0.016135
0.032404
0.023359
0.031318
0.030512
0.030792
0.028002
0.031933
0.031464
0.016490
0.033306
0.032639
0.019383
0.031901
0.019581
0.014644
0.033380
0.031101
0.031051
0.032840
0.032523
0.031490
0.031696
0.031374
0.031579
0.023481
0.027278
0.015364
0.020488
0.016327
0.032867
0.020402
0.018690
0.032085
0.032376
0.031513
0.031420
0.031811
0.031710
0.017801
0.024768
0.031348
0.033988
0.031604
0.030969
0.030293
0.018742
0.030423
0.015368
0.032784
0.033421
0.031294
0.024917
0.032392
0.031389
0.023845
0.030285
0.032569
0.024799
0.031359
0.031496
0.029647
0.032385
0.018712
0.032276
0.032704
0.025287
0.031976
0.031957
0.029664
0.033455
0.025646
0.017427
0.032310
0.031337
0.032500
0.023595
0.032473
0.024979
0.031422
0.026848
0.019885
0.031823
0.032171
0.017980
0.021184
0.017351
0.032224
0.022569
0.026414
0.027661
0.034515
0.028454
0.035405
0.030255
0.032657
0.032844
0.030861
0.015194
0.019800
0.032032
0.028585
0.015347
0.020002
0.015209
0.018167
0.016804
0.016874
0.017211
