779,275,23,30
779,275,25,27
780,275,24,28
782,275,24,28
782,276,24,29
782,277,26,29
784,277,25,28
784,275,25,29
787,274,24,30
788,273,26,30
788,273,26,30
787,275,27,30
786,277,25,30
786,278,24,29
784,280,25,28
784,281,24,30
785,283,22,28
783,282,25,29
780,282,26,30
778,280,27,31
735,290,26,34
732,289,29,35
733,290,31,35
695,271,34,34
733,292,29,35
775,280,30,31
777,283,26,29
777,284,26,29
779,285,26,29
780,284,26,30
815,272,30,31
841,312,33,37
843,314,32,38
842,315,35,39
845,316,34,39
845,317,34,40
846,318,34,39
846,319,35,38
853,319,30,39
857,320,30,39
870,319,36,40
870,318,36,42
870,319,35,41
870,319,32,42
865,320,36,45
865,318,36,48
861,320,35,48
860,271,34,39
857,271,34,41
856,272,33,40
894,271,24,34
895,271,25,33
896,271,25,33
904,310,35,35
901,307,35,39
864,275,28,38
900,309,35,39
903,280,28,34
904,282,25,29
908,282,27,28
866,287,31,37
867,286,35,41
866,288,33,41
875,287,40,45
867,288,37,44
871,290,39,41
870,288,37,46
865,289,44,46
843,339,41,42
846,338,36,43
848,336,36,43
849,336,37,41
853,336,35,40
852,336,37,40
854,336,37,40
855,336,35,39
854,338,37,39
856,341,36,39
855,341,36,40
856,342,35,39
912,305,31,32
913,305,30,33
913,304,29,32
913,303,29,31
913,303,29,32
912,302,30,34
912,302,29,33
912,303,29,33
913,304,29,33
912,306,30,33
914,306,29,33
915,308,30,33
916,310,29,33
868,294,32,38
920,312,30,34
919,311,33,35
920,310,33,36
923,308,32,35
922,307,33,36
871,290,32,39
869,291,33,37
872,296,29,33
871,297,30,33
870,299,29,31
868,297,30,33
869,298,30,33
867,298,29,33
868,299,29,33
864,298,31,36
864,299,30,35
862,300,30,35
861,301,29,33
859,299,30,33
859,299,26,33
858,300,28,31
855,299,29,33
854,300,29,32
852,300,28,34
852,302,26,33
851,303,26,32
849,303,27,32
850,303,26,33
849,303,26,33
848,304,27,33
849,305,27,32
843,304,29,33
848,303,27,34
844,304,30,33
846,304,30,34
844,304,32,34
847,304,30,35
846,304,32,35
846,302,32,36
844,301,32,38
797,305,32,36
844,295,33,39
843,292,34,42
842,289,35,44
790,277,33,47
756,272,29,33
762,273,25,29
764,273,26,29
776,241,27,30
778,239,28,33
782,243,25,30
766,277,24,25
767,274,24,27
771,273,25,28
776,271,27,28
738,240,30,28
743,238,27,30
717,261,29,27
679,246,29,30
684,240,27,32
649,274,29,31
652,314,33,35
654,313,35,40
657,312,35,40
660,313,35,41
663,312,35,41
665,311,35,42
666,311,35,41
666,311,34,40
668,312,35,39
668,312,35,41
667,311,37,41
668,309,39,40
671,305,38,42
672,304,37,41
674,302,38,41
681,247,34,40
685,249,31,36
686,251,29,35
689,254,26,32
690,255,26,33
691,257,27,33
692,258,25,34
691,258,28,35
692,258,27,36
692,258,27,35
692,260,27,33
728,250,27,28
691,262,26,32
690,259,29,34
686,259,32,35
686,260,27,34
684,257,28,36
730,253,31,33
733,253,31,33
734,253,31,33
733,252,32,35
735,252,32,35
737,252,30,33
735,249,31,38
738,251,30,33
740,252,29,31
739,254,29,30
740,257,28,30
738,258,28,30
739,260,27,30
739,261,28,29
775,246,25,27
737,260,27,28
773,245,26,27
812,218,23,24
814,220,23,23
811,219,23,23
817,246,26,28
810,224,22,26
818,244,26,34
819,223,29,30
816,249,27,28
814,246,28,32
814,248,28,30
833,243,28,33
829,243,34,35
813,246,32,32
811,251,30,30
810,253,31,28
810,252,30,30
811,250,31,31
810,251,31,32
812,250,32,32
811,243,33,39
811,249,29,32
813,249,29,32
812,247,29,32
817,251,28,33
818,251,28,33
824,256,24,30
824,258,26,29
824,259,25,27
825,261,23,26
825,261,23,26
826,261,22,25
826,261,24,25
820,227,26,28
820,227,26,29
827,261,27,28
820,228,25,29
826,263,26,28
825,264,28,29
826,265,26,30
817,230,25,34
824,268,26,28
821,269,27,28
820,269,29,29
820,269,28,29
819,269,30,30
819,269,29,30
820,270,28,28
819,270,28,28
821,269,29,27
822,269,27,27
823,267,28,28
823,265,28,30
822,265,30,31
820,265,30,32
826,269,28,30
825,271,30,30
825,270,33,33
830,273,30,31
827,272,27,31
828,273,28,32
831,271,27,31
809,264,31,36
809,262,36,37
807,263,36,37
808,264,33,36
812,269,29,31
811,271,30,31
814,268,30,35
811,273,31,32
815,277,28,31
816,278,27,30
819,277,26,30
816,272,30,31
830,291,32,37
811,317,38,44
756,369,50,50
756,370,45,53
753,373,45,48
751,377,45,49
751,380,45,47
750,379,46,48
746,381,47,47
743,378,48,51
813,328,44,50
812,328,44,48
810,328,49,47
809,328,48,46
808,328,46,46
812,333,43,46
807,338,45,46
807,342,48,51
800,287,46,58
799,354,48,48
798,354,46,47
801,356,43,47
798,361,42,46
802,310,38,41
809,317,34,37
804,320,34,35
809,325,32,34
815,330,31,33
822,331,33,33
827,334,35,33
832,334,33,33
838,333,31,35
832,334,33,34
831,333,32,35
828,333,32,36
824,332,32,37
822,331,32,34
777,341,31,35
817,325,30,33
814,322,30,33
810,317,31,34
808,311,30,37
772,319,33,35
774,318,32,34
770,315,30,34
798,299,33,35
765,313,30,34
764,312,31,33
788,296,34,34
772,320,40,46
754,304,43,42
748,308,38,39
745,305,37,40
779,352,42,47
776,347,41,51
775,349,41,51
772,349,43,51
764,349,44,48
755,346,46,49
758,348,40,49
746,342,46,52
748,346,44,53
743,346,44,53
738,351,45,48
737,353,43,47
738,352,41,48
730,351,46,49
732,345,44,54
729,344,45,52
727,340,44,55
727,340,42,54
725,341,42,54
722,342,45,55
720,346,45,53
716,348,47,52
720,350,43,53
715,352,48,51
716,354,47,50
713,354,52,48
717,352,52,51
712,357,52,51
713,359,47,50
715,355,49,54
712,358,48,58
711,361,49,54
715,355,54,57
729,327,49,47
721,320,42,41
725,322,35,34
724,322,34,36
719,322,36,36
717,321,37,38
713,322,38,37
713,324,35,37
714,326,32,38
714,328,32,37
709,330,35,39
708,332,34,40
750,315,34,38
704,332,34,39
703,331,35,37
702,330,35,36
702,327,35,37
700,327,36,39
699,327,38,40
700,326,36,41
700,328,36,40
705,331,34,39
702,332,36,40
701,333,38,39
703,334,37,39
673,334,34,37
706,336,35,37
706,336,34,37
720,349,41,42
710,340,45,49
720,348,43,48
720,352,40,43
712,342,44,53
719,352,44,46
720,353,44,46
722,354,45,46
721,354,44,47
722,355,46,46
724,356,44,45
725,357,43,45
694,345,41,41
729,358,41,44
757,383,50,46
754,378,44,48
793,320,33,47
811,274,36,45
857,281,30,37
855,285,30,37
871,310,40,44
855,289,32,34
856,290,29,34
858,290,27,34
859,289,26,33
859,286,29,36
865,308,43,48
864,308,41,45
859,308,41,46
817,260,33,35
817,262,28,31
816,265,26,29
817,265,27,30
816,266,28,29
815,267,30,30
822,269,28,31
842,265,30,37
882,295,29,33
898,295,30,32
903,294,32,31
901,293,32,36
888,300,34,36
876,312,34,33
867,309,32,38
864,308,32,36
858,306,31,37
854,305,31,38
846,303,31,37
842,302,31,37
837,301,30,39
834,302,29,37
827,303,26,35
816,301,28,33
803,297,30,34
785,296,31,33
771,294,29,33
734,288,30,32
720,280,29,33
710,274,31,33
707,268,29,34
710,267,29,33
710,266,29,33
716,268,31,36
732,272,29,35
745,275,31,35
756,274,31,36
763,270,32,37
766,268,30,35
767,270,29,35
763,273,30,35
763,274,30,36
764,280,29,33
761,287,31,34
752,296,31,34
744,304,30,34
741,303,30,34
740,305,30,33
740,305,30,34
741,305,29,34
742,305,30,34
742,304,30,34
744,300,31,34
746,293,31,34
744,285,31,34
742,276,32,36
739,270,34,37
723,257,32,32
722,256,30,32
744,270,31,35
741,273,32,40
746,324,38,40
746,327,38,45
747,331,38,47
748,335,39,47
749,342,39,46
751,345,39,47
751,349,40,47
753,352,40,45
753,354,41,45
756,354,41,45
755,354,43,46
756,354,44,47
758,355,43,48
759,355,42,46
759,356,43,47
758,356,43,46
761,356,43,46
761,356,44,46
759,357,45,49
757,358,46,47
759,359,46,50
758,360,45,51
760,363,44,50
758,299,50,52
747,301,55,63
811,369,56,53
755,362,49,51
754,360,47,52
754,359,50,54
756,363,49,50
760,366,48,49
768,368,43,50
768,370,43,52
768,373,44,49
769,369,45,55
769,366,44,58
767,368,47,57
769,368,48,60
766,371,48,56
767,374,51,52
767,374,52,53
769,380,47,48
765,377,50,51
811,304,36,41
806,299,32,37
796,288,36,38
788,279,33,37
778,272,34,36
774,270,33,35
775,269,34,37
769,268,34,40
715,278,36,39
676,283,36,36
719,284,36,39
679,283,35,38
669,250,29,30
673,249,27,34
668,252,28,33
672,252,27,29
678,284,35,35
673,252,29,32
681,246,33,40
708,208,25,32
703,210,26,29
706,210,26,31
706,211,27,30
676,231,30,32
678,230,34,32
703,212,33,33
708,213,28,32
697,258,29,29
686,290,31,35
686,286,35,39
678,289,37,43
682,286,38,43
