450,203,91,59
477,183,69,84
481,168,64,111
512,166,75,110
558,146,64,123
572,156,51,129
565,171,54,134
549,214,66,107
552,216,60,98
570,197,50,111
543,189,67,121
534,210,87,101
529,225,82,141
487,174,119,173
403,168,125,106
496,179,120,165
337,219,72,142
329,236,70,119
301,235,85,124
299,206,106,144
171,183,105,136
186,192,111,130
199,206,132,134
208,204,133,123
209,212,117,107
212,221,106,117
243,223,90,112
255,211,106,117
264,209,108,118
254,215,109,111
267,209,102,128
295,203,90,123
321,183,90,95
322,198,80,101
340,190,78,91
343,189,76,88
357,184,71,86
351,184,68,83
344,174,69,93
340,175,71,102
345,166,68,93
351,174,69,83
345,175,79,88
361,183,72,78
344,191,85,91
384,170,81,103
392,179,79,94
404,177,82,115
419,182,76,117
426,192,71,105
435,196,79,103
446,180,78,112
428,177,101,123
453,160,85,122
445,156,88,129
456,143,82,128
426,159,105,120
465,168,107,116
481,180,109,123
498,190,104,112
504,192,99,110
522,187,88,123
525,185,95,129
527,191,93,131
523,213,92,123
541,203,77,134
551,207,72,142
548,203,77,152
537,262,86,114
539,287,81,89
525,290,83,76
521,282,91,80
520,273,83,83
509,284,79,66
512,285,83,63
518,288,81,64
521,295,90,64
519,303,95,61
524,307,91,57
531,303,80,68
537,311,81,64
536,320,85,61
529,318,94,62
524,310,98,69
533,296,88,77
510,295,103,69
490,288,98,72
482,280,100,73
464,274,103,72
455,268,122,73
461,247,160,90
450,242,177,95
455,240,174,92
468,241,159,83
464,244,162,80
462,246,159,82
465,248,154,83
462,251,155,83
460,248,157,83
488,248,127,91
396,258,200,95
379,279,151,79
367,283,174,71
350,274,200,79
334,274,197,81
318,266,197,90
298,262,208,94
283,261,218,97
273,261,227,98
269,263,236,101
253,262,240,104
264,263,231,103
263,262,237,102
279,259,225,100
306,256,195,93
302,248,195,92
276,242,224,94
282,238,220,93
275,235,218,91
257,234,234,91
250,233,230,94
252,236,202,94
242,237,228,95
234,238,232,97
237,243,216,94
251,245,187,89
268,247,168,86
246,250,183,89
237,251,205,92
240,251,201,91
233,251,205,92
224,253,210,91
212,253,215,92
210,259,210,90
199,262,206,87
190,265,195,89
179,270,180,89
165,274,188,89
157,281,190,91
144,289,190,92
122,299,192,93
105,302,193,90
79,306,197,92
57,308,204,94
42,309,203,95
30,310,204,94
21,306,202,94
18,303,199,92
14,300,196,92
9,298,196,91
7,297,195,91
6,292,193,91
2,288,192,89
4,286,193,88
7,285,191,89
9,288,192,86
17,290,189,86
26,292,177,81
40,293,168,79
50,296,166,76
72,295,151,74
87,294,138,74
95,291,133,73
94,286,142,74
92,280,141,94
91,268,150,108
35,252,220,117
50,249,222,112
91,218,197,129
102,228,197,111
119,229,191,110
130,237,185,106
134,255,205,104
146,268,210,93
155,272,213,94
168,269,221,97
176,268,229,97
186,263,236,99
200,270,237,93
222,273,232,90
251,276,213,91
268,279,201,88
275,276,188,92
279,278,188,89
278,279,183,85
275,273,190,88
270,270,203,89
269,259,205,95
279,257,223,91
281,264,245,89
326,254,224,97
345,266,230,85
369,259,220,90
378,260,226,90
379,259,219,91
388,255,224,94
394,253,224,93
401,255,202,91
412,253,192,89
418,255,202,86
427,248,194,92
436,246,189,89
448,242,181,89
456,243,172,84
462,246,165,80
467,244,159,82
470,247,159,81
476,248,153,81
479,251,150,78
484,254,145,77
486,254,143,79
490,255,139,79
496,252,133,79
501,254,128,79
506,251,123,78
505,254,124,80
482,248,129,88
387,125,80,127
286,231,76,110
289,228,82,115
297,223,80,118
263,276,84,64
276,279,70,53
273,280,69,54
284,272,59,63
278,270,64,62
276,267,64,66
282,256,61,72
270,270,64,58
269,274,65,55
273,271,56,63
274,273,53,61
262,275,59,61
264,280,58,61
263,276,56,60
253,281,59,57
237,281,60,63
237,283,62,63
227,285,63,58
228,279,54,60
225,280,63,58
228,280,68,58
232,275,64,60
229,278,72,59
234,273,68,61
237,274,68,67
244,267,62,72
250,267,66,74
242,272,68,69
241,277,64,69
231,284,61,56
234,279,58,59
228,283,60,57
234,278,53,61
229,281,54,60
227,281,56,61
222,282,57,58
222,281,57,56
211,282,56,60
179,289,41,70
175,289,43,71
97,280,41,71
92,284,41,71
96,284,40,68
94,285,40,71
100,277,40,72
101,279,39,70
106,266,40,80
110,275,43,74
113,280,42,77
111,285,43,75
114,288,45,77
120,288,43,75
122,291,41,70
126,288,40,72
125,291,39,70
129,285,42,72
128,287,40,77
132,284,44,77
137,288,46,77
133,283,48,85
138,275,48,90
51,304,45,79
53,300,40,81
85,291,48,79
155,254,47,90
155,251,54,91
70,273,48,80
79,273,47,76
104,276,54,79
193,251,46,82
204,258,46,69
212,261,48,63
222,259,47,65
230,244,43,78
239,248,43,75
250,251,44,68
258,243,39,69
268,248,38,67
277,245,36,67
284,251,42,58
290,250,37,60
295,249,36,60
299,249,38,61
304,248,38,64
310,242,38,68
319,241,39,68
321,240,37,68
324,240,40,67
327,237,41,72
330,239,40,72
334,235,40,73
337,229,39,78
339,231,41,76
347,229,41,75
351,225,41,79
358,228,41,76
360,226,42,77
351,228,48,81
339,229,59,86
352,220,58,93
304,235,58,85
301,233,56,89
314,232,64,88
305,232,60,88
303,235,61,91
307,226,53,86
312,233,51,78
304,234,57,70
305,235,58,71
303,220,64,95
393,194,56,102
454,202,78,106
421,195,70,95
491,180,88,124
501,170,93,113
453,160,99,128
399,145,92,149
394,138,88,121
289,152,91,127
310,123,71,116
386,98,70,117
277,112,81,100
274,124,85,112
274,118,87,110
271,112,76,96
251,108,80,95
247,120,92,83
259,122,80,83
247,117,77,79
183,127,66,83
190,113,84,93
185,112,59,95
194,114,55,84
199,112,52,83
208,105,71,101
211,118,83,91
201,122,112,88
206,124,122,112
52,164,94,135
6,93,125,123
0,53,70,162
3,52,83,147
2,49,67,148
1,47,65,159
0,46,72,158
0,38,75,144
5,60,108,122
9,61,95,147
4,46,83,163
5,41,80,161
8,60,82,153
4,42,77,151
7,52,78,153
6,44,72,139
4,19,85,132
10,40,76,150
7,38,77,150
9,56,80,151
6,32,76,158
13,51,79,149
13,35,75,142
11,44,78,151
11,28,74,161
5,24,79,166
23,45,95,137
17,41,89,155
21,66,82,136
32,56,72,144
34,48,79,151
29,45,86,155
