0.001278
0.022907
0.029923
0.017140
0.036352
0.036376
0.020632
0.034937
0.023316
0.017586
0.019445
0.019784
0.029705
0.025331
0.034263
0.036570
0.025899
0.028472
0.022617
0.027166
0.035319
0.036433
0.034415
0.028583
0.036233
0.030004
0.031810
0.020326
0.014742
0.029646
0.031337
0.016991
0.025975
0.033270
0.030983
0.030663
0.017613
0.041456
0.025318
0.036208
0.016940
0.018677
0.014966
0.016906
0.033502
0.030910
0.035208
0.023089
0.033739
0.037712
0.025462
0.030927
0.036214
0.023778
0.016035
0.021576
0.027450
0.032304
0.032645
0.021235
0.029052
0.025578
0.031854
0.019459
0.019445
0.020479
0.018834
0.015526
0.016559
0.019321
0.015292
0.032350
0.026062
0.036055
0.023052
0.041461
0.034434
0.023315
0.031998
0.042388
0.047539
0.029073
0.029184
0.025202
0.019051
0.019579
0.020705
0.024631
0.019199
0.027809
0.038686
0.032871
0.019988
0.031949
0.033992
0.033439
0.031806
0.034775
0.033204
0.019206
0.016155
0.014583
0.020327
0.019207
0.015722
0.017125
0.015026
0.016240
0.019444
0.018620
0.024431
0.016415
0.017107
0.021408
0.021405
0.032434
0.018954
0.017758
0.015800
0.016547
0.020028
0.018028
0.019470
0.032135
0.032575
0.021963
0.030441
0.033677
0.023260
0.031360
0.026172
0.036259
0.026667
0.030540
0.031441
0.027719
0.031550
0.017869
0.018773
0.016205
0.016591
0.016541
0.014901
0.031185
0.027072
0.028479
0.028708
0.031786
0.033596
0.031904
0.032821
0.023931
0.039840
0.032181
0.034326
0.031988
0.025004
0.031279
0.032538
0.028750
0.028964
0.031180
0.030433
0.024138
0.020009
0.018657
0.019979
0.020291
0.036821
0.032588
0.029984
0.035714
0.032068
0.034214
0.020380
0.015096
0.017697
0.022055
0.030753
0.033922
0.028605
0.031879
0.034782
0.031896
0.030396
0.036723
0.035264
0.031323
0.023188
0.035218
0.032464
0.018205
0.023741
0.016595
0.032216
0.031486
0.032694
0.023709
0.035177
0.023070
0.041802
0.020772
0.031524
0.032638
0.032250
0.025635
0.038031
0.017490
0.021333
0.017629
0.024224
0.034435
0.019124
0.035304
0.030317
0.016162
0.016267
0.038878
0.019091
0.019486
