447,29,112,113
438,17,118,136
430,14,122,134
426,12,122,138
420,26,129,138
401,18,130,123
380,26,118,142
370,28,143,108
345,31,132,114
374,57,122,124
360,73,139,116
347,83,148,106
341,88,126,111
342,77,140,112
351,91,121,102
353,90,105,96
362,88,102,96
358,82,108,95
386,71,117,103
392,56,107,110
386,54,122,98
390,58,118,110
411,62,123,115
440,76,115,117
444,103,119,109
389,111,135,112
430,134,127,105
400,132,141,124
446,153,114,112
441,159,120,115
443,158,123,114
429,166,114,105
434,156,112,103
437,142,130,113
438,134,143,113
415,118,146,123
430,43,129,139
406,51,145,149
398,47,148,136
386,63,166,139
377,78,152,142
374,83,172,138
356,96,169,131
367,105,164,136
307,111,165,126
304,127,145,116
310,153,120,109
326,163,96,112
326,174,96,109
336,179,93,106
349,186,105,96
356,178,116,98
349,179,109,96
363,169,114,96
369,164,124,97
365,163,138,92
401,173,120,97
414,182,117,98
435,196,108,106
437,218,110,99
434,220,113,105
409,234,119,95
391,232,121,99
375,242,109,87
358,247,108,78
350,254,108,74
340,260,113,78
328,256,98,76
313,249,97,84
309,217,125,98
274,260,123,91
258,263,123,76
264,262,111,70
268,261,103,73
276,259,104,77
283,256,103,82
301,251,117,90
296,259,131,94
300,259,134,90
312,264,121,86
336,261,119,86
342,264,126,83
357,265,135,80
393,260,136,80
417,263,134,78
468,262,122,82
492,263,123,81
511,251,116,93
520,248,129,99
534,250,123,101
535,240,123,103
540,240,123,110
530,244,119,104
521,238,103,105
529,255,94,98
516,251,89,94
511,245,92,102
514,247,90,106
517,251,84,98
520,231,87,97
514,216,103,104
493,214,124,111
488,219,129,114
474,227,119,106
443,227,111,99
386,232,153,96
301,267,133,84
288,276,121,91
266,279,114,95
259,282,117,102
262,270,135,107
395,212,124,122
395,205,152,126
383,202,142,115
406,211,122,112
382,217,145,120
271,227,171,128
244,254,139,105
282,242,121,106
278,245,134,106
279,270,136,92
295,284,120,98
302,278,122,110
348,296,134,110
358,293,160,116
381,299,143,103
444,271,123,82
486,253,121,84
486,237,146,94
523,229,151,104
535,229,141,102
542,230,143,94
549,234,141,92
576,235,112,89
490,197,136,90
571,243,110,111
554,228,121,142
537,240,120,125
537,254,105,104
525,260,117,110
507,276,128,98
456,282,92,108
400,281,104,108
343,271,115,107
313,260,138,113
292,252,142,119
279,246,139,123
275,245,136,116
274,244,128,101
283,255,129,90
294,260,136,81
304,257,139,79
321,256,120,85
333,257,110,89
330,250,109,97
324,255,109,105
322,254,110,119
317,263,113,122
317,272,99,117
317,285,99,115
306,284,115,116
301,280,136,108
317,261,141,103
346,240,150,103
369,219,159,104
427,200,164,116
461,194,156,130
466,183,165,134
471,175,168,146
471,175,167,146
469,168,177,150
467,177,168,153
477,228,155,112
484,244,133,109
480,247,130,110
479,246,134,108
484,253,127,104
488,252,125,103
493,254,123,102
495,256,124,99
489,257,131,96
501,262,128,98
505,260,130,102
510,253,131,112
513,249,129,118
514,245,126,120
515,250,113,119
519,241,114,120
514,224,116,116
492,252,140,101
476,242,145,100
468,236,145,93
448,235,124,96
432,234,108,98
404,243,113,99
382,251,121,103
370,241,125,113
373,234,119,111
384,220,111,101
394,223,113,99
397,201,119,99
408,163,107,102
425,149,110,126
428,147,123,128
437,149,134,134
442,148,133,137
465,168,131,136
483,167,140,148
489,182,156,164
460,179,204,175
465,172,185,176
453,196,182,153
422,230,183,130
422,222,153,125
399,214,140,128
381,215,140,117
375,208,122,116
375,210,125,118
368,219,149,130
361,220,157,126
323,210,176,120
290,201,198,117
289,185,192,119
255,175,199,118
270,183,176,131
211,158,198,144
192,182,183,121
197,202,168,115
194,223,165,100
210,247,141,88
215,261,117,103
233,262,101,111
244,263,97,123
252,253,107,130
252,247,123,129
260,235,132,136
278,225,132,134
274,226,145,131
270,221,169,133
287,213,193,132
420,169,124,161
426,172,135,164
396,191,169,144
400,202,176,132
421,198,165,138
461,200,142,148
485,158,138,157
478,163,177,161
490,170,186,147
495,177,190,146
495,182,197,137
490,183,190,138
455,192,210,146
465,192,190,161
476,211,152,145
465,214,149,143
446,233,151,137
435,237,130,127
453,237,127,128
453,221,139,150
469,225,139,142
453,224,162,158
433,204,187,149
420,226,196,151
453,199,172,167
465,228,157,139
492,221,135,138
478,253,146,126
484,232,143,139
496,239,139,131
504,251,132,130
496,220,133,147
496,239,136,135
495,181,141,152
475,187,153,160
345,134,124,162
368,147,137,138
389,131,138,143
395,138,175,141
390,149,233,141
412,119,223,154
393,134,197,146
406,128,233,159
388,151,219,149
377,137,182,157
353,148,178,153
384,146,173,157
333,183,155,152
215,218,203,142
167,229,214,145
144,227,206,148
122,233,188,141
116,224,194,139
91,199,188,120
118,183,159,112
139,172,156,115
165,168,159,115
178,160,163,118
252,85,158,165
296,136,225,162
417,144,199,164
370,162,225,176
365,146,249,206
464,135,166,235
478,148,168,198
482,166,164,181
488,153,174,164
500,158,169,154
499,162,179,159
500,163,171,153
484,164,168,147
473,162,168,155
476,161,162,151
470,153,180,146
469,195,157,161
465,200,156,156
476,216,154,154
492,221,145,134
502,229,140,121
507,200,136,155
507,167,148,163
504,207,154,175
492,211,159,143
523,227,128,130
508,228,123,122
521,241,132,150
534,268,131,130
513,251,141,149
424,179,189,141
421,141,206,153
401,131,214,175
394,94,207,165
398,92,197,155
395,95,190,148
392,96,184,151
389,107,191,151
382,118,184,144
386,87,183,149
398,85,180,156
389,87,179,156
392,94,167,154
391,117,158,140
396,126,178,143
390,125,177,139
388,130,174,136
397,133,175,133
398,121,176,144
383,129,183,141
399,114,183,146
388,120,193,148
374,65,229,153
401,63,199,177
402,64,207,180
406,74,198,181
407,65,185,196
404,73,190,188
394,71,194,195
391,65,194,181
408,65,181,180
403,71,172,179
400,125,190,139
406,64,170,179
413,68,178,182
407,85,180,175
418,78,190,168
423,78,224,172
438,33,212,183
428,95,237,152
465,70,194,174
445,133,202,145
449,135,181,142
427,123,179,155
428,104,178,165
416,111,188,164
425,81,199,176
401,131,188,152
395,182,196,171
420,192,174,174
426,170,170,162
426,175,173,141
387,185,156,130
406,107,192,133
365,93,177,166
356,59,190,160
359,68,186,151
354,69,200,167
320,43,210,169
296,44,221,170
389,105,249,186
417,156,242,179
420,155,242,171
317,47,204,184
290,53,327,162
471,36,156,168
335,79,202,163
288,38,288,158
286,39,271,178
432,41,181,173
409,43,187,178
399,42,187,167
442,29,133,151
249,18,174,121
244,20,184,140
233,19,197,136
246,46,202,152
258,39,209,162
268,37,267,176
225,16,286,187
441,40,143,174
445,40,101,121
459,58,89,128
464,51,89,121
455,57,100,131
455,57,100,127
462,57,99,129
447,72,107,139
375,145,174,116
398,147,170,162
419,171,156,141
452,183,136,126
464,170,131,118
478,145,149,119
481,122,150,122
467,86,162,139
459,67,164,136
463,72,159,126
464,73,158,122
468,85,145,119
464,78,141,127
462,67,131,126
448,90,154,129
465,92,146,131
460,109,148,127
467,123,139,133
459,127,142,128
464,146,181,131
459,148,184,134
444,148,165,139
432,146,166,149
432,145,159,151
436,142,160,150
435,58,117,123
456,154,150,128
443,152,166,133
446,128,151,137
432,147,161,139
432,108,160,149
444,95,147,155
415,123,176,142
446,79,144,169
409,136,195,137
428,75,172,170
396,123,198,148
421,70,177,171
415,82,174,170
444,85,168,150
439,64,131,140
384,74,154,143
414,74,168,148
405,86,184,150
369,99,193,145
407,67,150,141
399,103,163,130
393,112,154,134
386,126,157,129
389,138,150,149
366,194,134,119
375,196,115,111
387,203,115,106
383,204,107,97
380,200,103,101
385,169,109,111
385,127,140,117
387,134,159,117
395,126,159,126
381,132,181,126
351,134,199,126
348,120,195,132
340,82,171,148
352,89,184,144
382,92,158,141
346,83,179,148
350,99,190,149
339,100,211,165
331,110,229,160
335,123,226,152
325,87,158,156
330,144,149,128
358,175,121,108
379,186,118,102
403,198,103,103
417,206,101,97
442,207,101,96
451,205,103,97
472,196,98,109
491,165,102,131
495,160,104,128
494,138,105,130
487,132,112,135
483,92,100,119
484,78,96,122
471,80,116,134
465,83,134,161
474,102,146,137
469,104,151,151
469,75,137,158
458,87,145,171
456,89,146,160
461,96,145,158
465,98,130,147
463,104,124,142
463,138,115,120
465,151,101,118
455,172,118,105
450,201,99,105
438,219,82,105
419,220,84,101
404,219,85,95
385,219,90,97
367,216,93,103
343,208,104,104
328,178,101,123
312,146,113,127
280,123,120,124
294,156,136,124
281,95,132,130
263,68,121,125
237,35,129,139
252,45,123,136
246,45,129,156
232,57,152,149
250,68,141,137
244,77,134,128
239,59,122,135
247,80,180,127
242,84,151,143
243,90,151,145
243,94,156,146
248,131,172,123
270,152,163,109
284,171,157,111
296,184,132,105
310,193,117,108
316,214,123,100
347,214,107,106
372,211,96,107
392,212,91,104
405,205,86,113
420,198,82,96
431,174,87,87
462,149,76,104
466,92,89,139
475,111,127,130
459,42,99,139
470,20,92,141
474,132,126,131
474,136,151,156
503,89,143,158
495,61,146,171
480,151,155,160
499,55,144,155
464,57,150,176
471,78,157,173
462,112,163,165
455,75,148,166
440,119,156,163
442,116,147,151
444,135,128,133
412,134,124,119
413,131,116,117
421,170,109,120
432,193,102,124
424,184,118,120
414,187,138,116
423,182,134,137
445,180,133,119
430,177,126,112
356,155,138,106
345,116,116,135
302,96,130,143
297,116,164,126
291,68,177,158
264,21,165,171
279,81,186,165
284,77,185,164
257,24,167,159
262,26,176,179
335,151,233,141
281,16,153,149
288,32,146,187
298,16,129,159
249,22,154,154
256,34,151,145
267,72,179,140
277,77,199,158
301,118,235,158
304,121,246,144
339,124,210,137
359,139,208,140
363,172,181,132
386,188,119,128
406,187,106,118
412,212,117,108
463,204,93,112
477,193,74,119
485,180,76,119
497,155,81,132
495,138,90,139
507,107,94,143
502,42,100,134
498,47,114,133
494,141,123,161
470,188,149,137
492,28,107,115
486,35,98,98
480,33,90,93
475,31,89,86
477,37,87,89
473,37,95,94
476,45,99,100
482,80,105,121
545,218,109,108
538,211,113,111
514,181,125,137
461,76,141,137
447,87,160,153
440,29,153,139
486,20,115,137
489,28,106,138
497,64,102,152
460,138,126,131
450,135,116,128
470,175,115,137
456,186,132,131
464,171,145,115
406,176,136,110
391,136,165,137
458,152,171,117
362,192,112,156
352,181,106,158
352,154,108,125
345,137,97,128
337,111,101,139
303,89,123,166
289,75,130,170
273,45,133,172
274,44,150,176
278,56,177,174
246,41,176,197
235,40,177,186
228,68,163,180
255,66,166,217
248,74,147,190
247,131,158,145
255,111,138,159
260,142,140,160
276,187,155,128
257,197,147,126
268,196,141,123
265,189,142,125
272,183,139,117
287,155,116,130
300,128,112,127
315,113,108,114
314,102,113,108
307,93,116,118
305,65,114,139
304,29,108,155
302,26,115,156
307,43,111,142
310,44,103,133
309,53,110,132
325,66,135,118
332,74,132,118
337,87,118,118
353,90,105,115
356,106,103,108
359,121,91,103
371,133,88,114
366,155,81,127
375,163,82,118
400,133,142,124
404,162,173,126
386,129,177,148
368,158,112,150
372,136,99,137
369,116,92,121
375,107,111,128
347,85,109,137
333,76,122,112
359,69,123,123
378,98,161,135
391,141,208,120
404,134,201,128
426,126,175,143
437,156,173,135
407,153,191,134
417,103,166,163
423,87,148,160
408,125,180,144
387,114,181,147
404,139,166,135
416,142,157,128
418,140,152,141
424,150,154,139
445,186,143,115
439,194,138,122
433,174,128,128
406,178,109,120
404,154,110,116
429,151,127,111
423,141,124,120
442,105,113,128
451,109,111,129
458,106,92,104
463,109,82,98
468,112,89,105
453,99,94,102
448,92,99,113
450,90,102,112
444,90,101,116
454,91,97,104
453,98,101,106
462,97,97,91
478,102,81,88
482,103,81,79
481,100,82,79
467,98,92,86
377,131,99,85
378,145,102,88
380,139,105,90
390,140,99,102
407,153,110,123
394,184,127,104
377,180,127,112
393,197,125,103
417,209,113,100
438,219,111,93
465,223,98,93
478,223,92,89
491,221,87,96
513,207,74,99
525,182,65,105
529,160,67,112
525,144,76,107
527,109,75,124
523,110,93,116
516,94,96,106
513,89,109,131
508,87,121,155
519,67,115,146
513,50,118,168
501,93,140,179
510,70,150,197
489,29,155,202
482,27,157,190
492,32,154,186
498,39,153,189
492,32,157,208
499,39,141,183
500,116,141,152
521,131,128,135
522,150,119,127
517,153,119,124
535,167,106,131
536,171,100,127
547,201,93,118
550,208,82,117
545,217,77,113
544,215,75,113
541,204,75,106
529,185,84,107
532,169,91,125
519,128,99,152
511,131,105,141
507,134,112,128
496,87,94,122
488,84,88,117
479,76,92,101
467,64,88,102
458,61,95,107
447,58,93,108
439,59,97,106
434,59,97,119
422,65,111,146
441,98,142,153
455,124,177,142
445,134,177,143
465,133,199,140
439,140,188,137
421,151,169,127
399,155,158,118
416,173,146,120
438,199,139,120
454,200,137,131
457,192,149,128
460,229,140,114
458,231,135,103
462,235,130,103
459,232,129,101
459,228,132,109
456,236,133,107
421,203,138,124
409,172,136,138
393,160,146,147
402,143,140,139
384,120,138,137
391,106,137,125
391,89,136,117
386,67,134,140
387,41,138,144
393,63,137,160
397,49,130,136
417,52,110,132
436,74,93,118
426,89,106,104
423,109,119,110
446,148,142,135
371,122,142,133
384,153,163,126
386,163,210,185
363,146,220,178
363,180,227,226
320,138,242,215
351,168,213,222
367,173,162,133
382,184,130,106
384,192,120,92
405,210,110,81
424,204,104,86
424,212,97,83
434,216,89,81
428,216,95,83
435,220,94,81
429,216,100,79
425,216,100,79
419,215,96,77
421,210,103,80
416,214,100,76
417,215,103,77
412,216,107,79
420,206,108,81
399,196,115,81
389,175,97,84
388,143,105,96
396,116,110,111
395,83,126,127
394,60,134,125
397,50,132,133
400,139,141,150
405,40,120,130
391,67,127,122
402,73,118,119
406,117,127,124
390,116,122,91
426,120,101,83
428,112,117,83
417,107,109,93
409,110,105,99
420,133,104,106
399,127,102,97
405,123,85,94
406,138,84,95
415,153,87,99
414,164,96,106
418,180,100,105
425,191,98,106
426,202,102,97
411,193,116,98
406,183,118,103
391,167,127,111
390,151,122,116
395,134,107,121
386,131,109,138
382,107,112,131
385,95,112,101
391,92,107,92
384,94,118,94
396,100,128,90
398,103,124,93
412,102,122,88
417,110,119,96
418,119,108,105
417,138,107,102
415,153,107,99
417,164,107,104
416,182,116,103
421,199,117,100
426,213,119,105
445,220,103,101
442,217,103,97
427,213,121,115
409,197,132,125
397,175,143,132
393,149,145,122
405,203,132,134
403,198,127,134
403,186,130,140
391,99,136,112
437,204,106,135
431,187,110,134
448,162,112,115
441,160,107,111
438,187,117,110
431,190,112,106
395,149,123,97
360,123,136,103
347,127,136,103
347,139,134,107
351,147,141,111
350,164,137,103
371,181,115,91
368,195,113,94
366,200,122,103
366,205,112,108
370,212,113,110
373,219,110,107
377,225,111,103
370,221,116,108
361,217,114,107
350,204,116,114
363,232,116,108
349,224,131,111
325,156,130,121
315,132,129,112
316,117,121,108
318,107,125,108
315,109,115,108
312,93,124,104
307,88,135,117
311,88,127,112
317,89,123,115
313,96,116,109
316,101,113,104
302,102,126,108
284,119,170,120
249,49,172,117
301,106,157,123
327,146,156,118
315,177,157,98
319,192,142,91
333,204,139,91
345,210,120,98
351,220,117,104
363,242,98,97
375,251,98,95
387,258,96,92
393,257,98,94
390,258,105,93
383,256,111,93
376,249,116,92
370,240,114,96
354,225,127,107
336,198,116,112
329,180,131,113
327,160,122,116
329,146,122,111
342,138,110,98
348,127,114,92
349,116,128,97
355,109,124,103
362,107,125,109
367,113,137,105
378,121,138,104
393,127,117,106
393,129,113,104
404,135,110,105
417,144,105,103
427,161,102,96
446,170,93,102
456,180,93,99
457,198,96,85
475,221,98,77
489,228,84,77
500,233,76,76
491,237,92,83
495,219,80,79
488,217,94,88
484,212,105,94
486,190,110,102
502,171,98,99
484,173,100,102
461,172,118,103
450,97,91,104
447,88,100,97
450,114,103,109
472,94,97,104
457,93,106,101
462,89,110,104
467,89,98,104
471,88,96,104
448,178,117,106
427,178,142,104
453,181,140,96
473,181,115,101
484,192,116,86
471,195,120,84
463,199,118,92
443,195,124,99
441,193,128,103
429,192,118,108
440,206,114,108
455,214,106,105
455,205,112,107
460,184,121,120
460,170,117,124
460,147,117,131
453,137,120,144
446,114,133,145
421,177,135,116
445,182,121,109
438,176,132,106
429,170,129,102
433,177,125,106
445,167,114,102
435,161,112,96
424,163,124,98
434,150,128,99
462,115,112,100
459,128,115,110
445,143,123,105
470,158,101,95
464,169,106,96
467,183,99,92
462,193,87,90
450,198,95,93
444,202,93,91
427,225,94,81
426,219,85,86
427,226,81,86
430,220,78,92
425,212,82,96
423,196,78,108
407,167,93,113
365,178,141,90
362,178,142,97
378,167,151,111
416,176,137,124
358,110,127,136
363,89,123,140
371,49,113,148
373,47,98,138
285,54,117,101
285,55,113,95
295,52,126,107
250,40,149,123
252,23,170,116
246,32,179,132
290,171,163,168
222,20,176,128
345,130,118,128
361,137,93,114
369,143,88,122
369,147,88,127
370,181,103,91
365,180,109,99
352,171,96,104
347,181,103,100
357,176,94,97
358,185,95,99
371,175,106,100
372,183,103,100
365,213,90,108
370,228,83,93
372,226,77,91
370,227,79,90
397,183,82,88
378,171,104,105
386,180,105,87
389,180,108,87
388,182,115,91
390,185,118,99
399,184,121,100
404,192,111,108
405,212,98,100
401,186,95,106
400,178,96,106
404,172,108,90
437,136,100,129
424,178,133,115
409,172,141,109
413,164,125,115
409,186,125,93
424,174,117,101
422,176,114,100
431,177,111,99
455,178,114,96
422,180,110,98
422,186,106,89
420,191,112,86
421,200,115,83
418,207,120,79
409,206,135,76
423,205,119,81
408,192,132,86
432,183,94,94
425,186,103,95
407,200,111,80
415,210,111,80
419,219,117,84
389,174,119,98
403,229,117,93
430,249,94,88
424,252,87,94
428,235,81,89
427,268,68,86
420,267,74,87
410,266,76,91
409,263,79,90
411,261,79,89
407,259,84,92
405,254,88,98
401,240,97,103
375,140,111,103
378,173,104,86
417,172,79,89
390,185,87,97
386,188,86,89
402,171,85,98
392,174,89,109
385,183,97,104
378,182,102,99
376,159,104,105
370,167,108,98
411,202,99,100
427,246,100,105
419,289,105,106
409,231,101,106
404,231,99,106
404,254,102,109
403,233,104,110
418,299,78,93
423,303,68,89
424,311,64,85
425,311,62,87
426,306,67,86
423,306,71,87
421,298,69,91
422,291,91,83
414,284,100,91
421,278,81,87
425,274,75,89
420,270,76,95
417,274,75,89
414,294,88,72
424,269,85,77
431,232,95,98
417,211,104,89
433,204,105,90
406,190,104,97
402,177,104,105
438,171,103,108
439,197,118,78
384,208,100,110
394,196,100,90
397,192,104,88
429,175,119,107
412,173,123,105
413,183,118,126
399,241,107,109
415,271,87,97
435,284,74,99
443,300,81,90
434,314,102,87
417,304,120,95
412,300,119,97
409,299,121,98
405,303,118,94
410,303,115,94
411,304,111,97
422,306,107,95
427,303,105,94
436,296,97,94
444,282,82,95
445,269,77,96
443,259,69,90
444,255,65,94
444,246,64,98
474,218,84,88
407,182,90,74
454,185,97,75
415,176,104,111
367,206,130,108
381,171,150,115
373,164,148,122
376,160,163,116
374,151,153,121
383,161,161,124
423,167,150,117
448,186,146,104
442,187,134,114
413,196,120,110
405,209,89,115
423,200,74,108
419,165,100,91
429,188,107,88
445,196,110,110
475,253,110,91
491,263,95,90
496,272,87,87
479,262,90,89
450,253,132,83
474,237,139,103
410,198,156,113
421,166,146,130
460,187,120,107
454,181,124,104
424,169,145,115
430,173,143,117
497,182,106,101
442,174,126,105
494,185,120,93
440,183,137,106
519,182,93,102
506,183,91,95
448,170,117,107
483,197,109,94
445,199,122,96
448,172,130,104
494,238,94,123
485,295,94,94
491,291,85,98
483,292,90,100
483,295,88,94
479,297,89,91
473,290,92,88
470,282,90,87
466,251,96,91
479,269,85,92
489,227,93,94
439,229,117,86
436,224,111,92
455,228,119,86
436,195,116,105
430,204,119,90
419,170,122,107
422,165,122,104
412,169,118,113
432,180,114,109
422,171,110,115
439,186,104,98
431,172,103,97
433,174,107,105
429,178,115,104
424,167,118,113
434,176,108,104
427,171,108,102
432,180,110,89
432,170,98,104
429,170,102,121
440,190,103,103
449,190,94,104
452,189,96,101
445,184,104,102
446,211,130,103
492,222,102,108
448,201,116,102
477,216,110,104
487,228,107,102
440,219,126,100
436,188,121,113
441,189,119,105
438,180,118,104
439,179,116,103
436,170,111,103
438,174,109,96
438,170,110,97
437,171,112,100
436,175,123,109
422,196,128,98
451,172,146,112
551,164,119,114
546,179,125,108
445,186,122,116
459,202,126,108
448,225,165,105
549,214,149,111
548,234,128,97
472,215,127,91
464,206,105,90
464,206,109,97
471,209,106,100
465,218,110,104
509,268,115,97
487,263,120,92
489,272,109,88
480,267,98,85
479,273,100,86
479,276,100,90
474,270,104,105
475,273,107,101
470,272,112,101
468,269,112,103
457,261,116,106
450,255,114,110
439,260,105,97
424,271,90,89
424,271,80,93
402,267,90,99
376,265,106,95
338,259,111,103
339,258,130,103
349,257,125,101
342,252,118,105
340,256,120,104
347,273,94,99
349,273,98,98
347,274,108,107
354,274,118,104
350,271,120,113
347,267,122,113
341,259,131,111
346,257,120,112
340,254,125,111
402,191,146,139
375,194,177,143
385,189,194,149
399,195,207,147
390,196,196,157
347,169,211,127
322,164,116,124
317,176,124,105
319,173,117,110
331,187,132,110
327,185,129,121
415,199,108,113
428,178,134,155
402,196,148,156
379,198,183,177
328,233,180,156
345,246,138,128
353,247,172,128
376,253,142,120
386,263,135,119
387,261,139,119
385,265,146,112
387,266,154,108
381,269,160,106
380,273,157,108
434,264,104,111
439,265,93,107
449,222,133,121
468,217,159,134
419,227,163,139
417,207,144,136
392,190,119,118
387,186,106,109
377,176,100,116
373,177,99,118
469,165,110,92
523,150,123,111
394,181,116,144
442,204,116,124
393,184,147,136
404,212,164,139
368,184,136,138
374,193,127,118
376,190,118,110
414,183,116,95
391,179,123,102
485,200,105,102
426,206,99,100
424,206,107,97
402,198,117,102
397,203,132,102
393,199,132,107
391,193,132,112
392,196,131,110
400,210,128,97
395,215,128,99
398,221,124,99
411,213,121,104
412,209,132,112
464,189,130,143
419,226,166,134
430,194,131,134
445,192,141,128
432,178,123,137
419,147,113,96
376,94,81,107
399,152,108,92
414,155,99,101
392,123,93,110
386,127,110,107
389,139,113,105
407,135,102,118
410,141,113,123
386,133,151,97
416,158,102,99
415,183,139,101
346,154,156,159
346,166,201,152
357,175,200,153
339,183,186,157
383,195,165,105
399,185,135,98
396,192,123,86
377,198,111,83
319,202,126,79
308,205,122,101
311,217,119,102
320,236,113,103
330,240,113,103
421,174,121,135
358,160,142,148
351,175,164,170
327,171,205,200
270,168,255,269
287,128,243,196
271,60,193,179
282,186,166,151
294,165,167,123
314,177,162,111
302,183,161,127
397,128,142,117
348,78,113,116
289,99,87,121
336,130,130,95
287,120,143,107
319,132,166,106
306,133,165,111
326,137,160,120
329,171,139,116
329,176,126,116
314,191,120,107
318,188,130,110
341,198,111,120
335,215,114,106
340,212,118,117
356,185,151,113
284,68,170,160
385,168,174,141
386,184,170,142
396,180,175,148
381,181,187,148
393,190,167,130
421,182,141,115
389,182,154,125
426,194,143,116
383,187,161,119
362,219,170,117
333,185,124,115
336,161,123,95
415,137,122,106
306,134,122,90
313,130,120,111
392,178,147,103
363,163,164,120
247,96,160,133
234,91,167,125
249,95,156,137
296,65,193,148
340,155,203,129
255,88,178,172
269,76,179,183
267,72,182,201
361,125,180,161
391,158,173,140
352,163,165,153
381,176,177,123
377,171,177,119
388,181,159,124
394,179,165,114
322,200,118,103
360,205,147,93
360,202,171,98
388,190,165,111
334,194,192,115
331,201,149,113
315,215,130,105
322,212,147,102
310,227,134,124
334,227,127,127
335,229,142,124
344,227,147,137
352,240,144,128
352,232,145,136
351,220,141,146
353,241,155,129
347,228,146,133
345,226,152,126
365,212,130,120
356,218,122,121
351,216,126,119
355,213,119,112
341,227,127,111
337,234,125,107
341,229,131,109
332,233,131,109
325,231,146,116
323,233,146,110
327,228,144,112
325,235,149,99
327,237,143,101
330,237,137,103
347,244,145,104
342,247,147,105
359,249,139,112
392,254,135,107
383,265,133,121
381,257,147,127
399,183,169,131
434,177,130,151
371,263,136,101
363,264,138,95
352,270,138,101
351,268,124,100
347,269,108,100
340,261,112,99
312,277,118,114
303,286,128,118
292,293,134,107
289,269,143,124
289,253,146,145
274,250,125,139
266,245,137,129
254,235,123,130
252,230,133,133
256,228,156,136
271,241,141,115
277,242,140,116
304,236,132,121
320,241,127,111
335,241,139,114
443,259,118,92
469,271,113,88
470,270,124,92
455,267,163,112
478,250,155,133
480,247,164,146
499,244,158,155
507,239,148,160
512,222,141,148
544,222,105,145
544,223,112,125
537,229,137,105
526,245,151,96
523,246,137,98
525,203,122,120
524,267,158,106
498,253,168,119
492,246,158,126
487,250,140,130
455,261,137,115
396,260,163,117
387,272,142,109
356,284,115,97
331,270,128,117
290,260,158,130
295,257,145,121
277,221,148,124
263,200,153,128
264,199,150,119
257,210,162,100
266,212,155,100
277,225,159,98
307,237,140,96
304,234,137,110
316,206,124,124
378,258,153,106
388,268,152,130
380,273,158,142
371,260,169,156
383,253,152,164
399,290,152,140
412,252,134,146
431,218,125,139
436,202,122,144
424,199,148,155
436,193,146,130
404,231,158,139
425,223,155,155
392,245,157,159
441,240,173,114
451,246,153,122
432,237,163,144
372,247,191,145
344,252,186,147
322,252,150,142
303,265,140,116
245,269,162,122
216,252,181,127
209,198,188,160
209,183,181,148
202,188,202,132
224,197,188,121
242,192,173,119
231,189,183,132
257,205,173,134
301,213,160,140
349,255,167,136
385,272,162,122
426,290,143,133
433,269,151,164
409,249,171,187
423,239,158,193
446,227,147,165
409,249,161,151
438,224,124,151
433,224,128,165
480,154,130,194
481,129,126,196
458,121,148,175
437,126,178,189
232,36,185,169
357,166,226,185
399,181,223,143
428,202,171,122
313,206,210,146
259,201,256,167
246,210,242,184
211,206,223,181
189,34,205,192
172,32,234,185
222,98,202,189
177,60,199,162
201,58,182,146
172,55,197,186
166,45,201,220
167,37,193,163
134,100,186,141
171,95,151,150
178,40,144,141
185,47,158,148
166,58,175,190
178,80,192,188
130,185,265,198
199,182,267,225
240,194,249,227
280,183,239,193
314,152,228,221
340,110,209,235
364,87,193,210
360,97,191,219
346,129,228,227
305,36,168,213
317,75,168,165
319,79,156,166
316,86,157,171
341,129,183,158
385,160,161,152
331,194,170,168
313,223,134,193
231,43,167,205
227,39,198,185
230,217,166,170
220,220,168,164
247,220,223,155
229,213,203,175
222,211,181,172
214,218,210,173
288,207,177,163
295,192,164,150
271,180,177,200
320,234,160,203
228,193,242,183
124,36,199,201
183,89,273,233
153,43,272,247
352,228,240,225
326,221,259,207
354,222,225,182
359,217,249,214
339,207,266,230
290,198,264,218
250,194,300,208
237,183,298,227
216,175,303,227
205,169,284,220
214,175,303,215
234,167,242,204
246,144,232,207
210,199,218,208
150,212,291,198
122,206,268,173
150,197,236,198
145,190,174,209
138,217,187,198
138,211,235,207
156,196,273,221
159,181,268,232
442,203,205,239
231,167,213,242
306,59,183,244
96,40,262,202
99,38,288,202
287,156,193,194
145,49,229,219
150,30,259,194
326,102,162,189
401,176,180,183
414,127,158,192
426,164,181,218
287,54,194,207
219,67,247,204
405,214,253,194
366,229,238,205
386,212,210,177
353,237,244,189
321,231,265,192
313,244,246,195
296,246,258,198
300,229,204,190
297,222,187,184
289,215,211,171
281,219,216,188
158,46,241,187
302,208,174,166
286,219,192,160
250,238,201,143
254,245,185,126
277,246,152,128
247,139,148,170
220,43,203,209
209,31,212,226
204,27,210,227
208,33,200,226
217,33,210,214
231,59,233,211
249,32,221,185
284,43,183,198
307,132,151,192
264,90,159,162
292,58,182,181
249,69,180,177
271,46,171,190
373,170,165,177
353,206,164,157
452,240,136,137
464,247,161,148
475,263,176,156
479,256,160,134
493,261,142,169
478,227,136,206
379,68,165,155
339,54,195,150
356,55,193,139
406,94,150,161
411,98,155,167
376,84,153,161
377,101,144,149
394,101,131,150
410,111,121,160
374,248,163,112
369,215,135,122
334,211,119,134
311,215,115,134
280,208,139,135
266,208,156,139
222,220,174,131
200,223,191,133
190,245,151,122
180,250,126,128
175,256,144,135
186,268,126,146
164,280,116,139
165,283,116,132
172,270,121,125
209,249,149,138
201,248,157,133
210,235,163,136
206,242,111,132
214,246,88,122
216,255,93,120
215,258,112,124
330,194,153,164
305,237,172,153
424,181,200,128
286,269,164,147
431,188,191,139
355,193,198,136
389,223,174,125
435,205,166,128
445,191,157,129
443,216,164,119
466,213,149,148
452,210,171,140
386,126,145,143
396,128,138,147
388,126,152,150
480,265,112,123
483,217,96,169
488,264,99,144
471,270,118,145
327,263,135,124
391,139,143,135
437,140,116,116
539,175,124,117
533,280,111,138
548,274,129,123
560,262,123,132
574,262,119,121
588,278,116,104
591,271,111,108
596,284,130,103
593,282,141,101
565,270,152,111
558,262,150,115
564,261,128,99
511,259,160,75
422,260,114,98
356,154,120,126
356,152,132,131
359,178,146,141
428,255,148,125
393,195,133,132
414,181,104,121
403,200,96,150
306,270,163,103
315,262,145,103
298,254,143,110
322,94,135,147
304,77,144,160
318,91,150,158
304,105,160,169
259,229,151,117
265,250,143,101
281,262,135,105
310,266,106,109
321,268,108,119
325,278,137,123
326,275,141,120
338,271,148,119
366,246,147,106
369,244,150,111
490,287,112,95
492,281,123,109
422,245,184,135
575,286,117,119
589,291,107,105
607,283,120,97
616,275,113,93
617,268,108,88
588,259,121,86
571,257,124,90
567,263,114,87
545,271,125,86
532,263,118,95
538,283,95,94
526,285,98,102
466,277,120,106
485,283,115,106
393,241,148,135
418,221,125,124
400,274,132,96
394,280,121,86
390,281,102,84
336,285,135,97
330,280,129,95
320,296,134,82
366,159,121,126
363,141,139,155
350,154,154,151
339,155,172,154
346,171,143,137
367,143,128,144
371,157,125,130
300,293,112,113
312,303,101,102
361,237,121,106
369,172,96,132
386,149,113,130
428,184,81,105
395,154,110,127
413,162,112,126
406,173,128,134
347,260,123,124
362,272,114,102
361,289,123,99
371,277,119,105
428,265,127,92
437,264,123,88
448,255,123,93
423,180,147,119
403,168,178,155
397,156,176,156
405,159,177,155
399,156,179,159
397,157,177,155
406,175,163,159
376,156,157,129
397,198,141,144
401,177,127,141
404,177,121,128
442,304,105,100
442,301,104,99
367,232,135,135
323,230,192,140
354,220,170,140
332,225,177,135
338,162,136,156
353,197,132,169
347,279,131,106
331,288,122,93
326,279,110,90
315,276,104,87
309,272,111,84
312,258,107,110
314,256,99,104
324,246,105,111
323,246,95,102
332,250,102,100
343,230,113,105
415,195,109,105
409,177,131,115
435,173,124,116
440,173,115,118
433,189,115,125
358,260,128,113
383,272,117,110
395,270,117,110
457,269,119,100
460,274,120,95
433,271,146,119
419,282,170,130
453,249,168,130
500,253,142,128
516,226,130,112
521,247,112,87
519,243,84,86
523,239,91,84
523,256,94,82
516,274,86,82
489,275,101,80
485,281,99,77
460,293,104,81
422,292,106,87
395,292,104,83
375,288,107,88
348,283,115,100
342,278,120,102
342,288,126,96
337,288,116,93
332,290,133,89
326,287,137,92
337,288,128,93
328,281,127,96
323,274,130,97
328,268,131,100
345,273,123,93
356,277,116,98
357,281,112,100
360,281,100,107
388,297,89,96
401,305,95,88
428,290,93,100
429,289,104,99
441,277,120,94
473,269,107,92
472,277,105,91
477,260,107,98
487,269,111,88
490,271,109,87
490,274,108,87
491,270,80,93
495,241,84,116
476,199,107,100
500,176,101,97
474,170,117,96
471,232,93,98
502,235,86,95
500,229,77,99
460,259,89,93
459,261,98,94
463,259,106,92
472,218,109,119
443,261,106,92
445,259,106,91
443,287,104,80
446,290,93,80
470,287,71,85
477,299,63,78
504,307,92,90
487,306,101,93
398,308,156,147
390,152,187,117
394,120,148,143
393,134,155,120
406,166,147,112
538,273,106,95
539,274,85,85
542,282,77,81
522,295,72,82
511,301,67,84
482,298,99,73
479,283,108,89
469,285,112,84
461,283,113,86
411,271,106,92
383,282,108,93
370,283,105,96
361,276,105,88
360,264,99,95
349,259,130,97
339,261,137,101
344,250,124,102
347,240,127,102
353,242,115,104
365,244,111,100
373,250,111,107
362,248,131,118
413,270,107,114
424,282,120,105
426,263,127,98
441,248,139,110
433,251,131,123
429,241,138,121
430,147,122,123
435,143,103,123
425,150,112,122
472,236,121,99
462,219,110,119
445,245,133,107
376,237,150,120
351,213,190,133
364,234,200,161
334,140,211,167
356,196,138,156
358,169,135,142
361,193,123,134
303,271,122,99
319,265,167,120
383,166,121,127
267,257,134,114
291,260,158,116
268,263,148,120
264,259,141,114
276,262,143,111
388,180,113,119
363,183,126,124
326,262,98,119
359,270,111,106
358,298,134,102
378,288,114,95
391,255,110,106
389,249,120,97
370,209,113,107
381,196,107,100
410,160,116,107
417,156,113,121
462,234,85,104
359,209,90,84
365,205,81,89
468,254,74,89
466,268,93,93
442,286,133,90
391,281,154,124
363,247,182,138
390,234,189,156
375,191,209,159
423,244,123,127
424,284,104,99
429,292,94,96
421,290,104,90
396,290,117,89
387,289,100,93
376,289,107,95
330,248,111,107
317,262,104,101
309,262,101,101
369,198,123,133
349,169,132,136
358,179,150,130
336,177,151,135
348,141,134,155
348,189,145,113
321,266,125,117
349,266,105,103
359,273,104,96
366,278,107,101
338,142,138,139
247,56,145,130
371,167,129,124
391,186,111,115
384,215,93,118
389,246,95,96
392,246,85,100
403,249,94,89
407,245,94,91
410,239,100,93
403,236,99,101
415,237,104,94
420,240,106,104
440,241,108,106
449,238,115,102
425,250,131,104
426,251,101,89
416,242,105,101
395,209,126,120
398,198,128,133
389,171,145,147
380,205,131,137
368,282,117,121
375,283,116,121
375,290,113,115
367,290,121,116
352,286,130,119
353,279,131,121
310,284,126,105
322,276,137,100
318,274,149,131
329,269,141,127
316,118,160,151
330,171,145,118
304,53,147,120
275,48,156,123
282,64,171,146
380,191,161,136
398,202,161,133
386,230,165,139
441,268,136,123
484,277,112,127
525,273,92,133
537,287,105,119
547,288,109,117
557,279,107,103
547,273,104,98
551,272,103,93
549,269,106,91
535,266,121,99
517,261,136,105
510,265,139,108
493,260,141,118
488,268,133,123
468,265,136,142
463,266,162,143
375,227,166,122
384,241,147,106
378,229,134,106
350,244,126,121
292,239,143,139
265,230,151,135
237,225,161,142
214,216,182,141
206,212,186,147
209,217,181,151
276,81,203,186
286,80,189,195
278,88,189,192
275,102,182,190
244,238,170,153
279,253,150,137
262,94,185,153
274,131,158,149
290,140,147,136
342,236,132,138
349,227,164,138
359,228,167,139
344,211,177,149
261,89,181,175
284,114,179,176
265,80,172,192
330,208,170,155
334,234,166,130
273,79,208,164
311,143,166,159
311,104,157,151
320,254,142,141
315,250,161,152
305,258,180,161
306,252,193,183
308,250,180,169
312,250,176,166
327,249,165,172
335,251,171,162
349,239,163,172
320,76,149,144
305,99,131,145
246,55,223,154
466,214,161,201
423,241,205,199
455,254,197,190
461,258,215,190
467,261,231,186
507,206,181,191
533,247,162,141
544,234,145,137
533,215,137,135
504,206,150,141
484,199,155,147
488,211,131,144
476,217,134,145
433,245,133,130
397,244,136,131
363,269,166,132
299,262,167,142
266,245,167,171
227,226,184,177
171,214,177,169
205,38,217,189
196,48,208,208
83,142,215,208
65,138,220,207
63,137,221,205
71,162,214,171
76,166,220,171
87,183,206,173
223,40,220,203
223,36,228,195
212,35,224,218
159,241,219,179
178,234,216,177
215,238,219,158
265,232,189,158
292,213,191,159
297,202,200,173
311,188,193,171
325,182,230,178
317,182,241,188
295,95,179,193
332,194,172,167
329,187,175,160
324,177,179,169
382,214,163,185
349,230,175,183
330,229,189,185
318,231,191,189
324,241,169,197
334,225,144,202
265,80,173,166
270,82,162,161
271,91,158,161
281,97,145,147
328,182,121,133
233,137,138,109
307,197,131,139
283,183,133,170
277,180,152,177
286,157,160,187
185,47,233,157
177,38,237,173
189,47,211,172
172,27,191,144
221,86,177,148
215,81,192,149
213,85,215,154
216,73,203,158
338,219,250,190
354,219,235,203
328,228,241,198
306,232,228,199
283,241,223,201
266,244,222,206
250,255,218,198
223,255,222,206
188,260,271,206
193,251,254,206
186,245,247,212
188,246,207,205
180,237,183,195
178,243,163,174
176,228,145,187
139,230,146,182
130,225,160,170
160,215,177,182
115,207,184,177
119,197,199,176
127,179,193,182
133,212,189,154
142,125,218,207
191,119,224,183
190,136,230,218
176,141,241,220
207,87,227,217
235,55,201,188
233,101,234,252
268,86,225,244
271,95,225,239
296,106,196,247
320,207,198,185
311,220,214,192
353,221,217,170
336,223,224,171
348,221,205,171
355,222,197,172
350,230,191,168
337,237,177,162
309,230,197,166
304,240,188,163
293,238,195,178
347,219,174,156
238,283,135,144
235,291,120,132
222,290,122,133
228,324,131,124
211,262,127,135
221,245,166,148
198,270,131,117
203,261,134,115
226,267,120,100
317,248,165,133
314,176,161,174
317,197,160,165
335,233,165,148
365,251,163,140
376,260,163,151
363,238,174,151
381,256,150,142
384,291,150,127
392,290,147,130
396,262,130,136
387,268,139,145
393,297,147,126
394,255,154,142
405,242,167,140
429,239,167,144
433,236,171,152
440,236,173,160
452,238,169,168
453,240,161,166
449,236,165,161
444,233,160,146
448,233,148,139
429,236,148,131
476,257,150,119
364,241,155,123
377,228,133,122
351,237,138,114
346,230,133,114
337,236,140,109
329,234,148,113
338,230,149,109
345,234,129,107
346,237,135,117
320,280,141,97
314,283,148,100
314,248,160,125
325,241,147,125
295,222,167,131
290,256,143,127
297,211,186,154
229,19,177,120
225,18,140,107
273,105,173,163
209,265,161,139
203,263,172,134
233,234,193,144
224,17,145,156
226,19,131,108
243,56,160,129
328,158,142,171
359,98,125,144
354,110,123,133
226,21,119,113
269,54,110,92
250,106,132,153
403,227,155,133
394,224,172,137
431,219,154,145
481,246,120,121
493,264,107,109
410,173,135,113
424,172,113,101
437,216,115,129
438,210,126,110
485,242,115,115
476,217,132,117
498,249,116,115
516,208,121,127
500,247,115,129
499,254,123,127
382,185,183,124
346,170,236,142
375,174,226,160
422,202,200,154
455,205,172,117
387,194,141,110
407,205,125,91
492,227,125,109
490,226,143,116
482,205,125,128
393,182,109,101
404,180,112,88
402,185,117,87
399,181,115,83
397,160,116,106
395,160,119,106
389,155,117,113
426,222,101,151
413,162,111,116
365,193,124,112
373,190,127,109
366,184,133,117
367,176,143,116
387,176,118,125
403,271,97,106
393,278,93,101
402,263,96,92
391,278,85,109
365,275,113,112
346,281,113,107
347,281,114,101
335,280,107,105
320,279,117,94
312,274,116,100
298,275,123,103
289,274,126,111
288,271,114,112
286,277,102,107
294,279,113,98
362,181,117,118
356,180,170,129
326,195,172,141
332,188,178,150
392,160,132,136
415,183,112,120
425,206,96,111
370,269,99,100
377,273,101,103
371,266,118,95
368,266,116,102
371,271,121,106
429,252,96,91
421,247,105,91
451,233,95,84
465,234,100,84
495,225,96,89
470,214,110,98
462,218,123,92
461,218,127,93
411,174,151,119
456,221,125,94
411,190,124,116
389,189,137,115
383,216,147,98
396,217,111,108
394,239,93,101
417,258,102,94
455,233,84,90
418,224,99,116
449,220,96,105
439,226,98,98
436,237,98,106
445,228,91,101
303,264,101,75
306,265,100,74
316,270,99,78
340,258,117,94
312,265,119,93
317,276,136,102
336,276,145,106
359,259,105,113
372,258,93,102
403,237,73,103
413,243,76,87
420,245,82,77
427,248,90,76
441,244,89,74
442,240,91,80
444,237,82,78
430,235,99,85
430,235,106,91
430,233,103,96
437,250,103,90
444,254,102,93
434,256,100,94
435,249,99,102
447,259,91,96
459,269,88,85
458,267,85,86
456,268,90,80
439,181,89,90
428,184,99,98
411,175,103,102
410,175,108,104
407,174,107,97
394,176,119,108
396,177,115,101
391,177,122,102
429,270,114,95
431,287,109,84
430,288,103,82
425,280,99,83
411,279,86,85
390,275,82,93
387,272,75,106
381,243,83,81
376,260,83,91
365,263,91,89
361,269,94,95
350,271,103,95
348,264,108,98
349,268,111,94
357,258,107,89
348,265,111,86
351,272,105,86
352,269,104,92
363,272,104,93
384,268,93,93
392,267,97,87
412,265,88,82
455,269,84,79
450,269,93,81
464,269,86,77
474,274,86,77
477,270,82,75
479,267,83,76
482,265,80,79
490,264,70,79
482,264,75,81
473,274,84,78
483,271,86,97
484,273,84,102
481,288,100,85
482,286,104,87
486,286,99,90
488,287,102,83
499,288,90,90
490,287,98,87
486,299,92,73
474,264,89,98
473,281,101,98
475,284,112,93
455,269,116,96
440,276,117,89
414,273,110,94
418,266,111,96
406,267,105,93
391,271,108,89
384,265,110,89
391,263,106,87
377,255,100,91
373,264,104,89
377,262,104,91
375,265,107,88
428,176,102,100
429,187,111,102
419,173,112,111
384,253,113,113
403,250,113,102
409,254,108,90
426,250,97,88
436,256,87,82
446,264,85,74
448,254,86,76
456,255,97,81
448,270,110,76
452,260,110,79
464,270,99,75
466,264,85,80
468,271,85,84
460,271,99,90
464,273,100,92
465,269,104,94
473,258,103,104
494,208,76,92
426,189,118,101
452,249,144,112
410,166,158,158
430,222,169,134
423,198,173,150
412,219,136,128
396,260,116,105
402,262,101,109
367,258,116,103
386,232,113,112
351,265,111,110
353,264,103,108
352,262,100,99
351,260,94,96
351,259,100,101
345,260,108,103
343,258,112,108
346,264,118,98
438,211,89,98
395,176,113,97
401,246,110,109
401,251,108,101
426,246,93,99
423,244,100,99
425,253,109,94
421,259,121,86
444,253,98,93
444,247,121,94
457,244,102,97
444,147,113,108
413,171,134,121
422,156,127,133
401,156,143,134
402,266,124,108
406,260,114,104
403,261,118,112
397,259,126,112
380,261,135,107
382,261,127,103
390,270,102,106
371,248,113,118
367,251,120,116
369,249,123,114
366,257,120,112
382,265,114,106
415,191,100,94
420,212,89,87
391,263,99,96
388,253,87,96
386,253,88,94
374,251,90,94
417,193,85,100
373,155,113,92
366,203,91,127
370,166,106,110
358,186,117,111
355,173,131,109
359,172,128,112
358,230,96,141
352,240,101,136
391,188,119,107
344,211,99,117
359,207,99,110
367,184,110,110
319,299,91,114
310,298,89,104
327,267,140,130
387,196,124,137
398,162,102,131
365,202,148,155
312,266,159,159
313,251,161,141
301,275,147,108
307,275,135,99
314,269,125,101
324,274,122,101
329,274,112,99
323,278,117,91
322,271,103,89
316,287,110,89
325,258,119,126
327,197,165,168
373,150,184,171
345,145,197,167
283,274,151,124
294,280,127,98
289,274,142,88
300,269,159,81
319,263,159,81
325,259,163,76
350,259,150,81
361,249,136,86
380,247,153,83
394,243,157,100
349,135,148,154
359,173,145,145
361,151,150,142
377,125,144,141
375,124,151,144
368,125,153,135
378,143,146,132
375,138,142,130
397,154,150,131
436,242,146,115
439,252,135,101
434,252,121,101
430,251,124,100
408,251,123,95
402,251,133,102
397,253,136,109
353,98,173,142
381,247,157,140
382,246,153,137
381,241,147,139
377,246,150,138
376,243,135,133
374,239,138,135
378,233,138,119
353,230,140,113
331,236,147,107
322,237,132,110
351,236,142,121
327,233,118,116
338,233,102,116
342,232,99,114
323,247,121,109
313,243,133,113
322,236,126,115
327,238,123,115
357,195,127,139
354,232,124,128
400,247,131,134
430,268,124,123
429,261,135,114
433,257,137,115
435,255,136,115
430,252,139,115
427,250,134,121
405,246,135,122
417,254,116,121
420,252,108,124
411,256,114,120
408,254,118,126
403,251,121,134
377,241,141,144
378,237,143,144
352,225,150,146
322,200,152,145
293,199,162,141
319,194,127,132
310,190,156,145
296,186,195,157
283,196,200,154
309,196,163,156
329,202,131,154
343,229,113,131
353,233,105,119
349,240,106,117
354,238,96,119
353,242,95,117
357,227,97,125
356,219,105,126
357,222,102,128
359,223,104,130
361,227,108,130
364,221,113,139
396,200,133,150
387,206,144,156
394,206,142,154
392,202,142,147
381,203,149,147
368,197,135,152
338,197,120,151
337,212,106,149
332,219,99,148
317,236,99,147
285,238,124,144
260,207,156,134
263,188,157,118
230,216,162,132
163,264,180,160
157,252,190,160
142,252,211,159
125,265,209,163
137,252,219,188
127,240,211,183
152,232,229,185
129,253,198,170
164,240,180,154
165,236,187,146
170,232,177,143
180,230,181,150
172,232,191,157
166,214,206,175
123,211,247,182
114,209,262,188
127,200,255,203
147,194,243,202
170,212,222,183
257,189,160,231
302,208,154,208
334,200,158,192
354,207,165,182
358,229,165,171
368,211,208,180
393,198,240,198
387,198,271,217
386,196,280,226
384,191,289,234
386,189,285,234
384,183,284,236
382,182,285,239
383,180,285,241
384,178,268,243
391,178,255,244
409,179,209,242
438,181,181,229
446,228,173,192
440,174,163,227
443,168,169,238
442,163,181,219
441,163,194,240
426,161,220,242
394,169,276,242
368,172,312,247
341,185,340,240
317,194,367,237
290,198,383,240
280,198,390,248
268,200,396,254
262,196,389,262
267,197,375,266
294,195,346,264
308,189,250,244
289,213,189,260
162,201,309,255
127,211,382,280
150,202,334,291
187,194,206,279
161,186,209,291
89,200,318,284
76,197,361,273
65,200,384,263
69,200,383,268
74,199,369,269
71,207,367,262
78,217,359,251
76,212,362,256
81,209,349,261
73,209,346,260
63,209,345,262
59,208,325,259
56,209,292,251
279,108,275,249
335,61,225,215
49,198,234,208
116,188,230,209
59,189,262,227
100,175,220,228
186,179,195,236
276,202,169,213
323,208,152,181
323,216,156,216
347,222,178,202
379,202,204,193
423,200,202,184
422,141,214,194
403,124,238,230
396,116,235,232
386,116,244,239
376,114,255,242
366,122,253,231
356,148,253,210
325,168,246,202
316,178,239,184
274,193,218,178
198,239,207,167
140,242,182,188
113,243,176,199
67,243,205,213
26,229,202,211
69,213,244,187
57,206,262,193
32,219,223,164
166,189,250,167
291,95,188,204
126,217,237,151
207,189,262,166
361,181,262,154
319,166,243,163
380,177,225,154
407,189,157,166
428,191,149,157
442,173,161,174
437,156,173,174
430,145,177,192
433,143,164,171
450,138,152,172
448,142,140,171
446,133,134,168
445,135,137,173
463,151,158,159
470,157,166,160
459,163,174,158
465,169,178,153
461,181,165,131
469,176,168,135
453,180,183,130
375,179,224,144
152,189,196,171
91,181,165,166
62,171,170,179
6,155,222,186
2,148,227,181
6,153,236,160
29,168,229,138
107,157,197,139
174,136,174,158
268,103,176,184
345,66,181,170
392,30,199,181
420,16,220,181
430,23,192,158
438,44,161,128
430,23,165,126
408,27,181,110
380,32,189,120
392,24,183,135
373,22,193,137
373,26,152,135
379,53,162,147
407,84,172,139
389,98,173,121
321,119,174,120
284,158,238,106
256,192,204,101
232,208,209,116
199,216,213,134
197,226,191,138
195,233,185,139
195,236,182,141
193,228,187,145
197,222,210,154
187,226,175,154
288,144,198,152
233,221,189,161
304,172,196,163
309,149,226,148
437,187,187,130
488,175,134,131
501,166,143,132
501,141,178,154
497,122,193,172
500,105,193,175
500,106,169,179
482,120,172,166
452,94,178,160
387,98,157,150
373,124,143,123
368,148,144,105
370,156,150,104
359,137,177,104
383,128,200,105
407,127,206,114
419,143,223,110
337,145,175,137
331,154,177,132
349,157,178,127
387,165,225,133
539,200,182,119
544,207,149,106
459,209,174,106
511,201,145,112
392,203,190,116
342,212,189,111
288,213,164,106
250,204,141,113
234,198,156,135
190,191,151,140
173,191,128,125
158,195,120,115
148,186,141,127
155,161,130,134
176,137,126,139
199,132,109,131
232,105,116,138
240,98,152,139
265,82,194,150
276,82,218,141
303,71,223,138
417,142,189,148
345,109,222,137
348,123,200,126
348,142,172,120
327,156,141,116
313,167,122,119
292,180,109,121
292,165,128,147
228,214,145,136
174,194,160,158
139,210,187,151
159,225,158,130
134,233,172,124
143,219,162,114
176,215,149,119
193,220,152,123
230,227,156,121
252,236,135,112
302,236,132,128
294,225,128,134
330,180,161,136
355,149,145,146
361,154,156,123
345,166,141,121
348,171,141,117
385,180,131,130
365,181,158,128
381,178,210,110
357,177,164,125
343,192,183,118
311,204,162,116
272,212,131,126
236,215,119,117
205,216,140,124
199,218,144,117
203,223,141,119
213,226,149,117
215,224,151,107
214,221,164,109
227,216,167,116
220,211,176,114
220,202,172,117
210,190,146,123
180,188,133,123
177,187,131,121
207,186,98,126
197,178,116,135
184,183,164,121
193,182,154,118
214,188,148,104
227,182,149,113
224,183,163,105
238,195,169,102
276,181,179,118
269,169,148,113
297,194,136,111
315,194,133,127
362,191,161,132
389,184,182,125
446,177,172,128
491,180,150,126
513,178,138,119
518,180,131,118
523,178,138,115
522,168,132,103
506,153,150,111
493,140,148,129
485,137,129,131
476,149,141,126
473,178,159,125
476,174,160,121
411,168,128,120
401,183,120,118
406,188,123,112
425,221,123,102
442,233,128,109
473,238,122,110
485,243,122,105
478,235,129,105
507,227,135,103
532,202,134,102
532,189,131,103
518,180,134,111
500,172,142,126
478,168,142,126
450,173,143,121
430,179,138,112
420,190,141,109
392,218,137,98
381,211,128,101
366,226,119,96
366,223,103,98
350,233,102,93
324,233,124,100
292,202,140,111
303,179,132,114
349,176,102,113
401,182,73,110
424,196,84,93
435,205,106,102
444,212,125,131
456,229,125,131
475,267,107,110
485,265,93,116
497,265,96,113
507,259,107,107
509,250,122,102
510,242,133,98
502,228,140,100
556,203,135,92
540,190,139,104
528,189,130,104
514,197,130,112
511,203,117,111
493,199,127,124
450,240,132,107
426,260,117,97
430,256,97,97
422,249,87,92
412,245,93,81
336,231,112,82
309,212,135,108
303,200,150,124
307,199,145,121
319,211,140,114
345,210,133,115
327,243,131,98
383,255,106,88
405,249,107,88
459,255,100,95
488,252,101,93
499,243,112,99
464,242,135,94
482,222,126,83
513,208,101,81
506,196,106,87
478,192,130,85
455,191,143,85
456,195,147,93
454,184,152,109
394,206,146,95
376,220,117,89
384,218,105,91
369,221,110,86
381,189,96,105
382,195,94,108
383,186,90,117
412,131,99,124
426,104,94,120
434,91,96,108
448,95,89,102
446,111,89,120
473,141,88,105
480,157,88,101
483,171,91,105
485,176,110,109
500,175,120,111
515,167,127,111
518,161,119,105
482,170,122,93
478,166,124,94
458,171,137,95
467,165,132,106
448,152,144,121
435,151,164,126
428,51,129,138
366,47,138,117
339,75,129,109
321,83,127,113
327,109,148,123
294,123,149,114
289,95,147,103
297,146,117,111
305,161,114,101
333,158,112,111
325,144,121,90
317,140,117,86
311,128,116,91
318,111,108,100
323,109,127,94
334,105,128,104
346,126,122,105
373,104,144,105
397,113,149,103
432,124,143,99
373,126,142,108
451,166,162,86
471,174,153,111
481,172,143,119
471,171,144,122
530,180,87,110
529,170,90,101
526,159,94,90
482,159,133,86
439,177,158,111
412,171,170,133
386,189,202,140
399,154,188,157
424,123,179,165
428,137,167,160
436,71,155,159
422,109,123,146
425,133,117,125
430,152,110,122
424,168,110,129
421,172,111,125
416,179,115,105
412,162,115,97
399,168,113,89
414,165,102,96
404,164,95,104
413,150,94,106
413,149,102,113
415,162,109,89
441,168,121,84
459,177,127,82
492,183,117,77
501,188,118,87
506,190,118,100
492,184,125,110
481,190,133,113
476,196,129,107
461,193,122,104
458,184,122,104
452,172,127,106
453,151,119,114
453,123,113,116
452,107,112,111
457,90,112,118
462,58,113,121
454,30,103,94
422,27,118,93
386,37,127,112
351,62,130,102
344,69,95,100
340,89,92,100
366,108,67,112
364,147,74,88
376,168,82,98
377,186,87,97
398,201,105,92
413,207,110,97
440,204,104,101
457,204,94,95
459,194,99,102
468,180,96,110
477,168,102,105
503,165,104,97
511,167,121,113
521,164,128,124
521,173,130,120
516,176,126,120
515,181,134,115
492,184,142,115
480,179,149,115
476,178,150,124
487,183,136,129
442,235,157,89
396,246,108,83
380,247,85,81
373,248,78,81
349,247,107,89
291,207,115,109
277,198,130,120
280,183,130,117
282,169,126,104
282,161,130,91
283,156,128,82
283,147,136,74
286,137,139,87
282,133,144,97
277,134,142,98
285,135,132,99
288,143,136,90
285,150,140,90
298,173,147,85
325,185,142,85
332,193,107,83
353,197,108,84
373,196,106,86
434,195,97,94
441,205,102,91
443,182,106,101
441,173,111,108
440,158,118,103
428,146,120,91
413,142,133,89
414,141,129,81
392,144,142,79
401,147,133,76
384,151,140,83
395,150,108,97
388,168,105,95
371,179,109,96
353,217,94,84
276,238,123,92
243,235,130,117
221,219,143,118
201,202,158,126
196,180,123,127
189,159,115,126
176,155,139,107
175,141,138,99
168,137,132,87
167,131,130,91
170,126,136,110
179,127,141,127
193,136,143,130
203,164,144,118
226,203,146,106
245,235,112,93
