916,282,37,76
916,278,35,78
915,277,36,80
912,276,37,82
907,275,39,83
905,275,40,82
903,275,41,82
899,277,42,80
894,277,44,79
893,277,44,80
891,278,45,78
891,279,45,77
889,280,45,76
889,280,43,76
887,277,40,78
886,278,39,78
884,277,36,78
883,277,36,79
881,277,35,79
877,277,37,79
877,275,36,80
877,277,36,78
874,278,36,77
872,277,37,77
871,278,38,77
870,278,38,76
869,278,36,75
867,278,35,75
866,280,35,74
864,276,35,77
863,277,35,76
860,277,35,76
861,277,36,76
857,276,37,77
855,277,39,76
853,278,39,75
853,278,40,75
851,278,39,74
850,279,41,74
850,279,41,74
848,278,42,74
846,278,41,75
846,278,40,73
844,278,39,73
844,278,39,73
842,277,37,73
841,277,38,74
840,277,40,74
837,278,40,74
836,278,39,72
835,279,36,72
833,278,36,73
833,279,36,73
833,279,36,71
832,280,35,71
831,279,37,72
830,278,38,73
827,277,36,72
823,277,38,73
824,277,37,72
821,277,36,72
818,277,38,72
816,277,38,72
813,277,40,72
810,276,41,71
809,278,42,69
808,278,42,69
807,279,42,69
806,277,41,70
806,277,41,70
806,277,38,70
804,277,36,69
802,276,35,69
802,276,33,68
801,278,31,68
800,276,32,69
796,276,32,69
794,277,33,68
792,278,35,67
790,278,35,66
790,278,35,66
790,279,34,66
789,279,32,66
787,277,32,65
786,277,34,65
785,277,34,67
782,274,33,68
782,276,32,67
782,277,31,66
779,276,31,66
777,277,32,67
775,279,32,64
773,278,34,65
771,278,36,65
768,278,36,65
764,278,39,66
762,279,40,65
760,278,40,65
760,278,36,64
756,278,35,65
755,276,34,65
753,275,35,69
750,275,37,71
748,275,40,75
750,275,43,75
743,274,53,76
742,274,59,74
752,274,56,75
749,275,60,75
736,273,47,76
736,275,44,73
736,277,41,72
734,277,38,70
732,275,38,69
730,277,36,66
730,278,35,65
728,278,36,63
727,278,36,62
726,279,36,63
724,277,38,65
724,280,36,61
723,280,35,60
722,277,34,60
719,277,35,59
717,277,36,58
712,277,38,58
714,279,35,57
707,280,33,54
708,280,31,53
707,280,31,51
706,282,30,50
703,280,29,51
701,282,29,50
703,283,29,48
696,284,32,48
696,284,32,50
692,282,35,52
689,281,36,51
685,276,31,50
687,280,34,51
685,280,32,50
683,278,33,51
680,279,32,50
680,278,30,50
679,279,30,48
678,278,29,48
679,280,27,46
677,279,29,46
678,278,29,47
671,278,29,47
671,274,32,52
668,274,34,51
670,275,34,51
668,275,31,49
665,274,31,49
663,273,32,52
660,272,33,52
658,271,34,53
659,272,33,52
661,271,32,51
650,271,33,51
649,271,33,51
649,271,33,50
646,271,34,50
647,272,33,50
642,271,32,50
639,269,32,50
634,270,36,51
633,272,36,51
631,270,35,52
633,271,33,51
632,271,35,52
632,270,34,52
630,269,34,53
629,270,35,53
627,271,36,52
626,273,34,52
627,274,37,50
623,275,36,50
620,274,37,50
615,274,34,49
612,274,38,50
604,274,39,51
604,272,36,49
606,273,36,50
600,276,35,50
602,276,34,50
602,274,33,49
596,272,33,50
591,271,35,49
605,278,33,47
595,271,32,46
598,275,33,46
581,272,32,49
583,272,34,48
579,273,38,50
577,273,36,50
574,276,34,47
574,275,35,48
570,275,35,49
568,277,38,46
567,276,39,46
566,273,36,49
564,276,35,48
567,276,33,47
561,276,29,45
564,276,30,45
563,274,32,47
554,278,32,45
551,278,28,44
552,276,28,43
551,279,29,42
552,279,30,43
542,277,32,45
541,277,32,46
543,279,32,46
541,278,33,48
539,280,35,48
531,279,31,47
534,279,31,47
530,276,31,49
531,276,33,48
533,277,32,47
544,278,36,47
521,279,34,47
524,277,34,48
515,275,29,49
514,276,28,47
511,279,29,44
511,278,30,46
512,281,29,45
509,280,28,45
506,280,31,46
516,284,34,46
509,281,33,47
496,280,35,48
492,278,34,51
491,277,37,51
486,273,34,55
482,276,34,53
482,272,33,56
482,272,32,55
480,274,28,51
481,272,31,53
478,279,29,47
477,277,29,49
475,274,29,51
475,276,32,56
481,277,36,54
534,284,42,47
550,282,42,52
594,286,40,69
602,285,53,69
578,277,61,80
616,286,57,78
585,285,59,69
585,284,54,74
590,284,54,76
562,282,62,73
599,284,54,77
592,285,49,70
588,285,54,74
548,285,47,73
553,281,55,73
538,282,44,71
586,281,49,72
542,281,42,76
542,284,48,74
538,282,52,70
544,281,47,78
550,280,53,70
593,281,51,76
581,286,58,72
534,282,51,77
550,279,58,80
550,279,55,81
544,282,53,79
537,280,46,79
587,283,47,76
566,276,67,73
577,284,54,76
574,285,58,72
581,284,49,72
571,281,60,68
587,285,62,74
536,281,49,79
530,280,50,78
532,281,48,77
580,283,52,76
542,280,50,80
532,278,46,80
576,282,50,75
583,285,52,74
562,283,55,70
575,285,54,74
583,286,49,59
571,280,40,51
592,284,38,46
600,288,38,43
593,289,38,43
584,285,46,47
596,286,43,51
569,282,46,54
591,285,43,54
602,285,46,56
601,284,49,61
547,266,71,85
521,284,56,79
545,284,55,78
530,287,47,72
530,286,50,69
551,283,56,80
537,284,52,79
524,284,54,77
551,281,48,76
561,282,50,74
536,282,47,74
557,277,40,68
583,286,45,60
551,277,38,53
560,279,44,53
551,282,43,48
560,284,43,46
548,281,40,47
550,283,46,51
589,286,40,48
593,289,39,44
584,288,40,46
580,288,44,45
585,288,35,47
559,286,38,45
588,288,37,45
557,286,41,46
588,289,36,43
592,288,37,43
591,291,35,42
574,287,39,44
556,287,40,45
566,287,41,48
561,287,42,49
557,283,38,51
566,286,45,46
567,284,43,47
638,276,31,52
634,276,33,53
630,275,31,51
623,277,34,51
615,278,33,48
609,280,31,46
605,281,32,46
594,274,31,48
590,277,31,49
586,282,39,48
583,280,36,48
558,274,37,49
561,278,36,50
558,277,35,47
582,284,37,45
546,280,39,48
538,280,33,48
528,278,30,47
519,279,29,43
516,282,27,41
514,282,25,44
502,287,26,39
491,286,26,41
485,287,28,42
478,286,30,43
473,286,31,45
465,285,32,52
455,279,34,61
442,280,40,67
427,281,51,70
423,281,53,71
408,279,61,75
416,275,49,76
409,274,50,73
395,282,53,67
389,278,52,72
391,277,44,72
378,280,49,72
367,274,57,76
359,279,62,73
358,279,55,74
348,282,55,72
348,279,51,75
338,279,48,73
333,278,50,77
325,275,42,76
316,279,44,74
313,278,44,74
307,283,42,69
296,279,43,71
292,277,38,70
284,278,38,73
277,278,40,68
269,277,39,75
263,277,38,66
255,281,38,69
251,278,36,60
245,280,34,58
243,283,31,57
232,281,33,56
223,280,33,56
215,282,36,57
204,282,31,58
201,280,30,52
194,283,32,49
184,283,29,51
175,281,29,50
169,280,29,49
162,280,29,45
156,283,28,47
149,280,25,47
144,280,26,48
140,280,30,52
139,281,28,51
112,282,29,49
107,282,29,50
96,282,32,56
89,282,33,65
80,281,39,71
70,283,41,74
65,283,41,72
55,282,39,72
45,282,39,73
41,282,37,72
31,282,36,72
22,278,35,73
13,282,36,71
4,285,36,68
3,289,36,67
5,290,37,68
1,289,39,70
3,291,40,68
23,293,36,68
5,286,34,66
39,292,29,59
18,290,30,61
20,292,29,59
22,291,28,62
24,289,32,62
40,291,30,63
94,277,32,54
92,278,30,52
91,278,27,51
89,278,25,49
87,278,26,51
88,278,26,51
85,278,27,51
83,277,27,52
82,278,26,51
80,276,27,51
78,277,28,50
74,277,31,50
71,275,35,53
70,276,34,52
70,276,34,54
68,277,32,51
68,277,31,51
66,277,29,50
65,276,28,52
64,278,26,51
62,277,27,50
62,276,28,52
60,276,28,51
58,276,29,52
56,277,28,51
55,278,27,51
54,279,28,50
51,279,28,50
51,279,29,49
48,279,30,50
43,279,28,57
44,276,28,53
33,286,30,58
37,282,31,63
37,284,31,64
32,287,33,64
37,274,31,64
35,271,35,54
34,275,34,64
33,272,35,63
28,273,35,54
27,273,35,67
27,288,34,64
24,271,31,53
21,273,35,76
22,272,33,64
20,274,30,54
21,274,29,51
19,273,31,52
18,274,30,56
17,277,29,47
16,276,28,48
15,278,32,46
13,278,29,49
9,275,30,55
6,281,35,72
23,293,36,64
20,296,36,66
20,295,35,61
17,292,37,66
14,293,38,67
