686,157,269,106
677,159,279,109
663,161,292,118
670,170,285,114
673,165,280,120
656,160,294,133
659,168,295,123
659,179,279,116
651,184,292,122
639,191,309,117
633,188,323,122
631,194,288,118
623,194,305,121
610,197,311,120
590,200,348,124
574,207,326,119
575,208,325,116
557,211,336,117
551,213,340,120
544,218,346,116
537,217,351,119
534,216,352,120
528,213,351,125
521,215,354,121
510,216,378,121
499,219,370,122
484,218,373,128
472,222,377,129
477,224,364,130
485,232,356,125
490,236,336,117
470,238,344,117
446,235,360,119
433,231,357,120
410,225,374,122
406,225,367,119
404,220,363,122
397,218,372,123
422,222,353,115
428,222,327,107
447,221,327,106
417,216,366,112
418,217,359,109
417,220,360,105
419,218,350,108
419,218,350,107
420,219,342,108
412,222,341,107
404,230,320,103
400,233,314,102
401,237,320,101
400,239,323,100
404,240,316,100
411,238,309,101
417,235,306,102
422,233,304,101
423,233,299,99
427,232,290,100
435,233,276,98
422,237,267,99
381,255,103,134
409,258,84,138
428,274,84,123
456,288,77,111
478,287,70,113
504,286,64,113
513,286,70,113
535,284,71,120
548,272,69,127
551,266,82,120
562,265,84,124
594,272,66,126
605,278,75,117
621,271,82,122
642,267,84,121
657,266,93,108
687,261,85,121
699,261,91,108
728,258,74,121
675,266,70,118
693,265,61,118
708,257,60,122
718,254,63,120
727,249,67,124
743,244,72,123
763,243,86,125
603,250,192,116
444,239,269,100
452,228,200,99
437,234,193,100
448,241,221,94
451,234,210,103
461,239,202,94
468,240,198,87
475,243,198,91
470,242,193,91
461,244,184,88
467,247,189,83
459,247,195,80
457,243,194,85
450,244,201,80
448,244,191,78
436,247,189,75
431,243,182,75
420,248,178,70
405,246,182,71
395,249,178,69
386,249,177,69
378,249,175,69
373,246,178,71
369,244,180,72
364,244,182,73
359,242,175,73
348,248,175,68
343,254,171,65
340,248,174,68
342,239,179,73
340,233,184,72
351,224,180,74
359,222,171,69
371,219,169,70
379,217,175,70
391,211,176,71
402,208,175,71
402,206,173,69
403,208,171,67
404,209,159,69
417,208,145,76
412,211,144,78
405,214,147,78
433,167,125,128
425,212,152,83
459,219,142,81
495,226,126,72
492,217,129,80
516,219,119,78
517,199,129,93
532,191,113,105
553,195,120,96
555,191,103,110
567,201,112,87
545,199,129,93
532,166,121,118
525,188,123,94
481,185,149,95
451,196,145,105
470,170,113,122
408,195,124,134
384,186,125,172
353,183,141,184
303,180,189,220
362,204,172,212
348,211,199,209
332,200,196,228
233,154,214,239
213,171,217,226
218,177,230,215
229,188,228,209
235,230,244,175
262,231,240,173
271,246,215,172
259,249,229,154
272,241,242,163
273,244,221,165
279,252,230,165
265,253,234,167
261,255,231,169
253,255,229,160
267,256,223,164
258,246,217,174
259,250,227,167
271,236,217,181
253,247,222,171
257,237,215,176
245,215,234,195
239,252,231,170
246,246,233,181
251,238,236,186
260,232,244,199
281,219,232,188
272,248,251,188
244,260,226,172
240,257,206,171
239,262,212,163
238,261,204,165
240,267,204,159
240,269,204,158
240,268,205,157
239,269,201,164
235,269,205,160
233,266,205,163
231,268,204,170
220,267,213,166
217,273,205,166
217,274,218,155
219,278,188,166
233,266,199,168
220,274,191,165
216,270,174,166
229,275,170,159
242,245,203,178
222,259,163,175
222,273,168,157
239,255,180,169
221,269,165,165
247,262,178,167
228,274,162,156
246,232,192,179
219,262,166,167
227,270,161,158
242,258,175,170
220,247,161,171
13,181,215,119
0,162,187,138
18,182,258,105
43,176,201,140
14,176,205,121
168,185,217,102
228,180,188,113
408,152,124,143
408,152,116,159
401,129,102,151
416,147,94,130
418,148,100,128
398,149,105,116
391,147,107,126
395,144,116,127
284,155,168,119
152,183,169,100
132,184,170,95
132,181,161,101
143,181,142,98
153,190,133,97
166,182,131,93
148,185,149,101
149,152,179,126
177,193,205,158
264,230,212,159
245,223,190,158
221,214,174,153
334,88,162,143
180,102,215,117
196,87,216,128
228,75,172,148
187,190,188,153
178,189,172,155
174,185,187,152
160,187,184,153
165,190,169,147
147,77,201,119
135,68,206,128
219,45,180,151
68,83,214,120
191,57,175,147
344,51,181,130
376,94,198,116
366,70,165,138
341,82,195,129
337,92,166,153
333,112,194,104
295,127,135,116
317,80,131,119
279,82,130,145
337,75,168,127
320,71,157,147
348,71,167,136
331,87,175,128
365,105,179,150
599,179,187,104
617,191,283,104
603,206,327,98
586,207,356,109
569,214,355,105
555,212,352,106
548,211,350,106
549,211,350,106
551,211,348,105
552,211,348,107
556,214,347,107
556,216,348,108
556,218,347,107
553,221,346,107
551,221,345,107
549,222,344,106
547,224,343,107
548,226,345,107
547,228,344,106
546,227,343,107
541,226,342,109
538,225,343,108
535,226,342,107
534,227,341,107
531,227,340,107
528,224,339,109
526,221,339,109
527,218,340,110
536,218,341,110
543,219,339,108
546,218,341,109
548,219,342,109
549,221,343,109
549,223,343,110
546,226,343,110
541,229,343,111
532,230,346,113
519,233,346,110
506,234,347,109
494,237,346,107
482,236,342,108
473,239,339,110
470,241,336,112
474,252,331,107
481,254,330,108
485,258,329,106
481,260,337,108
485,258,334,109
480,258,336,109
473,255,340,112
459,262,340,109
447,265,340,110
435,266,339,113
421,269,338,111
407,271,336,112
392,272,334,112
376,272,334,114
364,274,329,113
355,276,330,112
344,278,328,112
334,279,327,109
326,273,328,110
312,271,324,110
305,271,327,109
298,270,326,109
292,270,326,108
287,271,328,108
287,272,323,108
288,274,322,110
287,279,322,109
282,283,326,109
280,287,326,109
275,288,329,110
272,289,329,108
267,290,330,108
261,289,328,109
251,290,325,111
244,292,325,108
234,295,328,108
226,295,331,108
220,290,331,110
212,291,326,108
203,289,333,109
198,290,328,106
192,288,330,107
188,291,328,106
186,289,328,107
185,285,327,109
182,282,327,109
179,280,329,108
179,277,328,108
180,275,327,107
183,275,328,108
188,274,328,107
195,277,325,108
199,278,325,109
206,281,324,109
210,283,324,109
212,283,325,109
210,279,326,109
214,273,328,111
222,268,325,111
233,265,319,109
240,265,317,107
252,274,316,104
259,286,318,101
250,295,323,101
250,296,321,106
247,297,320,108
243,298,326,108
230,299,329,107
210,295,332,110
190,291,324,110
163,293,333,108
154,293,330,105
150,288,330,110
152,293,318,108
140,305,329,104
130,313,330,104
119,313,331,108
106,317,331,106
94,310,334,111
92,306,335,110
89,301,338,109
87,295,337,110
89,294,330,109
91,295,330,109
81,307,334,103
73,306,330,110
57,311,333,111
39,312,339,109
19,307,331,111
2,313,339,107
0,314,335,108
1,315,313,110
10,318,281,112
4,326,272,108
4,329,270,107
8,330,274,111
11,336,289,107
1,336,263,107
11,336,227,104
0,339,253,105
1,337,213,106
1,339,231,108
2,344,213,105
0,345,208,106
0,347,198,107
0,342,191,111
0,347,185,108
0,342,179,117
0,358,176,103
0,355,173,103
13,328,146,121
0,363,153,91
10,366,149,82
97,320,66,107
73,325,70,117
3,378,126,76
20,352,118,96
66,327,85,132
0,378,109,94
0,378,96,95
0,384,85,84
0,393,78,73
0,399,69,69
0,392,67,72
0,393,64,66
0,398,61,60
0,356,59,110
0,409,54,65
0,418,51,66
0,427,48,66
0,426,43,76
0,439,40,80
0,395,43,114
9,361,115,84
78,300,182,94
32,268,262,111
21,261,262,124
0,256,201,126
33,237,256,144
2,227,243,170
31,226,306,171
47,154,375,250
36,167,449,232
34,169,476,251
24,172,454,237
47,158,485,255
459,135,364,293
484,198,402,207
445,142,367,205
576,162,228,223
447,122,304,198
564,190,277,153
512,167,293,174
590,205,255,185
562,212,256,198
512,169,286,188
507,183,304,156
523,187,283,172
462,146,251,185
498,210,292,156
432,207,318,165
431,198,308,156
432,191,303,176
437,192,310,169
459,193,294,213
399,183,291,166
477,210,282,202
450,206,283,194
447,205,304,196
460,187,317,185
