0.001262
0.020689
0.024088
0.018307
0.022848
0.016291
0.017090
0.020534
0.017773
0.023625
0.016862
0.017455
0.017725
0.017803
0.017376
0.016790
0.015856
0.017786
0.014920
0.014988
0.016254
0.014530
0.015054
0.021534
0.015695
0.015693
0.018093
0.020206
0.016823
0.017201
0.017678
0.016756
0.019258
0.021320
0.018166
0.017859
0.017841
0.017327
0.017273
0.014754
0.014671
0.014795
0.014852
0.015958
0.014744
0.014876
0.014596
0.014680
0.014656
0.014708
0.014760
0.014491
0.014717
0.014732
0.021334
0.023888
0.022790
0.017428
0.027952
0.019304
0.020883
0.019305
0.015491
0.017723
0.019053
0.014846
0.015580
0.016052
0.015347
0.015073
0.015240
0.015083
0.016352
0.015727
0.017979
0.017538
0.014462
0.014334
0.014905
0.014852
0.014473
0.016588
0.014792
0.015727
0.015098
0.015109
0.014815
0.015011
0.014464
0.014631
0.016129
0.014788
0.014636
0.014731
0.016438
0.016354
0.015615
0.021863
0.015614
0.016768
0.019389
0.018772
0.015373
0.015755
0.017632
0.015717
0.018666
0.028050
0.017233
0.018451
0.019167
0.015859
0.017085
0.015261
0.015447
0.016177
0.015207
0.016858
0.015238
0.014954
0.014386
0.019215
0.018660
0.018232
0.017921
0.015474
0.015817
0.015662
0.016177
0.020061
0.019338
0.023070
0.023211
0.018216
0.019322
0.018148
0.018028
0.019055
0.018951
0.027268
0.018571
0.018219
0.017579
0.018930
0.018699
0.015891
0.015522
0.015222
0.017515
0.015404
0.015531
0.017771
0.016265
0.016050
0.016320
0.016056
0.016564
0.016184
0.016148
0.019023
0.017432
0.021026
0.014719
0.022738
0.020300
0.019598
0.015346
0.015864
0.025707
0.018353
0.018572
0.016377
0.020491
0.021665
0.017937
0.017228
0.016679
0.015604
0.014467
0.015406
0.014974
0.015245
0.014857
0.014878
0.015865
0.013572
0.016682
0.018807
0.016275
0.015867
0.016507
0.016243
0.016352
0.015493
0.023032
0.016112
0.018244
0.016993
0.016392
0.018992
0.015771
0.017312
0.018526
0.016362
0.018619
0.020500
0.020743
0.016085
0.016418
0.016988
0.016727
0.015792
0.015609
0.015292
0.016294
0.016396
0.015093
0.015115
0.015029
0.014574
0.014787
0.014742
0.014765
0.015649
0.014336
0.014713
0.014636
0.014838
0.014956
0.018440
0.014912
0.015188
0.015101
0.015874
0.015112
0.016007
0.015845
0.020298
0.017412
0.016485
0.016004
0.017205
0.025397
0.020907
0.018496
0.018734
0.017728
0.023467
0.025090
0.029330
0.021683
0.020928
0.019415
0.019511
0.021341
0.017439
0.016119
0.016970
0.016078
0.015267
0.014646
0.014822
0.014814
0.015319
0.014412
0.014667
0.018909
0.015954
0.014844
0.014638
0.015505
0.014539
0.015553
0.015767
0.015367
0.016966
0.015568
0.017384
0.017774
0.020849
0.016392
0.015234
0.016499
0.016809
0.016416
0.015299
0.017054
0.016664
0.016654
0.017010
0.019759
0.019686
0.018036
0.016346
0.016271
0.015801
0.015809
0.015639
0.015682
0.015753
0.015727
0.015810
0.015766
0.016472
0.015428
0.015335
0.015356
0.015380
0.015088
0.015801
0.019436
0.020506
0.017865
0.017972
0.020395
0.018374
0.018738
0.016937
0.022228
0.025036
0.020330
0.030782
0.021006
0.020234
0.022675
0.028762
0.020314
0.017767
0.018483
0.017997
0.017888
0.017682
0.017569
0.018439
