0.001511
0.019902
0.020525
0.014878
0.015481
0.015918
0.018416
0.014937
0.014742
0.016272
0.014461
0.014537
0.014551
0.015301
0.014946
0.015172
0.014906
0.015866
0.014834
0.015398
0.014791
0.015178
0.014830
0.014722
0.015260
0.015204
0.015139
0.015087
0.014904
0.015042
0.016713
0.014598
0.015238
0.015203
0.015168
0.014793
0.014558
0.014824
0.014889
0.014992
0.015079
0.014807
0.014846
0.015115
0.016131
0.015339
0.014950
0.014633
0.015014
0.014711
0.014868
0.014703
0.015094
0.014789
0.014881
0.015746
0.014773
0.018855
0.016124
0.015531
0.015519
0.017289
0.014898
0.015388
0.015208
0.015306
0.015416
0.015109
0.016582
0.015360
0.015035
0.015079
0.015902
0.014802
0.016013
0.015557
0.015682
0.018459
0.015883
0.019611
0.015708
0.015918
0.015292
0.015530
0.015912
0.015358
0.016545
0.015754
0.015363
0.014021
0.017329
0.015274
0.015882
0.016974
0.016578
0.016861
0.016605
0.017434
0.016439
0.019274
0.022127
0.020689
0.018917
0.018722
0.018416
0.015488
0.015646
0.015173
0.015304
0.014917
0.015302
0.015344
0.015137
0.015962
0.015522
0.014939
0.014923
0.015131
0.015394
0.021822
0.015109
0.021107
0.018923
0.018169
0.018464
0.018691
0.018651
0.019473
0.018740
0.019043
0.016536
0.015081
0.014724
0.015244
0.015107
0.015791
0.015579
0.015674
0.015601
0.015149
0.015125
0.015748
0.015487
0.015212
0.015916
0.016360
0.016799
0.015747
0.016685
0.018362
0.020679
0.015481
0.018109
0.016783
0.016908
0.017279
0.017539
0.014776
0.019481
0.015829
0.015296
0.015723
0.015451
0.017724
0.015766
0.015688
0.015961
0.015355
0.015074
0.014765
0.017200
0.014590
0.014980
0.014864
0.019907
0.017326
0.025708
0.025352
0.019642
0.023921
0.017192
0.018418
0.019048
0.025683
0.020667
0.017838
0.019170
0.016481
0.016132
0.015507
0.015372
0.017779
0.019182
0.018621
0.015095
0.015989
0.017920
0.016658
0.017712
0.019079
0.018026
0.020218
0.018795
0.017442
0.018009
0.018525
0.016718
0.017789
0.017077
0.019040
0.015340
0.016047
0.015256
0.015563
0.015123
0.015740
0.016259
0.015164
0.014861
0.015061
0.014992
0.015367
0.016548
0.017421
0.026311
0.017731
0.017189
0.016186
0.016390
0.015956
0.016190
0.018223
0.023462
0.018041
0.018023
0.016112
0.015854
0.015535
0.016623
0.015139
0.015381
0.016106
0.017201
0.015349
0.015064
0.027161
0.019355
0.023863
0.016498
0.017860
0.018577
0.015476
0.017628
0.018303
0.018464
0.018302
0.016582
0.016434
0.017288
0.018004
0.015753
0.015027
0.016326
0.014924
0.014858
0.015605
0.015146
0.014809
0.020779
0.016111
0.022500
0.020711
0.022318
0.019188
0.016702
0.018159
0.018898
0.017277
0.019617
0.020133
0.020097
0.020419
0.015345
0.014886
0.015167
0.015053
0.015059
0.018215
0.015095
0.014976
0.014685
0.016792
0.015172
0.016946
0.015393
0.015661
0.014523
0.015802
0.014473
0.014845
0.014217
0.018867
0.016948
0.019037
0.018160
0.019505
0.028969
0.020138
0.024804
0.020321
0.023870
0.030087
0.020069
0.017164
0.015297
0.014942
0.015084
0.017004
0.020608
0.024683
0.024852
0.023293
0.022948
0.023375
0.020725
0.019074
0.018529
0.018487
0.016625
0.019327
0.020223
0.031000
0.018162
0.017891
0.018254
0.020627
0.018821
0.019380
0.019728
0.018698
0.017199
0.016478
0.015816
0.018016
0.015100
0.014683
0.015032
0.014295
0.016558
0.014089
0.014224
0.019897
0.017851
0.020687
0.023628
0.018152
0.018732
0.018559
0.017626
0.021034
0.015911
0.022276
0.016582
0.015889
0.014632
0.015039
0.014631
0.014756
0.014715
0.014783
0.014345
0.014654
0.014526
0.014772
0.015495
0.015062
0.015233
0.014525
0.016283
0.019160
0.015459
0.015033
0.020671
0.016106
0.022085
0.017144
0.023428
0.014849
0.017904
0.019221
0.024863
0.017202
0.021031
0.018512
0.020106
0.019179
0.014737
0.014704
0.015529
0.015245
0.014679
0.018013
0.017041
0.016612
0.016253
0.016908
0.016576
0.014906
0.014834
0.026013
0.017822
0.016039
0.019095
0.019280
0.018860
0.020385
0.018327
0.018510
0.017199
0.019277
0.017940
0.015750
0.016032
0.014827
0.016185
0.014955
0.015135
0.015081
0.014637
0.014675
0.014743
0.015718
0.015138
0.016790
0.016913
0.018466
0.020146
0.016169
0.016441
0.018350
0.017683
0.021032
